1037798	0	1057605	0
1037798	0	1137775	0
1037798	0	1149704	0
1037798	0	1232011	0
1037798	0	1232012	0
1037798	0	1308037	0
1037798	0	1499298	0
1037798	0	1520771	0
1037798	0	1520773	0
1037798	0	1715850	0
1037798	0	1780966	0
1037798	0	2157450	0
1037798	0	2157456	0
1037798	0	2232394	0
1037798	0	2256138	0
1037798	0	2266020	0
1037798	0	2354063	0
1037798	0	2403951	0
1037798	0	2403955	0
1037798	0	2572535	0
1037798	0	2608688	0
1037798	0	2634475	0
1037798	0	2787508	0
1037798	0	2863296	0
1037798	0	2868741	0
1037798	0	2914156	0
1037798	0	2970896	0
1037798	0	3030654	0
1037798	0	3030655	0
1037798	0	3167284	0
1037798	0	3295328	0
1037798	0	3387556	0
1037798	0	3620983	0
1037798	0	3641442	0
1037798	0	3641634	0
1037798	0	3641640	0
1037798	0	3673022	0
1037798	0	3681010	0
1037798	0	4083926	0
1037798	0	4095286	0
1037798	0	4114353	0
1037798	0	4227882	0
1037798	0	4273497	0
1037798	0	4291373	0
1037798	0	4296396	0
1037798	0	4297400	0
1037798	0	4297405	0
1037798	0	4439951	0
1037798	0	4482918	0
1037798	0	4714121	0
1037798	0	4788864	0
1037798	0	4877594	0
1037798	0	4936037	0
1037798	0	4974552	0
1037798	0	5099520	0
1037798	0	5171588	0
1037798	0	5438881	0
1037798	0	5538667	0
1037798	0	5702713	0
1037798	0	5732889	0
1037798	0	5748541	0
1037798	0	5753978	0
1037798	0	5904351	0
1037798	0	6060285	0
1037798	0	6155141	0
1037798	0	6421952	0
1037798	0	6511237	0
1037798	0	6511240	0
1037798	0	6605198	0
1037798	0	6605199	0
1037798	0	6765783	0
1037798	0	6912814	0
1037798	0	720665	0
1037798	0	7253357	0
1037798	0	7466652	0
1037798	0	7780938	0
1037798	0	7822415	0
1037798	0	7827293	0
1037798	0	7943228	0
1037798	0	7950016	0
1037798	0	7967207	0
1037798	0	7995048	0
1037798	0	8010124	0
1037798	0	8087396	0
1037798	0	811306	0
1037798	0	8223340	0
1037798	0	8230221	0
1037798	0	8355398	0
1037798	0	8417086	0
1037798	0	8537479	0
1037798	0	8717816	0
1037798	0	8760864	0
1037798	0	8760866	0
1037798	0	8760867	0
1037798	0	8760868	0
1037798	0	8760870	0
1037798	0	8760871	1
1037798	0	8760873	0
1037798	0	8820474	0
1037798	0	994978	0
104861	0	1017085	0
104861	0	1017092	0
104861	0	1046334	0
104861	0	125332	0
104861	0	1304632	0
104861	0	1313687	0
104861	0	1313691	0
104861	0	1365744	0
104861	0	1424216	0
104861	0	146170	0
104861	0	146178	0
104861	0	1811410	0
104861	0	1948963	0
104861	0	1995989	0
104861	0	2158194	0
104861	0	2377050	0
104861	0	2471336	0
104861	0	2600385	0
104861	0	2916636	0
104861	0	2958127	0
104861	0	2958131	0
104861	0	2958133	0
104861	0	314919	0
104861	0	3915516	0
104861	0	3925933	0
104861	0	3928196	0
104861	0	4019224	0
104861	0	409268	0
104861	0	4197096	0
104861	0	4350441	0
104861	0	4563275	0
104861	0	459675	0
104861	0	459676	1
104861	0	4717134	0
104861	0	4930174	0
104861	0	4961345	0
104861	0	5073463	0
104861	0	5101716	0
104861	0	5110656	0
104861	0	5150431	0
104861	0	5150438	0
104861	0	5248340	0
104861	0	5248341	0
104861	0	5379458	0
104861	0	5405670	0
104861	0	5598961	0
104861	0	5607729	0
104861	0	5667474	0
104861	0	5670527	0
104861	0	5688415	0
104861	0	5688416	0
104861	0	5688417	0
104861	0	5688420	0
104861	0	5703400	0
104861	0	5703401	0
104861	0	5778133	0
104861	0	5801822	0
104861	0	5836442	0
104861	0	5864689	0
104861	0	5864693	0
104861	0	6056677	0
104861	0	6156641	0
104861	0	6187055	0
104861	0	6200735	0
104861	0	6200737	0
104861	0	6202527	0
104861	0	6241793	0
104861	0	629274	0
104861	0	629278	0
104861	0	6351571	0
104861	0	6391586	0
104861	0	6436838	0
104861	0	6518057	0
104861	0	6566321	0
104861	0	6585554	0
104861	0	6653676	0
104861	0	6658615	0
104861	0	6704672	0
104861	0	672931	0
104861	0	6788423	0
104861	0	715676	0
104861	0	7186729	0
104861	0	7204477	0
104861	0	7462393	0
104861	0	7506026	0
104861	0	7506028	0
104861	0	7666364	0
104861	0	7817767	0
104861	0	8131235	0
104861	0	8138536	0
104861	0	8141081	0
104861	0	8259116	0
104861	0	8260035	0
104861	0	8260037	0
104861	0	8400531	0
104861	0	8495099	0
104861	0	8516149	0
104861	0	8546159	0
104861	0	8546162	0
104861	0	8546679	0
1063750	0	1126299	0
1063750	0	1449750	0
1063750	0	1506582	0
1063750	0	1747827	0
1063750	0	2197526	0
1063750	0	2230090	0
1063750	0	2391457	0
1063750	0	2489562	0
1063750	0	2516	0
1063750	0	2531262	0
1063750	0	2737817	0
1063750	0	2741096	0
1063750	0	2868845	0
1063750	0	2881841	0
1063750	0	292715	0
1063750	0	292720	0
1063750	0	2981566	0
1063750	0	2992036	0
1063750	0	2997653	0
1063750	0	3057055	0
1063750	0	3327051	0
1063750	0	3388270	0
1063750	0	3419021	0
1063750	0	3419024	0
1063750	0	3610446	0
1063750	0	3633193	0
1063750	0	3633196	0
1063750	0	3765643	0
1063750	0	3805477	0
1063750	0	3959834	0
1063750	0	3985729	0
1063750	0	4035182	0
1063750	0	4096516	0
1063750	0	4164404	0
1063750	0	4164408	0
1063750	0	4318010	0
1063750	0	4329899	0
1063750	0	4330928	0
1063750	0	4337526	0
1063750	0	4337527	0
1063750	0	4349323	0
1063750	0	4414266	0
1063750	0	4788295	0
1063750	0	4788296	0
1063750	0	4788297	0
1063750	0	4788299	0
1063750	0	4823168	0
1063750	0	4823169	0
1063750	0	4844353	0
1063750	0	4895432	0
1063750	0	5057642	0
1063750	0	5061526	0
1063750	0	5123011	0
1063750	0	5236487	0
1063750	0	5256198	0
1063750	0	5307035	0
1063750	0	5442717	0
1063750	0	5511493	0
1063750	0	5539843	0
1063750	0	5659951	0
1063750	0	5937604	0
1063750	0	5971113	0
1063750	0	6093904	0
1063750	0	6093907	0
1063750	0	621072	0
1063750	0	6312813	0
1063750	0	6407369	0
1063750	0	6436703	0
1063750	0	6666451	0
1063750	0	6796349	0
1063750	0	6796352	0
1063750	0	6992949	0
1063750	0	7215631	0
1063750	0	7230839	0
1063750	0	7242446	0
1063750	0	7244922	0
1063750	0	7412324	0
1063750	0	7412330	0
1063750	0	7466280	0
1063750	0	7466281	0
1063750	0	7493867	0
1063750	0	7494554	0
1063750	0	7614194	0
1063750	0	7778348	0
1063750	0	7778351	0
1063750	0	7783007	0
1063750	0	7881253	0
1063750	0	7937217	0
1063750	0	7952971	1
1063750	0	8093226	0
1063750	0	8093228	0
1063750	0	8182566	0
1063750	0	8354852	0
1063750	0	8378776	0
1063750	0	8670789	0
1063750	0	8689678	0
1063750	0	8689799	0
1063750	0	8778700	0
1063750	0	8809837	0
1063750	0	8809842	0
1103812	0	1059165	0
1103812	0	1059168	0
1103812	0	1241994	0
1103812	0	1527127	0
1103812	0	1583317	0
1103812	0	1659850	0
1103812	0	1659852	0
1103812	0	1736597	0
1103812	0	1783582	0
1103812	0	1783588	0
1103812	0	1785498	0
1103812	0	2250580	0
1103812	0	2332189	0
1103812	0	2379406	0
1103812	0	2379408	0
1103812	0	2379409	0
1103812	0	239599	0
1103812	0	2489484	0
1103812	0	2641953	0
1103812	0	2641960	0
1103812	0	2666747	0
1103812	0	2715494	0
1103812	0	2746387	0
1103812	0	2750961	0
1103812	0	2859495	0
1103812	0	2878679	0
1103812	0	2945096	0
1103812	0	2967948	0
1103812	0	2972402	0
1103812	0	3297503	0
1103812	0	3425644	0
1103812	0	3486832	0
1103812	0	3543021	0
1103812	0	3591094	0
1103812	0	3672742	0
1103812	0	3672744	0
1103812	0	3684042	0
1103812	0	3684048	0
1103812	0	3843263	0
1103812	0	3843267	0
1103812	0	3843271	0
1103812	0	3936549	0
1103812	0	3936550	0
1103812	0	3978768	0
1103812	0	4059416	0
1103812	0	4191304	0
1103812	0	4292848	0
1103812	0	4331707	0
1103812	0	4401695	0
1103812	0	4434352	0
1103812	0	4455026	0
1103812	0	4567920	0
1103812	0	4645341	0
1103812	0	4726841	0
1103812	0	4824831	0
1103812	0	4824834	0
1103812	0	4905647	0
1103812	0	4905650	0
1103812	0	4954261	0
1103812	0	4954262	0
1103812	0	5000627	0
1103812	0	5190505	0
1103812	0	5201198	0
1103812	0	5201200	0
1103812	0	5372067	0
1103812	0	5564936	0
1103812	0	5581284	0
1103812	0	59539	0
1103812	0	5974240	0
1103812	0	5974245	0
1103812	0	5976809	0
1103812	0	6054716	0
1103812	0	6103245	0
1103812	0	6289840	0
1103812	0	6619493	0
1103812	0	6790264	0
1103812	0	6927984	0
1103812	0	6927987	0
1103812	0	7076088	0
1103812	0	7206366	0
1103812	0	7242599	0
1103812	0	7285933	0
1103812	0	7507311	0
1103812	0	7551186	0
1103812	0	8062134	0
1103812	0	8097008	0
1103812	0	8220080	0
1103812	0	8220085	1
1103812	0	8220086	0
1103812	0	8220087	0
1103812	0	8220088	0
1103812	0	8220089	0
1103812	0	8224181	0
1103812	0	8224183	0
1103812	0	8237381	0
1103812	0	8293805	0
1103812	0	8435739	0
1103812	0	864598	0
1103812	0	8792133	0
1103812	0	955560	0
1106007	0	1334328	0
1106007	0	1334335	0
1106007	0	1334336	0
1106007	0	1343769	0
1106007	0	13561	0
1106007	0	13564	0
1106007	0	1530299	0
1106007	0	1918089	0
1106007	0	2143418	0
1106007	0	2143420	0
1106007	0	2165342	0
1106007	0	2294712	0
1106007	0	2384069	0
1106007	0	2464377	0
1106007	0	2464378	0
1106007	0	2513608	0
1106007	0	2513610	0
1106007	0	2602346	0
1106007	0	2602354	0
1106007	0	2621974	0
1106007	0	2621981	0
1106007	0	2623990	0
1106007	0	2677529	0
1106007	0	2704004	0
1106007	0	2777112	0
1106007	0	2777113	0
1106007	0	2798884	0
1106007	0	2866628	0
1106007	0	2960561	0
1106007	0	2960563	0
1106007	0	3137010	0
1106007	0	3174638	0
1106007	0	3260376	0
1106007	0	3263361	0
1106007	0	3390428	0
1106007	0	3427763	0
1106007	0	3537614	0
1106007	0	3745155	0
1106007	0	4000699	0
1106007	0	4001949	0
1106007	0	4004166	0
1106007	0	4089153	0
1106007	0	4120343	0
1106007	0	4173709	1
1106007	0	4255223	0
1106007	0	4359726	0
1106007	0	4606749	0
1106007	0	4747656	0
1106007	0	4753818	0
1106007	0	4753821	0
1106007	0	4953437	0
1106007	0	5174765	0
1106007	0	5228015	0
1106007	0	5228016	0
1106007	0	5279699	0
1106007	0	548434	0
1106007	0	5813635	0
1106007	0	5836920	0
1106007	0	5913574	0
1106007	0	5913575	0
1106007	0	5952125	0
1106007	0	5971071	0
1106007	0	5974974	0
1106007	0	5993697	0
1106007	0	6126194	0
1106007	0	6126197	0
1106007	0	6147546	0
1106007	0	6209484	0
1106007	0	6255354	0
1106007	0	6492973	0
1106007	0	6942456	0
1106007	0	7022723	0
1106007	0	7045935	0
1106007	0	7456197	0
1106007	0	7509690	0
1106007	0	7638713	0
1106007	0	7638716	0
1106007	0	7638720	0
1106007	0	765663	0
1106007	0	7685383	0
1106007	0	7685384	0
1106007	0	7726655	0
1106007	0	8141088	0
1106007	0	8141089	0
1106007	0	814414	0
1106007	0	8199521	0
1106007	0	8203964	0
1106007	0	8204457	0
1106007	0	8204460	0
1106007	0	8204461	0
1106007	0	8204463	0
1106007	0	8204464	0
1106007	0	8214505	0
1106007	0	8348781	0
1106007	0	8521958	0
1106007	0	8649212	0
1106007	0	8802281	0
1106007	0	8811073	0
1106007	0	8811080	0
1106007	0	920778	0
1110199	0	1197690	0
1110199	0	1411495	0
1110199	0	1426939	0
1110199	0	167604	0
1110199	0	1795043	0
1110199	0	1901881	0
1110199	0	1957395	0
1110199	0	2080928	0
1110199	0	2218462	0
1110199	0	2279578	0
1110199	0	2312587	0
1110199	0	2594143	0
1110199	0	2612594	0
1110199	0	2713574	0
1110199	0	2777132	0
1110199	0	2777133	0
1110199	0	2796825	0
1110199	0	2796830	0
1110199	0	2811563	0
1110199	0	2925378	0
1110199	0	3107787	0
1110199	0	3270581	0
1110199	0	3342396	0
1110199	0	3447960	0
1110199	0	357932	0
1110199	0	3588619	0
1110199	0	3588624	0
1110199	0	3609843	0
1110199	0	3647394	0
1110199	0	3684454	0
1110199	0	3722531	0
1110199	0	3817715	0
1110199	0	3838645	0
1110199	0	3934419	0
1110199	0	398442	0
1110199	0	4082283	0
1110199	0	425993	0
1110199	0	4411531	0
1110199	0	4438807	0
1110199	0	4438812	0
1110199	0	4489656	0
1110199	0	4511137	0
1110199	0	4511144	0
1110199	0	4680533	0
1110199	0	4750530	0
1110199	0	4949578	0
1110199	0	5007789	0
1110199	0	5049366	0
1110199	0	507875	0
1110199	0	507878	0
1110199	0	5172684	0
1110199	0	5172688	0
1110199	0	5218014	0
1110199	0	5279606	0
1110199	0	5326655	0
1110199	0	5355385	0
1110199	0	554521	0
1110199	0	554522	0
1110199	0	554529	0
1110199	0	5555051	0
1110199	0	557603	0
1110199	0	557605	0
1110199	0	558317	0
1110199	0	5600214	0
1110199	0	5716613	0
1110199	0	5719120	0
1110199	0	5846443	0
1110199	0	5857921	0
1110199	0	6161010	0
1110199	0	6161016	0
1110199	0	637099	0
1110199	0	6392463	0
1110199	0	6392469	0
1110199	0	6430361	0
1110199	0	6430362	0
1110199	0	6475269	0
1110199	0	6503962	0
1110199	0	6509853	0
1110199	0	6645893	0
1110199	0	6822586	0
1110199	0	6923050	0
1110199	0	6923057	0
1110199	0	7174098	0
1110199	0	7267932	0
1110199	0	735472	0
1110199	0	7369955	0
1110199	0	7628031	0
1110199	0	7680811	0
1110199	0	7821191	0
1110199	0	8113522	0
1110199	0	8160519	0
1110199	0	8160520	1
1110199	0	8160523	0
1110199	0	8160524	0
1110199	0	8160527	0
1110199	0	8267435	0
1110199	0	8301971	0
1110199	0	8301973	0
1110199	0	879019	0
1110199	0	879021	0
1112341	0	1045315	0
1112341	0	1052666	0
1112341	0	1180260	0
1112341	0	1227036	0
1112341	0	1267520	0
1112341	0	1288917	0
1112341	0	1288918	0
1112341	0	1312437	0
1112341	0	1369482	0
1112341	0	1373646	0
1112341	0	1373648	0
1112341	0	1373651	0
1112341	0	1493657	0
1112341	0	1554245	0
1112341	0	1675296	0
1112341	0	2026107	0
1112341	0	2096427	0
1112341	0	2096429	0
1112341	0	2390522	0
1112341	0	2434429	0
1112341	0	2596431	0
1112341	0	2596432	0
1112341	0	2616109	0
1112341	0	2694636	0
1112341	0	2735215	0
1112341	0	2735219	0
1112341	0	2770214	0
1112341	0	2830103	0
1112341	0	2916681	0
1112341	0	3007130	0
1112341	0	3291151	0
1112341	0	3291152	0
1112341	0	3344316	0
1112341	0	3524227	0
1112341	0	3658729	0
1112341	0	3669682	0
1112341	0	3795896	0
1112341	0	400581	0
1112341	0	400582	0
1112341	0	4022846	0
1112341	0	4263743	0
1112341	0	439512	0
1112341	0	4538538	0
1112341	0	4595994	0
1112341	0	4595997	0
1112341	0	4621549	0
1112341	0	4927748	0
1112341	0	4977768	0
1112341	0	5029428	0
1112341	0	508023	0
1112341	0	508024	0
1112341	0	5204825	0
1112341	0	550571	0
1112341	0	5729974	0
1112341	0	5899430	0
1112341	0	5982344	0
1112341	0	6016292	0
1112341	0	6102033	0
1112341	0	6164791	0
1112341	0	6167355	0
1112341	0	6416487	0
1112341	0	6478665	0
1112341	0	6726344	0
1112341	0	6726346	0
1112341	0	6740558	0
1112341	0	6903063	0
1112341	0	6947373	0
1112341	0	7079779	0
1112341	0	7194373	0
1112341	0	7242813	0
1112341	0	733687	0
1112341	0	7349793	0
1112341	0	7597740	0
1112341	0	7635722	0
1112341	0	7718340	0
1112341	0	7747884	0
1112341	0	7915023	0
1112341	0	805834	0
1112341	0	8139249	0
1112341	0	8139251	0
1112341	0	8139255	0
1112341	0	8139256	1
1112341	0	8139258	0
1112341	0	8223035	0
1112341	0	8316213	0
1112341	0	8424594	0
1112341	0	8442174	0
1112341	0	8442177	0
1112341	0	8442178	0
1112341	0	848961	0
1112341	0	8555308	0
1112341	0	8606160	0
1112341	0	8609536	0
1112341	0	8629184	0
1112341	0	8725077	0
1112341	0	8802641	0
1112341	0	883225	0
1112341	0	883227	0
1112341	0	90432	0
1112341	0	90433	0
1113437	0	1066532	0
1113437	0	1280572	0
1113437	0	1287014	0
1113437	0	142150	0
1113437	0	1520227	0
1113437	0	1655114	0
1113437	0	1768729	0
1113437	0	1768734	0
1113437	0	1783459	0
1113437	0	1931169	0
1113437	0	2110583	0
1113437	0	213006	0
1113437	0	213009	0
1113437	0	213011	0
1113437	0	2354940	0
1113437	0	2354941	0
1113437	0	2535148	0
1113437	0	2759673	0
1113437	0	2922427	0
1113437	0	3049193	0
1113437	0	3049194	0
1113437	0	3064610	0
1113437	0	313538	0
1113437	0	313542	0
1113437	0	3325914	0
1113437	0	3329254	0
1113437	0	3436901	0
1113437	0	3436902	0
1113437	0	3518298	0
1113437	0	3518300	0
1113437	0	3990056	0
1113437	0	3997986	0
1113437	0	4016930	0
1113437	0	4016934	0
1113437	0	4016939	0
1113437	0	4111480	0
1113437	0	4186999	0
1113437	0	4193422	0
1113437	0	4216338	0
1113437	0	436902	0
1113437	0	436903	0
1113437	0	4486954	0
1113437	0	4498864	0
1113437	0	4498871	0
1113437	0	4498873	0
1113437	0	4615569	0
1113437	0	4628483	0
1113437	0	4628484	0
1113437	0	4783291	0
1113437	0	4841345	0
1113437	0	4898185	0
1113437	0	4981632	0
1113437	0	5050470	0
1113437	0	5132846	0
1113437	0	5188745	0
1113437	0	5188746	0
1113437	0	520325	0
1113437	0	5215406	0
1113437	0	5215408	0
1113437	0	5313809	0
1113437	0	5545723	0
1113437	0	5546289	0
1113437	0	5720141	0
1113437	0	5748055	0
1113437	0	5938419	0
1113437	0	6017945	0
1113437	0	6021898	0
1113437	0	61756	0
1113437	0	6215772	0
1113437	0	6284746	0
1113437	0	6302495	0
1113437	0	657400	0
1113437	0	657405	0
1113437	0	6597538	0
1113437	0	6601849	0
1113437	0	6992968	0
1113437	0	7126000	0
1113437	0	7277236	0
1113437	0	7306673	0
1113437	0	7385216	0
1113437	0	7385217	0
1113437	0	742037	1
1113437	0	7458700	0
1113437	0	7497491	0
1113437	0	7618558	0
1113437	0	7618564	0
1113437	0	7774459	0
1113437	0	807273	0
1113437	0	807274	0
1113437	0	8128790	0
1113437	0	8128793	0
1113437	0	8128794	0
1113437	0	8128796	0
1113437	0	8128798	0
1113437	0	8133335	0
1113437	0	8162984	0
1113437	0	8299324	0
1113437	0	8336306	0
1113437	0	8363317	0
1113437	0	919328	0
1114646	0	1038132	0
1114646	0	153138	0
1114646	0	1544838	0
1114646	0	1647183	0
1114646	0	1760178	0
1114646	0	1884059	0
1114646	0	2201127	0
1114646	0	2319282	0
1114646	0	2343615	0
1114646	0	2343618	0
1114646	0	2343621	0
1114646	0	2407770	0
1114646	0	2505772	0
1114646	0	2505776	0
1114646	0	2647994	0
1114646	0	266552	0
1114646	0	2676807	0
1114646	0	2911035	0
1114646	0	2911039	0
1114646	0	2911040	0
1114646	0	2995800	0
1114646	0	3056368	0
1114646	0	3092012	0
1114646	0	3123685	0
1114646	0	3184850	0
1114646	0	3184851	0
1114646	0	3467664	0
1114646	0	3467665	0
1114646	0	3470484	0
1114646	0	3741322	0
1114646	0	3828281	0
1114646	0	400352	0
1114646	0	400354	0
1114646	0	4270203	0
1114646	0	4314094	0
1114646	0	4327099	0
1114646	0	4332918	0
1114646	0	4438502	0
1114646	0	444375	0
1114646	0	444382	0
1114646	0	4453440	0
1114646	0	4603841	0
1114646	0	46323	0
1114646	0	4655941	0
1114646	0	4656404	0
1114646	0	4656405	0
1114646	0	4771285	0
1114646	0	4776382	0
1114646	0	4824843	0
1114646	0	4908869	0
1114646	0	4908870	0
1114646	0	5041692	0
1114646	0	5080866	0
1114646	0	5128542	0
1114646	0	5217702	0
1114646	0	5229617	0
1114646	0	5279567	1
1114646	0	5417952	0
1114646	0	5417953	0
1114646	0	5417954	0
1114646	0	5640856	0
1114646	0	5640859	0
1114646	0	5661838	0
1114646	0	5661840	0
1114646	0	579554	0
1114646	0	5829214	0
1114646	0	5836029	0
1114646	0	5959593	0
1114646	0	6120716	0
1114646	0	6157422	0
1114646	0	6214269	0
1114646	0	6348309	0
1114646	0	6455057	0
1114646	0	6501323	0
1114646	0	6589360	0
1114646	0	6704400	0
1114646	0	6704401	0
1114646	0	6711103	0
1114646	0	687064	0
1114646	0	7012106	0
1114646	0	7065010	0
1114646	0	7196956	0
1114646	0	7196961	0
1114646	0	7629822	0
1114646	0	76836	0
1114646	0	7702599	0
1114646	0	771368	0
1114646	0	773300	0
1114646	0	7984234	0
1114646	0	8074924	0
1114646	0	8117087	0
1114646	0	8117088	0
1114646	0	8117092	0
1114646	0	8117093	0
1114646	0	8117094	0
1114646	0	8117095	0
1114646	0	8327369	0
1114646	0	860901	0
1114646	0	8825558	0
1114646	0	898854	0
1114819	0	1002627	0
1114819	0	1009500	0
1114819	0	126884	0
1114819	0	1315993	0
1114819	0	1315994	0
1114819	0	1315997	0
1114819	0	1315998	0
1114819	0	1419798	0
1114819	0	1419801	0
1114819	0	1625836	0
1114819	0	1724520	1
1114819	0	1724523	0
1114819	0	1724528	0
1114819	0	1735443	0
1114819	0	1738242	0
1114819	0	1816958	0
1114819	0	1851540	0
1114819	0	1852066	0
1114819	0	2192058	0
1114819	0	255279	0
1114819	0	2590453	0
1114819	0	2590455	0
1114819	0	2831393	0
1114819	0	2926432	0
1114819	0	3144706	0
1114819	0	3353671	0
1114819	0	344350	0
1114819	0	3781418	0
1114819	0	3781419	0
1114819	0	3906952	0
1114819	0	3906954	0
1114819	0	4064011	0
1114819	0	461344	0
1114819	0	4890560	0
1114819	0	5019830	0
1114819	0	5019832	0
1114819	0	5156171	0
1114819	0	5165249	0
1114819	0	5342188	0
1114819	0	5363582	0
1114819	0	5521373	0
1114819	0	5628952	0
1114819	0	5703157	0
1114819	0	5718417	0
1114819	0	6202321	0
1114819	0	6578914	0
1114819	0	6900767	0
1114819	0	6900769	0
1114819	0	6900773	0
1114819	0	6900774	0
1114819	0	6941478	0
1114819	0	694735	0
1114819	0	6951105	0
1114819	0	7132894	0
1114819	0	7156443	0
1114819	0	750446	0
1114819	0	752644	0
1114819	0	771719	0
1114819	0	7786792	0
1114819	0	7803429	0
1114819	0	783080	0
1114819	0	785027	0
1114819	0	785028	0
1114819	0	8022277	0
1114819	0	8022279	0
1114819	0	8022280	0
1114819	0	8022281	0
1114819	0	8024894	0
1114819	0	8088109	0
1114819	0	8088111	0
1114819	0	8096824	0
1114819	0	8115434	0
1114819	0	8115435	0
1114819	0	8115439	0
1114819	0	8115440	0
1114819	0	8115703	0
1114819	0	8115706	0
1114819	0	812436	0
1114819	0	8321012	0
1114819	0	8336223	0
1114819	0	8336231	0
1114819	0	8336232	0
1114819	0	8480574	0
1114819	0	8508255	0
1114819	0	8579830	0
1114819	0	8579832	0
1114819	0	8625086	0
1114819	0	862869	0
1114819	0	8754395	0
1114819	0	8754397	0
1114819	0	8754398	0
1114819	0	8754399	0
1114819	0	8754400	0
1114819	0	8754403	0
1114819	0	8754404	0
1114819	0	988369	0
1114819	0	988370	0
1114819	0	988373	0
1114819	0	988375	0
1114819	0	988378	0
1115776	0	1328460	0
1115776	0	1328463	0
1115776	0	143334	0
1115776	0	1440028	0
1115776	0	1440035	0
1115776	0	1540838	0
1115776	0	1565105	0
1115776	0	1593007	0
1115776	0	1593008	0
1115776	0	1621981	0
1115776	0	1826911	0
1115776	0	2017908	0
1115776	0	2017909	0
1115776	0	2196566	0
1115776	0	2230476	0
1115776	0	2230477	0
1115776	0	2230480	0
1115776	0	2230483	0
1115776	0	2337363	0
1115776	0	2471196	0
1115776	0	257268	0
1115776	0	258978	0
1115776	0	2903177	0
1115776	0	3081626	0
1115776	0	3276364	0
1115776	0	3296854	0
1115776	0	3366472	0
1115776	0	3411245	0
1115776	0	3469357	0
1115776	0	3680291	0
1115776	0	3743894	0
1115776	0	3977422	0
1115776	0	4051141	0
1115776	0	4314169	0
1115776	0	4314171	0
1115776	0	4314172	0
1115776	0	4314173	0
1115776	0	4314174	0
1115776	0	4314175	0
1115776	0	4314176	0
1115776	0	4314178	0
1115776	0	4620863	0
1115776	0	480800	0
1115776	0	4984390	0
1115776	0	5232955	0
1115776	0	5232963	0
1115776	0	5264931	0
1115776	0	5295699	0
1115776	0	5305147	0
1115776	0	5555296	0
1115776	0	5599692	0
1115776	0	5605159	0
1115776	0	5605160	0
1115776	0	580737	0
1115776	0	600966	0
1115776	0	6246928	0
1115776	0	6251729	0
1115776	0	6397841	0
1115776	0	6616842	0
1115776	0	6616844	0
1115776	0	6702136	0
1115776	0	6747926	0
1115776	0	6919096	0
1115776	0	6934013	0
1115776	0	6934016	0
1115776	0	6989198	0
1115776	0	6989199	0
1115776	0	7129173	0
1115776	0	7129178	0
1115776	0	7183516	0
1115776	0	7318318	0
1115776	0	7442432	0
1115776	0	758999	0
1115776	0	7618005	0
1115776	0	7618006	0
1115776	0	7618008	0
1115776	0	7840022	0
1115776	0	8046348	0
1115776	0	8078183	0
1115776	0	8106318	0
1115776	0	8106320	0
1115776	0	8106321	1
1115776	0	8106322	0
1115776	0	8106323	0
1115776	0	8106324	0
1115776	0	8108815	0
1115776	0	8108818	0
1115776	0	8180097	0
1115776	0	8345724	0
1115776	0	8355020	0
1115776	0	8355028	0
1115776	0	8388343	0
1115776	0	8447122	0
1115776	0	8495250	0
1115776	0	8706770	0
1115776	0	8710004	0
1115776	0	8757348	0
1115776	0	8828147	0
1115776	0	896003	0
1115776	0	941057	0
1117099	0	1013796	0
1117099	0	1068642	0
1117099	0	1174584	0
1117099	0	1197318	0
1117099	0	1212767	0
1117099	0	1445087	0
1117099	0	1551131	0
1117099	0	1570999	0
1117099	0	1632948	0
1117099	0	1798612	0
1117099	0	1798619	0
1117099	0	1798620	0
1117099	0	1986002	0
1117099	0	225482	0
1117099	0	2292116	0
1117099	0	2398222	0
1117099	0	2398223	0
1117099	0	2567188	0
1117099	0	2715359	0
1117099	0	2715363	0
1117099	0	2754430	0
1117099	0	2789022	0
1117099	0	2826254	0
1117099	0	297115	0
1117099	0	3128113	0
1117099	0	3186367	0
1117099	0	3214921	0
1117099	0	334615	0
1117099	0	3349612	0
1117099	0	3412239	0
1117099	0	3427785	0
1117099	0	3427786	0
1117099	0	3543106	0
1117099	0	3633445	0
1117099	0	3729946	0
1117099	0	389980	0
1117099	0	4001644	0
1117099	0	4131489	0
1117099	0	4131491	0
1117099	0	4131492	0
1117099	0	4441325	0
1117099	0	4458506	0
1117099	0	4458509	0
1117099	0	4458512	0
1117099	0	4493492	0
1117099	0	4631857	0
1117099	0	464305	0
1117099	0	4775947	0
1117099	0	4888196	0
1117099	0	5001703	0
1117099	0	5258462	0
1117099	0	5286538	0
1117099	0	5286539	0
1117099	0	5286540	0
1117099	0	5319158	0
1117099	0	5597127	0
1117099	0	5643723	0
1117099	0	5699286	0
1117099	0	5752877	0
1117099	0	5817484	0
1117099	0	5817491	0
1117099	0	6122720	0
1117099	0	6122721	0
1117099	0	6122723	0
1117099	0	6122724	0
1117099	0	6177939	0
1117099	0	6398911	0
1117099	0	6622235	0
1117099	0	6691413	0
1117099	0	6858988	0
1117099	0	6858994	0
1117099	0	696157	0
1117099	0	6993942	0
1117099	0	7077675	0
1117099	0	7153698	0
1117099	0	7153702	0
1117099	0	7172078	0
1117099	0	7407593	0
1117099	0	7431533	0
1117099	0	7610604	0
1117099	0	7676049	0
1117099	0	7722560	0
1117099	0	7868161	0
1117099	0	7868164	0
1117099	0	8079296	0
1117099	0	8093931	0
1117099	0	8093932	0
1117099	0	8093934	0
1117099	0	810080	0
1117099	0	8152830	0
1117099	0	8152834	0
1117099	0	8446501	1
1117099	0	8446502	0
1117099	0	8446504	0
1117099	0	8708306	0
1117099	0	8709226	0
1117099	0	8709227	0
1117099	0	8714082	0
1117099	0	8714085	0
1117099	0	8714087	0
1121402	0	1249687	0
1121402	0	1402314	0
1121402	0	1471443	0
1121402	0	1608737	0
1121402	0	177807	0
1121402	0	177809	0
1121402	0	177810	0
1121402	0	177813	0
1121402	0	182364	0
1121402	0	182365	0
1121402	0	182368	0
1121402	0	182369	0
1121402	0	182370	0
1121402	0	182372	0
1121402	0	182373	0
1121402	0	1873309	0
1121402	0	188209	0
1121402	0	188210	0
1121402	0	188211	0
1121402	0	188213	0
1121402	0	188214	0
1121402	0	188215	0
1121402	0	188216	0
1121402	0	188217	0
1121402	0	188218	0
1121402	0	2281086	0
1121402	0	333401	0
1121402	0	3412904	0
1121402	0	3494458	0
1121402	0	3511789	0
1121402	0	3511795	0
1121402	0	3674185	0
1121402	0	3785308	0
1121402	0	3785309	0
1121402	0	3785310	0
1121402	0	4214351	0
1121402	0	43770	0
1121402	0	4449258	0
1121402	0	4449267	0
1121402	0	465100	0
1121402	0	4727107	0
1121402	0	4844735	0
1121402	0	4893523	0
1121402	0	4986315	0
1121402	0	5103864	0
1121402	0	5189913	1
1121402	0	5318501	0
1121402	0	53692	0
1121402	0	53696	0
1121402	0	53697	0
1121402	0	53699	0
1121402	0	5614619	0
1121402	0	5614625	0
1121402	0	5662150	0
1121402	0	5966850	0
1121402	0	6157464	0
1121402	0	6324938	0
1121402	0	6371837	0
1121402	0	6371843	0
1121402	0	6392400	0
1121402	0	6392405	0
1121402	0	6717336	0
1121402	0	6717338	0
1121402	0	6717342	0
1121402	0	6918691	0
1121402	0	697136	0
1121402	0	7011506	0
1121402	0	7125978	0
1121402	0	7125980	0
1121402	0	7125981	0
1121402	0	7125982	0
1121402	0	7125983	0
1121402	0	7125985	0
1121402	0	7125987	0
1121402	0	7142994	0
1121402	0	7161979	0
1121402	0	7471825	0
1121402	0	7477362	0
1121402	0	7477363	0
1121402	0	7510847	0
1121402	0	7572311	0
1121402	0	7572312	0
1121402	0	7774688	0
1121402	0	7898701	0
1121402	0	8052617	0
1121402	0	8052619	0
1121402	0	8052620	0
1121402	0	8052621	0
1121402	0	8052622	0
1121402	0	8052623	0
1121402	0	8052624	0
1121402	0	8089444	0
1121402	0	8235730	0
1121402	0	8376430	0
1121402	0	8453588	0
1121402	0	8492342	0
1121402	0	8718639	0
1121402	0	8821496	0
1121402	0	8821498	0
1121402	0	8832487	0
1121709	0	1077530	0
1121709	0	1112487	0
1121709	0	1114393	0
1121709	0	1169279	0
1121709	0	1243178	0
1121709	0	1271795	0
1121709	0	1392360	0
1121709	0	1643334	0
1121709	0	16845	0
1121709	0	1698341	0
1121709	0	1729290	0
1121709	0	1736566	0
1121709	0	1760876	0
1121709	0	1937668	0
1121709	0	208465	0
1121709	0	2302396	0
1121709	0	2317095	0
1121709	0	2432508	0
1121709	0	2440458	0
1121709	0	2517708	0
1121709	0	2615981	0
1121709	0	2851223	0
1121709	0	2874652	0
1121709	0	2879470	0
1121709	0	291564	0
1121709	0	2964602	0
1121709	0	3030903	0
1121709	0	3055199	0
1121709	0	3064096	0
1121709	0	306414	0
1121709	0	3098031	0
1121709	0	3221617	0
1121709	0	3381112	0
1121709	0	3386509	0
1121709	0	3423062	0
1121709	0	3446958	0
1121709	0	3545984	0
1121709	0	3552218	0
1121709	0	3552222	0
1121709	0	3709755	0
1121709	0	3709758	0
1121709	0	3742654	0
1121709	0	3869997	0
1121709	0	3875032	0
1121709	0	4038354	0
1121709	0	419129	0
1121709	0	4575770	0
1121709	0	4580131	0
1121709	0	4580133	0
1121709	0	4644464	0
1121709	0	4707664	0
1121709	0	4769720	0
1121709	0	4836900	0
1121709	0	4861638	0
1121709	0	4896238	0
1121709	0	51033	0
1121709	0	5177794	0
1121709	0	5209523	0
1121709	0	5264299	0
1121709	0	5346546	0
1121709	0	5530626	0
1121709	0	5879625	0
1121709	0	5915729	0
1121709	0	6007524	0
1121709	0	6054702	0
1121709	0	6076433	0
1121709	0	6212343	0
1121709	0	6630430	0
1121709	0	6657504	0
1121709	0	669004	0
1121709	0	6690192	0
1121709	0	6694095	0
1121709	0	6886933	0
1121709	0	701349	0
1121709	0	7209949	0
1121709	0	7229531	0
1121709	0	731070	0
1121709	0	7370525	0
1121709	0	7434522	0
1121709	0	747368	0
1121709	0	7499157	0
1121709	0	7565881	0
1121709	0	7586674	0
1121709	0	7591000	0
1121709	0	7591002	0
1121709	0	7744250	0
1121709	0	7841119	0
1121709	0	7849690	0
1121709	0	8049577	0
1121709	0	8049578	1
1121709	0	8049580	0
1121709	0	812328	0
1121709	0	8283424	0
1121709	0	8327576	0
1121709	0	8492081	0
1121709	0	8500135	0
1121709	0	862855	0
1121709	0	8643664	0
1121709	0	88402	0
1121709	0	950984	0
1124210	0	1244877	0
1124210	0	1280828	0
1124210	0	131190	0
1124210	0	1689639	0
1124210	0	181175	0
1124210	0	181177	0
1124210	0	2070515	0
1124210	0	2089544	0
1124210	0	2258591	0
1124210	0	2258592	0
1124210	0	2258594	0
1124210	0	2258595	0
1124210	0	2258596	0
1124210	0	2258597	0
1124210	0	2258598	0
1124210	0	2258599	0
1124210	0	2399822	0
1124210	0	2433601	0
1124210	0	2433603	0
1124210	0	2433604	0
1124210	0	2433609	0
1124210	0	2461683	0
1124210	0	2494574	0
1124210	0	2494577	0
1124210	0	2608221	0
1124210	0	2650269	0
1124210	0	2685123	0
1124210	0	2728448	0
1124210	0	2753148	0
1124210	0	2825130	0
1124210	0	284020	0
1124210	0	2859501	0
1124210	0	2958020	0
1124210	0	3162331	0
1124210	0	3225197	0
1124210	0	3263727	0
1124210	0	3289568	0
1124210	0	3466956	0
1124210	0	3517427	0
1124210	0	4002454	0
1124210	0	4002456	0
1124210	0	4174699	0
1124210	0	4303129	0
1124210	0	4535489	0
1124210	0	4616435	0
1124210	0	4648414	0
1124210	0	4942992	0
1124210	0	5098936	0
1124210	0	5098941	0
1124210	0	522219	0
1124210	0	522220	0
1124210	0	5587709	0
1124210	0	5587711	0
1124210	0	5664148	0
1124210	0	5941717	0
1124210	0	6146809	0
1124210	0	6233255	0
1124210	0	6255796	0
1124210	0	6498977	0
1124210	0	6507996	0
1124210	0	6541864	0
1124210	0	6541866	0
1124210	0	6541868	0
1124210	0	6620551	0
1124210	0	6636931	0
1124210	0	6636936	0
1124210	0	6720368	0
1124210	0	6737727	0
1124210	0	6737729	0
1124210	0	7146473	0
1124210	0	7146478	0
1124210	0	7203360	0
1124210	0	7224102	0
1124210	0	7443586	0
1124210	0	7443588	0
1124210	0	7695217	0
1124210	0	7715335	0
1124210	0	7806221	0
1124210	0	7806222	0
1124210	0	7942807	0
1124210	0	8026735	0
1124210	0	8026737	1
1124210	0	8026738	0
1124210	0	8026740	0
1124210	0	8026743	0
1124210	0	8087696	0
1124210	0	8087702	0
1124210	0	8355477	0
1124210	0	8355483	0
1124210	0	8406413	0
1124210	0	8492305	0
1124210	0	8547690	0
1124210	0	8558068	0
1124210	0	8650642	0
1124210	0	8802909	0
1124210	0	8828525	0
1124210	0	92049	0
1124210	0	931162	0
1124210	0	931165	0
1124210	0	943794	0
1129237	0	128984	0
1129237	0	1325030	0
1129237	0	1421371	0
1129237	0	1526193	0
1129237	0	162127	0
1129237	0	1721142	0
1129237	0	1770027	0
1129237	0	1779229	0
1129237	0	1959030	0
1129237	0	2015118	0
1129237	0	2176863	0
1129237	0	2188742	0
1129237	0	2351491	0
1129237	0	2364443	0
1129237	0	2384636	0
1129237	0	262492	0
1129237	0	2697746	0
1129237	0	2697752	0
1129237	0	2777623	0
1129237	0	2777625	0
1129237	0	2955239	0
1129237	0	2971620	0
1129237	0	2971621	0
1129237	0	2976015	0
1129237	0	302210	0
1129237	0	305088	0
1129237	0	3097761	0
1129237	0	3153068	0
1129237	0	3279719	0
1129237	0	3409660	0
1129237	0	3588803	0
1129237	0	3588805	0
1129237	0	3641168	0
1129237	0	3649330	0
1129237	0	3683096	0
1129237	0	3826651	0
1129237	0	3826653	0
1129237	0	3826656	0
1129237	0	3826659	0
1129237	0	3832058	0
1129237	0	3832685	0
1129237	0	3858675	0
1129237	0	3858678	0
1129237	0	3905057	1
1129237	0	3905802	0
1129237	0	3905806	0
1129237	0	392579	0
1129237	0	3993743	0
1129237	0	4003056	0
1129237	0	4066969	0
1129237	0	4162487	0
1129237	0	4233383	0
1129237	0	4233385	0
1129237	0	4328625	0
1129237	0	4367170	0
1129237	0	4425405	0
1129237	0	461835	0
1129237	0	461837	0
1129237	0	4723973	0
1129237	0	4773351	0
1129237	0	4779185	0
1129237	0	4915547	0
1129237	0	5094333	0
1129237	0	5122274	0
1129237	0	5831781	0
1129237	0	5906130	0
1129237	0	5916672	0
1129237	0	6080460	0
1129237	0	6166230	0
1129237	0	6194643	0
1129237	0	6194648	0
1129237	0	6225977	0
1129237	0	6325273	0
1129237	0	6343520	0
1129237	0	6343521	0
1129237	0	6386977	0
1129237	0	6585295	0
1129237	0	6705270	0
1129237	0	6868144	0
1129237	0	6884449	0
1129237	0	7350325	0
1129237	0	7688465	0
1129237	0	7688471	0
1129237	0	7769727	0
1129237	0	7769728	0
1129237	0	7874566	0
1129237	0	7911557	0
1129237	0	806652	0
1129237	0	8150178	0
1129237	0	818342	0
1129237	0	8357400	0
1129237	0	8588219	0
1129237	0	8588222	0
1129237	0	8588223	0
1129237	0	8588226	0
1129237	0	8588227	0
1129237	0	8633911	0
1129237	0	8682824	0
1129237	0	8712732	0
1129237	0	998751	0
1133167	0	1379370	0
1133167	0	1790122	0
1133167	0	1824481	0
1133167	0	1824483	0
1133167	0	1824487	0
1133167	0	1824488	1
1133167	0	1883277	0
1133167	0	1883278	0
1133167	0	1883280	0
1133167	0	1883281	0
1133167	0	190805	0
1133167	0	190806	0
1133167	0	190809	0
1133167	0	2010281	0
1133167	0	2276678	0
1133167	0	2439240	0
1133167	0	2491371	0
1133167	0	2613290	0
1133167	0	2613293	0
1133167	0	2623303	0
1133167	0	3074598	0
1133167	0	3074599	0
1133167	0	332787	0
1133167	0	3355083	0
1133167	0	3421898	0
1133167	0	3421900	0
1133167	0	3421904	0
1133167	0	3953805	0
1133167	0	434124	0
1133167	0	434126	0
1133167	0	4443368	0
1133167	0	4443370	0
1133167	0	4443375	0
1133167	0	4494097	0
1133167	0	4494100	0
1133167	0	4498479	0
1133167	0	4550240	0
1133167	0	4557439	0
1133167	0	4625145	0
1133167	0	4712273	0
1133167	0	4926204	0
1133167	0	563738	0
1133167	0	5674622	0
1133167	0	5674623	0
1133167	0	5985458	0
1133167	0	6103289	0
1133167	0	6112586	0
1133167	0	6112588	0
1133167	0	6112589	0
1133167	0	6112590	0
1133167	0	6112592	0
1133167	0	6142	0
1133167	0	6157114	0
1133167	0	6257038	0
1133167	0	6299574	0
1133167	0	6299575	0
1133167	0	6332045	0
1133167	0	6467517	0
1133167	0	6467518	0
1133167	0	6467519	0
1133167	0	6467522	0
1133167	0	6999438	0
1133167	0	7091940	0
1133167	0	7091943	0
1133167	0	7093509	0
1133167	0	7093512	0
1133167	0	7217706	0
1133167	0	7218012	0
1133167	0	7218016	0
1133167	0	7218019	0
1133167	0	7486594	0
1133167	0	7486597	0
1133167	0	7486599	0
1133167	0	7793408	0
1133167	0	7793409	0
1133167	0	7793414	0
1133167	0	7793416	0
1133167	0	8033645	0
1133167	0	8033646	0
1133167	0	8033647	0
1133167	0	8160224	0
1133167	0	8160230	0
1133167	0	8160241	0
1133167	0	8160243	0
1133167	0	823272	0
1133167	0	823273	0
1133167	0	823275	0
1133167	0	823277	0
1133167	0	823279	0
1133167	0	8250498	0
1133167	0	8250500	0
1133167	0	8250501	0
1133167	0	8255701	0
1133167	0	8255705	0
1133167	0	8255706	0
1133167	0	8405623	0
1133167	0	8484845	0
1133167	0	8484849	0
1133167	0	8484851	0
1133167	0	8839920	0
130510	0	1047769	0
130510	0	1110766	0
130510	0	1159414	0
130510	0	1481524	0
130510	0	1494930	0
130510	0	1494931	0
130510	0	1494932	0
130510	0	1494933	0
130510	0	1494935	0
130510	0	1494936	0
130510	0	1494937	0
130510	0	1494938	0
130510	0	1494939	0
130510	0	1799013	0
130510	0	1881840	0
130510	0	2079375	0
130510	0	2079377	0
130510	0	2174992	0
130510	0	2346969	0
130510	0	2407055	0
130510	0	2420310	0
130510	0	2490145	0
130510	0	2490150	0
130510	0	2589317	0
130510	0	2589323	0
130510	0	2862515	0
130510	0	2862518	0
130510	0	2862522	0
130510	0	2881563	0
130510	0	2961568	0
130510	0	3163980	0
130510	0	348429	0
130510	0	3913778	0
130510	0	3923091	0
130510	0	3995677	0
130510	0	4022902	0
130510	0	4022904	0
130510	0	4022905	0
130510	0	4022909	0
130510	0	4089773	0
130510	0	4189500	0
130510	0	440983	0
130510	0	4528805	0
130510	0	4528808	0
130510	0	5415276	0
130510	0	566525	0
130510	0	5685704	0
130510	0	5685706	0
130510	0	5685708	0
130510	0	5685710	0
130510	0	5685711	0
130510	0	5791683	0
130510	0	5930010	0
130510	0	5930011	0
130510	0	5930013	0
130510	0	5930015	0
130510	0	5930018	0
130510	0	6035035	0
130510	0	6172269	0
130510	0	6183638	0
130510	0	6486232	0
130510	0	6542823	0
130510	0	6542827	0
130510	0	6621100	0
130510	0	6763277	0
130510	0	6815300	0
130510	0	6881818	0
130510	0	6881820	0
130510	0	6881821	0
130510	0	7001677	0
130510	0	7001679	0
130510	0	7125239	0
130510	0	7203252	0
130510	0	7298862	0
130510	0	7464751	0
130510	0	7479905	0
130510	0	7501557	0
130510	0	7501558	0
130510	0	7501563	0
130510	0	7529548	0
130510	0	7603931	0
130510	0	7696346	0
130510	0	7708723	0
130510	0	7777478	0
130510	0	7777480	0
130510	0	7792405	0
130510	0	799647	0
130510	0	7997887	0
130510	0	8095118	0
130510	0	815703	0
130510	0	8514425	0
130510	0	8612902	0
130510	0	8612903	1
130510	0	8612904	0
130510	0	8612905	0
130510	0	8612906	0
130510	0	8612909	0
130510	0	8612910	0
130510	0	996732	0
130510	0	996740	0
131843	0	1073193	0
131843	0	1267422	0
131843	0	14055	0
131843	0	1907695	0
131843	0	1941266	0
131843	0	1959309	0
131843	0	1965924	0
131843	0	1993076	0
131843	0	2041693	0
131843	0	208011	0
131843	0	2333348	0
131843	0	2495625	0
131843	0	2669218	0
131843	0	2683747	0
131843	0	278279	0
131843	0	2896791	0
131843	0	3299960	0
131843	0	3400902	0
131843	0	3400903	0
131843	0	373498	0
131843	0	3761239	0
131843	0	3841396	0
131843	0	3844836	0
131843	0	3884881	0
131843	0	3884882	0
131843	0	3919317	0
131843	0	3930069	0
131843	0	4013724	0
131843	0	4099926	0
131843	0	4254836	0
131843	0	4682759	0
131843	0	491120	0
131843	0	4911365	0
131843	0	4931453	0
131843	0	5000167	0
131843	0	5038538	0
131843	0	5056232	0
131843	0	5121126	0
131843	0	5125375	0
131843	0	542347	0
131843	0	5858902	0
131843	0	6187399	0
131843	0	6187402	0
131843	0	6248852	0
131843	0	6249757	0
131843	0	6604053	0
131843	0	6718494	0
131843	0	6782345	0
131843	0	6787809	0
131843	0	6820615	0
131843	0	68421	0
131843	0	68427	0
131843	0	6959233	0
131843	0	7066446	0
131843	0	7073516	0
131843	0	7073518	0
131843	0	7078432	0
131843	0	7078434	0
131843	0	7082304	0
131843	0	7091663	0
131843	0	7208948	0
131843	0	7451206	0
131843	0	7451207	0
131843	0	7589014	0
131843	0	7678189	0
131843	0	7707868	0
131843	0	788586	0
131843	0	8024309	0
131843	0	8073461	0
131843	0	8085708	0
131843	0	8090240	0
131843	0	8102602	0
131843	0	8117361	0
131843	0	8146334	0
131843	0	8191894	0
131843	0	8305151	0
131843	0	8305152	1
131843	0	8305153	0
131843	0	8305154	0
131843	0	8305155	0
131843	0	8305156	0
131843	0	8305158	0
131843	0	8318153	0
131843	0	8519713	0
131843	0	8530759	0
131843	0	8589858	0
131843	0	8685913	0
131843	0	8710810	0
131843	0	8710812	0
131843	0	8710813	0
131843	0	8710814	0
131843	0	8780616	0
131843	0	97739	0
131843	0	985988	0
131843	0	985989	0
131843	0	985990	0
131843	0	985991	0
131843	0	985992	0
131843	0	985994	0
131843	0	985995	0
146187	0	1028969	0
146187	0	1028971	0
146187	0	1043679	0
146187	0	1043683	0
146187	0	1138801	0
146187	0	1230566	0
146187	0	1246346	0
146187	0	1254157	0
146187	0	1841192	0
146187	0	1972078	0
146187	0	2040185	0
146187	0	2087678	0
146187	0	2226093	0
146187	0	2226094	0
146187	0	2257806	0
146187	0	2345126	0
146187	0	2509	0
146187	0	315525	0
146187	0	3241340	0
146187	0	3505470	0
146187	0	3531644	0
146187	0	3860555	0
146187	0	3878277	0
146187	0	3963185	0
146187	0	3963187	0
146187	0	3963189	0
146187	0	4026486	0
146187	0	4111407	0
146187	0	4216894	0
146187	0	4216895	0
146187	0	4216897	0
146187	0	4216899	0
146187	0	4216901	0
146187	0	4216902	0
146187	0	4777144	0
146187	0	4825394	0
146187	0	4908916	0
146187	0	4921740	0
146187	0	4921741	0
146187	0	5226113	0
146187	0	5332230	0
146187	0	5332231	0
146187	0	5548651	0
146187	0	5548652	0
146187	0	5590506	0
146187	0	5836454	0
146187	0	5844996	0
146187	0	5889120	0
146187	0	5929430	0
146187	0	5954584	0
146187	0	6015026	0
146187	0	6241267	0
146187	0	6430258	0
146187	0	6430259	0
146187	0	6430260	0
146187	0	6658185	0
146187	0	7093332	0
146187	0	7093334	0
146187	0	7095976	0
146187	0	7096817	0
146187	0	7096819	0
146187	0	7096823	0
146187	0	7307399	0
146187	0	7405002	0
146187	0	744165	0
146187	0	744167	0
146187	0	744168	0
146187	0	7471713	0
146187	0	76342	0
146187	0	76344	0
146187	0	76348	0
146187	0	76349	0
146187	0	7704677	0
146187	0	7836295	0
146187	0	7836296	0
146187	0	7956019	0
146187	0	8042965	0
146187	0	8042966	0
146187	0	8042967	0
146187	0	8042971	0
146187	0	8042972	0
146187	0	8042974	0
146187	0	8361899	0
146187	0	8361902	0
146187	0	8434618	0
146187	0	8434619	0
146187	0	8434620	0
146187	0	8434622	0
146187	0	8434623	0
146187	0	8434624	0
146187	0	8434625	0
146187	0	8434626	1
146187	0	8481818	0
146187	0	8664004	0
146187	0	8792967	0
146187	0	8795488	0
146187	0	8795489	0
146187	0	8795491	0
146187	0	8795494	0
146187	0	8795495	0
148538	0	1247539	0
148538	0	1311204	0
148538	0	1311206	0
148538	0	1384441	0
148538	0	1384446	0
148538	0	1384447	0
148538	0	1671257	0
148538	0	190794	0
148538	0	1950974	0
148538	0	1950976	0
148538	0	1950977	0
148538	0	1950979	0
148538	0	1950983	0
148538	0	1963585	0
148538	0	1969519	0
148538	0	1985491	0
148538	0	1985495	0
148538	0	231452	0
148538	0	231453	0
148538	0	231455	0
148538	0	2368185	0
148538	0	2368187	0
148538	0	2419541	0
148538	0	2805681	0
148538	0	2915322	0
148538	0	2915323	0
148538	0	2915327	0
148538	0	2951883	0
148538	0	2993237	0
148538	0	3138645	0
148538	0	3165111	0
148538	0	332400	0
148538	0	332401	0
148538	0	3446014	0
148538	0	3557943	0
148538	0	3918785	0
148538	0	4185812	0
148538	0	4185814	0
148538	0	4264129	0
148538	0	436836	0
148538	0	4410448	0
148538	0	4447601	0
148538	0	4447659	0
148538	0	4539657	0
148538	0	4607267	0
148538	0	4959634	0
148538	0	4976407	0
148538	0	5020788	0
148538	0	5077704	0
148538	0	5077707	0
148538	0	512198	0
148538	0	5305311	0
148538	0	5533647	0
148538	0	5533652	0
148538	0	5588133	0
148538	0	5588137	0
148538	0	5592685	0
148538	0	5679985	0
148538	0	5693666	0
148538	0	5809605	0
148538	0	5825400	0
148538	0	5843047	0
148538	0	5844625	0
148538	0	6006382	0
148538	0	6017980	0
148538	0	615401	0
148538	0	615404	0
148538	0	615405	0
148538	0	615406	0
148538	0	615407	0
148538	0	6222119	0
148538	0	6425028	0
148538	0	6438296	0
148538	0	6438297	0
148538	0	6506241	0
148538	0	6567031	0
148538	0	6846343	0
148538	0	6894608	0
148538	0	7318210	0
148538	0	734990	0
148538	0	7407803	1
148538	0	7407804	0
148538	0	7529434	0
148538	0	7696609	0
148538	0	8080460	0
148538	0	8181574	0
148538	0	820304	0
148538	0	820312	0
148538	0	820313	0
148538	0	8283527	0
148538	0	8283531	0
148538	0	8283532	0
148538	0	844360	0
148538	0	8610395	0
148538	0	8730430	0
148538	0	8814767	0
148538	0	985488	0
148538	0	985491	0
148538	0	985492	0
148538	0	985493	0
156493	0	1101607	0
156493	0	1171595	0
156493	0	1171598	0
156493	0	1172287	0
156493	0	1277720	0
156493	0	1277721	0
156493	0	1277722	0
156493	0	1277723	0
156493	0	1277724	0
156493	0	1277725	0
156493	0	1277726	0
156493	0	1277727	0
156493	0	1347264	0
156493	0	1347266	0
156493	0	1960255	0
156493	0	1960257	0
156493	0	1960260	0
156493	0	1960261	0
156493	0	2141931	0
156493	0	2259179	0
156493	0	2259180	0
156493	0	2259182	0
156493	0	2259183	0
156493	0	2317800	0
156493	0	2317802	0
156493	0	2317807	0
156493	0	2411918	0
156493	0	2598786	0
156493	0	2612490	0
156493	0	2612491	0
156493	0	2612492	0
156493	0	2616513	0
156493	0	2616515	0
156493	0	278176	0
156493	0	2928700	0
156493	0	2928702	0
156493	0	2928704	0
156493	0	2928707	0
156493	0	2949801	0
156493	0	2949802	0
156493	0	3288596	0
156493	0	3288597	0
156493	0	3288598	0
156493	0	3288599	0
156493	0	3288600	0
156493	0	3288601	0
156493	0	349637	0
156493	0	349638	0
156493	0	349639	0
156493	0	349643	0
156493	0	4131138	0
156493	0	4527706	0
156493	0	4940228	0
156493	0	4940229	0
156493	0	5022725	0
156493	0	5059020	0
156493	0	5122747	0
156493	0	5346660	0
156493	0	5406908	0
156493	0	5530082	0
156493	0	5549994	0
156493	0	6139382	0
156493	0	6139386	0
156493	0	6267258	0
156493	0	627307	0
156493	0	6343406	0
156493	0	6357270	0
156493	0	6464089	0
156493	0	6524741	0
156493	0	6524745	0
156493	0	6524746	0
156493	0	6859022	0
156493	0	6859031	0
156493	0	7371077	0
156493	0	7371078	0
156493	0	7371079	0
156493	0	750111	0
156493	0	7663272	0
156493	0	7976153	0
156493	0	8029433	0
156493	0	8182159	0
156493	0	8182160	0
156493	0	8182161	0
156493	0	8182165	1
156493	0	8182166	0
156493	0	8245439	0
156493	0	8245444	0
156493	0	8273014	0
156493	0	8273017	0
156493	0	8273018	0
156493	0	8273019	0
156493	0	8393766	0
156493	0	8463133	0
156493	0	8803136	0
156493	0	8811146	0
156493	0	885944	0
156493	0	95514	0
156493	0	95515	0
156493	0	95519	0
156493	0	994488	0
168216	0	1090088	0
168216	0	1183706	0
168216	0	1274194	0
168216	0	1301465	0
168216	0	1301466	0
168216	0	1301467	0
168216	0	1301468	0
168216	0	1301469	0
168216	0	1301471	0
168216	0	1301472	0
168216	0	1301474	0
168216	0	13499	0
168216	0	1381477	1
168216	0	1735358	0
168216	0	1735360	0
168216	0	1924796	0
168216	0	1924800	0
168216	0	2036279	0
168216	0	2069992	0
168216	0	2069995	0
168216	0	2210775	0
168216	0	2265769	0
168216	0	2265772	0
168216	0	2659074	0
168216	0	2790904	0
168216	0	290826	0
168216	0	3033359	0
168216	0	3174840	0
168216	0	3198680	0
168216	0	3198682	0
168216	0	3198687	0
168216	0	3198689	0
168216	0	3344828	0
168216	0	3344832	0
168216	0	3344834	0
168216	0	3399712	0
168216	0	3399713	0
168216	0	3399715	0
168216	0	3681095	0
168216	0	3830857	0
168216	0	3908773	0
168216	0	3908774	0
168216	0	3908776	0
168216	0	3908777	0
168216	0	4119829	0
168216	0	4191395	0
168216	0	4324487	0
168216	0	4324491	0
168216	0	4324492	0
168216	0	4498419	0
168216	0	4792582	0
168216	0	4792583	0
168216	0	5024307	0
168216	0	5293614	0
168216	0	5690224	0
168216	0	5935474	0
168216	0	5935476	0
168216	0	5935477	0
168216	0	6061718	0
168216	0	6061721	0
168216	0	6061722	0
168216	0	6061726	0
168216	0	6213322	0
168216	0	6213325	0
168216	0	6249512	0
168216	0	6264731	0
168216	0	6264732	0
168216	0	6264733	0
168216	0	6282560	0
168216	0	6282561	0
168216	0	6282562	0
168216	0	6282567	0
168216	0	6329932	0
168216	0	6426632	0
168216	0	6426634	0
168216	0	6426638	0
168216	0	661750	0
168216	0	731200	0
168216	0	7337513	0
168216	0	7337519	0
168216	0	7492748	0
168216	0	7492752	0
168216	0	7492753	0
168216	0	7492755	0
168216	0	7745780	0
168216	0	8048968	0
168216	0	8141128	0
168216	0	8185129	0
168216	0	8185131	0
168216	0	8185135	0
168216	0	8185137	0
168216	0	8252763	0
168216	0	8639627	0
168216	0	8639630	0
168216	0	8639633	0
168216	0	8723467	0
168216	0	8731621	0
168216	0	8731623	0
168216	0	8731624	0
168216	0	8731625	0
182539	0	1307232	0
182539	0	1307234	0
182539	0	1307235	0
182539	0	1638687	0
182539	0	1638688	0
182539	0	1638689	0
182539	0	1638690	0
182539	0	1638691	0
182539	0	1638694	0
182539	0	1654895	0
182539	0	171653	0
182539	0	2053701	0
182539	0	2092202	0
182539	0	2165968	0
182539	0	2623668	0
182539	0	2751871	0
182539	0	2839827	0
182539	0	2840563	0
182539	0	2909954	0
182539	0	2909960	0
182539	0	2909961	0
182539	0	3127071	0
182539	0	3198392	0
182539	0	3729714	0
182539	0	3760957	0
182539	0	3760964	0
182539	0	3779895	0
182539	0	3883077	0
182539	0	3883081	0
182539	0	4096478	0
182539	0	4487755	0
182539	0	4730803	0
182539	0	5020094	0
182539	0	518150	0
182539	0	5567729	0
182539	0	5567732	0
182539	0	5618254	0
182539	0	57443	0
182539	0	57444	0
182539	0	57447	1
182539	0	57448	0
182539	0	57449	0
182539	0	57450	0
182539	0	5793580	0
182539	0	6037973	0
182539	0	6135907	0
182539	0	6201541	0
182539	0	6201542	0
182539	0	6355993	0
182539	0	6783449	0
182539	0	6816571	0
182539	0	6816572	0
182539	0	6816573	0
182539	0	6816574	0
182539	0	6816576	0
182539	0	6816577	0
182539	0	6816579	0
182539	0	6957819	0
182539	0	6980965	0
182539	0	6981225	0
182539	0	7148714	0
182539	0	7154102	0
182539	0	7206189	0
182539	0	721170	0
182539	0	7303730	0
182539	0	7371255	0
182539	0	7371257	0
182539	0	7371259	0
182539	0	7371261	0
182539	0	7371262	0
182539	0	738025	0
182539	0	7527837	0
182539	0	7579346	0
182539	0	7579347	0
182539	0	7579349	0
182539	0	7579350	0
182539	0	7579351	0
182539	0	7583024	0
182539	0	7617321	0
182539	0	7637811	0
182539	0	7850108	0
182539	0	7883763	0
182539	0	7919974	0
182539	0	8147663	0
182539	0	8299659	0
182539	0	8299661	0
182539	0	8299665	0
182539	0	8299668	0
182539	0	8337703	0
182539	0	8515182	0
182539	0	8598792	0
182539	0	8752298	0
182539	0	8757178	0
182539	0	8757179	0
182539	0	8757180	0
182539	0	8757181	0
182539	0	8757182	0
182539	0	8757183	0
182539	0	8757184	0
182539	0	941371	0
183378	0	1261035	0
183378	0	1289489	0
183378	0	1289495	0
183378	0	1289496	0
183378	0	1289497	1
183378	0	1603312	0
183378	0	1603314	0
183378	0	1765863	0
183378	0	1773959	0
183378	0	2068968	0
183378	0	2089154	0
183378	0	2095187	0
183378	0	2234245	0
183378	0	229739	0
183378	0	2493332	0
183378	0	2499865	0
183378	0	2533256	0
183378	0	2533260	0
183378	0	2639939	0
183378	0	2796241	0
183378	0	2805325	0
183378	0	3093215	0
183378	0	324175	0
183378	0	324177	0
183378	0	324178	0
183378	0	327908	0
183378	0	3389579	0
183378	0	3389580	0
183378	0	3576220	0
183378	0	3576225	0
183378	0	3605404	0
183378	0	3662782	0
183378	0	376576	0
183378	0	424997	0
183378	0	4371183	0
183378	0	4493913	0
183378	0	4493914	0
183378	0	4493915	0
183378	0	4493916	0
183378	0	4493919	0
183378	0	4493920	0
183378	0	4493921	0
183378	0	4493922	0
183378	0	4530314	0
183378	0	4716324	0
183378	0	4727412	0
183378	0	4727418	0
183378	0	4803847	0
183378	0	4803848	0
183378	0	4803850	0
183378	0	4803851	0
183378	0	4803856	0
183378	0	4810802	0
183378	0	4835769	0
183378	0	4856305	0
183378	0	4862063	0
183378	0	5105265	0
183378	0	5286899	0
183378	0	5391353	0
183378	0	5534703	0
183378	0	5534707	0
183378	0	5534708	0
183378	0	5534711	0
183378	0	5728400	0
183378	0	5798333	0
183378	0	6295431	0
183378	0	6548235	0
183378	0	6569755	0
183378	0	6880045	0
183378	0	6960777	0
183378	0	711450	0
183378	0	7449744	0
183378	0	7449750	0
183378	0	7449751	0
183378	0	7449752	0
183378	0	749548	0
183378	0	7677975	0
183378	0	7703397	0
183378	0	7878227	0
183378	0	7952865	0
183378	0	8079968	0
183378	0	8079970	0
183378	0	8121377	0
183378	0	8121380	0
183378	0	8191188	0
183378	0	828108	0
183378	0	8507877	0
183378	0	8570256	0
183378	0	8570257	0
183378	0	8570258	0
183378	0	8570260	0
183378	0	8570261	0
183378	0	8577215	0
183378	0	8643931	0
183378	0	8756893	0
183378	0	8779628	0
183378	0	8794302	0
183378	0	8794303	0
183378	0	8794304	0
183378	0	8794308	0
19335	0	1280402	0
19335	0	129764	0
19335	0	1359917	0
19335	0	1389478	0
19335	0	1389479	0
19335	0	1555319	0
19335	0	1568084	0
19335	0	1568085	0
19335	0	1568088	0
19335	0	1616883	0
19335	0	1705525	0
19335	0	1722	0
19335	0	1725697	0
19335	0	1726	0
19335	0	1729	0
19335	0	1730	0
19335	0	1746951	0
19335	0	1796647	0
19335	0	1837110	0
19335	0	1994172	0
19335	0	2046341	0
19335	0	2046505	0
19335	0	2108336	0
19335	0	2943087	0
19335	0	3156238	0
19335	0	3175481	0
19335	0	3175484	0
19335	0	3260688	0
19335	0	342431	0
19335	0	342432	0
19335	0	3445058	0
19335	0	3497214	0
19335	0	3539483	0
19335	0	3653053	0
19335	0	4349928	0
19335	0	436828	0
19335	0	4540808	0
19335	0	4540809	0
19335	0	4540816	0
19335	0	4835655	0
19335	0	5051739	0
19335	0	5140471	0
19335	0	527689	0
19335	0	527690	0
19335	0	527694	0
19335	0	527695	0
19335	0	527698	0
19335	0	5379897	0
19335	0	5454280	0
19335	0	5454283	0
19335	0	5629115	0
19335	0	5843331	0
19335	0	5843332	0
19335	0	6010966	0
19335	0	6109209	0
19335	0	6144461	0
19335	0	6179483	0
19335	0	6214701	0
19335	0	630063	0
19335	0	6452949	0
19335	0	6783161	0
19335	0	6867870	0
19335	0	691492	0
19335	0	691497	0
19335	0	691498	0
19335	0	6999135	0
19335	0	6999143	0
19335	0	7042455	0
19335	0	712802	0
19335	0	712806	0
19335	0	7256139	0
19335	0	7267248	0
19335	0	7276206	0
19335	0	7298833	0
19335	0	7298837	0
19335	0	7298840	0
19335	0	7367402	0
19335	0	7367407	0
19335	0	7367411	0
19335	0	7692043	0
19335	0	7727462	0
19335	0	8024611	0
19335	0	8080924	0
19335	0	8151642	0
19335	0	8151650	0
19335	0	819168	0
19335	0	8218756	0
19335	0	8412681	1
19335	0	8412682	0
19335	0	8412683	0
19335	0	8412684	0
19335	0	8412685	0
19335	0	8412687	0
19335	0	8525221	0
19335	0	8612877	0
19335	0	8635981	0
19335	0	8754859	0
19335	0	8798990	0
19335	0	901325	0
19335	0	901329	0
207786	0	1081009	0
207786	0	1081010	0
207786	0	1081011	0
207786	0	1085404	0
207786	0	1085406	0
207786	0	13254	0
207786	0	13262	0
207786	0	197297	0
207786	0	2288091	0
207786	0	2288092	0
207786	0	2315834	0
207786	0	2322024	0
207786	0	2397607	0
207786	0	263210	0
207786	0	2763917	0
207786	0	280082	0
207786	0	2998723	0
207786	0	2998726	0
207786	0	3103885	0
207786	0	3232784	0
207786	0	3352521	0
207786	0	3506136	0
207786	0	3522830	0
207786	0	3597549	0
207786	0	3773663	0
207786	0	3931757	0
207786	0	3931763	0
207786	0	403538	0
207786	0	4257473	0
207786	0	4580648	0
207786	0	4660023	0
207786	0	4660025	0
207786	0	4660027	0
207786	0	4660028	0
207786	0	4672265	0
207786	0	4674262	0
207786	0	4754014	0
207786	0	5114969	0
207786	0	5170143	0
207786	0	5170147	0
207786	0	5175113	0
207786	0	5195205	0
207786	0	5321444	0
207786	0	5365946	0
207786	0	5388259	0
207786	0	5388266	0
207786	0	5624825	0
207786	0	5624828	0
207786	0	5624830	0
207786	0	5624831	0
207786	0	5624832	0
207786	0	5624834	0
207786	0	5745781	0
207786	0	5745786	0
207786	0	5804666	0
207786	0	5990371	0
207786	0	5990374	0
207786	0	6003357	0
207786	0	6003360	0
207786	0	6031630	0
207786	0	6060398	0
207786	0	6133373	0
207786	0	6226372	0
207786	0	6226377	0
207786	0	6309217	0
207786	0	6309220	0
207786	0	6309223	0
207786	0	6474686	0
207786	0	6547477	0
207786	0	655407	0
207786	0	6563690	0
207786	0	673361	0
207786	0	6736451	0
207786	0	688486	0
207786	0	706234	0
207786	0	7449212	0
207786	0	7449213	0
207786	0	7510472	1
207786	0	7599318	0
207786	0	7639366	0
207786	0	7777867	0
207786	0	7780967	0
207786	0	7869794	0
207786	0	7941579	0
207786	0	8185061	0
207786	0	8185063	0
207786	0	8185064	0
207786	0	8265334	0
207786	0	8273754	0
207786	0	8273755	0
207786	0	8273756	0
207786	0	8273757	0
207786	0	8273758	0
207786	0	8273759	0
207786	0	8273760	0
207786	0	8273761	0
207786	0	8273762	0
207786	0	8273763	0
207786	0	8367880	0
207786	0	8622991	0
264014	0	1163962	0
264014	0	1313260	0
264014	0	1444280	0
264014	0	1610706	0
264014	0	1610708	0
264014	0	1610709	0
264014	0	1610710	0
264014	0	1610711	0
264014	0	1610712	0
264014	0	1610713	0
264014	0	1610714	0
264014	0	1697966	0
264014	0	1804644	0
264014	0	2223171	0
264014	0	2420367	0
264014	0	2438164	0
264014	0	2474341	0
264014	0	2498165	0
264014	0	2572557	0
264014	0	2688537	0
264014	0	276903	0
264014	0	2991665	0
264014	0	3120993	0
264014	0	3201487	0
264014	0	3215992	0
264014	0	331933	0
264014	0	331935	0
264014	0	3338823	0
264014	0	3338827	0
264014	0	340485	0
264014	0	340490	0
264014	0	3577342	0
264014	0	3577344	0
264014	0	3585842	0
264014	0	3666583	0
264014	0	3666584	0
264014	0	3683674	0
264014	0	3720137	0
264014	0	3764482	0
264014	0	3780879	0
264014	0	4018134	0
264014	0	4018139	0
264014	0	4021598	0
264014	0	4125993	0
264014	0	4125994	0
264014	0	4239616	0
264014	0	4425760	0
264014	0	447992	0
264014	0	4615176	0
264014	0	4647186	0
264014	0	4687213	0
264014	0	473960	0
264014	0	4834545	0
264014	0	4834547	0
264014	0	5063302	0
264014	0	5063309	0
264014	0	5104401	0
264014	0	528372	0
264014	0	528379	0
264014	0	5328095	0
264014	0	5386309	0
264014	0	5386314	0
264014	0	5583426	0
264014	0	5587285	0
264014	0	5611210	0
264014	0	5635519	0
264014	0	5635521	0
264014	0	5849270	0
264014	0	5896177	0
264014	0	5950719	0
264014	0	5950722	0
264014	0	5950723	0
264014	0	5950724	0
264014	0	5950725	0
264014	0	6105566	0
264014	0	6105572	0
264014	0	6333841	0
264014	0	6337909	0
264014	0	6501719	0
264014	0	6555322	0
264014	0	6641238	1
264014	0	684616	0
264014	0	684618	0
264014	0	7196300	0
264014	0	7317297	0
264014	0	7326934	0
264014	0	8008355	0
264014	0	8193533	0
264014	0	8310921	0
264014	0	8502491	0
264014	0	8531389	0
264014	0	8531391	0
264014	0	8623794	0
264014	0	96851	0
264014	0	96852	0
264014	0	96854	0
264014	0	96855	0
264014	0	96856	0
264014	0	96857	0
264014	0	96859	0
359349	0	15799	0
359349	0	15800	0
359349	0	15801	0
359349	0	15802	0
359349	0	15803	0
359349	0	15804	0
359349	0	15805	0
359349	0	15806	0
359349	0	15807	0
359349	0	15808	0
359349	0	1622451	0
359349	0	1622452	0
359349	0	1622457	0
359349	0	1830517	0
359349	0	2229870	0
359349	0	2259899	0
359349	0	2293820	0
359349	0	2826510	0
359349	0	2826513	0
359349	0	2964479	0
359349	0	3176540	0
359349	0	3176541	0
359349	0	3176542	0
359349	0	3176543	0
359349	0	3176548	0
359349	0	3193824	0
359349	0	3215625	0
359349	0	3223831	0
359349	0	3223833	0
359349	0	3900185	0
359349	0	4013719	0
359349	0	4013720	0
359349	0	4013723	0
359349	0	4013724	0
359349	0	4013725	0
359349	0	4020470	0
359349	0	4020471	0
359349	0	4020472	0
359349	0	4020476	0
359349	0	4020478	0
359349	0	4020479	0
359349	0	4087265	0
359349	0	4087268	0
359349	0	4344098	0
359349	0	4344099	0
359349	0	4344100	0
359349	0	4463572	0
359349	0	4463573	0
359349	0	4463574	0
359349	0	4474866	0
359349	0	4474872	0
359349	0	4551556	0
359349	0	4551557	0
359349	0	457673	0
359349	0	4881617	0
359349	0	5151802	0
359349	0	5219970	0
359349	0	5219971	0
359349	0	5219976	0
359349	0	5322530	0
359349	0	5322532	0
359349	0	5345720	0
359349	0	5615181	0
359349	0	5615187	0
359349	0	576627	0
359349	0	576628	0
359349	0	576629	0
359349	0	576632	0
359349	0	576635	0
359349	0	5773713	0
359349	0	5773714	0
359349	0	5773715	0
359349	0	5773716	0
359349	0	5773717	0
359349	0	5773718	0
359349	0	5773719	0
359349	0	5806106	0
359349	0	5806110	0
359349	0	607024	0
359349	0	6108721	0
359349	0	6113313	0
359349	0	6113314	0
359349	0	6440028	0
359349	0	68647	0
359349	0	68648	0
359349	0	68649	1
359349	0	68650	0
359349	0	68653	0
359349	0	7277971	0
359349	0	7329397	0
359349	0	7579885	0
359349	0	7857628	0
359349	0	7857629	0
359349	0	7857632	0
359349	0	7857634	0
359349	0	8058869	0
359349	0	8398223	0
359349	0	8748954	0
359349	0	8811558	0
359349	0	943229	0
405717	0	1589738	0
405717	0	1619423	0
405717	0	1849743	0
405717	0	2125641	0
405717	0	234955	0
405717	0	2365659	0
405717	0	2365660	0
405717	0	2365661	0
405717	0	2365662	0
405717	0	2365663	0
405717	0	2365665	0
405717	0	2413458	0
405717	0	2413461	0
405717	0	2616168	0
405717	0	2642838	0
405717	0	2702419	0
405717	0	2702423	0
405717	0	273851	0
405717	0	2747484	0
405717	0	2747485	0
405717	0	2747486	0
405717	0	2747488	0
405717	0	2747489	0
405717	0	2747491	0
405717	0	2747492	0
405717	0	2768521	0
405717	0	28368	0
405717	0	28372	0
405717	0	2879960	0
405717	0	3033900	0
405717	0	3033904	0
405717	0	3274915	0
405717	0	3274918	0
405717	0	3514259	0
405717	0	3803378	0
405717	0	3986303	0
405717	0	3986305	0
405717	0	3986307	0
405717	0	3986308	0
405717	0	3986309	0
405717	0	4326699	0
405717	0	4406585	0
405717	0	4432155	0
405717	0	4489661	0
405717	0	4489666	0
405717	0	4577231	0
405717	0	4704973	0
405717	0	4704975	0
405717	0	4704978	0
405717	0	4711654	0
405717	0	4776926	0
405717	0	4776928	0
405717	0	4828118	0
405717	0	4987955	0
405717	0	505912	0
405717	0	5079482	0
405717	0	5079486	0
405717	0	5274649	0
405717	0	5638740	0
405717	0	5668741	0
405717	0	5690233	0
405717	0	5690234	0
405717	0	5690237	0
405717	0	576346	0
405717	0	5857562	0
405717	0	6419725	0
405717	0	6442862	0
405717	0	6654655	0
405717	0	6741362	0
405717	0	6786304	0
405717	0	702383	0
405717	0	702386	0
405717	0	7170624	0
405717	0	7170625	0
405717	0	7170626	0
405717	0	7170629	0
405717	0	7170630	0
405717	0	7201361	0
405717	0	7288996	0
405717	0	7447941	0
405717	0	7447942	0
405717	0	7447943	0
405717	0	7458371	0
405717	0	758581	0
405717	0	758582	0
405717	0	758585	0
405717	0	758586	0
405717	0	7589975	0
405717	0	7728831	1
405717	0	7896211	0
405717	0	7896212	0
405717	0	7965240	0
405717	0	8156519	0
405717	0	8433852	0
405717	0	8433854	0
405717	0	8433856	0
405717	0	8433858	0
405717	0	846414	0
405717	0	8610271	0
405717	0	931517	0
443396	0	1091609	0
443396	0	1211156	0
443396	0	1367149	0
443396	0	1367150	0
443396	0	1367154	0
443396	0	1465664	0
443396	0	1465667	0
443396	0	1469068	0
443396	0	1587663	0
443396	0	1826142	0
443396	0	2038000	0
443396	0	2082395	0
443396	0	2143845	0
443396	0	2143847	0
443396	0	2144852	0
443396	0	2188880	0
443396	0	227255	0
443396	0	2349193	0
443396	0	2434039	0
443396	0	2434043	0
443396	0	2438904	0
443396	0	2448872	0
443396	0	2490482	0
443396	0	2654914	0
443396	0	2654918	0
443396	0	2654920	0
443396	0	2654922	0
443396	0	279294	0
443396	0	3007982	0
443396	0	3007987	0
443396	0	3008668	0
443396	0	3222557	0
443396	0	339130	0
443396	0	3438593	0
443396	0	3519033	0
443396	0	3526407	0
443396	0	3526411	0
443396	0	3648921	0
443396	0	368001	0
443396	0	3703289	0
443396	0	3750163	0
443396	0	3861791	0
443396	0	3961940	0
443396	0	3961947	0
443396	0	4052112	0
443396	0	4208445	0
443396	0	4452727	0
443396	0	4526744	0
443396	0	453706	0
443396	0	456708	0
443396	0	456710	1
443396	0	4774806	0
443396	0	4792649	0
443396	0	4792650	0
443396	0	4792655	0
443396	0	483935	0
443396	0	4896251	0
443396	0	5048840	0
443396	0	5053511	0
443396	0	5285667	0
443396	0	5468743	0
443396	0	5653999	0
443396	0	5932403	0
443396	0	6056355	0
443396	0	6349608	0
443396	0	6397543	0
443396	0	6568383	0
443396	0	6587149	0
443396	0	6590997	0
443396	0	6704846	0
443396	0	6776524	0
443396	0	6781701	0
443396	0	7242384	0
443396	0	7242390	0
443396	0	7422742	0
443396	0	755968	0
443396	0	759261	0
443396	0	7617065	0
443396	0	7620276	0
443396	0	7730354	0
443396	0	789926	0
443396	0	7922077	0
443396	0	8079039	0
443396	0	8079040	0
443396	0	8079046	0
443396	0	8117806	0
443396	0	8171402	0
443396	0	8204431	0
443396	0	822432	0
443396	0	822437	0
443396	0	8266065	0
443396	0	8348187	0
443396	0	844323	0
443396	0	8536118	0
443396	0	8542630	0
443396	0	8599548	0
443396	0	8687371	0
443396	0	8699743	0
443396	0	8769481	0
443396	0	8769489	0
451602	0	1078133	0
451602	0	1078134	0
451602	0	1078139	0
451602	0	1094138	0
451602	0	124065	0
451602	0	1277287	0
451602	0	1277289	0
451602	0	1277290	0
451602	0	1277293	0
451602	0	1575781	0
451602	0	1626653	0
451602	0	1640289	0
451602	0	1715030	0
451602	0	2084905	0
451602	0	2084909	0
451602	0	2154597	0
451602	0	2176450	0
451602	0	2176453	0
451602	0	2176454	0
451602	0	2176455	0
451602	0	2176459	0
451602	0	2244882	0
451602	0	2284888	0
451602	0	2329889	0
451602	0	2482418	0
451602	0	2922141	0
451602	0	2922142	0
451602	0	2922145	0
451602	0	2922147	0
451602	0	3052112	0
451602	0	3090663	0
451602	0	3090666	0
451602	0	3090668	0
451602	0	3090670	0
451602	0	3090671	0
451602	0	3090672	0
451602	0	3177691	1
451602	0	3177692	0
451602	0	3177700	0
451602	0	3347274	0
451602	0	3347278	0
451602	0	3746411	0
451602	0	4176454	0
451602	0	4345752	0
451602	0	4358117	0
451602	0	4453605	0
451602	0	4453608	0
451602	0	4487185	0
451602	0	4874640	0
451602	0	4874641	0
451602	0	5018391	0
451602	0	5018392	0
451602	0	5018394	0
451602	0	5053853	0
451602	0	5179251	0
451602	0	5211036	0
451602	0	5371416	0
451602	0	5475308	0
451602	0	5534586	0
451602	0	5538936	0
451602	0	5538937	0
451602	0	5538938	0
451602	0	5538940	0
451602	0	5538945	0
451602	0	5741073	0
451602	0	5902818	0
451602	0	5913111	0
451602	0	6225558	0
451602	0	6242935	0
451602	0	6250347	0
451602	0	6286974	0
451602	0	6286977	0
451602	0	6286981	0
451602	0	6286982	0
451602	0	6618756	0
451602	0	6994774	0
451602	0	705851	0
451602	0	7315074	0
451602	0	7326276	0
451602	0	7403454	0
451602	0	7510020	0
451602	0	7510025	0
451602	0	7792099	0
451602	0	7800959	0
451602	0	7804169	0
451602	0	7859334	0
451602	0	7864188	0
451602	0	8025740	0
451602	0	8033474	0
451602	0	8214452	0
451602	0	8383461	0
451602	0	8383465	0
451602	0	8390518	0
451602	0	8485132	0
451602	0	8485136	0
451602	0	8540468	0
451602	0	8621776	0
451602	0	8787234	0
451602	0	949152	0
451602	0	96224	0
47923	0	1161940	0
47923	0	146706	0
47923	0	1488916	0
47923	0	1488918	0
47923	0	1488919	0
47923	0	1496426	0
47923	0	1506786	0
47923	0	1565060	0
47923	0	1681331	0
47923	0	1681332	0
47923	0	1681334	0
47923	0	1681336	0
47923	0	1681337	0
47923	0	1827449	0
47923	0	1868437	0
47923	0	1868438	0
47923	0	1960681	0
47923	0	2044900	0
47923	0	2135499	0
47923	0	2284132	0
47923	0	2402776	0
47923	0	2408264	0
47923	0	2508230	0
47923	0	2699736	0
47923	0	2699737	0
47923	0	2704000	0
47923	0	2838662	0
47923	0	3348834	0
47923	0	3348838	0
47923	0	3589347	0
47923	0	3703415	0
47923	0	3785497	0
47923	0	3883233	0
47923	0	4257345	0
47923	0	4297620	0
47923	0	4523464	0
47923	0	4587558	0
47923	0	4652799	0
47923	0	4684893	0
47923	0	4684895	0
47923	0	473807	0
47923	0	473809	0
47923	0	4818815	0
47923	0	4991357	0
47923	0	5032362	0
47923	0	5032364	0
47923	0	5147526	0
47923	0	5147527	0
47923	0	5147528	0
47923	0	5147529	0
47923	0	5147530	0
47923	0	525511	0
47923	0	5417580	0
47923	0	5417582	1
47923	0	5417583	0
47923	0	5417584	0
47923	0	5586331	0
47923	0	5911790	0
47923	0	6089359	0
47923	0	618556	0
47923	0	6191	0
47923	0	6210760	0
47923	0	6241147	0
47923	0	6241150	0
47923	0	6241151	0
47923	0	6241152	0
47923	0	6241153	0
47923	0	6267282	0
47923	0	6626703	0
47923	0	6626705	0
47923	0	6643066	0
47923	0	6696631	0
47923	0	6919836	0
47923	0	6919841	0
47923	0	6935784	0
47923	0	7038128	0
47923	0	7071694	0
47923	0	7071695	0
47923	0	7137895	0
47923	0	7417276	0
47923	0	766019	0
47923	0	7747055	0
47923	0	7774316	0
47923	0	7774318	0
47923	0	7914498	0
47923	0	8110288	0
47923	0	8284608	0
47923	0	8348762	0
47923	0	8418678	0
47923	0	8418679	0
47923	0	8418681	0
47923	0	8418683	0
47923	0	8418684	0
47923	0	8619126	0
47923	0	8619129	0
47923	0	8619130	0
47923	0	8641104	0
47923	0	8641106	0
47923	0	8641107	0
47923	0	99926	0
489204	0	1051498	0
489204	0	1070807	0
489204	0	113238	0
489204	0	114148	0
489204	0	1225589	0
489204	0	1276947	0
489204	0	1310101	0
489204	0	1310103	0
489204	0	1310106	0
489204	0	1310107	0
489204	0	1310108	0
489204	0	1319513	0
489204	0	1410249	0
489204	0	1410255	0
489204	0	1418931	0
489204	0	1418935	0
489204	0	1479542	0
489204	0	1538587	0
489204	0	1736553	0
489204	0	1759354	0
489204	0	1759357	0
489204	0	1759360	0
489204	0	1778458	0
489204	0	1950269	0
489204	0	1950273	0
489204	0	2016623	0
489204	0	2053095	0
489204	0	2163701	0
489204	0	216490	0
489204	0	216492	0
489204	0	2218038	0
489204	0	2268657	0
489204	0	2959687	0
489204	0	3012141	0
489204	0	3049941	0
489204	0	3075337	0
489204	0	3075338	0
489204	0	3608627	0
489204	0	3744940	0
489204	0	3778489	0
489204	0	3980122	0
489204	0	3980126	0
489204	0	4029846	0
489204	0	4088951	0
489204	0	4279451	0
489204	0	4387756	0
489204	0	4430765	0
489204	0	465742	0
489204	0	4917998	0
489204	0	4917999	0
489204	0	4918001	0
489204	0	4918005	0
489204	0	4929952	0
489204	0	528348	0
489204	0	528349	0
489204	0	535375	0
489204	0	5519177	0
489204	0	5583224	0
489204	0	5629373	0
489204	0	5815950	0
489204	0	5815958	0
489204	0	5895917	1
489204	0	6087671	0
489204	0	6237427	0
489204	0	6237429	0
489204	0	6237430	0
489204	0	6301568	0
489204	0	6327176	0
489204	0	6327178	0
489204	0	6327179	0
489204	0	6327182	0
489204	0	6397957	0
489204	0	66437	0
489204	0	6661536	0
489204	0	6665319	0
489204	0	6753502	0
489204	0	6753503	0
489204	0	678245	0
489204	0	7113153	0
489204	0	7116533	0
489204	0	7432758	0
489204	0	753265	0
489204	0	7564977	0
489204	0	7564980	0
489204	0	7660249	0
489204	0	7718090	0
489204	0	7734612	0
489204	0	8054792	0
489204	0	8055356	0
489204	0	8083618	0
489204	0	8376906	0
489204	0	8376910	0
489204	0	8395205	0
489204	0	8420374	0
489204	0	855967	0
489204	0	855969	0
489204	0	8594276	0
489204	0	8737051	0
489204	0	8737053	0
489204	0	973923	0
490595	0	1160847	0
490595	0	1194055	0
490595	0	1194060	0
490595	0	1288938	0
490595	0	1288940	0
490595	0	1288943	0
490595	0	1391477	0
490595	0	1473259	0
490595	0	1530274	0
490595	0	1620438	0
490595	0	1652460	0
490595	0	1754202	0
490595	0	1894652	0
490595	0	1894653	0
490595	0	1894656	0
490595	0	1929910	1
490595	0	1929911	0
490595	0	2197786	0
490595	0	2507917	0
490595	0	2661183	0
490595	0	2788470	0
490595	0	2850740	0
490595	0	3175975	0
490595	0	3403265	0
490595	0	3403268	0
490595	0	3497876	0
490595	0	3572694	0
490595	0	3572695	0
490595	0	3572698	0
490595	0	3572701	0
490595	0	3595606	0
490595	0	3833408	0
490595	0	3833409	0
490595	0	3833413	0
490595	0	3845163	0
490595	0	3937197	0
490595	0	3937200	0
490595	0	3937204	0
490595	0	4292443	0
490595	0	4420107	0
490595	0	4737059	0
490595	0	4737060	0
490595	0	4737061	0
490595	0	4737063	0
490595	0	4737064	0
490595	0	4737065	0
490595	0	4737066	0
490595	0	4737067	0
490595	0	4737068	0
490595	0	4763065	0
490595	0	4763066	0
490595	0	4763070	0
490595	0	4842889	0
490595	0	4842890	0
490595	0	4842891	0
490595	0	4842894	0
490595	0	4842896	0
490595	0	4842897	0
490595	0	5112294	0
490595	0	5128293	0
490595	0	5247992	0
490595	0	5247999	0
490595	0	5248000	0
490595	0	526093	0
490595	0	5359212	0
490595	0	5359213	0
490595	0	5488538	0
490595	0	549465	0
490595	0	549466	0
490595	0	5612095	0
490595	0	5612099	0
490595	0	5633627	0
490595	0	5633631	0
490595	0	6206562	0
490595	0	6412650	0
490595	0	6742115	0
490595	0	6742119	0
490595	0	6845345	0
490595	0	6976956	0
490595	0	6976960	0
490595	0	7045863	0
490595	0	7340532	0
490595	0	7385093	0
490595	0	7598980	0
490595	0	7698193	0
490595	0	7839903	0
490595	0	7839904	0
490595	0	7839906	0
490595	0	7839907	0
490595	0	7839908	0
490595	0	7839910	0
490595	0	7839911	0
490595	0	805046	0
490595	0	805048	0
490595	0	805049	0
490595	0	805051	0
490595	0	8485138	0
490595	0	8485139	0
490595	0	8544459	0
490595	0	8709994	0
527433	0	1101457	0
527433	0	1101460	0
527433	0	1101462	0
527433	0	1251475	0
527433	0	1251477	0
527433	0	1251478	0
527433	0	1251480	0
527433	0	1251481	0
527433	0	1317222	0
527433	0	1317224	0
527433	0	1317225	0
527433	0	1379240	0
527433	0	1379245	0
527433	0	1511554	0
527433	0	1542069	0
527433	0	1664523	0
527433	0	1721940	0
527433	0	1753605	0
527433	0	1753608	0
527433	0	1753610	0
527433	0	1993691	0
527433	0	1993699	0
527433	0	2004910	0
527433	0	2018341	0
527433	0	2235421	0
527433	0	2331981	0
527433	0	2331982	0
527433	0	2331984	0
527433	0	2496224	0
527433	0	2496227	0
527433	0	269423	0
527433	0	269424	0
527433	0	269425	0
527433	0	269426	0
527433	0	269428	0
527433	0	269429	0
527433	0	269430	0
527433	0	278402	0
527433	0	2981253	0
527433	0	2981256	0
527433	0	301243	0
527433	0	3136613	0
527433	0	3139056	0
527433	0	319844	0
527433	0	3294600	0
527433	0	3786813	0
527433	0	4046876	0
527433	0	422228	0
527433	0	422236	0
527433	0	4351170	0
527433	0	4351171	0
527433	0	4351175	0
527433	0	4402992	0
527433	0	4402994	0
527433	0	4402995	0
527433	0	4903729	0
527433	0	4903731	0
527433	0	4903736	0
527433	0	4958693	0
527433	0	4958696	0
527433	0	4958697	0
527433	0	5331576	0
527433	0	5466807	0
527433	0	5466810	0
527433	0	547444	0
527433	0	5479497	0
527433	0	5479502	0
527433	0	5501454	0
527433	0	5603299	0
527433	0	5603300	0
527433	0	5603301	0
527433	0	5603305	0
527433	0	5603306	0
527433	0	5629888	0
527433	0	5878263	0
527433	0	6038397	0
527433	0	6038398	0
527433	0	6045939	0
527433	0	6186391	0
527433	0	6186394	0
527433	0	653097	0
527433	0	653103	0
527433	0	653104	0
527433	0	6667279	0
527433	0	6708088	0
527433	0	6743092	0
527433	0	6743093	0
527433	0	6897131	0
527433	0	6928819	0
527433	0	7514088	0
527433	0	7514089	0
527433	0	7514090	0
527433	0	7607669	0
527433	0	8306449	0
527433	0	8306451	0
527433	0	8322920	0
527433	0	8371764	0
527433	0	8617271	1
527433	0	8617274	0
527433	0	8617275	0
573724	0	1033756	0
573724	0	1113579	0
573724	0	1165128	0
573724	0	1165129	1
573724	0	1183178	0
573724	0	1183181	0
573724	0	1293333	0
573724	0	1376204	0
573724	0	1376205	0
573724	0	141998	0
573724	0	148751	0
573724	0	148753	0
573724	0	1509937	0
573724	0	1509939	0
573724	0	1509940	0
573724	0	1509942	0
573724	0	1509944	0
573724	0	1816038	0
573724	0	1817741	0
573724	0	2002445	0
573724	0	2002448	0
573724	0	2021252	0
573724	0	2084571	0
573724	0	2133806	0
573724	0	2186124	0
573724	0	2417985	0
573724	0	2910045	0
573724	0	3146236	0
573724	0	3146238	0
573724	0	3146240	0
573724	0	3365631	0
573724	0	3365632	0
573724	0	3365633	0
573724	0	3365635	0
573724	0	3365636	0
573724	0	3365638	0
573724	0	3365639	0
573724	0	3365640	0
573724	0	3546092	0
573724	0	3617636	0
573724	0	3644944	0
573724	0	394136	0
573724	0	394138	0
573724	0	394139	0
573724	0	394142	0
573724	0	4017883	0
573724	0	41433	0
573724	0	4360246	0
573724	0	4457787	0
573724	0	4966874	0
573724	0	5047796	0
573724	0	5185664	0
573724	0	5185671	0
573724	0	525215	0
573724	0	5306910	0
573724	0	5310530	0
573724	0	5339620	0
573724	0	5384308	0
573724	0	5721833	0
573724	0	5962419	0
573724	0	5962423	0
573724	0	5962424	0
573724	0	5962426	0
573724	0	5962428	0
573724	0	6121093	0
573724	0	6462957	0
573724	0	6911370	0
573724	0	7104825	0
573724	0	7104826	0
573724	0	7134411	0
573724	0	7199667	0
573724	0	7199669	0
573724	0	7199672	0
573724	0	7199673	0
573724	0	7199674	0
573724	0	7199675	0
573724	0	7275118	0
573724	0	7384325	0
573724	0	7384332	0
573724	0	7609926	0
573724	0	7609927	0
573724	0	7609928	0
573724	0	7609929	0
573724	0	7609930	0
573724	0	7609932	0
573724	0	7609933	0
573724	0	7674858	0
573724	0	8047166	0
573724	0	8404002	0
573724	0	8436350	0
573724	0	8441642	0
573724	0	8444727	0
573724	0	8444730	0
573724	0	8450864	0
573724	0	8492171	0
573724	0	8540429	0
573724	0	87405	0
573724	0	87409	0
573724	0	8833192	0
573724	0	8833199	0
833860	0	1016915	0
833860	0	115142	0
833860	0	1400521	0
833860	0	1448548	0
833860	0	1524399	0
833860	0	1524401	0
833860	0	1524402	0
833860	0	1524403	0
833860	0	1524406	0
833860	0	1524644	0
833860	0	1524648	0
833860	0	1579406	0
833860	0	1694695	0
833860	0	1751577	0
833860	0	1799623	0
833860	0	1859403	0
833860	0	1900577	0
833860	0	1969741	0
833860	0	1971028	0
833860	0	2036934	0
833860	0	2188108	0
833860	0	2192805	0
833860	0	2386361	1
833860	0	2488236	0
833860	0	2488241	0
833860	0	2597196	0
833860	0	2702357	0
833860	0	2702358	0
833860	0	2727126	0
833860	0	280004	0
833860	0	280008	0
833860	0	2829180	0
833860	0	2829181	0
833860	0	3026174	0
833860	0	3087477	0
833860	0	3107240	0
833860	0	3107242	0
833860	0	3437285	0
833860	0	3437288	0
833860	0	3437289	0
833860	0	3544301	0
833860	0	3729262	0
833860	0	3798217	0
833860	0	4046129	0
833860	0	4460348	0
833860	0	456068	0
833860	0	4565141	0
833860	0	4565899	0
833860	0	4736124	0
833860	0	4967639	0
833860	0	5167513	0
833860	0	5178289	0
833860	0	5229080	0
833860	0	541470	0
833860	0	5500892	0
833860	0	557588	0
833860	0	5639026	0
833860	0	5759683	0
833860	0	5967462	0
833860	0	5988243	0
833860	0	611992	0
833860	0	6209174	0
833860	0	6230220	0
833860	0	6230221	0
833860	0	6230222	0
833860	0	6230226	0
833860	0	6230227	0
833860	0	6230229	0
833860	0	6277473	0
833860	0	6297606	0
833860	0	6406714	0
833860	0	6406715	0
833860	0	6510230	0
833860	0	6541901	0
833860	0	6610436	0
833860	0	6654798	0
833860	0	6738736	0
833860	0	6829804	0
833860	0	6886846	0
833860	0	7007433	0
833860	0	7023585	0
833860	0	7153349	0
833860	0	7153355	0
833860	0	7184644	0
833860	0	7184650	0
833860	0	7192576	0
833860	0	7508039	0
833860	0	7548089	0
833860	0	7826521	0
833860	0	7973006	0
833860	0	8112006	0
833860	0	8119467	0
833860	0	8160728	0
833860	0	8189156	0
833860	0	8344031	0
833860	0	8469913	0
833860	0	8584923	0
833860	0	8683095	0
833860	0	8697642	0
833860	0	8742336	0
855410	0	1041939	0
855410	0	1051865	0
855410	0	1147809	0
855410	0	1147810	0
855410	0	1147811	0
855410	0	1294305	0
855410	0	1294308	0
855410	0	1561018	0
855410	0	159665	0
855410	0	1685597	0
855410	0	1719692	0
855410	0	1795261	0
855410	0	1874884	0
855410	0	1929957	0
855410	0	1970390	0
855410	0	229903	0
855410	0	232305	0
855410	0	2350118	0
855410	0	2418458	0
855410	0	2418890	0
855410	0	2418893	0
855410	0	2506511	0
855410	0	2519077	0
855410	0	2737046	0
855410	0	3006601	0
855410	0	3110654	0
855410	0	3113274	0
855410	0	3200693	0
855410	0	326818	0
855410	0	3340202	0
855410	0	3340204	0
855410	0	352146	0
855410	0	3527605	0
855410	0	3724700	0
855410	0	3724701	0
855410	0	3948069	0
855410	0	4275296	0
855410	0	4406031	0
855410	0	4503925	0
855410	0	4518587	0
855410	0	4636144	0
855410	0	4685777	0
855410	0	5095701	0
855410	0	5095702	0
855410	0	5130380	0
855410	0	5232523	0
855410	0	5232525	0
855410	0	5239970	0
855410	0	5478153	0
855410	0	5550193	0
855410	0	5558891	0
855410	0	5594994	0
855410	0	5629792	0
855410	0	576583	0
855410	0	6098860	0
855410	0	6133647	0
855410	0	6152822	0
855410	0	6197317	0
855410	0	6218319	0
855410	0	6301992	0
855410	0	6301995	0
855410	0	6301996	0
855410	0	6338974	0
855410	0	6647485	0
855410	0	6674058	0
855410	0	6688284	0
855410	0	6706455	0
855410	0	6759238	0
855410	0	6760182	0
855410	0	6796749	0
855410	0	6859899	0
855410	0	6893643	0
855410	0	6936948	0
855410	0	6936951	0
855410	0	6941139	0
855410	0	7066409	0
855410	0	7066410	0
855410	0	7099015	0
855410	0	7140868	0
855410	0	7151082	0
855410	0	7210777	0
855410	0	7240299	0
855410	0	7456767	0
855410	0	7747483	0
855410	0	788830	0
855410	0	8140208	0
855410	0	8144663	0
855410	0	8145658	0
855410	0	8165085	0
855410	0	8407524	0
855410	0	8448246	0
855410	0	8533683	0
855410	0	8651770	1
855410	0	8651771	0
855410	0	8651772	0
855410	0	8651775	0
855410	0	8651776	0
855410	0	884430	0
855410	0	884436	0
855410	0	984177	0
87181	0	1179100	0
87181	0	123547	0
87181	0	123548	0
87181	0	1519996	0
87181	0	1692902	0
87181	0	1700168	0
87181	0	1766470	0
87181	0	1856241	0
87181	0	1902826	0
87181	0	1902827	0
87181	0	1950525	0
87181	0	1961300	0
87181	0	2024860	0
87181	0	2307979	0
87181	0	2345225	0
87181	0	2374850	0
87181	0	2530227	0
87181	0	2530252	0
87181	0	2530257	0
87181	0	2556144	0
87181	0	2556146	0
87181	0	2556149	0
87181	0	2556150	0
87181	0	2556151	0
87181	0	2763490	0
87181	0	2986227	0
87181	0	3198047	0
87181	0	3216315	0
87181	0	3354162	0
87181	0	3423884	0
87181	0	3914970	0
87181	0	4632251	0
87181	0	4632256	0
87181	0	4689523	0
87181	0	4689524	0
87181	0	4689525	0
87181	0	47203	0
87181	0	47206	0
87181	0	47207	0
87181	0	47208	0
87181	0	47210	0
87181	0	47211	0
87181	0	47212	0
87181	0	4786305	0
87181	0	5197130	0
87181	0	5197133	0
87181	0	5197135	0
87181	0	5197136	0
87181	0	5197138	0
87181	0	5469038	0
87181	0	6029788	0
87181	0	6055562	0
87181	0	6262331	0
87181	0	6484575	0
87181	0	6484576	0
87181	0	6484578	0
87181	0	6521360	0
87181	0	6521366	1
87181	0	6685092	0
87181	0	6774305	0
87181	0	6928212	0
87181	0	6969187	0
87181	0	7057928	0
87181	0	7112964	0
87181	0	7112968	0
87181	0	7139898	0
87181	0	742425	0
87181	0	7666828	0
87181	0	7666831	0
87181	0	803955	0
87181	0	8082516	0
87181	0	8151919	0
87181	0	8151921	0
87181	0	8151922	0
87181	0	8151926	0
87181	0	8165398	0
87181	0	8165403	0
87181	0	8183977	0
87181	0	8183981	0
87181	0	8183982	0
87181	0	8246410	0
87181	0	8332546	0
87181	0	8332547	0
87181	0	8332548	0
87181	0	8332551	0
87181	0	8332555	0
87181	0	8476330	0
87181	0	8522403	0
87181	0	8534134	0
87181	0	8534135	0
87181	0	8565420	0
87181	0	8614359	0
87181	0	8614360	0
87181	0	8664069	0
87181	0	8683178	0
87181	0	8683181	0
87181	0	8683185	0
87181	0	8738512	0
87181	0	921633	0
87181	0	935164	0
87452	0	1118401	0
87452	0	1150485	0
87452	0	1185292	0
87452	0	119522	0
87452	0	1395625	0
87452	0	1642159	0
87452	0	1749882	0
87452	0	186931	0
87452	0	186939	0
87452	0	1890450	0
87452	0	1971830	0
87452	0	2026775	0
87452	0	2026777	0
87452	0	2035306	0
87452	0	2127122	0
87452	0	2571220	0
87452	0	2571221	0
87452	0	2571223	0
87452	0	2951800	0
87452	0	3347347	0
87452	0	3347348	0
87452	0	3540111	0
87452	0	3732121	0
87452	0	3732895	0
87452	0	3808783	0
87452	0	3809016	0
87452	0	3809017	0
87452	0	3809018	0
87452	0	3919937	0
87452	0	4157764	0
87452	0	4248450	0
87452	0	4312660	0
87452	0	4496459	0
87452	0	4496461	0
87452	0	4502603	0
87452	0	4557555	0
87452	0	4634899	0
87452	0	4872055	0
87452	0	5048394	0
87452	0	5052034	0
87452	0	5286924	0
87452	0	5296736	0
87452	0	5338945	0
87452	0	5500606	0
87452	0	5694214	0
87452	0	5746165	0
87452	0	5751686	0
87452	0	5836705	0
87452	0	5851090	0
87452	0	6018160	1
87452	0	6018161	0
87452	0	6018163	0
87452	0	6018164	0
87452	0	6018166	0
87452	0	6018167	0
87452	0	6018168	0
87452	0	6018169	0
87452	0	6042747	0
87452	0	6096580	0
87452	0	6159694	0
87452	0	6621971	0
87452	0	6679972	0
87452	0	6679974	0
87452	0	6931702	0
87452	0	7499674	0
87452	0	7499676	0
87452	0	7499678	0
87452	0	7542008	0
87452	0	7588883	0
87452	0	7843982	0
87452	0	7843984	0
87452	0	7897960	0
87452	0	7897962	0
87452	0	7965004	0
87452	0	7965007	0
87452	0	7965011	0
87452	0	8055167	0
87452	0	8055172	0
87452	0	8079127	0
87452	0	8081937	0
87452	0	8152222	0
87452	0	8333912	0
87452	0	8333919	0
87452	0	8333920	0
87452	0	8436571	0
87452	0	8436572	0
87452	0	8436575	0
87452	0	8436576	0
87452	0	8436577	0
87452	0	8436578	0
87452	0	8436579	0
87452	0	8496921	0
87452	0	8496922	0
87452	0	861789	0
87452	0	8819111	0
87452	0	8819112	0
87452	0	8819113	0
87452	0	8819114	0
87452	0	8819115	0
87452	0	8819116	0
915593	0	1396701	0
915593	0	1396704	0
915593	0	1396706	0
915593	0	1396707	0
915593	0	1772930	0
915593	0	1815965	0
915593	0	210379	0
915593	0	2210591	0
915593	0	2210593	0
915593	0	2210594	0
915593	0	2210595	0
915593	0	2210597	0
915593	0	2588143	0
915593	0	2744909	0
915593	0	275732	0
915593	0	2923494	0
915593	0	2923496	0
915593	0	2923497	0
915593	0	2923498	0
915593	0	2923501	0
915593	0	3143377	0
915593	0	3357360	0
915593	0	3375966	0
915593	0	3385971	0
915593	0	3485338	0
915593	0	3523599	0
915593	0	3523602	0
915593	0	3538160	1
915593	0	3538162	0
915593	0	3538163	0
915593	0	3538164	0
915593	0	3538165	0
915593	0	3538166	0
915593	0	3538167	0
915593	0	3573479	0
915593	0	3890492	0
915593	0	3991910	0
915593	0	4566815	0
915593	0	4566816	0
915593	0	4566818	0
915593	0	4566819	0
915593	0	4566822	0
915593	0	4566823	0
915593	0	4691129	0
915593	0	4818067	0
915593	0	4834226	0
915593	0	4910037	0
915593	0	5931264	0
915593	0	5931265	0
915593	0	5931266	0
915593	0	5931268	0
915593	0	5931269	0
915593	0	5931270	0
915593	0	5931271	0
915593	0	6181638	0
915593	0	6761346	0
915593	0	6923050	0
915593	0	6923052	0
915593	0	6923055	0
915593	0	6923057	0
915593	0	7742098	0
915593	0	7816726	0
915593	0	7837084	0
915593	0	7837086	0
915593	0	7861747	0
915593	0	7861749	0
915593	0	7861751	0
915593	0	7861753	0
915593	0	7861756	0
915593	0	8002855	0
915593	0	8029525	0
915593	0	8029532	0
915593	0	8029533	0
915593	0	8103063	0
915593	0	8103065	0
915593	0	8103067	0
915593	0	8103068	0
915593	0	8178996	0
915593	0	8178998	0
915593	0	8178999	0
915593	0	8179000	0
915593	0	8179001	0
915593	0	8179003	0
915593	0	8179005	0
915593	0	82105	0
915593	0	82107	0
915593	0	82109	0
915593	0	82110	0
915593	0	82111	0
915593	0	82113	0
915593	0	82114	0
915593	0	8402970	0
915593	0	8402972	0
915593	0	8402973	0
915593	0	8402974	0
915593	0	8420020	0
915593	0	8455301	0
915593	0	8455302	0
915593	0	8455304	0
915593	0	8455306	0
962179	0	1006859	0
962179	0	1006860	0
962179	0	1006861	0
962179	0	1006865	0
962179	0	1006866	0
962179	0	1006867	0
962179	0	1006868	0
962179	0	1015976	0
962179	0	1645080	0
962179	0	1645087	0
962179	0	181089	0
962179	0	2017001	0
962179	0	2017003	0
962179	0	2131893	0
962179	0	2329697	0
962179	0	2329699	0
962179	0	2632688	0
962179	0	2925975	0
962179	0	2929465	0
962179	0	2929469	0
962179	0	2978866	1
962179	0	2978870	0
962179	0	302861	0
962179	0	302865	0
962179	0	302866	0
962179	0	302868	0
962179	0	3173623	0
962179	0	3422317	0
962179	0	3422318	0
962179	0	3422321	0
962179	0	3661633	0
962179	0	3705165	0
962179	0	3982060	0
962179	0	4209392	0
962179	0	4257873	0
962179	0	4309122	0
962179	0	4511497	0
962179	0	4511498	0
962179	0	4511501	0
962179	0	4511504	0
962179	0	4606387	0
962179	0	4606388	0
962179	0	4606389	0
962179	0	4606390	0
962179	0	4717424	0
962179	0	4717426	0
962179	0	5320368	0
962179	0	536178	0
962179	0	536180	0
962179	0	5427063	0
962179	0	5427064	0
962179	0	5427065	0
962179	0	5427070	0
962179	0	5642479	0
962179	0	5642481	0
962179	0	5653652	0
962179	0	5653655	0
962179	0	5653657	0
962179	0	5773184	0
962179	0	5773189	0
962179	0	5886688	0
962179	0	5919341	0
962179	0	6575560	0
962179	0	6575567	0
962179	0	6675257	0
962179	0	6675258	0
962179	0	6675259	0
962179	0	6675261	0
962179	0	6675262	0
962179	0	6675265	0
962179	0	6898290	0
962179	0	6898292	0
962179	0	6898295	0
962179	0	6904865	0
962179	0	6980697	0
962179	0	6980701	0
962179	0	7126025	0
962179	0	7428143	0
962179	0	7428146	0
962179	0	7588230	0
962179	0	8032264	0
962179	0	8032269	0
962179	0	8689053	0
962179	0	8689054	0
962179	0	8689055	0
962179	0	8689056	0
962179	0	8689057	0
962179	0	8689058	0
962179	0	8746010	0
962179	0	8768974	0
962179	0	8785368	0
962179	0	8785370	0
962179	0	8785371	0
962179	0	8785372	0
962179	0	8785373	0
962179	0	8785374	0
962179	0	8811426	0
962179	0	902372	0
962179	0	902373	0
962179	0	931124	0
