1037798	0	1079773	2
1037798	0	1356119	1
1037798	0	1356120	2
1037798	0	1371155	2
1037798	0	1371161	2
1037798	0	158363	2
1037798	0	1612693	0
1037798	0	1863223	1
1037798	0	2021895	3
1037798	0	2021899	2
1037798	0	2157450	2
1037798	0	2273333	2
1037798	0	2381026	5
1037798	0	2608688	5
1037798	0	2632787	1
1037798	0	2634475	5
1037798	0	2698318	4
1037798	0	2698324	2
1037798	0	2743168	1
1037798	0	2787508	4
1037798	0	2863296	5
1037798	0	3082786	4
1037798	0	3082787	4
1037798	0	3082788	4
1037798	0	3082792	3
1037798	0	3082794	2
1037798	0	3082795	5
1037798	0	3150375	2
1037798	0	3150376	1
1037798	0	3247266	4
1037798	0	3310847	2
1037798	0	3387556	5
1037798	0	3520700	2
1037798	0	3620983	5
1037798	0	3620986	5
1037798	0	3620991	5
1037798	0	3641634	5
1037798	0	3679721	3
1037798	0	3798094	3
1037798	0	4085213	5
1037798	0	4227882	3
1037798	0	4245501	3
1037798	0	4387161	2
1037798	0	4387163	2
1037798	0	4436245	0
1037798	0	4468755	4
1037798	0	4534644	3
1037798	0	4620659	0
1037798	0	4786200	4
1037798	0	4788864	5
1037798	0	479275	1
1037798	0	4833476	3
1037798	0	4833637	4
1037798	0	4835233	2
1037798	0	4835237	2
1037798	0	4924331	1
1037798	0	5038273	2
1037798	0	5099520	5
1037798	0	5333542	5
1037798	0	5585227	2
1037798	0	5649573	0
1037798	0	5889925	4
1037798	0	5943159	1
1037798	0	6115930	1
1037798	0	6526047	2
1037798	0	6526054	4
1037798	0	6880291	0
1037798	0	6965274	1
1037798	0	7253357	5
1037798	0	7284301	2
1037798	0	7284303	1
1037798	0	741658	0
1037798	0	74261	2
1037798	0	7610103	1
1037798	0	7619076	2
1037798	0	7687706	3
1037798	0	770859	4
1037798	0	7822415	5
1037798	0	7967207	5
1037798	0	811777	0
1037798	0	811779	0
1037798	0	8157340	1
1037798	0	8402853	1
1037798	0	8402855	0
1037798	0	8537479	5
1037798	0	8701550	3
1037798	0	8760864	4
1037798	0	8760866	5
1037798	0	8760867	5
1037798	0	8760868	5
1037798	0	8760870	5
1037798	0	8760871	5
1037798	0	8760873	5
1037798	0	8780809	1
1037798	0	8780810	0
1037798	0	967280	2
1037798	0	967287	2
1037798	0	972903	4
1037798	0	972907	4
1037798	0	994978	5
104861	0	1017092	2
104861	0	1046334	5
104861	0	1046339	5
104861	0	1304632	2
104861	0	1313687	5
104861	0	1357961	2
104861	0	146170	5
104861	0	1567102	2
104861	0	1767226	0
104861	0	1773805	4
104861	0	1773807	5
104861	0	1811410	2
104861	0	1814642	1
104861	0	1948963	5
104861	0	1977801	1
104861	0	2377050	2
104861	0	2497738	1
104861	0	2916631	4
104861	0	3174878	3
104861	0	3443173	2
104861	0	3443176	5
104861	0	3783016	0
104861	0	3925933	5
104861	0	4017854	2
104861	0	4017856	2
104861	0	4017858	1
104861	0	4199743	4
104861	0	4223386	1
104861	0	4230210	2
104861	0	4230213	2
104861	0	459675	4
104861	0	459676	2
104861	0	4784551	0
104861	0	5073457	1
104861	0	5138467	5
104861	0	5138468	3
104861	0	5138469	2
104861	0	5138471	5
104861	0	5138472	4
104861	0	5138473	5
104861	0	5138474	1
104861	0	5138476	5
104861	0	5248340	2
104861	0	5248341	5
104861	0	5248342	3
104861	0	5340890	1
104861	0	5340891	1
104861	0	5394110	2
104861	0	5394112	2
104861	0	5405670	1
104861	0	5438821	0
104861	0	5483490	1
104861	0	5667475	2
104861	0	5688415	5
104861	0	5688416	5
104861	0	5688417	5
104861	0	5688420	5
104861	0	5703400	3
104861	0	5703401	3
104861	0	5776561	1
104861	0	5778135	0
104861	0	5801822	4
104861	0	5836442	5
104861	0	5864693	1
104861	0	599604	5
104861	0	6008066	0
104861	0	6187055	2
104861	0	6187057	2
104861	0	6187058	1
104861	0	6241791	0
104861	0	629270	4
104861	0	629273	4
104861	0	629274	3
104861	0	629276	4
104861	0	629277	5
104861	0	629278	4
104861	0	6302828	0
104861	0	6351571	3
104861	0	6467577	4
104861	0	6467578	5
104861	0	6467579	2
104861	0	6467580	2
104861	0	6584358	0
104861	0	6585554	5
104861	0	6653674	3
104861	0	6653675	4
104861	0	6653678	5
104861	0	6653679	2
104861	0	6658615	4
104861	0	6704672	5
104861	0	6904992	3
104861	0	6904999	2
104861	0	7034375	4
104861	0	7204477	2
104861	0	7506029	5
104861	0	796246	2
104861	0	8286089	1
104861	0	8495099	3
104861	0	8546162	4
104861	0	8733854	0
1063750	0	1074552	4
1063750	0	1098173	1
1063750	0	1098174	1
1063750	0	1580962	1
1063750	0	1580964	2
1063750	0	1866486	5
1063750	0	1923499	4
1063750	0	1923500	3
1063750	0	1923506	5
1063750	0	2156005	1
1063750	0	2220585	5
1063750	0	2230089	5
1063750	0	2230090	2
1063750	0	2230091	2
1063750	0	2230095	3
1063750	0	2391458	0
1063750	0	2391460	2
1063750	0	2470328	4
1063750	0	2496767	2
1063750	0	2569816	3
1063750	0	2768123	5
1063750	0	3056	0
1063750	0	3134986	5
1063750	0	3259885	4
1063750	0	3259889	5
1063750	0	3259892	5
1063750	0	330159	4
1063750	0	330165	5
1063750	0	3327045	4
1063750	0	3327046	2
1063750	0	3327047	4
1063750	0	3327048	1
1063750	0	3327050	1
1063750	0	3327051	1
1063750	0	3327052	3
1063750	0	3477418	2
1063750	0	3477419	2
1063750	0	3477421	1
1063750	0	3610446	2
1063750	0	3633198	0
1063750	0	3654231	2
1063750	0	3973418	5
1063750	0	4099992	2
1063750	0	4158202	2
1063750	0	4158205	2
1063750	0	4337526	5
1063750	0	4337527	5
1063750	0	4337528	3
1063750	0	4337532	4
1063750	0	4487113	2
1063750	0	4487115	4
1063750	0	4542127	2
1063750	0	4559130	3
1063750	0	4559131	2
1063750	0	4559132	0
1063750	0	4718161	5
1063750	0	4788295	2
1063750	0	4802036	2
1063750	0	4834969	4
1063750	0	4834974	4
1063750	0	4844348	0
1063750	0	5062363	1
1063750	0	5442711	5
1063750	0	5442717	0
1063750	0	5956099	5
1063750	0	5956106	3
1063750	0	6093904	0
1063750	0	6093907	0
1063750	0	6127382	1
1063750	0	6127389	5
1063750	0	6666451	2
1063750	0	7146781	3
1063750	0	7247264	2
1063750	0	7304887	1
1063750	0	7571423	5
1063750	0	7571428	4
1063750	0	7778348	0
1063750	0	7778351	2
1063750	0	7778354	5
1063750	0	7781459	1
1063750	0	7781460	1
1063750	0	7837936	3
1063750	0	7837937	2
1063750	0	7837938	5
1063750	0	7952964	4
1063750	0	7952965	5
1063750	0	7952966	3
1063750	0	7952967	2
1063750	0	7952971	5
1063750	0	7959117	5
1063750	0	8183810	2
1063750	0	819283	1
1063750	0	819284	1
1063750	0	8239876	4
1063750	0	8239877	5
1063750	0	8384971	2
1063750	0	8739167	0
1063750	0	8821734	5
1063750	0	8821735	5
1063750	0	8821736	4
1103812	0	1214791	0
1103812	0	1419875	1
1103812	0	1462916	0
1103812	0	1614303	5
1103812	0	1659850	5
1103812	0	1659852	5
1103812	0	1984917	1
1103812	0	2060347	2
1103812	0	2147179	1
1103812	0	2235495	2
1103812	0	2332189	5
1103812	0	2371485	1
1103812	0	250692	2
1103812	0	2535841	4
1103812	0	2586283	4
1103812	0	2666747	2
1103812	0	2703108	4
1103812	0	2703114	4
1103812	0	2720842	3
1103812	0	2750961	5
1103812	0	2750965	5
1103812	0	2878297	4
1103812	0	2945096	5
1103812	0	3122424	0
1103812	0	3122425	1
1103812	0	3255158	3
1103812	0	3427222	0
1103812	0	3512936	1
1103812	0	3591090	2
1103812	0	3591092	4
1103812	0	3591094	4
1103812	0	3708772	5
1103812	0	3773618	5
1103812	0	3843263	4
1103812	0	3843267	5
1103812	0	3843270	5
1103812	0	3940091	5
1103812	0	3990418	2
1103812	0	4130119	2
1103812	0	4191304	2
1103812	0	4192902	2
1103812	0	427270	2
1103812	0	4292848	5
1103812	0	4322058	3
1103812	0	4401695	5
1103812	0	4478524	2
1103812	0	4598218	1
1103812	0	4791698	0
1103812	0	4795944	4
1103812	0	4824831	4
1103812	0	4937953	2
1103812	0	4967774	1
1103812	0	5190505	4
1103812	0	5209256	0
1103812	0	5372066	4
1103812	0	5372067	3
1103812	0	5416250	2
1103812	0	5850266	3
1103812	0	5974245	3
1103812	0	5976811	3
1103812	0	6103245	0
1103812	0	6128049	1
1103812	0	621213	2
1103812	0	6289840	5
1103812	0	6330511	1
1103812	0	645467	2
1103812	0	6569474	2
1103812	0	6619490	1
1103812	0	6621	1
1103812	0	6799729	2
1103812	0	6842210	1
1103812	0	6936248	2
1103812	0	7231343	2
1103812	0	7242599	3
1103812	0	7259761	0
1103812	0	7280672	4
1103812	0	7430769	3
1103812	0	7491609	2
1103812	0	7491610	2
1103812	0	7676360	2
1103812	0	7755205	0
1103812	0	8084238	2
1103812	0	8220080	5
1103812	0	8220081	5
1103812	0	8220085	5
1103812	0	8220086	5
1103812	0	8220087	5
1103812	0	8220088	5
1103812	0	8220089	5
1103812	0	8220093	1
1103812	0	8224175	4
1103812	0	8224183	5
1103812	0	8293805	5
1103812	0	8521423	0
1103812	0	8525190	5
1103812	0	865879	4
1103812	0	868008	3
1103812	0	8822007	1
1103812	0	893854	2
1103812	0	955565	2
1106007	0	1334328	5
1106007	0	1334330	5
1106007	0	1334331	4
1106007	0	1334334	5
1106007	0	1334335	5
1106007	0	1334336	5
1106007	0	1334337	2
1106007	0	1560237	3
1106007	0	1560243	3
1106007	0	1628793	4
1106007	0	1918089	3
1106007	0	2148473	0
1106007	0	2186171	2
1106007	0	2325835	1
1106007	0	2451757	0
1106007	0	2464373	2
1106007	0	2464374	4
1106007	0	2464375	5
1106007	0	2464376	3
1106007	0	2464378	2
1106007	0	2513606	3
1106007	0	2513607	1
1106007	0	2513608	0
1106007	0	2513609	2
1106007	0	2672601	5
1106007	0	2672608	5
1106007	0	2777111	4
1106007	0	2798876	2
1106007	0	2804955	2
1106007	0	285891	2
1106007	0	2866627	4
1106007	0	2866630	5
1106007	0	2866633	2
1106007	0	2866634	3
1106007	0	2910887	2
1106007	0	2960558	5
1106007	0	2960561	5
1106007	0	2960563	5
1106007	0	2960564	2
1106007	0	2960566	5
1106007	0	303453	0
1106007	0	3537611	1
1106007	0	3567188	4
1106007	0	3711235	1
1106007	0	4004166	1
1106007	0	4004169	2
1106007	0	4004173	2
1106007	0	4089153	2
1106007	0	4173705	1
1106007	0	4173709	5
1106007	0	4173712	5
1106007	0	4781867	2
1106007	0	487804	1
1106007	0	4953840	2
1106007	0	5204536	2
1106007	0	5204537	3
1106007	0	5204538	5
1106007	0	5204539	4
1106007	0	5204540	4
1106007	0	5204544	3
1106007	0	5279699	1
1106007	0	5279702	1
1106007	0	5279704	0
1106007	0	5774817	1
1106007	0	5774818	5
1106007	0	5780388	5
1106007	0	592693	1
1106007	0	6071697	2
1106007	0	6104494	4
1106007	0	6126193	1
1106007	0	6182968	2
1106007	0	6282108	3
1106007	0	6282110	3
1106007	0	6297179	0
1106007	0	6963994	4
1106007	0	701605	2
1106007	0	7193731	2
1106007	0	746358	4
1106007	0	7500586	0
1106007	0	7685380	5
1106007	0	7685382	2
1106007	0	7685383	5
1106007	0	7685384	5
1106007	0	7685385	5
1106007	0	7685386	4
1106007	0	7685388	5
1106007	0	8141089	2
1106007	0	8199519	4
1106007	0	8199521	4
1106007	0	8204457	5
1106007	0	8204463	0
1106007	0	8204464	0
1106007	0	8208703	0
1106007	0	8348781	1
1106007	0	8521668	4
1106007	0	8521673	5
1106007	0	8521674	1
1106007	0	899465	2
1106007	0	899467	2
1106007	0	899468	1
1110199	0	1144987	4
1110199	0	1321205	2
1110199	0	1323552	0
1110199	0	1592475	1
1110199	0	1809288	0
1110199	0	1901876	5
1110199	0	1901877	5
1110199	0	1901878	5
1110199	0	1901879	5
1110199	0	1901881	5
1110199	0	1901882	5
1110199	0	1966313	4
1110199	0	2301113	4
1110199	0	2301115	3
1110199	0	2301117	0
1110199	0	2301119	5
1110199	0	239443	3
1110199	0	239444	5
1110199	0	2474406	5
1110199	0	2657988	4
1110199	0	2796199	5
1110199	0	2796204	2
1110199	0	2854609	2
1110199	0	2854615	0
1110199	0	2925198	0
1110199	0	313193	1
1110199	0	3270584	2
1110199	0	3272906	0
1110199	0	3272914	2
1110199	0	328010	1
1110199	0	3495022	4
1110199	0	3515650	4
1110199	0	3519482	4
1110199	0	3647394	5
1110199	0	3838638	5
1110199	0	3838645	3
1110199	0	4053652	5
1110199	0	4057232	2
1110199	0	433926	1
1110199	0	4489656	2
1110199	0	4496257	4
1110199	0	4504233	5
1110199	0	4511137	5
1110199	0	4511144	2
1110199	0	451157	2
1110199	0	4674430	1
1110199	0	4771351	1
1110199	0	4800728	1
1110199	0	4800729	1
1110199	0	5049363	4
1110199	0	5074861	4
1110199	0	5105295	5
1110199	0	5218014	2
1110199	0	5387204	1
1110199	0	5387211	3
1110199	0	5387212	4
1110199	0	5479	3
1110199	0	5516092	2
1110199	0	5627957	5
1110199	0	5641717	4
1110199	0	5641718	1
1110199	0	5701621	1
1110199	0	5857919	1
1110199	0	5857920	5
1110199	0	5857921	4
1110199	0	5857923	1
1110199	0	5857924	2
1110199	0	5857925	4
1110199	0	5857926	1
1110199	0	5857927	2
1110199	0	6056861	2
1110199	0	618109	2
1110199	0	618114	0
1110199	0	6368887	5
1110199	0	6368891	4
1110199	0	6382102	2
1110199	0	6392463	5
1110199	0	6392469	3
1110199	0	6462667	0
1110199	0	6478158	2
1110199	0	6573362	3
1110199	0	6832436	2
1110199	0	712232	0
1110199	0	712235	3
1110199	0	7221366	5
1110199	0	7344200	2
1110199	0	7344201	2
1110199	0	7628033	1
1110199	0	7628037	2
1110199	0	8160518	5
1110199	0	8160519	5
1110199	0	8160520	5
1110199	0	8160521	3
1110199	0	8160522	3
1110199	0	8160524	0
1110199	0	8160527	5
1110199	0	8404306	2
1110199	0	8404307	2
1110199	0	955120	2
1110199	0	986780	2
1112341	0	1087928	4
1112341	0	1254065	3
1112341	0	1312444	0
1112341	0	1373648	0
1112341	0	1450347	4
1112341	0	2095998	2
1112341	0	2096429	0
1112341	0	2173819	2
1112341	0	2173822	2
1112341	0	2173823	5
1112341	0	2209048	4
1112341	0	2253155	5
1112341	0	2596431	0
1112341	0	2596432	2
1112341	0	2603918	2
1112341	0	2626927	5
1112341	0	2663365	5
1112341	0	2694630	5
1112341	0	2694633	2
1112341	0	2694636	5
1112341	0	2735215	2
1112341	0	2735219	1
1112341	0	3118343	5
1112341	0	3252208	2
1112341	0	3291151	2
1112341	0	3524227	2
1112341	0	3795887	3
1112341	0	3795889	2
1112341	0	3795891	0
1112341	0	3795896	3
1112341	0	3922194	3
1112341	0	3922197	3
1112341	0	4022846	5
1112341	0	4022849	5
1112341	0	4385339	1
1112341	0	4390797	1
1112341	0	4390801	4
1112341	0	4390804	1
1112341	0	4413846	0
1112341	0	4416075	2
1112341	0	4663300	1
1112341	0	478773	1
1112341	0	4927752	2
1112341	0	4927753	1
1112341	0	4977768	0
1112341	0	5043405	1
1112341	0	5043407	2
1112341	0	5171418	1
1112341	0	5298723	2
1112341	0	5414560	1
1112341	0	5740804	2
1112341	0	6164791	5
1112341	0	6311795	5
1112341	0	6311797	1
1112341	0	6311801	4
1112341	0	6369731	0
1112341	0	6369732	0
1112341	0	6459590	2
1112341	0	6681380	2
1112341	0	6681382	4
1112341	0	6681384	2
1112341	0	6681385	2
1112341	0	6726337	4
1112341	0	6726340	5
1112341	0	6726342	5
1112341	0	6726344	5
1112341	0	6726345	5
1112341	0	6726346	3
1112341	0	6947368	0
1112341	0	6973592	1
1112341	0	7079771	2
1112341	0	7079776	5
1112341	0	7597745	3
1112341	0	7615749	4
1112341	0	7615752	4
1112341	0	8008345	5
1112341	0	8134792	3
1112341	0	8139250	2
1112341	0	8139251	2
1112341	0	8139255	5
1112341	0	8139256	5
1112341	0	8139257	5
1112341	0	8139258	5
1112341	0	8200926	1
1112341	0	8326581	4
1112341	0	8326584	5
1112341	0	8326587	5
1112341	0	8326588	2
1112341	0	8337129	5
1112341	0	8442173	2
1112341	0	8442174	3
1112341	0	8442176	4
1112341	0	8442177	1
1112341	0	8442178	4
1112341	0	8442180	3
1112341	0	8606160	4
1112341	0	8606161	4
1112341	0	8651336	1
1112341	0	8700906	5
1112341	0	875123	4
1113437	0	1066532	5
1113437	0	1066538	4
1113437	0	1066539	2
1113437	0	1280567	0
1113437	0	1280568	5
1113437	0	1280569	1
1113437	0	1280570	3
1113437	0	1454814	5
1113437	0	1658786	0
1113437	0	1768727	4
1113437	0	1896939	3
1113437	0	1896943	5
1113437	0	2001934	2
1113437	0	2226349	5
1113437	0	226867	5
1113437	0	2354940	3
1113437	0	2354947	5
1113437	0	2595626	4
1113437	0	2884183	2
1113437	0	2884188	2
1113437	0	2884191	5
1113437	0	3026984	2
1113437	0	3089474	1
1113437	0	3125150	2
1113437	0	3125154	4
1113437	0	3125155	2
1113437	0	3325381	3
1113437	0	3518300	2
1113437	0	3687620	2
1113437	0	3880944	5
1113437	0	4016930	2
1113437	0	4016934	1
1113437	0	4016937	1
1113437	0	4216336	0
1113437	0	4367831	2
1113437	0	4367832	5
1113437	0	4412230	3
1113437	0	4473156	5
1113437	0	4473157	5
1113437	0	4498864	5
1113437	0	4498867	4
1113437	0	4751835	5
1113437	0	4751839	1
1113437	0	4981632	1
1113437	0	5188751	2
1113437	0	520325	0
1113437	0	5328098	5
1113437	0	5514586	5
1113437	0	5546288	5
1113437	0	5591645	1
1113437	0	5863434	3
1113437	0	5938418	0
1113437	0	5938420	3
1113437	0	5938424	2
1113437	0	5938425	5
1113437	0	594251	2
1113437	0	5996691	5
1113437	0	5996692	2
1113437	0	6017939	4
1113437	0	6017945	1
1113437	0	6021898	5
1113437	0	6021902	5
1113437	0	6021905	2
1113437	0	6174327	2
1113437	0	6174328	5
1113437	0	6174329	2
1113437	0	631949	4
1113437	0	6455604	2
1113437	0	6455610	5
1113437	0	6486041	1
1113437	0	6593841	3
1113437	0	6688843	4
1113437	0	6792385	2
1113437	0	7263162	1
1113437	0	7377275	1
1113437	0	7377278	2
1113437	0	7385219	2
1113437	0	7385221	2
1113437	0	7385222	3
1113437	0	742037	4
1113437	0	742044	4
1113437	0	7890527	1
1113437	0	807277	4
1113437	0	807279	4
1113437	0	8128790	4
1113437	0	8128792	2
1113437	0	8128794	5
1113437	0	8128796	4
1113437	0	8128798	4
1113437	0	8128799	0
1113437	0	8162984	2
1113437	0	8330514	1
1113437	0	8503446	3
1113437	0	8503449	0
1113437	0	8503453	0
1113437	0	8503455	0
1113437	0	8729210	1
1113437	0	8729214	0
1113437	0	8729215	1
1113437	0	8729219	5
1114646	0	1316103	4
1114646	0	1316109	4
1114646	0	1544838	3
1114646	0	1713662	0
1114646	0	1884057	2
1114646	0	1884059	4
1114646	0	2201127	5
1114646	0	2408275	1
1114646	0	2524143	0
1114646	0	2647994	5
1114646	0	266552	3
1114646	0	2676807	3
1114646	0	2695584	0
1114646	0	272202	2
1114646	0	2911035	2
1114646	0	2911039	5
1114646	0	2911040	2
1114646	0	2931848	1
1114646	0	3056368	4
1114646	0	3184850	2
1114646	0	3184851	2
1114646	0	3467664	4
1114646	0	3467665	4
1114646	0	3470484	5
1114646	0	3624681	2
1114646	0	3828281	2
1114646	0	3901376	1
1114646	0	392985	4
1114646	0	3949098	1
1114646	0	4332918	3
1114646	0	444374	5
1114646	0	444375	2
1114646	0	444380	5
1114646	0	444382	1
1114646	0	4771285	2
1114646	0	5041692	3
1114646	0	5127884	1
1114646	0	5217702	4
1114646	0	5229617	3
1114646	0	5279567	5
1114646	0	5316249	1
1114646	0	5417949	4
1114646	0	5417952	5
1114646	0	5417953	5
1114646	0	5417954	5
1114646	0	5423424	1
1114646	0	5569142	5
1114646	0	5637550	1
1114646	0	5640856	2
1114646	0	5640859	5
1114646	0	5640861	2
1114646	0	5661838	3
1114646	0	5661840	2
1114646	0	5687476	4
1114646	0	5687477	2
1114646	0	5687478	2
1114646	0	5687479	5
1114646	0	579548	3
1114646	0	579554	2
1114646	0	5836029	2
1114646	0	5959593	5
1114646	0	6124144	1
1114646	0	6124145	0
1114646	0	629152	1
1114646	0	6348309	5
1114646	0	6704400	3
1114646	0	6704401	5
1114646	0	6711103	5
1114646	0	687064	4
1114646	0	6886637	0
1114646	0	6886642	0
1114646	0	6886644	0
1114646	0	7065010	2
1114646	0	7196956	3
1114646	0	7196961	4
1114646	0	7278603	0
1114646	0	771368	5
1114646	0	7768555	1
1114646	0	7931424	1
1114646	0	7945828	1
1114646	0	7984234	5
1114646	0	8117087	2
1114646	0	8117088	2
1114646	0	8117089	5
1114646	0	8117090	5
1114646	0	8117091	5
1114646	0	8117092	5
1114646	0	8117093	2
1114646	0	8117094	5
1114646	0	8117095	4
1114646	0	8117096	5
1114646	0	8185549	2
1114646	0	831444	2
1114646	0	8327369	4
1114646	0	857788	2
1114646	0	857789	4
1114646	0	8665820	2
1114646	0	937370	0
1114646	0	937371	1
1114646	0	992156	0
1114819	0	1009500	1
1114819	0	1248112	3
1114819	0	1302004	5
1114819	0	1302007	5
1114819	0	1315993	5
1114819	0	1315994	5
1114819	0	1315995	5
1114819	0	1315996	4
1114819	0	1315998	5
1114819	0	1316000	2
1114819	0	1419798	2
1114819	0	1419801	1
1114819	0	1625836	5
1114819	0	1724520	5
1114819	0	1724525	5
1114819	0	1724526	1
1114819	0	1724528	2
1114819	0	1735443	1
1114819	0	1738242	4
1114819	0	1738243	3
1114819	0	1738250	5
1114819	0	1816958	1
1114819	0	1852066	1
1114819	0	2136434	5
1114819	0	2477692	3
1114819	0	255279	1
1114819	0	2590455	1
1114819	0	2831393	1
1114819	0	344350	5
1114819	0	344351	3
1114819	0	3484458	4
1114819	0	3781418	5
1114819	0	3781419	3
1114819	0	3906952	2
1114819	0	3906954	4
1114819	0	3906955	0
1114819	0	3906959	4
1114819	0	4890560	4
1114819	0	5019832	3
1114819	0	5019839	3
1114819	0	5156171	0
1114819	0	5165249	3
1114819	0	534362	2
1114819	0	5521371	5
1114819	0	5521373	5
1114819	0	5628950	0
1114819	0	5628952	3
1114819	0	5718417	1
1114819	0	6202321	1
1114819	0	6564168	1
1114819	0	6900766	4
1114819	0	6900767	4
1114819	0	6900769	2
1114819	0	6900773	4
1114819	0	6900774	5
1114819	0	6941478	5
1114819	0	694735	1
1114819	0	694737	2
1114819	0	7132894	1
1114819	0	7156443	4
1114819	0	750446	0
1114819	0	7588045	2
1114819	0	7803429	2
1114819	0	7803435	4
1114819	0	785027	5
1114819	0	785028	2
1114819	0	8022276	5
1114819	0	8022279	0
1114819	0	8022280	5
1114819	0	8024890	5
1114819	0	8027206	2
1114819	0	8088105	0
1114819	0	8088108	2
1114819	0	8088109	0
1114819	0	8088111	1
1114819	0	8096817	2
1114819	0	8096824	2
1114819	0	8115435	2
1114819	0	8115439	2
1114819	0	8115440	4
1114819	0	8115700	0
1114819	0	8336225	2
1114819	0	8336229	5
1114819	0	8336230	3
1114819	0	8336232	2
1114819	0	8480574	2
1114819	0	8508255	2
1114819	0	8508259	2
1114819	0	8508263	5
1114819	0	8579830	0
1114819	0	8579832	0
1114819	0	8736056	2
1114819	0	8754397	2
1114819	0	8754398	5
1114819	0	8754404	2
1114819	0	8768742	4
1114819	0	988370	4
1114819	0	988373	4
1114819	0	988376	5
1114819	0	988378	2
1115776	0	1036904	5
1115776	0	1134851	2
1115776	0	1269409	5
1115776	0	1328463	1
1115776	0	1403193	4
1115776	0	1403195	2
1115776	0	1729572	5
1115776	0	1729576	4
1115776	0	1826907	0
1115776	0	1826911	1
1115776	0	1856137	3
1115776	0	1856144	2
1115776	0	2137462	0
1115776	0	2230476	2
1115776	0	2230477	2
1115776	0	2230481	1
1115776	0	2364285	5
1115776	0	2514462	2
1115776	0	2514467	0
1115776	0	2897142	1
1115776	0	3041833	2
1115776	0	3052538	0
1115776	0	3063307	4
1115776	0	3063308	2
1115776	0	3063310	4
1115776	0	3203281	3
1115776	0	3203998	2
1115776	0	3296853	2
1115776	0	3344355	5
1115776	0	3411245	1
1115776	0	3469357	5
1115776	0	3595625	0
1115776	0	3794460	5
1115776	0	407823	2
1115776	0	4131485	5
1115776	0	4162793	3
1115776	0	4314169	5
1115776	0	4314171	4
1115776	0	4314172	5
1115776	0	4314174	5
1115776	0	4314175	5
1115776	0	4314176	5
1115776	0	4314178	5
1115776	0	4324120	4
1115776	0	4487937	5
1115776	0	4487938	4
1115776	0	4530238	1
1115776	0	480800	4
1115776	0	4954946	1
1115776	0	4984386	2
1115776	0	4984390	1
1115776	0	5069882	2
1115776	0	5069887	0
1115776	0	5244756	1
1115776	0	5264931	5
1115776	0	5599692	5
1115776	0	5605159	4
1115776	0	5605160	4
1115776	0	5950738	4
1115776	0	619650	2
1115776	0	619654	2
1115776	0	619655	2
1115776	0	6449404	2
1115776	0	6616844	2
1115776	0	6616847	2
1115776	0	6692795	0
1115776	0	6989198	5
1115776	0	6989200	0
1115776	0	6989201	0
1115776	0	7007569	3
1115776	0	7070859	2
1115776	0	7264948	4
1115776	0	7276300	4
1115776	0	7315361	3
1115776	0	7400215	1
1115776	0	7692397	2
1115776	0	7840018	2
1115776	0	7847335	2
1115776	0	7849650	1
1115776	0	8106317	5
1115776	0	8106318	4
1115776	0	8106320	5
1115776	0	8106321	5
1115776	0	8106322	1
1115776	0	8106324	5
1115776	0	8108813	0
1115776	0	8108815	1
1115776	0	8108818	1
1115776	0	8121639	3
1115776	0	8345727	3
1115776	0	838941	3
1115776	0	838942	2
1115776	0	838943	3
1115776	0	838944	4
1115776	0	838949	2
1115776	0	8495250	5
1115776	0	8495256	5
1115776	0	8504500	5
1115776	0	8757348	1
1115776	0	8797977	3
1117099	0	1013790	2
1117099	0	1013791	1
1117099	0	1123494	2
1117099	0	1123496	2
1117099	0	1389420	5
1117099	0	1445087	2
1117099	0	1457593	2
1117099	0	1551136	0
1117099	0	1586363	0
1117099	0	1586365	0
1117099	0	1620739	1
1117099	0	1620746	3
1117099	0	1692847	2
1117099	0	1798612	5
1117099	0	1798614	4
1117099	0	1798620	5
1117099	0	1986011	2
1117099	0	2109695	2
1117099	0	2109697	2
1117099	0	2109700	2
1117099	0	2109701	2
1117099	0	2157567	3
1117099	0	225488	2
1117099	0	2804356	1
1117099	0	2804359	0
1117099	0	297115	1
1117099	0	297118	4
1117099	0	3104260	2
1117099	0	3104266	3
1117099	0	3104268	3
1117099	0	3107584	0
1117099	0	334615	4
1117099	0	3349612	5
1117099	0	3412239	4
1117099	0	3439260	1
1117099	0	3543106	5
1117099	0	4393946	4
1117099	0	4441325	5
1117099	0	4458509	5
1117099	0	4458512	5
1117099	0	4573811	5
1117099	0	4759495	1
1117099	0	514314	3
1117099	0	5258462	4
1117099	0	5286535	4
1117099	0	5286538	5
1117099	0	5286539	5
1117099	0	5354862	0
1117099	0	5354863	1
1117099	0	5377585	1
1117099	0	5448444	2
1117099	0	5461820	2
1117099	0	5643723	2
1117099	0	5699284	3
1117099	0	5699286	2
1117099	0	5752877	3
1117099	0	576491	2
1117099	0	589140	4
1117099	0	5979207	2
1117099	0	5979214	2
1117099	0	6057207	5
1117099	0	6122720	5
1117099	0	6122721	5
1117099	0	6122722	5
1117099	0	6122723	5
1117099	0	6122724	4
1117099	0	6178371	1
1117099	0	6411781	0
1117099	0	651744	2
1117099	0	6534818	4
1117099	0	6534824	4
1117099	0	6776509	0
1117099	0	6776512	1
1117099	0	6940557	3
1117099	0	6993942	4
1117099	0	700495	1
1117099	0	700497	2
1117099	0	7135556	2
1117099	0	7135561	3
1117099	0	714808	5
1117099	0	7244088	2
1117099	0	7610601	0
1117099	0	7610604	1
1117099	0	7761853	1
1117099	0	8019444	1
1117099	0	8019446	2
1117099	0	8093927	4
1117099	0	8093931	4
1117099	0	8093932	5
1117099	0	8093933	4
1117099	0	8093934	5
1117099	0	8208315	5
1117099	0	8434604	0
1117099	0	8446501	5
1117099	0	8446505	5
1117099	0	8446506	5
1117099	0	8515441	1
1117099	0	8714082	5
1117099	0	8820809	3
1117099	0	8838111	5
1121402	0	1249687	3
1121402	0	1323047	4
1121402	0	1323048	3
1121402	0	1613053	0
1121402	0	1702458	2
1121402	0	182364	4
1121402	0	182365	4
1121402	0	182366	5
1121402	0	182367	5
1121402	0	182368	5
1121402	0	182369	5
1121402	0	182370	2
1121402	0	182371	5
1121402	0	182372	5
1121402	0	182373	2
1121402	0	188209	5
1121402	0	188210	4
1121402	0	188211	4
1121402	0	188213	5
1121402	0	188214	4
1121402	0	188215	4
1121402	0	188216	4
1121402	0	188217	4
1121402	0	188218	4
1121402	0	2042119	2
1121402	0	210811	1
1121402	0	2191941	2
1121402	0	255095	2
1121402	0	2633464	3
1121402	0	2681045	3
1121402	0	2681048	2
1121402	0	3412904	2
1121402	0	3412909	3
1121402	0	341347	2
1121402	0	3511789	5
1121402	0	3511795	2
1121402	0	3526577	2
1121402	0	3785307	2
1121402	0	3785308	5
1121402	0	3785309	3
1121402	0	3785310	4
1121402	0	3868953	2
1121402	0	4085753	2
1121402	0	4174527	1
1121402	0	4198997	1
1121402	0	4198998	1
1121402	0	4199001	0
1121402	0	4305978	2
1121402	0	43770	2
1121402	0	4449258	5
1121402	0	4449267	5
1121402	0	4616915	0
1121402	0	4620827	3
1121402	0	465100	1
1121402	0	5189913	5
1121402	0	5429317	1
1121402	0	5538762	0
1121402	0	5640403	2
1121402	0	5662146	1
1121402	0	5831807	1
1121402	0	5831811	1
1121402	0	5960420	2
1121402	0	625220	1
1121402	0	625222	1
1121402	0	628204	1
1121402	0	6371839	2
1121402	0	6683286	2
1121402	0	6884812	0
1121402	0	7011506	4
1121402	0	7125978	2
1121402	0	7125980	5
1121402	0	7125981	5
1121402	0	7125982	4
1121402	0	7125983	5
1121402	0	7125985	3
1121402	0	7125987	5
1121402	0	7142994	5
1121402	0	7489485	3
1121402	0	7489487	2
1121402	0	7489490	1
1121402	0	7572308	1
1121402	0	7572309	0
1121402	0	8052617	4
1121402	0	8052619	5
1121402	0	8052620	5
1121402	0	8052621	5
1121402	0	8052622	5
1121402	0	8052623	5
1121402	0	8052624	5
1121402	0	8089444	5
1121402	0	8235730	4
1121402	0	8376430	2
1121402	0	8408534	1
1121402	0	8417443	2
1121402	0	8487134	2
1121402	0	8662647	3
1121402	0	8718639	0
1121402	0	8821491	0
1121402	0	8821496	0
1121402	0	8821497	0
1121709	0	1033160	5
1121709	0	1095843	2
1121709	0	1170795	4
1121709	0	1196983	4
1121709	0	1212535	0
1121709	0	1498684	0
1121709	0	1640511	1
1121709	0	1640512	1
1121709	0	1748119	5
1121709	0	1752809	5
1121709	0	1752813	5
1121709	0	1764270	3
1121709	0	2046433	1
1121709	0	2115565	1
1121709	0	2115567	1
1121709	0	2142778	2
1121709	0	231865	1
1121709	0	2378584	3
1121709	0	2662730	2
1121709	0	2665010	3
1121709	0	2703197	2
1121709	0	2704369	2
1121709	0	2706641	5
1121709	0	2725458	2
1121709	0	2821790	2
1121709	0	2923932	4
1121709	0	2926715	2
1121709	0	2940488	5
1121709	0	2949781	0
1121709	0	2961048	1
1121709	0	2961049	1
1121709	0	3029721	0
1121709	0	3312963	0
1121709	0	3407458	2
1121709	0	3423059	5
1121709	0	3423060	5
1121709	0	3423066	2
1121709	0	3423067	5
1121709	0	3638261	3
1121709	0	3691568	3
1121709	0	3833130	5
1121709	0	3929723	2
1121709	0	3968031	1
1121709	0	4024649	2
1121709	0	40956	4
1121709	0	4203734	5
1121709	0	4512049	1
1121709	0	4526695	2
1121709	0	4543103	5
1121709	0	4572503	0
1121709	0	4594306	4
1121709	0	4771427	0
1121709	0	4832967	4
1121709	0	4836170	0
1121709	0	4875103	4
1121709	0	4979451	1
1121709	0	4979452	1
1121709	0	5014378	2
1121709	0	5092299	2
1121709	0	511306	4
1121709	0	5303734	2
1121709	0	5504399	3
1121709	0	5591740	2
1121709	0	5614877	1
1121709	0	5716710	4
1121709	0	606074	2
1121709	0	606077	2
1121709	0	6302713	2
1121709	0	6533417	1
1121709	0	6600	5
1121709	0	700135	5
1121709	0	7021254	4
1121709	0	7040511	2
1121709	0	7288128	0
1121709	0	7313132	4
1121709	0	7317391	3
1121709	0	7467711	1
1121709	0	7795720	5
1121709	0	79727	3
1121709	0	8049577	5
1121709	0	8049578	5
1121709	0	8049579	5
1121709	0	8049580	5
1121709	0	8049583	5
1121709	0	8049584	5
1121709	0	8049585	5
1121709	0	8049586	5
1121709	0	8184854	4
1121709	0	8224712	0
1121709	0	8229113	4
1121709	0	8261584	2
1121709	0	8571	5
1121709	0	8662687	2
1121709	0	8759528	4
1121709	0	8795147	5
1121709	0	8816009	2
1121709	0	886456	2
1121709	0	901202	3
1121709	0	904704	4
1121709	0	904705	3
1124210	0	1194687	2
1124210	0	1383615	3
1124210	0	1383617	3
1124210	0	1383624	2
1124210	0	145274	5
1124210	0	1545735	5
1124210	0	1593793	5
1124210	0	1593798	4
1124210	0	1701417	3
1124210	0	1702003	0
1124210	0	1702004	2
1124210	0	1702009	4
1124210	0	1702010	2
1124210	0	1756565	4
1124210	0	1756567	2
1124210	0	2019787	0
1124210	0	2127331	0
1124210	0	2200002	3
1124210	0	2258591	5
1124210	0	2258592	5
1124210	0	2258595	5
1124210	0	2258596	5
1124210	0	2728448	5
1124210	0	3031377	4
1124210	0	3031379	5
1124210	0	3046385	4
1124210	0	3162331	5
1124210	0	3375842	3
1124210	0	3446172	2
1124210	0	3520553	1
1124210	0	352987	5
1124210	0	3546600	2
1124210	0	3573857	1
1124210	0	3680800	2
1124210	0	3680801	1
1124210	0	3680802	1
1124210	0	3849905	2
1124210	0	3859923	2
1124210	0	3907021	5
1124210	0	3937735	1
1124210	0	3944481	1
1124210	0	4057442	2
1124210	0	4074146	2
1124210	0	4074149	1
1124210	0	4074151	3
1124210	0	4232134	0
1124210	0	4425461	3
1124210	0	4425464	0
1124210	0	4535558	5
1124210	0	469563	5
1124210	0	469565	5
1124210	0	473763	5
1124210	0	4794725	4
1124210	0	4958358	5
1124210	0	5039696	2
1124210	0	5056100	4
1124210	0	5125015	2
1124210	0	5363820	0
1124210	0	5366909	4
1124210	0	5366913	3
1124210	0	546155	2
1124210	0	546157	2
1124210	0	546158	1
1124210	0	5512675	1
1124210	0	555792	5
1124210	0	580882	2
1124210	0	5940130	1
1124210	0	5940134	0
1124210	0	607910	1
1124210	0	6171525	2
1124210	0	6182360	4
1124210	0	6282190	4
1124210	0	6500225	2
1124210	0	6704887	3
1124210	0	6814009	5
1124210	0	6814012	5
1124210	0	6814015	5
1124210	0	6814017	5
1124210	0	7109335	4
1124210	0	7205919	1
1124210	0	7205920	3
1124210	0	7205923	2
1124210	0	7208694	4
1124210	0	7381537	5
1124210	0	7441574	0
1124210	0	7566672	2
1124210	0	7566674	5
1124210	0	7581155	4
1124210	0	7698250	4
1124210	0	7738982	0
1124210	0	7832730	1
1124210	0	7832731	1
1124210	0	7832732	1
1124210	0	7894220	0
1124210	0	795660	4
1124210	0	8026737	5
1124210	0	8180027	2
1124210	0	829948	2
1124210	0	841738	2
1124210	0	841743	2
1129237	0	1080294	2
1129237	0	120308	3
1129237	0	120311	3
1129237	0	120314	3
1129237	0	120315	3
1129237	0	120801	1
1129237	0	128982	5
1129237	0	128984	5
1129237	0	128989	5
1129237	0	1490143	4
1129237	0	162127	0
1129237	0	1770025	1
1129237	0	1770027	1
1129237	0	1896185	2
1129237	0	1896186	2
1129237	0	1896189	2
1129237	0	1959030	1
1129237	0	2152821	5
1129237	0	2152828	1
1129237	0	2442489	0
1129237	0	2453794	4
1129237	0	2580204	3
1129237	0	2696926	4
1129237	0	2697746	5
1129237	0	2697752	5
1129237	0	2972916	0
1129237	0	301944	4
1129237	0	302210	4
1129237	0	3097761	2
1129237	0	3131122	5
1129237	0	3156016	1
1129237	0	3636926	1
1129237	0	3641168	2
1129237	0	3683096	5
1129237	0	3757192	1
1129237	0	3905055	5
1129237	0	3905057	5
1129237	0	3905799	4
1129237	0	3905802	5
1129237	0	3950048	4
1129237	0	4066969	0
1129237	0	4141005	3
1129237	0	4141012	4
1129237	0	4254811	5
1129237	0	4254815	5
1129237	0	4254816	5
1129237	0	4328625	2
1129237	0	4449295	1
1129237	0	4509080	2
1129237	0	461835	1
1129237	0	4773351	2
1129237	0	4801130	2
1129237	0	4904405	2
1129237	0	5032115	0
1129237	0	5156837	2
1129237	0	5414967	0
1129237	0	5513583	2
1129237	0	5619502	4
1129237	0	5627214	5
1129237	0	5649116	0
1129237	0	5831781	4
1129237	0	5831788	5
1129237	0	5865154	2
1129237	0	5906130	5
1129237	0	5906134	3
1129237	0	5917107	2
1129237	0	6080460	5
1129237	0	6343520	4
1129237	0	6343521	4
1129237	0	6343523	3
1129237	0	6575091	2
1129237	0	6640165	2
1129237	0	6903787	2
1129237	0	6956014	4
1129237	0	7049948	2
1129237	0	710733	4
1129237	0	7132886	1
1129237	0	7208025	2
1129237	0	7337950	1
1129237	0	7397082	1
1129237	0	7673289	0
1129237	0	7735322	2
1129237	0	7836576	2
1129237	0	7911557	5
1129237	0	8093067	3
1129237	0	8203445	1
1129237	0	824966	3
1129237	0	8450766	5
1129237	0	8469257	4
1129237	0	8588122	5
1129237	0	8588219	5
1129237	0	8588222	1
1129237	0	8588226	0
1129237	0	8596875	2
1129237	0	8682824	5
1129237	0	8710041	2
1129237	0	895802	2
1129237	0	953467	0
1129237	0	998748	5
1129237	0	998751	5
1133167	0	1379370	1
1133167	0	1824479	4
1133167	0	1824480	5
1133167	0	1824481	4
1133167	0	1824483	4
1133167	0	1824484	2
1133167	0	1824485	4
1133167	0	1824486	3
1133167	0	1824487	2
1133167	0	1824488	5
1133167	0	1883272	3
1133167	0	1883276	2
1133167	0	190802	3
1133167	0	190803	5
1133167	0	190804	5
1133167	0	190805	1
1133167	0	190806	4
1133167	0	190808	2
1133167	0	190810	3
1133167	0	190811	1
1133167	0	2276678	2
1133167	0	2419498	1
1133167	0	2613291	2
1133167	0	2613293	1
1133167	0	2613296	2
1133167	0	3023120	5
1133167	0	3023123	5
1133167	0	3074598	0
1133167	0	3074599	5
1133167	0	3355083	2
1133167	0	3391439	2
1133167	0	3421897	3
1133167	0	3421899	2
1133167	0	3421900	0
1133167	0	3421903	5
1133167	0	3421906	5
1133167	0	3944276	5
1133167	0	434119	5
1133167	0	434121	5
1133167	0	434123	2
1133167	0	434125	4
1133167	0	434126	0
1133167	0	4443370	0
1133167	0	4443375	0
1133167	0	4494104	3
1133167	0	4498474	4
1133167	0	4498476	3
1133167	0	4498479	5
1133167	0	4550240	5
1133167	0	4550244	5
1133167	0	4712279	5
1133167	0	4922619	5
1133167	0	4926197	4
1133167	0	4973626	4
1133167	0	5674622	5
1133167	0	5674623	2
1133167	0	5787117	2
1133167	0	6103297	1
1133167	0	6112586	5
1133167	0	6112587	4
1133167	0	6112590	5
1133167	0	6140	4
1133167	0	6142	1
1133167	0	6257034	2
1133167	0	6299572	2
1133167	0	6299575	1
1133167	0	6467517	1
1133167	0	6467518	5
1133167	0	6467523	3
1133167	0	6467524	1
1133167	0	7007413	0
1133167	0	7093509	4
1133167	0	7093510	1
1133167	0	7093511	1
1133167	0	7217705	2
1133167	0	7218015	2
1133167	0	7218016	0
1133167	0	7486594	0
1133167	0	7486600	1
1133167	0	7486602	5
1133167	0	7762240	2
1133167	0	7793408	2
1133167	0	7793411	1
1133167	0	7793416	0
1133167	0	8003301	2
1133167	0	8033644	2
1133167	0	8033646	0
1133167	0	8033648	1
1133167	0	8033650	3
1133167	0	8160224	2
1133167	0	8160241	2
1133167	0	8160243	3
1133167	0	823272	5
1133167	0	823274	5
1133167	0	823277	4
1133167	0	823280	2
1133167	0	8250498	4
1133167	0	8255704	4
1133167	0	8255706	5
1133167	0	8415743	2
130510	0	1110766	4
130510	0	112332	1
130510	0	1159414	4
130510	0	1456084	2
130510	0	1481524	2
130510	0	1494930	5
130510	0	1494931	5
130510	0	1494932	4
130510	0	1494933	2
130510	0	1494935	5
130510	0	1494936	5
130510	0	1494938	5
130510	0	1494939	5
130510	0	179622	0
130510	0	179623	0
130510	0	1799013	1
130510	0	1881832	5
130510	0	1972336	0
130510	0	1972340	0
130510	0	2079375	2
130510	0	2079377	2
130510	0	2205995	0
130510	0	2490146	3
130510	0	2490150	0
130510	0	2490154	2
130510	0	2862515	4
130510	0	2862518	3
130510	0	2862522	3
130510	0	2982053	5
130510	0	3163980	5
130510	0	3525026	0
130510	0	3913770	5
130510	0	3913772	1
130510	0	3913774	2
130510	0	3913775	2
130510	0	3913776	0
130510	0	3913778	1
130510	0	3913779	1
130510	0	3995677	3
130510	0	4022902	5
130510	0	4022904	4
130510	0	4022905	5
130510	0	4022909	3
130510	0	4189500	4
130510	0	4345805	2
130510	0	4528804	2
130510	0	4528806	1
130510	0	4528807	1
130510	0	4528808	2
130510	0	4528809	1
130510	0	4528813	2
130510	0	4804307	4
130510	0	4945869	0
130510	0	5685704	2
130510	0	5685705	1
130510	0	5685706	2
130510	0	5685707	2
130510	0	5685708	1
130510	0	5930009	2
130510	0	5930010	2
130510	0	5930012	2
130510	0	5930013	1
130510	0	5930014	2
130510	0	6035035	2
130510	0	6183638	3
130510	0	6229727	4
130510	0	6229732	2
130510	0	6229733	2
130510	0	6486232	3
130510	0	6621100	4
130510	0	6763277	4
130510	0	6815300	5
130510	0	6881818	2
130510	0	6932169	2
130510	0	7125239	4
130510	0	7203252	4
130510	0	7479905	5
130510	0	7501557	5
130510	0	7501558	5
130510	0	7501563	4
130510	0	7779650	0
130510	0	783662	1
130510	0	783664	1
130510	0	783665	1
130510	0	799647	5
130510	0	8083814	5
130510	0	8094068	1
130510	0	8095118	4
130510	0	8391407	2
130510	0	8391409	4
130510	0	8514425	3
130510	0	8612902	5
130510	0	8612903	5
130510	0	8612904	5
130510	0	8612905	5
130510	0	8612906	5
130510	0	8612909	5
130510	0	8612910	5
130510	0	996732	3
130510	0	996740	3
131843	0	1090906	0
131843	0	135934	5
131843	0	1560209	1
131843	0	1597970	2
131843	0	1597974	3
131843	0	1600913	2
131843	0	1621724	2
131843	0	1781040	4
131843	0	1845835	0
131843	0	1888985	4
131843	0	2001346	2
131843	0	2041693	5
131843	0	2132242	0
131843	0	2170725	1
131843	0	2170726	5
131843	0	2286031	2
131843	0	2286036	2
131843	0	2378491	4
131843	0	2567977	2
131843	0	2567978	0
131843	0	2662096	3
131843	0	2683747	5
131843	0	2697631	1
131843	0	31713	5
131843	0	31715	2
131843	0	31716	2
131843	0	31718	4
131843	0	3346693	0
131843	0	3432705	4
131843	0	3432707	3
131843	0	3432712	3
131843	0	352863	4
131843	0	3748231	1
131843	0	3754642	2
131843	0	3777780	2
131843	0	3841396	5
131843	0	3937054	3
131843	0	3937056	4
131843	0	4235202	1
131843	0	4235203	2
131843	0	4235204	2
131843	0	4235209	4
131843	0	4360103	0
131843	0	4440568	1
131843	0	4440571	0
131843	0	4461384	2
131843	0	468330	2
131843	0	4755278	2
131843	0	5074688	2
131843	0	5124823	1
131843	0	5297233	4
131843	0	5297238	4
131843	0	5297239	4
131843	0	5325672	2
131843	0	5325675	2
131843	0	5325677	3
131843	0	5460686	4
131843	0	5460688	1
131843	0	5624693	0
131843	0	5643651	1
131843	0	6028397	2
131843	0	6028399	4
131843	0	6028403	2
131843	0	6086584	2
131843	0	6086587	5
131843	0	6180442	3
131843	0	6180444	0
131843	0	6487859	1
131843	0	7269086	2
131843	0	7269087	3
131843	0	7269088	1
131843	0	7269093	3
131843	0	7319440	3
131843	0	732869	2
131843	0	732876	5
131843	0	7385264	1
131843	0	7478776	1
131843	0	7478778	1
131843	0	7607368	2
131843	0	8023970	4
131843	0	8028768	0
131843	0	8305151	5
131843	0	8305152	5
131843	0	8305153	5
131843	0	8305154	5
131843	0	8305156	5
131843	0	8305158	5
131843	0	8456964	4
131843	0	8456965	5
131843	0	8456967	5
131843	0	8456970	5
131843	0	8710813	5
131843	0	895362	1
131843	0	985988	5
131843	0	985989	5
131843	0	985990	5
131843	0	985991	5
131843	0	985992	5
131843	0	985994	5
131843	0	985995	5
146187	0	1077546	4
146187	0	1138801	1
146187	0	1230566	3
146187	0	1254157	5
146187	0	1367172	4
146187	0	1841197	2
146187	0	1972078	2
146187	0	2040185	2
146187	0	2226090	4
146187	0	2226093	5
146187	0	2257806	4
146187	0	2719848	4
146187	0	315525	5
146187	0	3505470	3
146187	0	3615731	4
146187	0	3758956	4
146187	0	3963185	2
146187	0	3963187	3
146187	0	4026486	2
146187	0	4111407	0
146187	0	4214923	4
146187	0	4214925	4
146187	0	4216897	2
146187	0	4216901	2
146187	0	4216902	2
146187	0	4306847	5
146187	0	45008	3
146187	0	4631167	1
146187	0	4741857	5
146187	0	4777144	5
146187	0	4921740	1
146187	0	4921741	1
146187	0	5050456	0
146187	0	5050464	0
146187	0	5421945	1
146187	0	5548651	2
146187	0	5548652	2
146187	0	5548655	3
146187	0	5566562	1
146187	0	5590506	4
146187	0	5590508	4
146187	0	5624347	2
146187	0	5816517	0
146187	0	5836454	3
146187	0	5844996	1
146187	0	5889121	1
146187	0	5999108	2
146187	0	6015024	4
146187	0	6015025	5
146187	0	6015026	5
146187	0	6015027	4
146187	0	6417741	1
146187	0	6430257	2
146187	0	6430258	3
146187	0	6430259	2
146187	0	6430260	5
146187	0	6620285	0
146187	0	6658185	1
146187	0	7093332	2
146187	0	7093334	0
146187	0	7095526	4
146187	0	7096819	0
146187	0	7307399	3
146187	0	7405002	5
146187	0	744165	5
146187	0	744167	5
146187	0	76342	5
146187	0	76344	3
146187	0	76348	5
146187	0	76349	5
146187	0	7704674	2
146187	0	7704677	2
146187	0	7704679	1
146187	0	7836292	1
146187	0	7836294	0
146187	0	7836295	2
146187	0	7836296	2
146187	0	8042965	2
146187	0	8042972	1
146187	0	8113798	2
146187	0	8327404	2
146187	0	8361899	0
146187	0	8361902	1
146187	0	8434617	5
146187	0	8434618	5
146187	0	8434619	5
146187	0	8434620	5
146187	0	8434621	5
146187	0	8434622	5
146187	0	8434623	5
146187	0	8434624	5
146187	0	8434625	5
146187	0	8434626	5
146187	0	8664004	4
146187	0	8795488	2
146187	0	8795489	2
146187	0	8795490	2
146187	0	8795491	1
146187	0	8795495	3
146187	0	951283	0
148538	0	1147038	2
148538	0	1147044	2
148538	0	1147046	1
148538	0	1299824	3
148538	0	1299830	1
148538	0	1311206	5
148538	0	1314489	4
148538	0	1384441	4
148538	0	1384447	5
148538	0	1384448	5
148538	0	1494790	2
148538	0	1494796	2
148538	0	1516299	3
148538	0	1828167	0
148538	0	1828171	2
148538	0	1950977	4
148538	0	1950983	4
148538	0	1969519	1
148538	0	1969521	3
148538	0	1985491	5
148538	0	2033795	3
148538	0	2033800	4
148538	0	208314	2
148538	0	2177849	4
148538	0	231453	5
148538	0	231455	5
148538	0	2368188	2
148538	0	2368189	4
148538	0	2455774	5
148538	0	2455775	5
148538	0	2455779	2
148538	0	2632806	3
148538	0	2915322	1
148538	0	2915323	0
148538	0	3138642	5
148538	0	332400	0
148538	0	332401	1
148538	0	332402	3
148538	0	3353306	5
148538	0	3545040	0
148538	0	3557943	2
148538	0	3588269	5
148538	0	3918785	2
148538	0	3924333	2
148538	0	398535	5
148538	0	4046977	2
148538	0	4185812	2
148538	0	4185814	5
148538	0	4264123	3
148538	0	4264129	0
148538	0	4447598	1
148538	0	4447601	5
148538	0	451558	0
148538	0	4539654	5
148538	0	4539657	2
148538	0	4539659	1
148538	0	4553351	1
148538	0	4607263	4
148538	0	4660637	5
148538	0	4959638	5
148538	0	5077704	5
148538	0	5077707	0
148538	0	5077709	0
148538	0	5171599	2
148538	0	5171603	1
148538	0	5171605	2
148538	0	543841	1
148538	0	581145	2
148538	0	6006375	5
148538	0	615401	4
148538	0	615403	2
148538	0	615407	1
148538	0	6377902	5
148538	0	6543862	2
148538	0	6697437	1
148538	0	6704661	2
148538	0	6776848	2
148538	0	6846340	4
148538	0	6846343	5
148538	0	6894608	3
148538	0	7039113	1
148538	0	7407803	5
148538	0	7407804	1
148538	0	7407811	2
148538	0	7407812	3
148538	0	753805	2
148538	0	8080460	4
148538	0	820313	4
148538	0	8283527	0
148538	0	8283531	5
148538	0	8283532	5
148538	0	8388795	2
148538	0	8618875	4
148538	0	8690528	1
148538	0	982505	4
148538	0	985488	0
148538	0	985489	2
148538	0	985490	4
148538	0	985491	5
148538	0	985494	3
156493	0	1277720	2
156493	0	1277721	3
156493	0	1277723	2
156493	0	1277725	3
156493	0	1277726	3
156493	0	1277727	2
156493	0	1347266	1
156493	0	1960255	2
156493	0	1960257	2
156493	0	1960259	4
156493	0	1960260	2
156493	0	1960261	3
156493	0	2123395	2
156493	0	2236388	3
156493	0	2259179	2
156493	0	2259180	2
156493	0	2259182	5
156493	0	2259183	5
156493	0	2317800	1
156493	0	2317807	5
156493	0	2411918	5
156493	0	2598786	2
156493	0	2598787	4
156493	0	2612486	2
156493	0	2612490	1
156493	0	2612491	5
156493	0	2612492	1
156493	0	2612493	5
156493	0	2717163	5
156493	0	2928700	3
156493	0	2928704	4
156493	0	2928705	1
156493	0	2928706	1
156493	0	2928707	2
156493	0	2949802	5
156493	0	316872	2
156493	0	3288595	3
156493	0	3288596	5
156493	0	3288597	5
156493	0	3288598	2
156493	0	3288599	2
156493	0	3288600	2
156493	0	3288601	2
156493	0	3288603	4
156493	0	349637	0
156493	0	349638	5
156493	0	349639	0
156493	0	349641	3
156493	0	349643	2
156493	0	349644	0
156493	0	349645	2
156493	0	3603920	5
156493	0	3603922	2
156493	0	4131138	2
156493	0	4465044	1
156493	0	4527706	1
156493	0	4583221	4
156493	0	4940228	2
156493	0	5009743	1
156493	0	5022725	0
156493	0	5346660	3
156493	0	5530082	4
156493	0	6139382	4
156493	0	6139386	5
156493	0	6524746	5
156493	0	6775071	4
156493	0	6859030	0
156493	0	6983821	4
156493	0	7134515	1
156493	0	7371077	5
156493	0	7371078	4
156493	0	7371079	1
156493	0	750111	2
156493	0	8182159	4
156493	0	8182160	5
156493	0	8182161	5
156493	0	8182162	5
156493	0	8182165	5
156493	0	8182166	1
156493	0	8266015	0
156493	0	8273011	3
156493	0	8273017	5
156493	0	8273018	0
156493	0	8273019	5
156493	0	8300109	0
156493	0	8803132	2
156493	0	8820526	4
156493	0	8820527	2
156493	0	885944	4
156493	0	892006	1
156493	0	892013	1
156493	0	911790	0
156493	0	911791	0
156493	0	95512	5
156493	0	95514	5
156493	0	95515	4
156493	0	95518	5
156493	0	95519	1
156493	0	95521	4
156493	0	994486	5
168216	0	1090088	2
168216	0	1183706	2
168216	0	1301465	5
168216	0	1301467	5
168216	0	1301469	5
168216	0	1301472	5
168216	0	1301474	5
168216	0	13499	2
168216	0	1381477	5
168216	0	1735358	3
168216	0	1735360	2
168216	0	1924796	4
168216	0	1924800	2
168216	0	2036279	5
168216	0	2069992	4
168216	0	2069995	1
168216	0	2210775	5
168216	0	2210780	4
168216	0	2265769	2
168216	0	2265772	2
168216	0	2659074	1
168216	0	2790904	5
168216	0	2806307	0
168216	0	290826	2
168216	0	3033359	3
168216	0	3174840	4
168216	0	3198682	3
168216	0	3198687	5
168216	0	3198689	5
168216	0	3344828	4
168216	0	3344834	3
168216	0	3399712	2
168216	0	3399713	5
168216	0	3399715	5
168216	0	3463556	1
168216	0	3681095	5
168216	0	3681097	1
168216	0	3830857	5
168216	0	3908773	4
168216	0	3908774	5
168216	0	3908775	1
168216	0	3908776	5
168216	0	3908777	5
168216	0	3908779	2
168216	0	4119829	1
168216	0	4191395	4
168216	0	4191396	1
168216	0	4324491	1
168216	0	4324492	0
168216	0	4600607	0
168216	0	4741403	0
168216	0	4741406	0
168216	0	4792582	2
168216	0	4792583	3
168216	0	5024307	3
168216	0	5114458	0
168216	0	5293614	2
168216	0	5935474	1
168216	0	5935476	2
168216	0	6061718	3
168216	0	6061721	2
168216	0	6061722	2
168216	0	6213322	5
168216	0	6213323	0
168216	0	6213325	4
168216	0	6219118	0
168216	0	6249512	3
168216	0	6264731	1
168216	0	6264732	2
168216	0	6264733	4
168216	0	6282560	1
168216	0	6282561	4
168216	0	6282562	2
168216	0	6282567	4
168216	0	6329932	0
168216	0	6426630	1
168216	0	6426632	5
168216	0	6426634	4
168216	0	6426638	4
168216	0	6584042	1
168216	0	7337513	5
168216	0	7492753	2
168216	0	7492755	3
168216	0	7595684	1
168216	0	8048968	0
168216	0	8141128	3
168216	0	8185131	5
168216	0	8185135	5
168216	0	8185137	5
168216	0	8252763	1
168216	0	8639627	2
168216	0	8639630	2
168216	0	8639633	2
168216	0	8723467	2
168216	0	8731617	2
168216	0	8731618	2
168216	0	8731621	5
168216	0	8731622	4
168216	0	8731623	4
168216	0	8731625	2
182539	0	1075903	1
182539	0	1075910	0
182539	0	1094157	2
182539	0	1307232	2
182539	0	1307234	3
182539	0	1307235	4
182539	0	1512198	1
182539	0	1567163	1
182539	0	1623225	2
182539	0	1638687	5
182539	0	1638689	2
182539	0	1638690	2
182539	0	1638691	2
182539	0	1654895	5
182539	0	1798203	2
182539	0	18497	0
182539	0	1863057	5
182539	0	1956775	2
182539	0	2053701	5
182539	0	2092202	5
182539	0	2165968	5
182539	0	2222150	1
182539	0	2751871	2
182539	0	289979	2
182539	0	2909954	4
182539	0	2909960	4
182539	0	2909961	4
182539	0	3155150	1
182539	0	3187555	1
182539	0	3444628	1
182539	0	3707401	0
182539	0	3729714	2
182539	0	3760957	3
182539	0	3760964	2
182539	0	3858310	1
182539	0	3883077	4
182539	0	3883081	5
182539	0	3924581	0
182539	0	4370020	2
182539	0	4384262	0
182539	0	4487755	4
182539	0	4730803	4
182539	0	4985182	0
182539	0	5116532	0
182539	0	5167181	2
182539	0	518150	2
182539	0	5212911	2
182539	0	5567729	5
182539	0	5567732	4
182539	0	57443	5
182539	0	57444	3
182539	0	57447	5
182539	0	57448	3
182539	0	57449	5
182539	0	57450	1
182539	0	57452	5
182539	0	6037973	2
182539	0	6283807	1
182539	0	6596440	5
182539	0	6783449	2
182539	0	6816574	5
182539	0	6980965	5
182539	0	7085056	0
182539	0	7085057	1
182539	0	7154102	3
182539	0	721170	4
182539	0	7371255	5
182539	0	7371257	4
182539	0	7371259	4
182539	0	7371261	3
182539	0	7371262	3
182539	0	738025	3
182539	0	7459294	1
182539	0	7527837	5
182539	0	753037	0
182539	0	7542372	2
182539	0	7579347	3
182539	0	7583024	5
182539	0	7637811	2
182539	0	7640201	2
182539	0	7883763	4
182539	0	8008661	1
182539	0	80372	3
182539	0	8170703	1
182539	0	817162	0
182539	0	8299659	4
182539	0	8299661	2
182539	0	8299665	2
182539	0	8299668	4
182539	0	8349147	1
182539	0	8515182	5
182539	0	8598792	5
182539	0	8757178	4
182539	0	8757179	5
182539	0	8757180	5
182539	0	8757181	5
182539	0	8757182	5
182539	0	8757183	2
182539	0	8757184	5
182539	0	8811472	2
183378	0	1289489	5
183378	0	1289490	5
183378	0	1289494	1
183378	0	1289495	2
183378	0	1289496	5
183378	0	1289497	5
183378	0	1334801	0
183378	0	1334806	0
183378	0	1441060	0
183378	0	1730042	1
183378	0	1730858	1
183378	0	2040104	0
183378	0	2040111	0
183378	0	2095235	4
183378	0	2234245	4
183378	0	2352713	2
183378	0	2533256	4
183378	0	2635325	0
183378	0	2874543	5
183378	0	3093214	5
183378	0	3093215	3
183378	0	3093217	5
183378	0	3128362	4
183378	0	3185607	2
183378	0	3185611	5
183378	0	327908	3
183378	0	3389578	2
183378	0	3389579	3
183378	0	3389580	5
183378	0	3389581	4
183378	0	3389584	5
183378	0	3389585	2
183378	0	3867604	2
183378	0	3976830	1
183378	0	3987911	2
183378	0	4493913	3
183378	0	4493914	4
183378	0	4493915	5
183378	0	4493916	4
183378	0	4493917	3
183378	0	4493920	3
183378	0	4493921	2
183378	0	4493922	2
183378	0	4727412	2
183378	0	4727416	2
183378	0	4727417	3
183378	0	4727418	3
183378	0	4803847	5
183378	0	4803848	5
183378	0	4803850	1
183378	0	4803856	1
183378	0	4856305	1
183378	0	4935249	0
183378	0	4977773	2
183378	0	5460936	2
183378	0	5460937	2
183378	0	5460939	5
183378	0	5460941	1
183378	0	5534703	3
183378	0	5534707	5
183378	0	5534711	4
183378	0	5817927	5
183378	0	6109461	5
183378	0	6182925	0
183378	0	6182927	0
183378	0	6247405	4
183378	0	6548233	1
183378	0	6548235	1
183378	0	7014328	0
183378	0	7398706	5
183378	0	7448291	2
183378	0	7449743	2
183378	0	7449744	5
183378	0	7449748	5
183378	0	7449750	4
183378	0	7449751	2
183378	0	7449752	3
183378	0	749539	2
183378	0	749544	2
183378	0	7677975	5
183378	0	7920165	5
183378	0	8121375	4
183378	0	8121377	2
183378	0	8121380	1
183378	0	8507877	1
183378	0	8570256	4
183378	0	8570257	5
183378	0	8570258	5
183378	0	8570260	4
183378	0	8570261	4
183378	0	8570263	4
183378	0	8577213	1
183378	0	8577215	1
183378	0	8767240	2
183378	0	8767241	1
183378	0	8794302	2
183378	0	8794303	2
183378	0	8794304	5
183378	0	8794306	2
183378	0	8794308	2
19335	0	109062	1
19335	0	1143050	4
19335	0	1299461	2
19335	0	1374917	2
19335	0	1469573	5
19335	0	1504746	1
19335	0	1504747	1
19335	0	1504753	2
19335	0	161606	4
19335	0	1717015	5
19335	0	1720387	5
19335	0	1720388	2
19335	0	1720389	3
19335	0	1720393	1
19335	0	1720394	5
19335	0	1720395	5
19335	0	1720396	1
19335	0	1746951	1
19335	0	1905037	0
19335	0	211275	5
19335	0	2137748	0
19335	0	2250973	2
19335	0	2304004	1
19335	0	2304005	2
19335	0	2337477	0
19335	0	2459779	4
19335	0	2459780	2
19335	0	2459784	3
19335	0	284841	1
19335	0	284842	2
19335	0	2874497	5
19335	0	2874503	5
19335	0	3045565	2
19335	0	3045567	3
19335	0	3175484	5
19335	0	342431	2
19335	0	3445063	5
19335	0	354219	2
19335	0	3559593	0
19335	0	3559594	4
19335	0	3559596	1
19335	0	3615074	1
19335	0	3615077	5
19335	0	3615078	2
19335	0	3615079	4
19335	0	3615080	2
19335	0	3615083	2
19335	0	39115	0
19335	0	429851	3
19335	0	4480945	5
19335	0	4692186	2
19335	0	478232	5
19335	0	503739	5
19335	0	5051741	4
19335	0	5078863	1
19335	0	527690	5
19335	0	527692	5
19335	0	527697	3
19335	0	5508122	3
19335	0	5508123	2
19335	0	5711211	4
19335	0	5711219	3
19335	0	5806604	2
19335	0	5870000	0
19335	0	6238013	0
19335	0	6306223	2
19335	0	6452949	4
19335	0	6510257	4
19335	0	6512137	5
19335	0	6512144	5
19335	0	6568704	2
19335	0	677297	0
19335	0	677305	2
19335	0	6902384	1
19335	0	6902386	4
19335	0	6902389	3
19335	0	7042455	4
19335	0	7050803	2
19335	0	7122355	4
19335	0	7122361	5
19335	0	740715	1
19335	0	772225	5
19335	0	772227	2
19335	0	772234	5
19335	0	7856992	5
19335	0	8151642	2
19335	0	8231218	1
19335	0	8412681	5
19335	0	8412682	4
19335	0	8412683	3
19335	0	8412684	4
19335	0	8412685	4
19335	0	8522845	0
19335	0	8633126	3
19335	0	8635981	5
19335	0	8677296	2
19335	0	8828697	0
19335	0	8828698	1
19335	0	901326	2
19335	0	93557	5
207786	0	1002868	5
207786	0	1002869	5
207786	0	1025058	3
207786	0	1071464	2
207786	0	1081011	1
207786	0	1081015	2
207786	0	1085404	1
207786	0	1392579	5
207786	0	1392585	5
207786	0	1759929	5
207786	0	1915244	4
207786	0	1915245	5
207786	0	201711	2
207786	0	2051020	4
207786	0	2430036	3
207786	0	2457541	1
207786	0	2658594	1
207786	0	2763917	5
207786	0	2763922	3
207786	0	2861204	0
207786	0	2877168	3
207786	0	2998723	1
207786	0	2998726	3
207786	0	3000014	3
207786	0	3103885	0
207786	0	3221312	1
207786	0	3352521	2
207786	0	3357630	4
207786	0	3522830	1
207786	0	3632499	2
207786	0	3656958	4
207786	0	3773663	4
207786	0	3945573	1
207786	0	4218707	5
207786	0	4261224	4
207786	0	4322293	0
207786	0	4342505	2
207786	0	4486236	5
207786	0	4613065	5
207786	0	4672265	0
207786	0	4754014	2
207786	0	4908972	1
207786	0	4908977	1
207786	0	5160454	2
207786	0	5170147	2
207786	0	5175108	1
207786	0	5175112	4
207786	0	5175113	4
207786	0	5321444	2
207786	0	5365946	2
207786	0	5845832	2
207786	0	5845834	1
207786	0	6031623	2
207786	0	6031625	4
207786	0	6031627	3
207786	0	6031630	5
207786	0	6060398	0
207786	0	6133373	2
207786	0	6226371	1
207786	0	6226372	2
207786	0	6474685	5
207786	0	6736451	0
207786	0	6822431	3
207786	0	688489	1
207786	0	688493	0
207786	0	7016165	2
207786	0	7080032	2
207786	0	7124120	4
207786	0	7229816	3
207786	0	737802	2
207786	0	7413621	2
207786	0	7510472	5
207786	0	7599318	5
207786	0	7622406	0
207786	0	7639366	5
207786	0	7668314	1
207786	0	7777867	4
207786	0	7941579	5
207786	0	7969232	2
207786	0	8053029	3
207786	0	817177	5
207786	0	817180	5
207786	0	8185061	4
207786	0	8185063	2
207786	0	8185064	2
207786	0	8265334	2
207786	0	8273754	5
207786	0	8273755	4
207786	0	8273756	4
207786	0	8273757	4
207786	0	8273758	5
207786	0	8273759	5
207786	0	8273760	5
207786	0	8273761	5
207786	0	8273762	5
207786	0	8273763	5
207786	0	8367880	0
207786	0	8396587	2
207786	0	8461486	2
207786	0	8622991	0
264014	0	1610706	5
264014	0	1610707	5
264014	0	1610711	1
264014	0	1611213	0
264014	0	1804644	5
264014	0	2223171	2
264014	0	2228381	0
264014	0	2420367	2
264014	0	2438156	0
264014	0	2474340	2
264014	0	2474341	1
264014	0	2474342	4
264014	0	2474346	5
264014	0	2498165	0
264014	0	2498169	2
264014	0	2689662	3
264014	0	331931	3
264014	0	331932	3
264014	0	331934	2
264014	0	3338822	1
264014	0	3338825	5
264014	0	3338827	3
264014	0	3338828	2
264014	0	3372501	3
264014	0	3396076	5
264014	0	3577342	1
264014	0	3577343	1
264014	0	3577344	1
264014	0	3577345	2
264014	0	3577347	2
264014	0	3841908	3
264014	0	4259227	2
264014	0	447992	4
264014	0	4647186	5
264014	0	4687213	4
264014	0	4790255	2
264014	0	4834544	0
264014	0	4834547	5
264014	0	4834548	5
264014	0	5151339	5
264014	0	5269173	0
264014	0	528372	4
264014	0	528375	4
264014	0	528378	0
264014	0	528379	1
264014	0	528380	5
264014	0	5328095	2
264014	0	5506564	2
264014	0	5611210	2
264014	0	5611212	5
264014	0	5611218	4
264014	0	5611219	2
264014	0	5635515	5
264014	0	5635519	1
264014	0	5635521	1
264014	0	5816473	0
264014	0	5819142	3
264014	0	5819145	4
264014	0	58386	2
264014	0	5849270	1
264014	0	5849711	2
264014	0	5950718	5
264014	0	5950719	4
264014	0	5950720	1
264014	0	5950721	4
264014	0	5950722	4
264014	0	5950723	3
264014	0	5950725	0
264014	0	5950726	4
264014	0	6105566	5
264014	0	6105569	3
264014	0	6105571	2
264014	0	6105572	5
264014	0	6333839	2
264014	0	6334964	1
264014	0	6337909	1
264014	0	6413951	2
264014	0	6555321	2
264014	0	6555322	5
264014	0	6641238	5
264014	0	667686	4
264014	0	6791760	5
264014	0	684616	5
264014	0	684618	2
264014	0	684621	2
264014	0	7323467	2
264014	0	7323471	3
264014	0	7326934	4
264014	0	7326936	5
264014	0	8012101	5
264014	0	8193533	1
264014	0	8801661	4
264014	0	935825	4
264014	0	96851	5
264014	0	96852	2
264014	0	96855	2
264014	0	96856	0
264014	0	96857	5
264014	0	96858	5
264014	0	96859	1
359349	0	1394087	5
359349	0	15799	2
359349	0	15800	0
359349	0	15801	1
359349	0	15802	1
359349	0	15803	0
359349	0	15804	2
359349	0	15805	0
359349	0	15806	1
359349	0	15807	2
359349	0	15808	2
359349	0	1617442	1
359349	0	1622451	1
359349	0	1622452	3
359349	0	1622455	3
359349	0	1622457	2
359349	0	1622458	0
359349	0	1830512	5
359349	0	1830516	5
359349	0	1830517	5
359349	0	1979833	2
359349	0	2293820	5
359349	0	2444686	4
359349	0	2444689	4
359349	0	2826510	5
359349	0	2826512	5
359349	0	3176540	0
359349	0	3176543	3
359349	0	3176544	4
359349	0	3176548	0
359349	0	3193824	5
359349	0	3215625	2
359349	0	3223831	5
359349	0	3223833	5
359349	0	3900185	5
359349	0	4013723	5
359349	0	4020470	5
359349	0	4020477	5
359349	0	4087265	2
359349	0	4344092	3
359349	0	4344093	2
359349	0	4344098	2
359349	0	4344099	2
359349	0	4344100	3
359349	0	4344101	2
359349	0	4474866	4
359349	0	4474872	2
359349	0	457673	5
359349	0	4624153	4
359349	0	4881617	3
359349	0	5151802	2
359349	0	5155586	1
359349	0	5219970	1
359349	0	5219971	0
359349	0	5219972	4
359349	0	5219976	2
359349	0	5219977	2
359349	0	5345720	4
359349	0	5615181	5
359349	0	5615187	3
359349	0	576627	5
359349	0	576628	5
359349	0	576629	5
359349	0	576635	1
359349	0	5773713	2
359349	0	5773714	2
359349	0	5773715	1
359349	0	5773716	1
359349	0	5773717	1
359349	0	5773718	0
359349	0	5773719	0
359349	0	5806105	4
359349	0	5806106	4
359349	0	5806110	2
359349	0	6108721	5
359349	0	6113310	3
359349	0	6113313	1
359349	0	6113314	1
359349	0	6113317	1
359349	0	6213658	1
359349	0	6226414	2
359349	0	6440028	2
359349	0	6440029	2
359349	0	68647	5
359349	0	68648	5
359349	0	68649	5
359349	0	68650	4
359349	0	68653	4
359349	0	68654	2
359349	0	6873860	3
359349	0	7062671	4
359349	0	7579883	4
359349	0	7857634	2
359349	0	7857635	0
359349	0	8058867	4
359349	0	8058868	3
359349	0	8058873	5
359349	0	8167113	4
359349	0	8748954	2
359349	0	943229	5
405717	0	1589738	5
405717	0	1619423	1
405717	0	1849743	4
405717	0	2125641	5
405717	0	2365659	4
405717	0	2365660	1
405717	0	2365661	3
405717	0	2365662	5
405717	0	2365663	5
405717	0	2365664	5
405717	0	2365665	4
405717	0	2616168	0
405717	0	2642838	4
405717	0	2702419	3
405717	0	2702423	3
405717	0	273851	5
405717	0	2747484	4
405717	0	2747485	5
405717	0	2747486	5
405717	0	2747488	5
405717	0	2747489	2
405717	0	2747491	2
405717	0	2747492	3
405717	0	2768521	4
405717	0	28368	2
405717	0	28372	2
405717	0	2879960	1
405717	0	3033900	4
405717	0	3033903	2
405717	0	3033904	2
405717	0	3040883	1
405717	0	3274915	5
405717	0	3274918	5
405717	0	3514259	5
405717	0	3986303	2
405717	0	3986305	2
405717	0	3986306	1
405717	0	3986307	1
405717	0	3986308	1
405717	0	3986309	0
405717	0	4232833	4
405717	0	4326699	0
405717	0	4432155	5
405717	0	4489661	4
405717	0	4489666	1
405717	0	4577231	0
405717	0	4704973	4
405717	0	4704975	4
405717	0	4704978	2
405717	0	4776926	2
405717	0	4776928	5
405717	0	4828118	5
405717	0	5079482	4
405717	0	5615458	1
405717	0	5638740	2
405717	0	5668741	2
405717	0	5690233	2
405717	0	5690234	2
405717	0	5690237	2
405717	0	5857562	1
405717	0	5857570	2
405717	0	6019053	0
405717	0	6419725	2
405717	0	6654652	0
405717	0	6654655	5
405717	0	6654658	2
405717	0	6741362	3
405717	0	6786303	0
405717	0	6786304	2
405717	0	702383	5
405717	0	702386	5
405717	0	7170624	1
405717	0	7170625	1
405717	0	7170626	5
405717	0	7170629	2
405717	0	7170630	5
405717	0	7170631	1
405717	0	7201359	0
405717	0	7201361	0
405717	0	7288991	4
405717	0	7288996	5
405717	0	7447941	5
405717	0	7447942	2
405717	0	7447943	5
405717	0	758581	2
405717	0	758582	3
405717	0	758585	4
405717	0	758586	3
405717	0	7589975	2
405717	0	7728831	3
405717	0	7896211	2
405717	0	7896212	4
405717	0	8156519	1
405717	0	8433852	5
405717	0	8433854	5
405717	0	8433856	2
405717	0	8433858	3
405717	0	846414	1
405717	0	8610271	0
405717	0	931517	3
443396	0	1055834	4
443396	0	1091614	2
443396	0	1109130	3
443396	0	1135750	1
443396	0	1135751	2
443396	0	1135755	1
443396	0	1135757	2
443396	0	119472	2
443396	0	144709	2
443396	0	1465664	5
443396	0	1465667	5
443396	0	153028	3
443396	0	1843486	0
443396	0	1852809	5
443396	0	1871319	2
443396	0	2320321	1
443396	0	2320326	1
443396	0	2373504	5
443396	0	2490482	5
443396	0	2490486	4
443396	0	2638080	1
443396	0	2638081	4
443396	0	2638083	1
443396	0	2654155	3
443396	0	2976738	1
443396	0	2976740	1
443396	0	2976741	3
443396	0	3051074	1
443396	0	3103994	4
443396	0	3103995	4
443396	0	3256971	5
443396	0	3256974	3
443396	0	3323246	2
443396	0	3440850	5
443396	0	3617221	5
443396	0	3617225	3
443396	0	368001	3
443396	0	3721948	5
443396	0	388377	0
443396	0	4041358	2
443396	0	4041361	4
443396	0	4052112	5
443396	0	4205261	4
443396	0	4205264	5
443396	0	4249536	2
443396	0	4511531	5
443396	0	4526747	4
443396	0	456706	2
443396	0	456708	5
443396	0	456710	5
443396	0	4638554	4
443396	0	4699180	2
443396	0	4699186	2
443396	0	4792649	2
443396	0	4792652	4
443396	0	4792656	0
443396	0	4825928	0
443396	0	5048837	2
443396	0	5048838	5
443396	0	5048839	5
443396	0	5053511	5
443396	0	5065439	1
443396	0	519921	2
443396	0	5248151	4
443396	0	5404322	0
443396	0	5413103	0
443396	0	5710712	0
443396	0	6168530	0
443396	0	6361505	1
443396	0	6361506	0
443396	0	6361507	1
443396	0	6370531	5
443396	0	6471277	2
443396	0	6471278	2
443396	0	6643320	2
443396	0	7026006	2
443396	0	7422742	5
443396	0	7579047	3
443396	0	7620276	2
443396	0	7620278	0
443396	0	7620279	1
443396	0	7792897	2
443396	0	7890878	2
443396	0	7890882	2
443396	0	8079039	4
443396	0	8079042	2
443396	0	8079043	5
443396	0	8079046	4
443396	0	8171402	3
443396	0	8407794	4
443396	0	8416862	2
443396	0	8491981	3
443396	0	8536118	5
443396	0	8536121	5
443396	0	8536122	5
443396	0	8536123	5
443396	0	8769490	1
443396	0	8793491	5
443396	0	953826	4
443396	0	953827	1
451602	0	103184	5
451602	0	1078132	2
451602	0	1078133	2
451602	0	1078134	2
451602	0	1078138	2
451602	0	1094138	5
451602	0	1094139	5
451602	0	127533	1
451602	0	1277286	2
451602	0	1277290	3
451602	0	1277294	0
451602	0	1302756	5
451602	0	1640289	4
451602	0	1897982	4
451602	0	2084909	5
451602	0	2176450	3
451602	0	2176453	3
451602	0	2176455	3
451602	0	2176459	5
451602	0	2244875	1
451602	0	2618829	5
451602	0	2756872	4
451602	0	2796552	5
451602	0	2922141	1
451602	0	2922145	0
451602	0	3052117	1
451602	0	3090664	0
451602	0	3090666	0
451602	0	3090667	4
451602	0	3090670	0
451602	0	3177691	5
451602	0	3177694	1
451602	0	3177699	4
451602	0	3177700	2
451602	0	3371383	1
451602	0	3493825	1
451602	0	370081	2
451602	0	3790251	5
451602	0	4345752	1
451602	0	4453605	2
451602	0	4453606	5
451602	0	4487185	0
451602	0	4495080	4
451602	0	4874640	2
451602	0	4874645	2
451602	0	5053852	2
451602	0	5179251	5
451602	0	5211036	2
451602	0	5475308	5
451602	0	5475312	3
451602	0	5538936	5
451602	0	5538937	5
451602	0	5538938	5
451602	0	5538942	5
451602	0	5655693	4
451602	0	6132119	0
451602	0	6286973	2
451602	0	6286974	3
451602	0	6286975	4
451602	0	6286976	3
451602	0	6286977	2
451602	0	6286978	1
451602	0	6286979	5
451602	0	6286980	5
451602	0	6286982	4
451602	0	6618756	2
451602	0	6697739	2
451602	0	7315074	0
451602	0	7792100	5
451602	0	7800959	5
451602	0	7800962	2
451602	0	7804169	5
451602	0	7859334	4
451602	0	8019873	0
451602	0	8033470	4
451602	0	8033471	1
451602	0	8033472	2
451602	0	8033474	1
451602	0	8214451	1
451602	0	8214452	2
451602	0	8383461	4
451602	0	8383462	2
451602	0	8383465	2
451602	0	8383466	2
451602	0	8390518	4
451602	0	8390523	0
451602	0	8390525	4
451602	0	8390526	2
451602	0	8408575	1
451602	0	8485130	4
451602	0	8485136	1
451602	0	8540470	5
451602	0	8540473	5
451602	0	8621776	3
451602	0	8742537	2
451602	0	8787234	5
451602	0	927578	3
451602	0	96222	3
451602	0	96229	2
451602	0	998695	1
47923	0	1488918	2
47923	0	1681331	5
47923	0	1681332	5
47923	0	1681334	5
47923	0	1681336	5
47923	0	1681337	3
47923	0	1681338	5
47923	0	1681339	5
47923	0	1681340	5
47923	0	1827449	4
47923	0	1827452	3
47923	0	1868437	4
47923	0	2284128	3
47923	0	2284134	2
47923	0	2408264	2
47923	0	2477210	1
47923	0	2508227	1
47923	0	2569321	1
47923	0	2670112	2
47923	0	2699736	2
47923	0	2831042	2
47923	0	3348834	4
47923	0	3348838	4
47923	0	3520777	3
47923	0	3630935	1
47923	0	3688361	0
47923	0	3883230	1
47923	0	3986046	2
47923	0	4064327	0
47923	0	4064328	0
47923	0	4119528	2
47923	0	4148055	0
47923	0	4148063	0
47923	0	4257345	1
47923	0	4297620	5
47923	0	4416477	1
47923	0	4525880	4
47923	0	4652795	5
47923	0	473807	5
47923	0	473809	5
47923	0	5032362	4
47923	0	5055000	2
47923	0	5147526	4
47923	0	5147527	2
47923	0	5147529	2
47923	0	525507	0
47923	0	525511	2
47923	0	525513	0
47923	0	5282403	1
47923	0	5310902	3
47923	0	5417578	1
47923	0	5417579	1
47923	0	5417580	2
47923	0	5417581	1
47923	0	5417582	5
47923	0	5595916	2
47923	0	5898846	3
47923	0	5966643	2
47923	0	5966644	0
47923	0	6067090	2
47923	0	6111296	2
47923	0	618556	3
47923	0	6191	3
47923	0	6210760	1
47923	0	6222131	1
47923	0	6241147	5
47923	0	6241148	5
47923	0	6241150	5
47923	0	6241151	5
47923	0	6241152	4
47923	0	6241153	5
47923	0	6241154	5
47923	0	6272906	1
47923	0	6626703	2
47923	0	6626705	1
47923	0	6643066	5
47923	0	6919836	3
47923	0	7038128	0
47923	0	7137895	0
47923	0	727614	2
47923	0	7417276	3
47923	0	766019	4
47923	0	7747055	2
47923	0	7936847	2
47923	0	8216702	4
47923	0	829484	2
47923	0	8327407	4
47923	0	8348762	4
47923	0	8418678	4
47923	0	8418679	2
47923	0	8418681	5
47923	0	8418683	4
47923	0	8418686	5
47923	0	8421421	2
47923	0	8619129	2
47923	0	8641104	4
47923	0	8641106	5
47923	0	8641107	5
47923	0	913042	5
47923	0	986177	5
489204	0	1051498	4
489204	0	113238	5
489204	0	114148	4
489204	0	1225589	4
489204	0	1225591	5
489204	0	1228655	2
489204	0	1231677	5
489204	0	1276947	5
489204	0	1310103	0
489204	0	1360627	5
489204	0	136257	1
489204	0	139999	4
489204	0	1418931	2
489204	0	1430550	5
489204	0	1479542	5
489204	0	152948	0
489204	0	152954	4
489204	0	1538587	5
489204	0	1759354	2
489204	0	1759358	0
489204	0	1778458	4
489204	0	185678	5
489204	0	1897210	2
489204	0	1950269	1
489204	0	1950273	1
489204	0	2163701	2
489204	0	216490	5
489204	0	216492	2
489204	0	2268651	2
489204	0	2268652	4
489204	0	2268656	1
489204	0	2959687	0
489204	0	3053140	2
489204	0	3438216	5
489204	0	35919	3
489204	0	3608625	4
489204	0	3608627	3
489204	0	3728445	4
489204	0	385083	5
489204	0	4029846	1
489204	0	4088951	4
489204	0	4142348	0
489204	0	416864	2
489204	0	4279451	1
489204	0	4279453	5
489204	0	430274	3
489204	0	4387756	2
489204	0	4586570	5
489204	0	4917996	0
489204	0	4917998	2
489204	0	4929960	1
489204	0	533017	5
489204	0	5629373	5
489204	0	5709655	4
489204	0	5815957	4
489204	0	5895917	5
489204	0	6084785	5
489204	0	6087663	3
489204	0	6087666	2
489204	0	6087671	1
489204	0	6327174	5
489204	0	6327175	5
489204	0	6327177	3
489204	0	6327181	1
489204	0	6362205	3
489204	0	6542578	2
489204	0	6652051	3
489204	0	6652052	2
489204	0	678245	2
489204	0	6976143	4
489204	0	7008875	2
489204	0	7108296	3
489204	0	7113153	2
489204	0	7116533	5
489204	0	750066	1
489204	0	753265	2
489204	0	7564977	2
489204	0	7564980	0
489204	0	7734612	1
489204	0	7923800	2
489204	0	8055356	4
489204	0	8376906	0
489204	0	8376910	1
489204	0	8463820	5
489204	0	8463823	5
489204	0	855963	5
489204	0	855967	1
489204	0	855968	0
489204	0	855969	0
489204	0	855972	3
489204	0	8594271	1
489204	0	8594272	3
489204	0	8594273	2
489204	0	8594277	1
489204	0	8594280	2
489204	0	872467	5
489204	0	8737051	4
489204	0	8737053	2
489204	0	8781574	2
489204	0	973923	2
490595	0	1044147	2
490595	0	1160847	5
490595	0	1194055	1
490595	0	1194060	3
490595	0	1288938	2
490595	0	1288939	1
490595	0	1288940	3
490595	0	1288942	5
490595	0	1288943	3
490595	0	1288946	3
490595	0	1473259	4
490595	0	1652460	5
490595	0	1707412	0
490595	0	1929910	5
490595	0	1929911	5
490595	0	1929913	1
490595	0	2433509	0
490595	0	2788470	2
490595	0	2850740	2
490595	0	3572695	4
490595	0	3572701	2
490595	0	3595607	0
490595	0	3833407	5
490595	0	3833409	1
490595	0	3833413	2
490595	0	3833414	2
490595	0	3937195	2
490595	0	3937196	2
490595	0	3937197	4
490595	0	3937200	3
490595	0	3937201	2
490595	0	3937202	1
490595	0	3937203	4
490595	0	3937204	2
490595	0	4082315	0
490595	0	4292443	2
490595	0	4604269	0
490595	0	4737059	5
490595	0	4737060	5
490595	0	4737061	3
490595	0	4737062	2
490595	0	4737063	5
490595	0	4737064	3
490595	0	4737065	5
490595	0	4737066	5
490595	0	4737067	2
490595	0	4737068	4
490595	0	4763065	0
490595	0	4763066	2
490595	0	4763068	2
490595	0	4763070	1
490595	0	4763071	1
490595	0	4771671	1
490595	0	4842889	5
490595	0	4842890	5
490595	0	4842891	5
490595	0	4842894	3
490595	0	4842895	1
490595	0	4842896	5
490595	0	4842897	3
490595	0	5112294	4
490595	0	5128293	0
490595	0	5247992	2
490595	0	5247994	1
490595	0	5247999	4
490595	0	5248000	5
490595	0	526093	2
490595	0	5359208	2
490595	0	5359212	2
490595	0	5359213	4
490595	0	549465	5
490595	0	549466	4
490595	0	5633627	2
490595	0	5633631	2
490595	0	6045591	5
490595	0	6412650	2
490595	0	6686784	5
490595	0	6742119	5
490595	0	6976956	1
490595	0	6976960	0
490595	0	7045861	0
490595	0	7174984	0
490595	0	7340532	4
490595	0	7422680	1
490595	0	7839904	4
490595	0	7839906	5
490595	0	7839908	4
490595	0	7839911	1
490595	0	7968900	1
490595	0	805046	5
490595	0	805047	2
490595	0	805048	4
490595	0	805050	3
490595	0	805051	5
490595	0	805052	2
490595	0	829387	1
490595	0	8485139	5
490595	0	8485140	4
490595	0	8485141	4
490595	0	903932	5
527433	0	1000485	2
527433	0	1164207	0
527433	0	1212783	2
527433	0	1212787	4
527433	0	1251480	2
527433	0	126710	0
527433	0	1379237	5
527433	0	1379238	3
527433	0	1379239	5
527433	0	1379240	5
527433	0	1379245	4
527433	0	1404580	2
527433	0	1511548	5
527433	0	1511549	0
527433	0	1511551	4
527433	0	1511553	5
527433	0	1511556	2
527433	0	1664518	4
527433	0	1664521	4
527433	0	1664523	5
527433	0	1664659	4
527433	0	1753604	2
527433	0	2045580	5
527433	0	2331989	2
527433	0	2496224	2
527433	0	2496227	2
527433	0	2565413	2
527433	0	2567334	1
527433	0	269422	3
527433	0	269423	1
527433	0	269425	4
527433	0	269426	4
527433	0	269428	1
527433	0	269429	2
527433	0	269430	2
527433	0	2722036	4
527433	0	2773789	2
527433	0	291606	1
527433	0	2931558	2
527433	0	2931562	2
527433	0	3224400	1
527433	0	3294599	5
527433	0	3774357	3
527433	0	3774358	4
527433	0	3774360	3
527433	0	3786813	1
527433	0	3835729	5
527433	0	3835730	2
527433	0	3973285	3
527433	0	4046875	1
527433	0	4064457	3
527433	0	4351170	4
527433	0	4351179	0
527433	0	4402991	0
527433	0	4402992	2
527433	0	4402995	3
527433	0	4958693	0
527433	0	5295980	1
527433	0	5466807	5
527433	0	5466809	1
527433	0	5466810	2
527433	0	547444	4
527433	0	5479502	1
527433	0	5603298	4
527433	0	5603305	0
527433	0	5672170	5
527433	0	5690943	1
527433	0	5839266	4
527433	0	6038397	2
527433	0	6038411	3
527433	0	6186391	3
527433	0	6186393	5
527433	0	6186394	0
527433	0	6186395	4
527433	0	6214994	1
527433	0	6214995	0
527433	0	6215001	5
527433	0	6398041	5
527433	0	6498113	1
527433	0	653101	5
527433	0	729489	3
527433	0	7336435	2
527433	0	7514088	1
527433	0	7514090	1
527433	0	7607669	5
527433	0	7799466	5
527433	0	7904112	5
527433	0	8306449	5
527433	0	8306450	5
527433	0	8306451	2
527433	0	8371764	2
527433	0	8617267	5
527433	0	8617269	2
527433	0	8617270	0
527433	0	8617271	5
527433	0	8617273	2
527433	0	8617274	2
527433	0	8617276	5
527433	0	8827925	5
527433	0	8827928	5
573724	0	1005335	1
573724	0	1005338	1
573724	0	1005341	2
573724	0	104856	1
573724	0	1165128	2
573724	0	1165129	5
573724	0	1293333	2
573724	0	1509940	3
573724	0	1509942	5
573724	0	1509944	3
573724	0	162151	5
573724	0	1648007	2
573724	0	1816038	5
573724	0	2002448	1
573724	0	2133806	4
573724	0	2186124	2
573724	0	2417985	0
573724	0	2635262	5
573724	0	305009	1
573724	0	3059590	4
573724	0	3059593	4
573724	0	3146236	2
573724	0	3146238	4
573724	0	3146240	4
573724	0	3365631	4
573724	0	3365632	5
573724	0	3365633	4
573724	0	3365634	0
573724	0	3365635	4
573724	0	3365636	5
573724	0	3365638	5
573724	0	3365640	0
573724	0	3492364	2
573724	0	3546092	1
573724	0	3617636	2
573724	0	394136	5
573724	0	394138	2
573724	0	394139	2
573724	0	394141	2
573724	0	394142	5
573724	0	4017883	2
573724	0	41433	2
573724	0	4360246	2
573724	0	4853172	0
573724	0	5047796	5
573724	0	5185664	3
573724	0	5185671	2
573724	0	5310530	5
573724	0	5339620	5
573724	0	5384308	1
573724	0	5721829	5
573724	0	5721831	4
573724	0	5962420	0
573724	0	5962423	5
573724	0	5962424	0
573724	0	5962425	0
573724	0	5962426	2
573724	0	5962427	2
573724	0	5962428	2
573724	0	6121093	1
573724	0	6496777	3
573724	0	6776717	5
573724	0	7104825	5
573724	0	7104826	5
573724	0	7104827	0
573724	0	7134411	1
573724	0	7199667	2
573724	0	7199669	5
573724	0	7199672	3
573724	0	7199673	5
573724	0	7199674	1
573724	0	7199675	1
573724	0	7275118	0
573724	0	7384327	0
573724	0	7384329	1
573724	0	7384331	3
573724	0	7384332	4
573724	0	7530702	2
573724	0	7609926	4
573724	0	7609927	4
573724	0	7609928	3
573724	0	7609929	1
573724	0	7609930	4
573724	0	7609932	3
573724	0	7674858	2
573724	0	7674859	5
573724	0	7964601	3
573724	0	8047166	2
573724	0	8441637	4
573724	0	8441642	5
573724	0	8444727	2
573724	0	8444728	3
573724	0	87400	2
573724	0	87402	1
573724	0	87404	2
573724	0	87405	5
573724	0	87409	4
573724	0	8833192	5
573724	0	8833194	5
573724	0	8833199	1
833860	0	1060356	1
833860	0	115142	1
833860	0	1187661	2
833860	0	1361867	2
833860	0	1501736	5
833860	0	1579406	0
833860	0	1889863	4
833860	0	2022688	5
833860	0	2192806	1
833860	0	2192812	1
833860	0	2206194	5
833860	0	2206195	5
833860	0	2206196	5
833860	0	2206197	4
833860	0	2206200	4
833860	0	2206201	1
833860	0	223308	0
833860	0	2626241	2
833860	0	2626244	1
833860	0	2626245	2
833860	0	2702357	4
833860	0	2792242	3
833860	0	3087477	2
833860	0	3087481	3
833860	0	3087483	1
833860	0	3394881	0
833860	0	3437281	5
833860	0	3437283	2
833860	0	3437284	2
833860	0	3437285	4
833860	0	3437286	4
833860	0	3437288	5
833860	0	3437289	2
833860	0	3437290	4
833860	0	3716920	2
833860	0	4287221	0
833860	0	4857585	1
833860	0	4881964	1
833860	0	4881965	5
833860	0	4897785	2
833860	0	4983652	3
833860	0	5012384	5
833860	0	5012386	5
833860	0	5167510	5
833860	0	5167512	3
833860	0	5167513	5
833860	0	5167518	4
833860	0	5268871	1
833860	0	5652528	1
833860	0	5832657	5
833860	0	5832662	3
833860	0	596153	4
833860	0	6083481	1
833860	0	6182015	0
833860	0	6182018	0
833860	0	6182019	0
833860	0	6182021	0
833860	0	6182023	0
833860	0	6218032	5
833860	0	6218040	4
833860	0	6230220	5
833860	0	6230221	5
833860	0	6230222	4
833860	0	6230223	5
833860	0	6230224	2
833860	0	6230225	5
833860	0	6230226	5
833860	0	6230227	4
833860	0	6230228	3
833860	0	6230229	2
833860	0	6292957	5
833860	0	6301693	4
833860	0	6621549	0
833860	0	6748422	3
833860	0	6812180	2
833860	0	6875877	3
833860	0	68820	4
833860	0	6943598	2
833860	0	6943600	2
833860	0	7038170	5
833860	0	7061642	1
833860	0	756914	1
833860	0	756916	2
833860	0	756921	2
833860	0	767542	2
833860	0	7706738	2
833860	0	7944293	2
833860	0	8025159	2
833860	0	8068230	2
833860	0	8068233	2
833860	0	8280714	2
833860	0	8280717	2
833860	0	8344031	5
833860	0	8494105	3
833860	0	8679932	5
833860	0	8697642	1
833860	0	8833502	5
833860	0	8833504	3
833860	0	8833506	4
833860	0	8833509	5
855410	0	107007	4
855410	0	1094085	2
855410	0	1094091	5
855410	0	1313943	1
855410	0	1375118	2
855410	0	1599285	5
855410	0	1775897	5
855410	0	1775900	2
855410	0	1775902	4
855410	0	1824271	4
855410	0	1824273	3
855410	0	1824274	2
855410	0	1824277	5
855410	0	1824278	3
855410	0	1824280	2
855410	0	1997187	5
855410	0	2117094	5
855410	0	2254122	1
855410	0	235313	0
855410	0	2450686	5
855410	0	2499351	4
855410	0	2499352	1
855410	0	2499353	0
855410	0	2499355	5
855410	0	2890365	5
855410	0	317307	0
855410	0	3201479	0
855410	0	3201482	1
855410	0	3269002	1
855410	0	3319653	3
855410	0	369512	4
855410	0	369516	1
855410	0	3723410	3
855410	0	3723411	4
855410	0	3723412	4
855410	0	3723413	4
855410	0	3723414	2
855410	0	3723415	2
855410	0	3823238	2
855410	0	3946561	0
855410	0	4084193	1
855410	0	4084196	2
855410	0	4103170	5
855410	0	4235939	2
855410	0	4235940	2
855410	0	4235942	2
855410	0	4554620	3
855410	0	4554623	1
855410	0	4624463	0
855410	0	4698704	0
855410	0	4788327	2
855410	0	4788330	1
855410	0	4980050	5
855410	0	5006079	1
855410	0	5053561	4
855410	0	5321528	3
855410	0	5321529	4
855410	0	5465915	2
855410	0	5723210	2
855410	0	5743663	0
855410	0	5757274	1
855410	0	5962462	2
855410	0	5979006	2
855410	0	5979009	1
855410	0	5988607	0
855410	0	5988611	0
855410	0	6167255	2
855410	0	6167256	2
855410	0	6385724	5
855410	0	6481239	5
855410	0	6593281	5
855410	0	6593283	5
855410	0	6658891	2
855410	0	6773738	1
855410	0	681984	2
855410	0	681985	2
855410	0	681993	4
855410	0	6942176	5
855410	0	7115215	4
855410	0	7710944	3
855410	0	8157624	5
855410	0	8157627	4
855410	0	8271172	3
855410	0	8543392	3
855410	0	862689	4
855410	0	862691	2
855410	0	862695	1
855410	0	8645167	5
855410	0	8651770	5
855410	0	8651771	5
855410	0	8651772	5
855410	0	8651773	5
855410	0	8651775	5
855410	0	8651776	5
855410	0	8671032	2
855410	0	8671033	2
855410	0	8776511	1
855410	0	8776516	3
855410	0	8776519	5
855410	0	902854	4
87181	0	1059517	2
87181	0	1179100	3
87181	0	123547	2
87181	0	1346115	2
87181	0	1700168	5
87181	0	1856235	2
87181	0	1856241	2
87181	0	1950525	4
87181	0	1950526	5
87181	0	1950532	5
87181	0	1961300	2
87181	0	1992881	4
87181	0	2024860	3
87181	0	2307974	4
87181	0	2307979	2
87181	0	2310764	2
87181	0	2530227	5
87181	0	2530252	1
87181	0	2530257	5
87181	0	2556149	0
87181	0	2556151	3
87181	0	2922857	1
87181	0	2986227	5
87181	0	2986231	1
87181	0	3198047	5
87181	0	3216315	2
87181	0	3914970	5
87181	0	4632251	4
87181	0	4639455	4
87181	0	4689523	5
87181	0	4689524	2
87181	0	4689525	4
87181	0	47203	0
87181	0	47206	0
87181	0	47207	2
87181	0	47210	0
87181	0	4786305	5
87181	0	5103077	4
87181	0	5103082	4
87181	0	5197130	0
87181	0	5197133	0
87181	0	5197135	2
87181	0	5469038	5
87181	0	5497677	5
87181	0	5531010	1
87181	0	5676026	2
87181	0	5753301	3
87181	0	5758954	4
87181	0	5899049	4
87181	0	6029788	3
87181	0	6055562	3
87181	0	6129695	2
87181	0	6222600	2
87181	0	6262331	2
87181	0	6484575	5
87181	0	6484576	5
87181	0	6484577	4
87181	0	6521360	1
87181	0	6521366	5
87181	0	6685092	5
87181	0	6774305	2
87181	0	6969187	3
87181	0	7057928	2
87181	0	7112964	4
87181	0	7112968	4
87181	0	742425	5
87181	0	7504775	0
87181	0	7586365	4
87181	0	7666828	0
87181	0	7666831	0
87181	0	8037179	2
87181	0	8037182	3
87181	0	8082516	2
87181	0	8151922	1
87181	0	8151926	3
87181	0	8165398	4
87181	0	8165401	5
87181	0	8165403	0
87181	0	8165404	1
87181	0	8332546	5
87181	0	8332547	5
87181	0	8332548	1
87181	0	8332550	5
87181	0	8332555	3
87181	0	8356380	2
87181	0	8476330	1
87181	0	8522403	2
87181	0	8534130	5
87181	0	8534134	5
87181	0	8534135	2
87181	0	8534136	1
87181	0	8565420	5
87181	0	8614359	1
87181	0	8614360	1
87181	0	8664069	1
87181	0	8683178	1
87181	0	8683181	1
87181	0	8683183	2
87181	0	8683185	5
87181	0	8738510	2
87452	0	1118401	1
87452	0	1395625	4
87452	0	1395631	2
87452	0	1528487	4
87452	0	164968	0
87452	0	1689964	1
87452	0	1733684	0
87452	0	1749882	2
87452	0	186931	3
87452	0	186939	5
87452	0	1890450	2
87452	0	1890452	4
87452	0	1895985	2
87452	0	1895989	1
87452	0	2026774	0
87452	0	2026777	1
87452	0	2205470	1
87452	0	2312984	5
87452	0	2624886	5
87452	0	2740337	2
87452	0	335702	2
87452	0	3613927	2
87452	0	3732121	1
87452	0	3732898	1
87452	0	3809015	1
87452	0	3841122	0
87452	0	4008486	4
87452	0	4008495	5
87452	0	4307932	5
87452	0	4307935	3
87452	0	4307936	2
87452	0	434339	0
87452	0	4496461	1
87452	0	4502595	1
87452	0	4634899	5
87452	0	4634900	3
87452	0	4634903	3
87452	0	4866237	5
87452	0	4866238	4
87452	0	4872055	4
87452	0	4993648	3
87452	0	5052039	2
87452	0	5219890	2
87452	0	5268236	1
87452	0	5286924	5
87452	0	5296736	4
87452	0	5299878	1
87452	0	5732048	1
87452	0	5746164	5
87452	0	5746165	2
87452	0	5746167	2
87452	0	5751686	2
87452	0	5851090	5
87452	0	5851095	4
87452	0	6018160	5
87452	0	6018161	1
87452	0	6018162	5
87452	0	6018163	5
87452	0	6018164	5
87452	0	6018166	4
87452	0	6018167	3
87452	0	6018168	5
87452	0	6018169	2
87452	0	7166749	0
87452	0	7208274	0
87452	0	7304545	4
87452	0	7641652	4
87452	0	764761	0
87452	0	7843982	3
87452	0	7843984	2
87452	0	7897960	0
87452	0	7965004	5
87452	0	7965005	5
87452	0	7965011	5
87452	0	8055174	5
87452	0	8126315	2
87452	0	8152222	5
87452	0	8152225	2
87452	0	8152226	3
87452	0	8213478	5
87452	0	8333912	5
87452	0	8333919	2
87452	0	8333920	4
87452	0	8333921	5
87452	0	8422895	0
87452	0	8436571	4
87452	0	8436572	2
87452	0	8436573	3
87452	0	8436574	1
87452	0	8436575	2
87452	0	8436576	4
87452	0	8436578	2
87452	0	8436579	2
87452	0	8436580	2
87452	0	8819111	2
87452	0	8819112	5
87452	0	8819113	4
87452	0	8819114	3
87452	0	8819116	2
87452	0	994547	5
915593	0	1033076	3
915593	0	1396701	3
915593	0	1396702	3
915593	0	1396705	2
915593	0	1396707	0
915593	0	1396708	2
915593	0	1772930	5
915593	0	1972028	4
915593	0	210379	0
915593	0	2210590	4
915593	0	2210592	5
915593	0	2210593	5
915593	0	2210594	2
915593	0	2210595	2
915593	0	2210597	2
915593	0	2744909	0
915593	0	2755128	2
915593	0	275726	5
915593	0	2915475	2
915593	0	2923501	1
915593	0	3037814	2
915593	0	3069419	1
915593	0	3069424	2
915593	0	3357360	2
915593	0	3375966	1
915593	0	3523599	1
915593	0	3523602	1
915593	0	3538159	1
915593	0	3538160	5
915593	0	3538161	1
915593	0	3538162	0
915593	0	3538163	5
915593	0	3538164	5
915593	0	3538165	2
915593	0	3538166	4
915593	0	3538168	3
915593	0	3573473	3
915593	0	3573477	2
915593	0	3573479	4
915593	0	3581431	0
915593	0	3930156	0
915593	0	3991910	4
915593	0	4566815	1
915593	0	4566816	2
915593	0	4566818	5
915593	0	4566819	4
915593	0	4566822	3
915593	0	4566823	2
915593	0	4691129	4
915593	0	4834226	4
915593	0	4998398	4
915593	0	5774009	2
915593	0	5931262	4
915593	0	5931553	3
915593	0	6761340	2
915593	0	6761341	5
915593	0	6761344	5
915593	0	6761346	1
915593	0	6761348	2
915593	0	6923051	1
915593	0	6923052	4
915593	0	6923054	0
915593	0	7709320	5
915593	0	7742098	3
915593	0	7837084	2
915593	0	7837086	0
915593	0	7861751	4
915593	0	7861755	5
915593	0	8002852	2
915593	0	8029524	5
915593	0	8029525	5
915593	0	8029527	5
915593	0	8029530	5
915593	0	8029531	4
915593	0	8029532	1
915593	0	8029533	2
915593	0	8103068	1
915593	0	8178996	5
915593	0	8178998	5
915593	0	8178999	1
915593	0	8179001	2
915593	0	82105	3
915593	0	82106	5
915593	0	82107	5
915593	0	82108	5
915593	0	82109	0
915593	0	82110	5
915593	0	82111	2
915593	0	82113	5
915593	0	82114	2
915593	0	8275207	4
915593	0	8402969	2
915593	0	8402970	3
915593	0	8402971	5
915593	0	8402972	5
915593	0	8420020	4
915593	0	8455302	1
915593	0	8455306	2
915593	0	8681775	0
915593	0	924855	1
962179	0	1645080	4
962179	0	1645087	4
962179	0	1882903	3
962179	0	2017001	2
962179	0	2017003	2
962179	0	2131895	1
962179	0	2186434	0
962179	0	2329692	4
962179	0	2329693	4
962179	0	2329694	3
962179	0	2329695	2
962179	0	2329696	4
962179	0	2329697	5
962179	0	2329699	5
962179	0	2329700	2
962179	0	2329701	4
962179	0	2589899	4
962179	0	2589902	3
962179	0	2589904	4
962179	0	2589905	3
962179	0	2632688	1
962179	0	2697161	2
962179	0	2697162	5
962179	0	2978863	2
962179	0	2978864	5
962179	0	2978865	5
962179	0	2978866	5
962179	0	2978867	1
962179	0	2978868	2
962179	0	2978869	2
962179	0	2978870	3
962179	0	2978871	4
962179	0	302861	4
962179	0	302867	1
962179	0	3173623	2
962179	0	3173625	1
962179	0	3422319	1
962179	0	3705165	5
962179	0	3896632	5
962179	0	4209394	1
962179	0	4209397	0
962179	0	4257871	5
962179	0	4257872	2
962179	0	4257873	2
962179	0	4511497	1
962179	0	4511499	5
962179	0	4511500	2
962179	0	4511503	5
962179	0	4606386	5
962179	0	4606387	5
962179	0	4606388	2
962179	0	5329867	2
962179	0	534563	4
962179	0	536176	5
962179	0	536177	1
962179	0	536178	2
962179	0	5642478	1
962179	0	5653655	1
962179	0	5653656	1
962179	0	5653657	1
962179	0	5653659	5
962179	0	579975	5
962179	0	5919340	5
962179	0	5919342	5
962179	0	6186348	2
962179	0	6575558	0
962179	0	6675259	5
962179	0	6675260	5
962179	0	6675262	3
962179	0	6675264	2
962179	0	6898289	5
962179	0	6898293	1
962179	0	6904859	2
962179	0	6904860	0
962179	0	6904863	0
962179	0	6980697	5
962179	0	7428149	2
962179	0	7733807	4
962179	0	7733810	2
962179	0	8114936	3
962179	0	8114938	3
962179	0	8361087	0
962179	0	8768354	4
962179	0	8768355	5
962179	0	8768360	4
962179	0	8768974	0
962179	0	8768976	0
962179	0	8785367	5
962179	0	8785368	2
962179	0	8785369	4
962179	0	8785371	5
962179	0	8785372	3
962179	0	8785373	2
962179	0	8785374	3
962179	0	8785375	2
962179	0	8811420	1
962179	0	8811422	0
962179	0	931123	2
962179	0	931124	0
962179	0	963708	2
