1030303	0	1161432	2
1030303	0	1161439	3
1030303	0	1305520	5
1030303	0	1305521	3
1030303	0	1305528	3
1030303	0	1451848	5
1030303	0	1615360	0
1030303	0	176183	2
1030303	0	1905988	3
1030303	0	2047616	5
1030303	0	3062381	2
1030303	0	3083670	1
1030303	0	3302249	4
1030303	0	3302251	5
1030303	0	3302252	4
1030303	0	3302255	4
1030303	0	3318757	0
1030303	0	3327029	4
1030303	0	3601008	1
1030303	0	3738183	2
1030303	0	3880502	2
1030303	0	4236749	1
1030303	0	4245507	0
1030303	0	4358004	1
1030303	0	4542060	1
1030303	0	5130399	0
1030303	0	5533597	2
1030303	0	5681381	4
1030303	0	5681385	4
1030303	0	6054030	2
1030303	0	6222298	3
1030303	0	6271629	3
1030303	0	6895305	0
1030303	0	6939422	5
1030303	0	6939426	4
1030303	0	6939428	2
1030303	0	6939430	5
1030303	0	6939431	4
1030303	0	700079	0
1030303	0	7156982	5
1030303	0	7168323	2
1030303	0	7168324	2
1030303	0	7259969	1
1030303	0	7284047	2
1030303	0	7284052	2
1030303	0	7508058	1
1030303	0	7661516	1
1030303	0	8726429	5
1030303	0	8726430	5
1030303	0	8726432	2
1030303	0	8726433	5
1030303	0	8726434	5
1030303	0	8726435	5
1030303	0	8726436	5
1030303	0	8726437	5
1030303	0	979606	2
1037496	0	2556452	2
1037496	0	2725825	5
1037496	0	2725834	1
1037496	0	2902707	2
1037496	0	3725934	5
1037496	0	3725936	0
1037496	0	3725937	3
1037496	0	3852733	3
1037496	0	4174376	1
1037496	0	4174377	2
1037496	0	4187303	4
1037496	0	4187305	5
1037496	0	4187307	4
1037496	0	4187309	1
1037496	0	4760907	5
1037496	0	4760908	3
1037496	0	4760912	5
1037496	0	4760914	2
1037496	0	4760915	4
1037496	0	4905511	0
1037496	0	4912160	4
1037496	0	4912162	5
1037496	0	4912163	4
1037496	0	4912167	5
1037496	0	4993566	2
1037496	0	57410	0
1037496	0	5927420	1
1037496	0	6866284	1
1037496	0	7287404	3
1037496	0	7766583	5
1037496	0	7766584	2
1037496	0	7766585	2
1037496	0	7766587	2
1037496	0	8805888	0
1043135	0	1637694	2
1043135	0	1637695	5
1043135	0	1637701	2
1043135	0	1845636	2
1043135	0	1845639	0
1043135	0	2443319	1
1043135	0	2443321	2
1043135	0	2664986	2
1043135	0	2664989	4
1043135	0	2664992	4
1043135	0	2664993	3
1043135	0	2664994	1
1043135	0	2664995	5
1043135	0	3378240	2
1043135	0	3878603	5
1043135	0	3878608	2
1043135	0	4355523	5
1043135	0	4541688	3
1043135	0	4994428	5
1043135	0	4994429	1
1043135	0	5262285	1
1043135	0	5262288	3
1043135	0	5262289	4
1043135	0	650641	2
1043135	0	650642	5
1043135	0	7022077	1
1043135	0	7137848	5
1043135	0	7137849	4
1043135	0	7137851	5
1043135	0	8224806	2
1043135	0	8224813	1
1043135	0	8694697	0
1043135	0	8694701	0
1043135	0	8694703	0
1043135	0	8696952	5
1043135	0	8696953	2
1043135	0	8696954	4
1043135	0	8696956	3
1043135	0	8696957	3
1043135	0	8696958	0
1043135	0	8696960	4
1043135	0	8696961	5
1051399	0	1678171	1
1051399	0	1678175	3
1051399	0	2180779	2
1051399	0	2250216	2
1051399	0	2427011	1
1051399	0	2768271	5
1051399	0	2845499	2
1051399	0	2866972	3
1051399	0	2866975	4
1051399	0	2866978	5
1051399	0	2894408	4
1051399	0	2978630	1
1051399	0	2978635	1
1051399	0	3174240	1
1051399	0	3446937	3
1051399	0	3681695	0
1051399	0	3694758	1
1051399	0	3773237	1
1051399	0	3854986	2
1051399	0	3854988	2
1051399	0	3854989	2
1051399	0	3943224	5
1051399	0	3943227	5
1051399	0	3943228	5
1051399	0	3943229	5
1051399	0	3969385	5
1051399	0	3969388	5
1051399	0	4084314	2
1051399	0	4171289	2
1051399	0	4251971	4
1051399	0	4352399	2
1051399	0	4368654	2
1051399	0	4368659	2
1051399	0	4380507	5
1051399	0	4380510	5
1051399	0	4418228	2
1051399	0	4426182	5
1051399	0	4426187	5
1051399	0	4426188	5
1051399	0	4486012	0
1051399	0	4513307	1
1051399	0	4552288	4
1051399	0	4681235	3
1051399	0	4729565	4
1051399	0	4736961	4
1051399	0	4815630	0
1051399	0	4878563	0
1051399	0	5041683	2
1051399	0	5186393	0
1051399	0	5348043	4
1051399	0	570299	1
1051399	0	69812	4
1051399	0	69813	5
1051399	0	69818	5
1051399	0	69819	5
1051399	0	745839	4
1051399	0	7744096	2
1051399	0	7760091	0
1051399	0	7815275	3
1051399	0	7848669	2
1051399	0	7848670	0
1051399	0	7848674	3
1051399	0	8712317	2
1051399	0	8818330	3
1064670	0	1237071	0
1064670	0	129459	3
1064670	0	129461	3
1064670	0	129462	5
1064670	0	129463	4
1064670	0	129467	2
1064670	0	129468	5
1064670	0	1567821	1
1064670	0	1567824	2
1064670	0	1760662	1
1064670	0	2839843	5
1064670	0	2977156	2
1064670	0	2977159	2
1064670	0	2977160	2
1064670	0	2998832	0
1064670	0	3079526	2
1064670	0	3333956	1
1064670	0	3644829	1
1064670	0	3741166	1
1064670	0	3807086	2
1064670	0	3826026	2
1064670	0	402493	4
1064670	0	4114926	4
1064670	0	4845639	0
1064670	0	5888407	1
1064670	0	6062648	2
1064670	0	6824284	4
1064670	0	6824285	3
1064670	0	6824287	3
1064670	0	6824288	4
1064670	0	6824289	5
1064670	0	6991411	0
1064670	0	736681	3
1064670	0	7556560	1
1064670	0	7734392	0
1064670	0	8100015	5
1064670	0	8100018	4
1064670	0	8100020	2
1064670	0	816339	4
1064670	0	816340	4
1064670	0	8337453	2
1064670	0	8337455	1
1064670	0	8680897	5
1064670	0	8680901	5
1064670	0	8680902	5
1064670	0	8680903	5
1064670	0	8680904	5
1064670	0	8680905	5
1064670	0	8680906	5
1064670	0	8734273	2
1071750	0	3016474	2
1071750	0	3016481	1
1071750	0	3575934	2
1071750	0	3850956	2
1071750	0	3928913	5
1071750	0	3928914	5
1071750	0	3928915	5
1071750	0	3928916	5
1071750	0	3928917	0
1071750	0	3928918	5
1071750	0	3928919	4
1071750	0	4133644	0
1071750	0	4717401	5
1071750	0	4794978	4
1071750	0	6508491	5
1071750	0	6508493	2
1071750	0	6508494	3
1071750	0	6508498	4
1071750	0	7778577	0
1071750	0	8378383	2
1071750	0	8378385	1
1071750	0	8378386	1
1071750	0	8378389	1
1071750	0	8378390	3
1071750	0	8378391	3
1071750	0	8698268	3
1071750	0	8698269	2
1071750	0	8698270	1
1071750	0	8698271	0
1071750	0	8698272	2
1071750	0	8698273	4
1071750	0	8698274	2
1071750	0	8698275	5
1071750	0	8698276	4
1105792	0	1088729	0
1105792	0	1620080	1
1105792	0	2668971	1
1105792	0	342876	4
1105792	0	3813126	1
1105792	0	4193893	0
1105792	0	4545233	2
1105792	0	5063488	2
1105792	0	5665835	4
1105792	0	6412594	2
1105792	0	6977017	2
1105792	0	7102720	4
1105792	0	7480463	0
1105792	0	8201610	2
1105792	0	8201611	5
1105792	0	8201612	5
1105792	0	8201613	5
1105792	0	8201614	5
1105792	0	8201615	3
1105792	0	8201616	5
1105792	0	8201617	2
1105792	0	8201618	4
1105792	0	8201619	3
1106979	0	2306620	5
1106979	0	2884219	2
1106979	0	3290646	1
1106979	0	3290649	2
1106979	0	3290651	5
1106979	0	348054	2
1106979	0	348055	4
1106979	0	348057	3
1106979	0	4219185	0
1106979	0	430215	0
1106979	0	7557632	1
1106979	0	7674419	1
1106979	0	799359	5
1106979	0	8190133	4
1106979	0	8190134	5
1106979	0	8190137	3
1106979	0	8190139	2
1106979	0	8190140	4
1108651	0	1325612	1
1108651	0	1421349	4
1108651	0	1421350	5
1108651	0	1421351	2
1108651	0	1421352	2
1108651	0	1421353	5
1108651	0	1421354	4
1108651	0	1421355	5
1108651	0	1457501	4
1108651	0	1482137	1
1108651	0	1643324	4
1108651	0	1646383	0
1108651	0	1649639	3
1108651	0	1738015	0
1108651	0	2024963	1
1108651	0	2065792	0
1108651	0	2141336	2
1108651	0	2475817	1
1108651	0	2564930	3
1108651	0	2682940	1
1108651	0	2745683	5
1108651	0	3102788	1
1108651	0	3102791	1
1108651	0	3102792	5
1108651	0	4304301	2
1108651	0	488271	0
1108651	0	4911228	3
1108651	0	5330509	3
1108651	0	5330510	2
1108651	0	5830553	2
1108651	0	6058576	4
1108651	0	6348741	2
1108651	0	6517914	2
1108651	0	6522183	5
1108651	0	6620938	0
1108651	0	6623205	2
1108651	0	6635998	5
1108651	0	6636001	5
1108651	0	6663873	0
1108651	0	6731792	3
1108651	0	6756165	2
1108651	0	6916357	2
1108651	0	7904315	1
1108651	0	815597	1
1108651	0	8175407	5
1108651	0	8175408	5
1108651	0	8175409	2
1108651	0	8175410	2
1108651	0	8175411	4
1108651	0	8175412	5
1108651	0	8175414	5
1108651	0	8175415	3
1108651	0	8258085	4
1108651	0	8289552	4
1108651	0	8289554	4
1108651	0	8289556	5
1108651	0	8289557	2
1108651	0	8289561	5
1108651	0	8591633	2
1109707	0	1011113	3
1109707	0	1143386	5
1109707	0	1143389	5
1109707	0	1190624	4
1109707	0	1230608	4
1109707	0	1255271	2
1109707	0	1608567	5
1109707	0	1719371	5
1109707	0	1719372	3
1109707	0	1719374	5
1109707	0	1823563	0
1109707	0	1911564	5
1109707	0	2245437	5
1109707	0	2510185	5
1109707	0	2646535	0
1109707	0	3039465	2
1109707	0	3039466	1
1109707	0	3982977	5
1109707	0	4099609	5
1109707	0	4122615	2
1109707	0	4122618	4
1109707	0	4236627	2
1109707	0	4237062	1
1109707	0	4294915	2
1109707	0	4332695	2
1109707	0	4370752	4
1109707	0	4370753	5
1109707	0	458599	4
1109707	0	458603	4
1109707	0	4788762	2
1109707	0	5121347	2
1109707	0	5145050	1
1109707	0	517840	0
1109707	0	517849	1
1109707	0	5415865	0
1109707	0	5740304	4
1109707	0	5813142	0
1109707	0	5826551	1
1109707	0	5942603	0
1109707	0	5947139	5
1109707	0	5947140	2
1109707	0	603152	2
1109707	0	6238285	3
1109707	0	6752975	2
1109707	0	679386	0
1109707	0	6872195	5
1109707	0	7030351	2
1109707	0	7241557	5
1109707	0	7566099	1
1109707	0	7566102	2
1109707	0	7671117	4
1109707	0	7671118	3
1109707	0	7671120	3
1109707	0	771002	5
1109707	0	771745	4
1109707	0	7979663	2
1109707	0	8008033	1
1109707	0	8165491	2
1109707	0	8165497	1
1109707	0	8363279	3
1109707	0	8363280	1
1110678	0	1174910	1
1110678	0	1191773	4
1110678	0	1263295	2
1110678	0	1273671	2
1110678	0	1273674	2
1110678	0	1273677	2
1110678	0	1327784	4
1110678	0	1368315	1
1110678	0	1555304	4
1110678	0	1710934	1
1110678	0	2126363	2
1110678	0	2310814	0
1110678	0	2713703	5
1110678	0	2713704	1
1110678	0	2713705	3
1110678	0	2713707	5
1110678	0	2713708	2
1110678	0	2713709	5
1110678	0	2713710	5
1110678	0	2713711	2
1110678	0	2748417	0
1110678	0	3116196	5
1110678	0	3195542	3
1110678	0	3559144	0
1110678	0	358450	5
1110678	0	3719134	5
1110678	0	3898227	5
1110678	0	4105531	4
1110678	0	4517440	4
1110678	0	4562240	1
1110678	0	4671167	4
1110678	0	4671169	1
1110678	0	4938479	0
1110678	0	5260903	2
1110678	0	5272210	3
1110678	0	5510586	4
1110678	0	5719597	4
1110678	0	5719602	2
1110678	0	6028890	1
1110678	0	6132506	0
1110678	0	6132507	0
1110678	0	6512111	0
1110678	0	6512116	3
1110678	0	6512117	2
1110678	0	6632692	4
1110678	0	6704694	1
1110678	0	7139329	5
1110678	0	7142094	2
1110678	0	7238156	2
1110678	0	741943	5
1110678	0	7487380	2
1110678	0	7671274	4
1110678	0	7681504	5
1110678	0	7822741	2
1110678	0	7822742	2
1110678	0	7822744	5
1110678	0	7833464	3
1110678	0	8092357	3
1110678	0	8155909	2
1110678	0	8155910	5
1110678	0	8155912	5
1110678	0	8155913	5
1110678	0	8155914	5
1110678	0	8159105	1
1110678	0	8319126	2
1110678	0	8378139	1
1110678	0	8541271	3
1113256	0	2168017	2
1113256	0	2285445	1
1113256	0	2808248	3
1113256	0	3129397	2
1113256	0	4655257	0
1113256	0	5236650	0
1113256	0	5365819	2
1113256	0	5542279	0
1113256	0	6718038	2
1113256	0	6915168	2
1113256	0	7494942	1
1113256	0	7557212	2
1113256	0	7561111	5
1113256	0	7561113	5
1113256	0	7561114	5
1113256	0	7561115	5
1113256	0	7561116	4
1113256	0	7561117	3
1113256	0	7561118	4
1113256	0	7561120	5
1113256	0	8040362	1
1113256	0	8130528	3
1113256	0	8130529	4
1113256	0	8130530	4
1113256	0	8130535	5
1113256	0	8447987	1
1115210	0	1139086	5
1115210	0	1139088	1
1115210	0	1139091	4
1115210	0	1537119	0
1115210	0	1592599	5
1115210	0	2168219	1
1115210	0	2168224	3
1115210	0	2237161	4
1115210	0	2690664	4
1115210	0	3031188	2
1115210	0	3031191	2
1115210	0	3525807	2
1115210	0	3676753	3
1115210	0	3793694	1
1115210	0	3793701	5
1115210	0	382378	5
1115210	0	3901001	2
1115210	0	409739	3
1115210	0	4189777	0
1115210	0	4450403	1
1115210	0	4450404	3
1115210	0	4722362	0
1115210	0	4781712	4
1115210	0	4791665	2
1115210	0	4902828	0
1115210	0	4981876	2
1115210	0	5547291	2
1115210	0	5547292	3
1115210	0	5547293	2
1115210	0	5547294	2
1115210	0	5547295	3
1115210	0	5547298	2
1115210	0	5547299	2
1115210	0	5769768	2
1115210	0	585138	1
1115210	0	5874877	1
1115210	0	71287	2
1115210	0	7440361	2
1115210	0	7440363	0
1115210	0	7440364	0
1115210	0	7487597	4
1115210	0	7487600	5
1115210	0	7487601	4
1115210	0	7628774	1
1115210	0	7666784	0
1115210	0	778989	4
1115210	0	8111878	5
1115210	0	8111879	5
1115210	0	8111881	4
1115210	0	8111882	5
1115210	0	8111883	4
1115210	0	8111884	5
1115210	0	8111885	5
1115210	0	8111886	5
1115210	0	8111887	5
1115210	0	8237862	1
1115210	0	8237865	1
1115210	0	8390252	5
1115210	0	8390254	5
1115210	0	840010	5
1115210	0	840012	5
1115210	0	845823	2
1115210	0	845828	3
1115210	0	8561242	2
1116380	0	1242073	0
1116380	0	1422757	5
1116380	0	1422760	2
1116380	0	1422761	4
1116380	0	1537443	1
1116380	0	1537447	5
1116380	0	1635678	2
1116380	0	1645711	3
1116380	0	1883474	1
1116380	0	189097	1
1116380	0	2302568	4
1116380	0	2302571	2
1116380	0	2557536	3
1116380	0	2626979	2
1116380	0	2626982	0
1116380	0	283258	5
1116380	0	283261	4
1116380	0	283262	5
1116380	0	283264	5
1116380	0	283266	4
1116380	0	283267	5
1116380	0	2960678	5
1116380	0	3588232	2
1116380	0	3588234	4
1116380	0	3680690	3
1116380	0	4118339	5
1116380	0	444969	2
1116380	0	5073073	0
1116380	0	5104772	3
1116380	0	5104773	3
1116380	0	5104774	2
1116380	0	5104775	2
1116380	0	5104779	3
1116380	0	521341	5
1116380	0	521345	5
1116380	0	5395322	2
1116380	0	5654382	1
1116380	0	5752652	4
1116380	0	5752653	2
1116380	0	5752657	2
1116380	0	6385486	0
1116380	0	6431022	1
1116380	0	684555	2
1116380	0	684558	4
1116380	0	684559	4
1116380	0	7215246	0
1116380	0	765646	5
1116380	0	7659172	1
1116380	0	7879731	1
1116380	0	8100541	2
1116380	0	8100542	5
1116380	0	8100543	5
1116380	0	8100545	5
1116380	0	8100546	5
1116380	0	8100548	2
1116380	0	8113949	4
1116380	0	8371014	1
1116380	0	8612548	1
1116380	0	8784326	2
1116380	0	8784331	0
1121353	0	1122644	5
1121353	0	1259245	3
1121353	0	1470180	3
1121353	0	1643468	2
1121353	0	1713980	1
1121353	0	1718235	1
1121353	0	1727596	2
1121353	0	1854970	4
1121353	0	1886363	3
1121353	0	1891190	1
1121353	0	1949495	4
1121353	0	195110	0
1121353	0	2043904	2
1121353	0	2213823	1
1121353	0	2213824	4
1121353	0	2260259	3
1121353	0	2474382	2
1121353	0	2477448	5
1121353	0	3405327	2
1121353	0	3405776	2
1121353	0	3527298	3
1121353	0	3541849	0
1121353	0	3541854	0
1121353	0	3641804	5
1121353	0	3658919	5
1121353	0	3658920	5
1121353	0	3658922	5
1121353	0	3658923	4
1121353	0	3683368	2
1121353	0	3763468	4
1121353	0	3856519	2
1121353	0	4249422	2
1121353	0	4255177	4
1121353	0	4259960	5
1121353	0	4405874	1
1121353	0	4440318	5
1121353	0	4440326	2
1121353	0	4595103	4
1121353	0	4828747	5
1121353	0	4872676	3
1121353	0	4881885	3
1121353	0	4969906	1
1121353	0	5065103	0
1121353	0	5300162	0
1121353	0	5357560	0
1121353	0	5407059	4
1121353	0	5540041	5
1121353	0	5540043	5
1121353	0	5572759	2
1121353	0	5584830	2
1121353	0	5606060	2
1121353	0	5642762	1
1121353	0	5754666	2
1121353	0	5884499	5
1121353	0	623603	1
1121353	0	623604	0
1121353	0	6352616	2
1121353	0	6352617	5
1121353	0	6352622	5
1121353	0	6379159	1
1121353	0	6381283	0
1121353	0	6599525	2
1121353	0	6606564	4
1121353	0	7070396	1
1121353	0	7191734	4
1121353	0	7344839	2
1121353	0	7363356	5
1121353	0	8041299	3
1121353	0	8053108	5
1121353	0	8053109	5
1121353	0	8053110	1
1121353	0	8053112	5
1121353	0	8053113	5
1121353	0	8053117	5
1121353	0	8081420	2
1121353	0	8083913	2
1121353	0	8261242	4
1121353	0	8436349	1
1121353	0	858644	2
1121353	0	8671649	0
1121353	0	8684415	2
1121353	0	8728942	5
1121353	0	8728948	4
1121353	0	935133	3
1121353	0	937044	1
1121353	0	946643	2
1121353	0	946647	4
1122767	0	1176273	2
1122767	0	1253475	2
1122767	0	1575377	0
1122767	0	1901639	5
1122767	0	2019367	5
1122767	0	2019371	5
1122767	0	2358778	2
1122767	0	2859904	1
1122767	0	2859907	5
1122767	0	3407781	1
1122767	0	3559293	2
1122767	0	4102083	4
1122767	0	4161416	2
1122767	0	4161419	4
1122767	0	4461311	2
1122767	0	4461313	3
1122767	0	4550504	5
1122767	0	458261	4
1122767	0	468959	4
1122767	0	4784605	5
1122767	0	4824677	5
1122767	0	4824679	1
1122767	0	5285491	3
1122767	0	5796709	4
1122767	0	5877496	0
1122767	0	5877500	5
1122767	0	6179207	1
1122767	0	6179209	0
1122767	0	6179210	5
1122767	0	6179213	3
1122767	0	668427	3
1122767	0	6727509	2
1122767	0	6851717	5
1122767	0	6851720	0
1122767	0	7544609	1
1122767	0	7863109	2
1122767	0	8039583	1
1122767	0	8039590	2
1122767	0	884946	2
1122767	0	884952	4
1127540	0	1145263	0
1127540	0	1145264	0
1127540	0	1683442	0
1127540	0	2044364	2
1127540	0	2044366	5
1127540	0	2044368	5
1127540	0	2044369	4
1127540	0	2044370	1
1127540	0	2044371	4
1127540	0	2044372	5
1127540	0	2574460	2
1127540	0	4368062	1
1127540	0	5728324	3
1127540	0	5728333	3
1127540	0	5753339	1
1127540	0	8077956	1
1127540	0	8726954	5
1127540	0	8726955	2
1127540	0	8726956	5
1127540	0	8726957	3
1127540	0	8726958	4
1127540	0	8726959	4
1127540	0	8726960	2
1127540	0	8726961	5
1127540	0	8726962	2
1127540	0	8726963	2
1131069	0	1627668	4
1131069	0	1780963	5
1131069	0	1780965	2
1131069	0	1780966	4
1131069	0	1780968	4
1131069	0	1780969	2
1131069	0	1780970	2
1131069	0	1780971	5
1131069	0	2760729	3
1131069	0	2805723	5
1131069	0	2805726	5
1131069	0	3140073	0
1131069	0	3298559	2
1131069	0	4120158	4
1131069	0	429333	3
1131069	0	4311900	3
1131069	0	4318857	2
1131069	0	5211648	2
1131069	0	5455642	2
1131069	0	5871207	2
1131069	0	6661248	2
1131069	0	6809697	4
1131069	0	6809698	1
1131069	0	6809699	1
1131069	0	6809701	1
1131069	0	6809702	5
1131069	0	6809703	2
1131069	0	6907802	1
1131069	0	6907805	0
1131069	0	6907806	1
1131069	0	6907807	5
1131069	0	6907808	5
1131069	0	6907809	5
1131069	0	7275756	1
1131069	0	7275757	1
1131069	0	7315060	3
1131069	0	7419370	3
1131069	0	7610004	0
1131069	0	7610010	0
1131069	0	7962538	2
1131069	0	8191742	0
1131069	0	8191743	5
1131069	0	8432048	4
1131069	0	8432049	5
1131069	0	8432050	5
1131069	0	8432053	4
1131069	0	8669561	2
1132532	0	1012083	1
1132532	0	1229278	0
1132532	0	1245510	5
1132532	0	1245511	0
1132532	0	23962	1
1132532	0	23966	2
1132532	0	2536147	1
1132532	0	2762578	0
1132532	0	3299150	0
1132532	0	3406612	1
1132532	0	3643206	1
1132532	0	3797904	2
1132532	0	4110870	2
1132532	0	4591601	2
1132532	0	4851673	3
1132532	0	4851677	3
1132532	0	4893092	4
1132532	0	5041349	4
1132532	0	5053525	3
1132532	0	5510988	1
1132532	0	5910809	2
1132532	0	5989422	2
1132532	0	6117740	5
1132532	0	6117745	5
1132532	0	6142066	0
1132532	0	6150717	1
1132532	0	6176605	3
1132532	0	6189364	5
1132532	0	6189365	5
1132532	0	6189366	5
1132532	0	6189367	4
1132532	0	6189369	4
1132532	0	6191514	1
1132532	0	6832788	3
1132532	0	6832789	5
1132532	0	6832790	5
1132532	0	6832791	2
1132532	0	6832793	2
1132532	0	6832794	4
1132532	0	6832795	2
1132532	0	718132	5
1132532	0	7508490	4
1132532	0	7508491	4
1132532	0	7508493	5
1132532	0	7543160	2
1132532	0	7543163	2
1132532	0	7543164	5
1132532	0	7941105	2
1132532	0	8307656	5
1132532	0	8307661	5
1132532	0	8318621	4
1132532	0	8318622	3
1132532	0	94140	0
1132532	0	986668	2
1133579	0	1200778	5
1133579	0	1200780	3
1133579	0	1318194	5
1133579	0	1659305	5
1133579	0	1659306	2
1133579	0	1659308	5
1133579	0	1694484	0
1133579	0	1694485	5
1133579	0	1817052	3
1133579	0	1817055	5
1133579	0	1817057	1
1133579	0	2067537	1
1133579	0	2067540	2
1133579	0	2067544	2
1133579	0	2067545	2
1133579	0	2448462	4
1133579	0	2727068	5
1133579	0	2829602	2
1133579	0	3321778	2
1133579	0	3691482	5
1133579	0	3691484	2
1133579	0	3691486	4
1133579	0	3841449	1
1133579	0	4057637	2
1133579	0	4057642	5
1133579	0	4274862	2
1133579	0	4274863	5
1133579	0	4274864	1
1133579	0	4274865	2
1133579	0	4506270	2
1133579	0	4668677	2
1133579	0	4868943	0
1133579	0	4931641	4
1133579	0	4931642	4
1133579	0	4931644	4
1133579	0	4931645	1
1133579	0	5277542	1
1133579	0	5277543	5
1133579	0	6252755	3
1133579	0	6252757	3
1133579	0	6600375	5
1133579	0	670206	3
1133579	0	7011715	5
1133579	0	7011718	1
1133579	0	733202	4
1133579	0	733203	3
1133579	0	733207	0
1133579	0	733208	2
1133579	0	733210	0
1133579	0	8220878	4
1133579	0	8379135	0
1133579	0	852137	0
1136043	0	1056534	4
1136043	0	1056535	1
1136043	0	1056537	1
1136043	0	1056540	2
1136043	0	1634131	4
1136043	0	1634132	3
1136043	0	1634134	5
1136043	0	2428271	2
1136043	0	2701068	3
1136043	0	3028339	2
1136043	0	4882508	4
1136043	0	4970862	0
1136043	0	5000763	0
1136043	0	5477706	2
1136043	0	5575991	0
1136043	0	6420308	3
1136043	0	6883734	2
1136043	0	7880131	1
1136043	0	852195	2
1136043	0	852196	1
1136043	0	852197	1
1136043	0	8728069	5
1136043	0	8728070	4
1136043	0	8728071	5
1136043	0	8728072	5
1136043	0	8728074	5
1136043	0	8728076	5
1136043	0	8728077	5
1136043	0	8728078	2
1136047	0	1716878	4
1136047	0	1716882	2
1136047	0	2186578	5
1136047	0	2330118	1
1136047	0	2815435	2
1136047	0	2815436	0
1136047	0	3006066	1
1136047	0	3447385	1
1136047	0	3775376	3
1136047	0	3960078	0
1136047	0	3988779	2
1136047	0	512481	5
1136047	0	512482	4
1136047	0	512483	3
1136047	0	512487	2
1136047	0	512489	3
1136047	0	6093345	0
1136047	0	6499345	1
1136047	0	7009393	4
1136047	0	7540967	2
1136047	0	7540969	4
1136047	0	7571090	1
1136047	0	8328670	4
1136047	0	8724031	5
1136047	0	8724032	5
1136047	0	8724033	5
1136047	0	8724034	2
1136047	0	8724035	5
1136047	0	8724036	5
1136047	0	8724038	2
1136962	0	2293833	0
1136962	0	2668190	3
1136962	0	275377	0
1136962	0	277849	2
1136962	0	3293337	5
1136962	0	3348372	4
1136962	0	3646987	2
1136962	0	3863653	4
1136962	0	4088981	3
1136962	0	4170447	1
1136962	0	4548553	3
1136962	0	4589723	2
1136962	0	4589724	2
1136962	0	4589728	2
1136962	0	4589730	5
1136962	0	4601613	0
1136962	0	5414508	0
1136962	0	5471438	5
1136962	0	596001	5
1136962	0	6185710	4
1136962	0	6185711	5
1136962	0	6185712	5
1136962	0	6185714	5
1136962	0	6185715	2
1136962	0	6185716	1
1136962	0	6185717	2
1136962	0	6211004	4
1136962	0	6684779	1
1136962	0	7631079	4
1136962	0	7631083	2
1136962	0	7631084	1
1136962	0	8336574	5
1136962	0	8336578	1
118440	0	1072191	1
118440	0	1305126	4
118440	0	1323064	5
118440	0	1445681	4
118440	0	1445685	5
118440	0	1569786	5
118440	0	1569787	5
118440	0	158199	0
118440	0	158205	0
118440	0	1827531	1
118440	0	230122	2
118440	0	232473	2
118440	0	2504007	5
118440	0	2674158	1
118440	0	2699180	5
118440	0	2699188	5
118440	0	2843799	5
118440	0	2975214	0
118440	0	2975216	0
118440	0	3033116	5
118440	0	3104947	2
118440	0	3104953	2
118440	0	3647356	2
118440	0	3647357	2
118440	0	4236463	2
118440	0	4403465	3
118440	0	4403471	4
118440	0	4574420	0
118440	0	4737856	4
118440	0	4868258	5
118440	0	5149039	0
118440	0	5229209	1
118440	0	6360238	4
118440	0	6382751	2
118440	0	6382753	2
118440	0	6382755	2
118440	0	6609239	4
118440	0	6609240	4
118440	0	6687966	5
118440	0	6744365	5
118440	0	6744368	2
118440	0	6750547	4
118440	0	6750548	1
118440	0	6750549	1
118440	0	6750551	3
118440	0	6750552	3
118440	0	6750554	1
118440	0	6802137	5
118440	0	7035722	3
118440	0	7159218	3
118440	0	7539487	2
118440	0	7703789	1
118440	0	7967582	2
118440	0	8412702	3
118440	0	8527723	5
118440	0	8785852	2
121171	0	1278921	1
121171	0	1278923	2
121171	0	1278926	4
121171	0	2550806	5
121171	0	2550807	3
121171	0	2550810	5
121171	0	2550811	5
121171	0	2550813	2
121171	0	2550814	4
121171	0	259430	5
121171	0	259431	2
121171	0	259433	2
121171	0	259434	2
121171	0	259435	0
121171	0	259436	5
121171	0	259437	1
121171	0	2626101	5
121171	0	2631827	2
121171	0	2735732	1
121171	0	3092263	3
121171	0	3812019	1
121171	0	3812022	5
121171	0	451170	5
121171	0	451171	4
121171	0	451172	3
121171	0	451173	2
121171	0	451174	4
121171	0	451175	5
121171	0	451176	3
121171	0	5809826	0
121171	0	5809831	4
121171	0	5930988	1
121171	0	6580476	2
121171	0	7165126	0
121171	0	7224846	0
121171	0	8056821	0
121171	0	8164251	2
121171	0	8260188	2
121171	0	8260191	5
121171	0	8260192	5
121171	0	8260193	2
121171	0	8260194	3
121171	0	8260195	4
121171	0	8643275	1
135802	0	1103938	5
135802	0	1256034	0
135802	0	2539732	1
135802	0	2539740	0
135802	0	2739063	2
135802	0	2739069	2
135802	0	2739070	0
135802	0	3624450	2
135802	0	366625	1
135802	0	4007446	1
135802	0	4007447	1
135802	0	4347259	2
135802	0	4382396	2
135802	0	4411252	2
135802	0	4919670	4
135802	0	5394718	2
135802	0	6037331	3
135802	0	6037338	3
135802	0	663707	1
135802	0	7003682	5
135802	0	7020899	4
135802	0	7075501	5
135802	0	7144826	0
135802	0	7327478	1
135802	0	802446	4
135802	0	8120579	2
135802	0	8264847	3
135802	0	8692619	5
135802	0	8692620	2
135802	0	8692621	5
135802	0	8692622	3
135802	0	8692623	5
135802	0	8692624	5
135802	0	8692625	4
135802	0	8692626	5
135802	0	8692627	4
135802	0	8692628	5
141630	0	1157245	1
141630	0	1157249	4
141630	0	1157251	4
141630	0	1314689	2
141630	0	1353759	1
141630	0	1889340	5
141630	0	2173072	1
141630	0	2366119	2
141630	0	2366121	5
141630	0	2473236	1
141630	0	2752564	2
141630	0	2851002	4
141630	0	3000836	0
141630	0	3096184	0
141630	0	3139270	4
141630	0	340875	1
141630	0	3500851	5
141630	0	3500852	2
141630	0	3500854	2
141630	0	3500855	4
141630	0	3500856	2
141630	0	3500857	0
141630	0	3500860	0
141630	0	3672655	5
141630	0	3722955	0
141630	0	4098919	4
141630	0	4098924	4
141630	0	4101944	3
141630	0	4101946	2
141630	0	4101951	5
141630	0	4101953	2
141630	0	4422338	2
141630	0	4422339	5
141630	0	4422342	2
141630	0	4422344	0
141630	0	5098393	1
141630	0	5098396	3
141630	0	5098397	1
141630	0	5098398	2
141630	0	5126206	2
141630	0	5126207	2
141630	0	5337305	5
141630	0	5389973	0
141630	0	5694666	5
141630	0	5921140	0
141630	0	6007469	3
141630	0	6064897	5
141630	0	6290795	5
141630	0	6319711	1
141630	0	6496225	5
141630	0	6496226	1
141630	0	6496228	5
141630	0	6530476	3
141630	0	6580043	4
141630	0	6638749	5
141630	0	6861521	1
141630	0	6865899	2
141630	0	7107466	2
141630	0	7705603	5
141630	0	7985117	3
141630	0	7985118	1
141630	0	8068281	5
141630	0	806878	2
141630	0	8225222	5
141630	0	8319987	5
141630	0	8319989	4
141630	0	8319990	4
141630	0	8319991	3
141630	0	8319993	5
141630	0	861355	2
141630	0	8653585	2
141630	0	8653589	3
141630	0	8685361	4
141630	0	8768725	4
141630	0	885784	2
156498	0	104801	5
156498	0	104803	5
156498	0	1066785	5
156498	0	1066789	4
156498	0	1564664	0
156498	0	1584048	2
156498	0	1663164	5
156498	0	1840047	2
156498	0	2167314	3
156498	0	3288004	3
156498	0	3301559	5
156498	0	3301562	5
156498	0	3301563	5
156498	0	3397582	1
156498	0	3669926	4
156498	0	3852372	2
156498	0	4026114	2
156498	0	4273410	4
156498	0	4273412	4
156498	0	4273418	4
156498	0	4273419	5
156498	0	4325225	2
156498	0	4468111	1
156498	0	463355	2
156498	0	494576	3
156498	0	4960216	5
156498	0	4960218	1
156498	0	5606985	3
156498	0	6555091	0
156498	0	6648988	1
156498	0	7393854	1
156498	0	7393858	2
156498	0	7456851	0
156498	0	8146073	2
156498	0	824332	2
156498	0	8615232	1
156498	0	8648969	4
156498	0	8823842	0
169208	0	1395413	5
169208	0	1395417	4
169208	0	1395418	2
169208	0	1480206	2
169208	0	2294759	0
169208	0	2408681	2
169208	0	2888367	5
169208	0	3408570	1
169208	0	3561306	2
169208	0	3715860	3
169208	0	4085645	0
169208	0	4180364	2
169208	0	4202275	3
169208	0	4202278	2
169208	0	4321613	0
169208	0	4354838	0
169208	0	4580131	5
169208	0	4580132	4
169208	0	4580133	5
169208	0	4580137	1
169208	0	4580139	5
169208	0	4694325	1
169208	0	4728189	0
169208	0	4762134	3
169208	0	4762135	4
169208	0	4762140	5
169208	0	4762141	5
169208	0	4859432	5
169208	0	4859433	5
169208	0	4859437	5
169208	0	4859438	5
169208	0	5268915	4
169208	0	5541538	2
169208	0	5872890	1
169208	0	6252711	1
169208	0	6413011	3
169208	0	6435804	1
169208	0	6808748	4
169208	0	7169063	2
169208	0	721607	2
169208	0	721610	2
169208	0	7251639	4
169208	0	8230949	2
169208	0	8303019	1
169208	0	8411957	1
169208	0	8518731	3
169208	0	8518733	2
169208	0	85987	4
169208	0	85989	5
174463	0	1013078	2
174463	0	1024759	4
174463	0	1024761	4
174463	0	1024762	2
174463	0	1024763	0
174463	0	1024764	5
174463	0	1024766	2
174463	0	1024767	4
174463	0	102528	2
174463	0	1070616	2
174463	0	1479952	5
174463	0	1567952	2
174463	0	1567956	3
174463	0	1567958	3
174463	0	1567960	2
174463	0	1788354	4
174463	0	1788355	3
174463	0	1835370	4
174463	0	1835371	2
174463	0	1835375	5
174463	0	1835377	3
174463	0	1854166	4
174463	0	1854167	3
174463	0	2382185	1
174463	0	2533619	2
174463	0	2533622	4
174463	0	2533623	4
174463	0	2533624	5
174463	0	2533625	0
174463	0	2533626	5
174463	0	299161	1
174463	0	3213498	1
174463	0	3235293	2
174463	0	3501225	2
174463	0	3501229	0
174463	0	3716946	2
174463	0	3716947	1
174463	0	4275746	2
174463	0	4275747	1
174463	0	4275752	1
174463	0	4321177	1
174463	0	4452289	2
174463	0	4452291	2
174463	0	4501665	1
174463	0	4662168	1
174463	0	4665971	2
174463	0	470707	2
174463	0	470708	5
174463	0	470710	3
174463	0	470711	2
174463	0	470712	5
174463	0	4710618	5
174463	0	5084515	0
174463	0	5264564	4
174463	0	5264567	3
174463	0	5303493	2
174463	0	5303495	5
174463	0	5303496	4
174463	0	5538544	1
174463	0	5641976	1
174463	0	5688367	5
174463	0	5779094	0
174463	0	6083368	4
174463	0	6083369	4
174463	0	6083371	5
174463	0	6094016	5
174463	0	6094017	5
174463	0	6094019	4
174463	0	6294949	0
174463	0	6330267	2
174463	0	6718985	1
174463	0	6718987	5
174463	0	6867423	1
174463	0	7089624	5
174463	0	7089625	2
174463	0	7089627	0
174463	0	7089629	5
174463	0	7089630	2
174463	0	7089632	5
174463	0	7314482	0
174463	0	7812730	0
174463	0	8304451	5
174463	0	8304454	5
174463	0	8304456	5
174463	0	8304457	5
174463	0	8304458	5
174463	0	8454980	3
174463	0	8770949	3
23849	0	1034183	2
23849	0	1068470	2
23849	0	1158886	5
23849	0	1215556	0
23849	0	1333480	4
23849	0	1449785	2
23849	0	1460057	1
23849	0	1594083	4
23849	0	1601003	2
23849	0	1622747	4
23849	0	1739455	2
23849	0	178252	2
23849	0	1825393	0
23849	0	188190	5
23849	0	1944730	5
23849	0	2039331	3
23849	0	2055243	0
23849	0	2199035	4
23849	0	2209883	5
23849	0	2217275	2
23849	0	2516458	1
23849	0	2647769	5
23849	0	2674124	1
23849	0	3978767	5
23849	0	4188880	5
23849	0	4237823	2
23849	0	4281690	2
23849	0	4348282	3
23849	0	436721	1
23849	0	446099	1
23849	0	4491642	0
23849	0	4556932	5
23849	0	4556933	5
23849	0	4556938	5
23849	0	4712571	1
23849	0	4806514	0
23849	0	4834498	4
23849	0	4920679	2
23849	0	4942375	2
23849	0	4944603	3
23849	0	5143193	3
23849	0	5255098	1
23849	0	5340997	5
23849	0	542113	2
23849	0	5913890	5
23849	0	5925321	0
23849	0	6054726	1
23849	0	6252656	2
23849	0	6328471	1
23849	0	6667419	4
23849	0	6688737	5
23849	0	6688738	3
23849	0	6688741	5
23849	0	6688742	5
23849	0	6688743	3
23849	0	6705133	3
23849	0	6722889	1
23849	0	6722890	0
23849	0	6849942	1
23849	0	7014217	2
23849	0	7119957	5
23849	0	7160298	3
23849	0	7165935	0
23849	0	7402729	1
23849	0	7431268	2
23849	0	7519911	4
23849	0	7655100	2
23849	0	7845081	5
23849	0	799642	2
23849	0	8010558	5
23849	0	8010559	3
23849	0	8010560	4
23849	0	8010561	5
23849	0	8010562	5
23849	0	8010563	2
23849	0	8010564	4
23849	0	8010565	4
23849	0	8010566	4
23849	0	8013217	0
23849	0	8017141	4
23849	0	8052286	1
23849	0	8059826	5
23849	0	8126279	5
23849	0	8133127	3
23849	0	8162522	1
23849	0	8246990	2
23849	0	8264389	0
23849	0	8350307	1
23849	0	8466742	2
23849	0	8466743	2
23849	0	8466744	2
23849	0	8466750	5
23849	0	8665052	4
23849	0	8752783	4
23849	0	8769995	5
23849	0	886103	2
23849	0	958491	2
258062	0	1311741	4
258062	0	1348968	2
258062	0	1805967	3
258062	0	18103	3
258062	0	2087378	0
258062	0	2510542	1
258062	0	2707010	1
258062	0	2898169	3
258062	0	3012167	4
258062	0	3189004	1
258062	0	3195767	2
258062	0	3297029	0
258062	0	3392238	3
258062	0	3404354	1
258062	0	3683402	1
258062	0	3695217	0
258062	0	3777927	5
258062	0	3777928	5
258062	0	3777930	5
258062	0	3947010	2
258062	0	4155912	5
258062	0	4159145	2
258062	0	4159344	2
258062	0	4159345	2
258062	0	4174306	1
258062	0	4174308	4
258062	0	4174310	4
258062	0	4174313	4
258062	0	4595794	5
258062	0	4595795	3
258062	0	5456429	2
258062	0	5993823	5
258062	0	5993826	2
258062	0	6084336	4
258062	0	6084339	4
258062	0	63211	1
258062	0	639084	0
258062	0	6990374	2
258062	0	7068639	2
258062	0	7532084	0
258062	0	8694158	5
258062	0	8694161	5
258062	0	8694163	5
258062	0	91493	5
258062	0	955811	2
258062	0	955813	5
324585	0	1051441	2
324585	0	1536988	5
324585	0	1536989	4
324585	0	1536990	4
324585	0	1536995	4
324585	0	1536997	5
324585	0	2193462	1
324585	0	2194313	1
324585	0	2944861	2
324585	0	296622	0
324585	0	3608325	3
324585	0	405277	4
324585	0	405281	5
324585	0	405282	2
324585	0	4467785	0
324585	0	4532866	0
324585	0	4765769	2
324585	0	5131128	1
324585	0	5525879	5
324585	0	5610255	0
324585	0	5996798	1
324585	0	6369620	0
324585	0	6393239	1
324585	0	6480421	2
324585	0	6480422	4
324585	0	6565613	2
324585	0	6712393	1
324585	0	6842100	0
324585	0	7006319	2
324585	0	7519882	2
324585	0	7568187	2
324585	0	7653696	3
324585	0	7941122	2
324585	0	7941125	3
324585	0	7941129	2
324585	0	7941130	2
324585	0	7987550	1
324585	0	8290308	4
324585	0	8290309	5
324585	0	8290310	3
324585	0	8290314	5
324585	0	8310496	4
324585	0	8310498	5
324585	0	8310499	5
324585	0	8310502	5
324585	0	8310503	5
324585	0	8381474	2
324585	0	8467798	1
324585	0	8500120	4
324585	0	8500121	5
324585	0	8500123	5
324585	0	8500124	5
324585	0	8762257	3
330975	0	1097861	4
330975	0	1598185	3
330975	0	1637261	3
330975	0	2299996	0
330975	0	233944	5
330975	0	233945	1
330975	0	233946	5
330975	0	233948	1
330975	0	233949	2
330975	0	233950	1
330975	0	233951	3
330975	0	233952	4
330975	0	3240106	2
330975	0	3240112	4
330975	0	3256083	2
330975	0	3256084	4
330975	0	3297854	2
330975	0	3297855	4
330975	0	3297856	5
330975	0	3297857	4
330975	0	3297858	4
330975	0	3335804	0
330975	0	3857965	3
330975	0	4043524	0
330975	0	4108178	2
330975	0	4108179	2
330975	0	4392140	5
330975	0	4392141	2
330975	0	4392144	5
330975	0	4392147	3
330975	0	4620919	2
330975	0	4620920	1
330975	0	4620924	2
330975	0	4695292	5
330975	0	482130	5
330975	0	482131	1
330975	0	4896437	1
330975	0	5190215	5
330975	0	5196922	0
330975	0	5393803	5
330975	0	5393804	5
330975	0	5393805	2
330975	0	5427108	3
330975	0	5557976	5
330975	0	5557977	1
330975	0	5580311	0
330975	0	5750875	4
330975	0	5750877	1
330975	0	5750880	5
330975	0	6310757	5
330975	0	6559225	5
330975	0	6625786	2
330975	0	6693239	4
330975	0	702098	2
330975	0	7074783	2
330975	0	7624927	0
330975	0	7908218	0
330975	0	8327009	1
330975	0	8327012	2
330975	0	8541455	2
330975	0	8541461	5
332593	0	1167184	5
332593	0	1443723	2
332593	0	1443727	2
332593	0	1539776	2
332593	0	1650687	1
332593	0	1905432	0
332593	0	329112	5
332593	0	3336840	0
332593	0	3731313	5
332593	0	4023721	2
332593	0	4023722	2
332593	0	4431498	2
332593	0	4431502	1
332593	0	4614346	1
332593	0	4952095	2
332593	0	5241320	5
332593	0	5241321	5
332593	0	5241322	5
332593	0	5241323	5
332593	0	5241324	1
332593	0	5241326	4
332593	0	5241328	2
332593	0	5707522	0
332593	0	6007038	2
332593	0	6007041	1
332593	0	6007045	3
332593	0	6514779	4
332593	0	6514781	4
332593	0	6534081	3
332593	0	6534089	0
332593	0	6765225	4
332593	0	6765227	2
332593	0	7073993	4
332593	0	7073995	5
332593	0	7073996	2
332593	0	7073999	0
332593	0	8021425	4
332593	0	8091681	3
332593	0	8434869	3
332593	0	8434871	5
332593	0	8434872	1
332593	0	8434873	5
332593	0	8749229	1
332593	0	8749230	5
332593	0	8749231	4
336901	0	1521213	0
336901	0	1674353	1
336901	0	1768586	1
336901	0	213017	1
336901	0	2291851	2
336901	0	2291853	2
336901	0	2537065	4
336901	0	2589736	2
336901	0	2909600	4
336901	0	2934191	2
336901	0	3330854	5
336901	0	3386083	4
336901	0	3646550	5
336901	0	3987390	2
336901	0	4028521	2
336901	0	4048104	2
336901	0	4420994	2
336901	0	4789969	1
336901	0	4954233	0
336901	0	5064227	5
336901	0	5100469	1
336901	0	5147393	2
336901	0	5384135	0
336901	0	560665	1
336901	0	5901048	0
336901	0	6017280	4
336901	0	6017284	4
336901	0	6017286	5
336901	0	6017287	4
336901	0	6054128	5
336901	0	6096613	5
336901	0	6096614	3
336901	0	6560790	5
336901	0	7402234	0
336901	0	7459686	3
336901	0	7836253	0
336901	0	7836254	2
336901	0	7836255	2
336901	0	7836256	3
336901	0	7836258	5
336901	0	7836261	2
336901	0	8130980	3
336901	0	8528674	5
336901	0	8528675	5
336901	0	8528677	3
336901	0	8528678	5
336901	0	8528679	5
336901	0	8528680	5
336901	0	8528681	3
336901	0	8528682	2
336901	0	8740069	4
336901	0	8794743	1
390360	0	1032410	4
390360	0	1093722	4
390360	0	1139946	2
390360	0	1139949	1
390360	0	121529	2
390360	0	1326095	4
390360	0	1378333	4
390360	0	1378337	3
390360	0	1609998	1
390360	0	1927069	2
390360	0	2168033	3
390360	0	2173448	4
390360	0	217537	1
390360	0	217540	2
390360	0	2203875	5
390360	0	2203877	5
390360	0	2419904	2
390360	0	2784297	2
390360	0	3104906	0
390360	0	324991	3
390360	0	324992	2
390360	0	324994	0
390360	0	3518921	2
390360	0	3623762	0
390360	0	3988320	1
390360	0	425021	5
390360	0	4546335	0
390360	0	4619216	5
390360	0	4619218	5
390360	0	4683960	2
390360	0	473001	1
390360	0	5423359	5
390360	0	566410	0
390360	0	604111	5
390360	0	6179316	4
390360	0	6492799	3
390360	0	6492800	2
390360	0	6492801	3
390360	0	6492802	3
390360	0	6999350	1
390360	0	7166011	1
390360	0	7186643	4
390360	0	7406840	2
390360	0	7462672	1
390360	0	7666614	5
390360	0	7679050	5
390360	0	7807146	5
390360	0	8009002	2
390360	0	8384887	2
390360	0	844997	0
390360	0	860971	0
390360	0	8630609	5
390360	0	8630611	5
390360	0	8630612	5
390360	0	8630613	4
390360	0	8630614	5
390360	0	8630616	2
390360	0	8630617	4
390360	0	8630618	5
390360	0	963941	2
390360	0	963943	1
405163	0	1041997	4
405163	0	1108748	0
405163	0	1212298	4
405163	0	1234964	3
405163	0	1305759	0
405163	0	1330010	2
405163	0	1352545	2
405163	0	1352548	5
405163	0	1506457	3
405163	0	1518539	4
405163	0	1518541	5
405163	0	1567779	5
405163	0	1655999	4
405163	0	1667024	1
405163	0	1667027	3
405163	0	1893016	5
405163	0	1902864	4
405163	0	1902866	5
405163	0	2016025	2
405163	0	2055218	3
405163	0	2077809	2
405163	0	2139588	0
405163	0	2407799	4
405163	0	2748170	5
405163	0	2806293	5
405163	0	2806296	5
405163	0	289329	2
405163	0	2902930	2
405163	0	295189	5
405163	0	306987	2
405163	0	306992	2
405163	0	3216136	3
405163	0	3600866	3
405163	0	3602402	2
405163	0	3850032	1
405163	0	3918981	1
405163	0	3918983	4
405163	0	4058115	2
405163	0	4228172	4
405163	0	4232058	1
405163	0	429245	5
405163	0	429246	5
405163	0	429247	5
405163	0	4346504	1
405163	0	4409822	1
405163	0	4642223	4
405163	0	5095855	1
405163	0	5214452	2
405163	0	5248627	2
405163	0	5282651	0
405163	0	5514160	2
405163	0	5523884	1
405163	0	5658841	1
405163	0	5706290	1
405163	0	5706291	2
405163	0	5710977	0
405163	0	5746714	2
405163	0	5746717	0
405163	0	5768619	0
405163	0	5897402	1
405163	0	5909565	5
405163	0	5909571	5
405163	0	5922369	2
405163	0	6250234	4
405163	0	6289824	4
405163	0	6334781	4
405163	0	647592	3
405163	0	647594	4
405163	0	6689927	1
405163	0	6689928	2
405163	0	6707943	1
405163	0	6770821	1
405163	0	6796414	2
405163	0	6796624	0
405163	0	6877861	2
405163	0	6916264	5
405163	0	6945009	5
405163	0	6945011	5
405163	0	6945014	5
405163	0	6965575	5
405163	0	7044508	4
405163	0	7196947	3
405163	0	72203	5
405163	0	7392422	0
405163	0	7454159	2
405163	0	7622492	5
405163	0	7754279	2
405163	0	7969801	2
405163	0	8282533	2
405163	0	834747	2
405163	0	834754	0
405163	0	8445975	4
405163	0	8482540	5
405163	0	851536	5
405163	0	8608597	3
405163	0	8608603	5
405163	0	8633840	3
405163	0	863570	1
405163	0	8682163	2
405163	0	8682164	4
405163	0	8707747	2
405163	0	931373	0
405163	0	978353	5
42255	0	1470400	3
42255	0	1470405	3
42255	0	1601664	1
42255	0	1601667	3
42255	0	179535	1
42255	0	182410	4
42255	0	1896377	1
42255	0	1896381	0
42255	0	2067180	1
42255	0	2229964	2
42255	0	2584026	5
42255	0	2673765	2
42255	0	2799681	4
42255	0	2799685	2
42255	0	2834575	2
42255	0	2882385	2
42255	0	3063186	0
42255	0	3063187	2
42255	0	3063191	5
42255	0	3077466	5
42255	0	3077467	2
42255	0	3349782	4
42255	0	363752	2
42255	0	3716276	3
42255	0	3716279	5
42255	0	3716280	2
42255	0	3716282	2
42255	0	3723425	2
42255	0	3817242	5
42255	0	3817246	2
42255	0	471838	2
42255	0	5076181	3
42255	0	5326925	4
42255	0	5519434	5
42255	0	5550457	2
42255	0	5571057	0
42255	0	5778518	0
42255	0	5783297	2
42255	0	5783300	5
42255	0	5801316	4
42255	0	5921270	2
42255	0	5997797	4
42255	0	5997799	4
42255	0	5997800	1
42255	0	6098597	2
42255	0	6098598	3
42255	0	6098601	4
42255	0	6098603	3
42255	0	6120375	5
42255	0	6120376	2
42255	0	6159642	5
42255	0	6159644	0
42255	0	630087	2
42255	0	6307609	1
42255	0	6314164	0
42255	0	6487361	0
42255	0	6528860	2
42255	0	6784918	2
42255	0	6784924	5
42255	0	6971736	5
42255	0	6971740	5
42255	0	7123386	4
42255	0	7123389	0
42255	0	729163	1
42255	0	7688778	3
42255	0	7688780	0
42255	0	7944025	0
42255	0	7944026	4
42255	0	8012296	1
42255	0	8070166	1
42255	0	8286390	4
42255	0	8286391	5
42255	0	8286392	1
42255	0	8328839	4
42255	0	8328843	2
42255	0	8372967	1
42255	0	8372968	5
42255	0	857475	3
42255	0	857478	4
42255	0	857479	1
42255	0	8586795	2
42255	0	8720119	3
42255	0	8746188	5
42255	0	8746189	5
42255	0	8746190	5
42255	0	8746191	5
42255	0	8746192	5
42255	0	8746193	1
42255	0	8746194	5
42255	0	8746195	5
42255	0	8746196	5
42255	0	8746197	5
47210	0	1560499	0
47210	0	2042918	5
47210	0	2042923	2
47210	0	2042924	2
47210	0	2042926	1
47210	0	2042927	1
47210	0	2338383	3
47210	0	2338385	5
47210	0	2545998	5
47210	0	2545999	2
47210	0	2546001	5
47210	0	2546002	5
47210	0	2546005	5
47210	0	2546007	5
47210	0	3304358	5
47210	0	3304359	5
47210	0	3757931	4
47210	0	3757932	4
47210	0	4007104	4
47210	0	4007106	2
47210	0	4748994	0
47210	0	4748997	1
47210	0	4766143	0
47210	0	5207326	3
47210	0	5207328	2
47210	0	5207329	5
47210	0	5301404	4
47210	0	5301406	2
47210	0	5497272	4
47210	0	5497278	0
47210	0	5642104	4
47210	0	5691600	3
47210	0	6168517	3
47210	0	6180504	5
47210	0	6180507	2
47210	0	6502207	3
47210	0	6502208	4
47210	0	6990781	1
47210	0	7367872	2
47210	0	7367873	0
47210	0	7367874	1
47210	0	7509249	5
47210	0	7509252	2
47210	0	7562282	1
47210	0	7562284	2
47210	0	8261978	2
47210	0	8646329	2
47210	0	8646330	1
47210	0	8646331	1
555530	0	1114218	5
555530	0	1447386	1
555530	0	1526190	0
555530	0	1536620	5
555530	0	1554646	0
555530	0	1618154	0
555530	0	1672654	2
555530	0	1754577	4
555530	0	1754578	1
555530	0	1754579	3
555530	0	1754584	2
555530	0	1807676	0
555530	0	1897713	5
555530	0	1897716	5
555530	0	1897718	3
555530	0	1897720	1
555530	0	2217431	5
555530	0	2354213	0
555530	0	264683	1
555530	0	2805520	2
555530	0	2906190	2
555530	0	2978164	2
555530	0	2978171	2
555530	0	338636	4
555530	0	3559167	5
555530	0	3703992	3
555530	0	3717582	3
555530	0	3764719	2
555530	0	4071550	2
555530	0	4137963	3
555530	0	4137964	2
555530	0	4238674	5
555530	0	4240158	4
555530	0	4296807	2
555530	0	448525	5
555530	0	448529	1
555530	0	4744248	2
555530	0	474541	5
555530	0	474544	4
555530	0	480988	5
555530	0	5106749	1
555530	0	5182520	2
555530	0	561169	0
555530	0	5753585	3
555530	0	5846397	5
555530	0	6078221	5
555530	0	6078228	5
555530	0	6108232	0
555530	0	6221470	3
555530	0	6225332	3
555530	0	6309262	5
555530	0	6434719	2
555530	0	6449364	5
555530	0	6450951	2
555530	0	6450953	1
555530	0	6485976	5
555530	0	6579581	0
555530	0	668366	1
555530	0	6869537	2
555530	0	6913116	2
555530	0	6936082	5
555530	0	6938328	4
555530	0	6990474	1
555530	0	7179784	5
555530	0	7179789	5
555530	0	7179791	5
555530	0	7232504	4
555530	0	7246139	2
555530	0	7339147	4
555530	0	7349580	4
555530	0	7419503	1
555530	0	7475084	4
555530	0	7606337	4
555530	0	7766457	4
555530	0	7766465	4
555530	0	8025704	1
555530	0	8097532	2
555530	0	8276743	1
555530	0	8461277	3
555530	0	8637526	2
555530	0	910809	2
555530	0	971429	0
583468	0	119352	4
583468	0	119354	5
583468	0	1546128	2
583468	0	1675561	2
583468	0	1675562	5
583468	0	1675564	5
583468	0	1675566	3
583468	0	2080306	0
583468	0	2267048	3
583468	0	2267052	5
583468	0	2267054	5
583468	0	3466606	2
583468	0	3466607	2
583468	0	6286922	1
583468	0	6286927	0
583468	0	6286928	0
583468	0	6578660	1
583468	0	6654310	0
583468	0	7450717	4
583468	0	7450718	5
583468	0	7450725	5
583468	0	7465955	1
583468	0	7491697	2
583468	0	7491698	3
583468	0	7491700	2
583468	0	7491704	2
583468	0	7491705	1
583468	0	7706119	4
583468	0	7706120	2
583468	0	7706122	2
583468	0	7744346	5
583468	0	7744347	3
583468	0	7744348	4
583468	0	7744349	4
583468	0	7744350	5
583468	0	7744351	4
583468	0	8144451	1
583468	0	8326078	0
583468	0	8326080	1
583468	0	8395840	2
583468	0	914666	3
583468	0	914668	5
640502	0	1034851	2
640502	0	1091791	0
640502	0	1091795	5
640502	0	1226398	1
640502	0	1226405	3
640502	0	1304073	1
640502	0	1467731	0
640502	0	1467737	0
640502	0	172502	2
640502	0	1754997	5
640502	0	1775697	4
640502	0	1854588	3
640502	0	1957247	5
640502	0	1957252	3
640502	0	208378	1
640502	0	2096762	4
640502	0	2096764	2
640502	0	2442847	2
640502	0	2445381	2
640502	0	2701130	2
640502	0	2808569	4
640502	0	2808576	1
640502	0	2989518	1
640502	0	2989520	2
640502	0	3255505	0
640502	0	3263516	2
640502	0	3511308	0
640502	0	3511310	2
640502	0	3551380	5
640502	0	3678130	1
640502	0	3992434	5
640502	0	4088602	1
640502	0	4088606	5
640502	0	409318	1
640502	0	4132983	2
640502	0	418508	5
640502	0	4261742	5
640502	0	4422928	0
640502	0	4778464	3
640502	0	5073872	3
640502	0	5150987	4
640502	0	5150990	5
640502	0	5161853	5
640502	0	5539487	4
640502	0	598202	4
640502	0	598204	2
640502	0	6146400	5
640502	0	6304677	1
640502	0	6414861	1
640502	0	6497380	4
640502	0	6497385	2
640502	0	6679958	2
640502	0	6730883	4
640502	0	6730884	4
640502	0	6730887	5
640502	0	6985038	5
640502	0	7109037	5
640502	0	7160373	0
640502	0	7456406	3
640502	0	7540167	5
640502	0	77134	2
640502	0	8003526	2
640502	0	8412227	5
640502	0	8412229	4
640502	0	8451475	2
67316	0	1114355	1
67316	0	1134520	1
67316	0	1191975	3
67316	0	1233288	3
67316	0	1261955	3
67316	0	1277368	0
67316	0	1325092	2
67316	0	1401789	5
67316	0	1408563	1
67316	0	1920786	2
67316	0	1974374	1
67316	0	1974375	4
67316	0	209702	2
67316	0	2268657	4
67316	0	2365991	2
67316	0	2688813	4
67316	0	2930660	5
67316	0	2930661	2
67316	0	3063530	2
67316	0	308681	1
67316	0	3250707	5
67316	0	3272839	2
67316	0	3393479	5
67316	0	3557361	0
67316	0	3761777	4
67316	0	3810716	0
67316	0	3810719	1
67316	0	3857558	4
67316	0	3871324	5
67316	0	3942287	3
67316	0	4141330	3
67316	0	4163705	4
67316	0	4163707	2
67316	0	4180169	1
67316	0	44015	2
67316	0	450305	3
67316	0	450309	0
67316	0	4789318	5
67316	0	4789322	5
67316	0	481471	1
67316	0	4863059	4
67316	0	4922572	0
67316	0	5029981	2
67316	0	5029984	1
67316	0	5181841	2
67316	0	5195161	3
67316	0	5252008	0
67316	0	6091258	1
67316	0	6148105	1
67316	0	6221796	1
67316	0	6290080	2
67316	0	6387611	5
67316	0	6439840	4
67316	0	6507744	0
67316	0	6607539	1
67316	0	6607541	2
67316	0	6607542	2
67316	0	6680964	5
67316	0	6680965	4
67316	0	6680966	4
67316	0	6680967	2
67316	0	6680968	2
67316	0	6683215	2
67316	0	6764671	4
67316	0	6764674	2
67316	0	6905735	2
67316	0	6925995	3
67316	0	7019081	5
67316	0	7027708	0
67316	0	7112302	5
67316	0	7114279	5
67316	0	7348851	5
67316	0	7418431	5
67316	0	7418432	5
67316	0	7418438	5
67316	0	7513151	2
67316	0	7630885	5
67316	0	7701876	5
67316	0	800359	5
67316	0	8003840	4
67316	0	8161992	4
67316	0	8200130	2
67316	0	8261797	4
67316	0	8285748	0
67316	0	8308297	5
67316	0	8308718	2
67316	0	8312258	5
67316	0	8312265	5
67316	0	8377581	5
67316	0	8431632	2
67316	0	8431637	3
67316	0	8473319	1
67316	0	8773687	0
673670	0	1178245	2
673670	0	1282792	5
673670	0	1282794	5
673670	0	1398748	2
673670	0	1454201	2
673670	0	1511452	3
673670	0	1511453	1
673670	0	1511457	2
673670	0	1511459	3
673670	0	1905068	0
673670	0	1954736	1
673670	0	1954745	1
673670	0	2240351	5
673670	0	2240354	5
673670	0	2240356	4
673670	0	2240359	1
673670	0	3345262	3
673670	0	3345263	2
673670	0	3345266	3
673670	0	3345269	2
673670	0	3592286	5
673670	0	3607495	4
673670	0	3607500	5
673670	0	3607501	0
673670	0	4013566	0
673670	0	4013570	0
673670	0	6084748	2
673670	0	6342707	0
673670	0	6989198	1
673670	0	7257297	2
673670	0	7257300	2
673670	0	7257301	3
673670	0	7257302	3
673670	0	7257303	2
673670	0	7257304	5
673670	0	7257306	5
673670	0	7583949	2
673670	0	7732030	4
673670	0	7772630	4
673670	0	7772637	4
673670	0	824934	4
673670	0	8495250	1
673670	0	8524263	5
673670	0	8554511	2
673670	0	8632357	5
673670	0	8632359	5
673670	0	8632360	5
673670	0	8632361	0
673670	0	8632362	5
673670	0	8632363	1
673670	0	8632364	5
673670	0	8632365	1
673670	0	867190	2
673670	0	867197	2
673670	0	8735640	4
673670	0	8735643	4
673670	0	8773078	1
701453	0	100342	0
701453	0	2036076	4
701453	0	4330671	3
701453	0	4330672	4
701453	0	4330673	1
701453	0	4330675	2
701453	0	4330676	2
701453	0	4330677	3
701453	0	4330678	2
701453	0	4330679	2
701453	0	4330680	1
701453	0	4355643	5
701453	0	4355645	4
701453	0	4355647	5
701453	0	4355649	5
701453	0	4355652	3
701453	0	4832975	1
701453	0	688613	1
701453	0	688614	5
701453	0	688615	5
701453	0	688618	5
701453	0	6927982	0
701453	0	6999084	0
701453	0	6999087	0
701453	0	7259848	2
701453	0	7586972	1
701453	0	7806569	2
701453	0	781518	1
701453	0	8402346	5
701453	0	8402348	2
701453	0	8402349	3
701453	0	8402350	2
701453	0	8626140	5
701453	0	8626142	4
701453	0	8626143	4
701453	0	8626145	5
701453	0	8626149	2
730539	0	1520038	0
730539	0	1625667	2
730539	0	1625670	3
730539	0	1625674	3
730539	0	239231	1
730539	0	2666436	5
730539	0	2666442	4
730539	0	2666443	4
730539	0	2666444	5
730539	0	3320012	2
730539	0	3476824	4
730539	0	3944257	2
730539	0	437275	1
730539	0	437276	1
730539	0	4539974	0
730539	0	4605022	5
730539	0	4885113	0
730539	0	5428552	5
730539	0	6734967	3
730539	0	7129068	0
730539	0	7916064	5
730539	0	8276217	2
730539	0	8276218	5
730539	0	8276221	2
730539	0	8276222	2
730539	0	8276223	2
730539	0	8327959	1
730539	0	8577876	4
730539	0	8577877	5
730539	0	8577878	5
730539	0	8577879	1
730539	0	8577880	4
730539	0	8577882	2
768208	0	2056879	1
768208	0	2379474	4
768208	0	240435	3
768208	0	240436	3
768208	0	2968691	1
768208	0	2988811	1
768208	0	3171396	3
768208	0	3515882	4
768208	0	3515884	4
768208	0	3564080	2
768208	0	3710762	3
768208	0	37604	2
768208	0	4251602	4
768208	0	5025777	0
768208	0	5039567	2
768208	0	52154	4
768208	0	52155	5
768208	0	52156	4
768208	0	52157	5
768208	0	52158	5
768208	0	52159	5
768208	0	52160	5
768208	0	52161	5
768208	0	52162	3
768208	0	52163	5
768208	0	5222129	2
768208	0	581991	2
768208	0	6846418	2
768208	0	6944794	1
768208	0	7272040	2
768208	0	7272041	2
768208	0	7272045	2
768208	0	813102	5
768208	0	8170966	0
768208	0	8187702	0
768208	0	820489	0
768208	0	8525681	5
768208	0	8525683	5
768208	0	8615154	2
768208	0	8619622	0
768208	0	8802293	1
768208	0	955479	1
877809	0	1050327	5
877809	0	1335170	4
877809	0	1550610	5
877809	0	1550611	1
877809	0	1550613	5
877809	0	1821652	0
877809	0	2298374	4
877809	0	2515032	5
877809	0	2515036	3
877809	0	2640804	3
877809	0	3248714	1
877809	0	3328100	3
877809	0	35107	2
877809	0	35108	2
877809	0	35109	5
877809	0	35111	5
877809	0	35113	2
877809	0	35114	2
877809	0	35115	2
877809	0	3716286	4
877809	0	3879161	2
877809	0	3982277	1
877809	0	4402455	4
877809	0	4635482	1
877809	0	4888926	5
877809	0	4888929	5
877809	0	4888932	5
877809	0	5196143	4
877809	0	5196148	4
877809	0	5229370	0
877809	0	5850349	2
877809	0	5940393	1
877809	0	5940394	1
877809	0	6269999	4
877809	0	6704838	2
877809	0	6942008	0
877809	0	7040022	2
877809	0	7050366	5
877809	0	7346771	1
877809	0	788181	3
877809	0	7906970	2
877809	0	7906974	2
877809	0	7952694	3
877809	0	8165590	0
877809	0	8290072	0
877809	0	8659718	5
911232	0	1674264	5
911232	0	1847345	2
911232	0	1879470	4
911232	0	1879472	5
911232	0	1879474	2
911232	0	1879475	3
911232	0	2154975	2
911232	0	2428679	1
911232	0	2609560	0
911232	0	2921796	0
911232	0	2999924	1
911232	0	2999925	4
911232	0	2999926	1
911232	0	2999927	2
911232	0	2999928	2
911232	0	2999929	3
911232	0	2999930	4
911232	0	2999931	2
911232	0	2999932	1
911232	0	2999933	4
911232	0	3089566	0
911232	0	3113875	0
911232	0	337628	2
911232	0	3976215	2
911232	0	4517906	5
911232	0	4967291	4
911232	0	4967292	1
911232	0	4967294	4
911232	0	4967295	1
911232	0	4967296	1
911232	0	4967297	3
911232	0	4967298	0
911232	0	4967299	5
911232	0	6261251	5
911232	0	6261252	5
911232	0	6732192	2
911232	0	6732195	5
911232	0	6928649	4
911232	0	6928653	4
911232	0	6928655	5
911232	0	7231607	2
911232	0	7238675	3
911232	0	7532423	5
911232	0	8027890	2
911232	0	8534943	1
911232	0	8712510	0
911232	0	8816617	2
911232	0	8816618	5
911232	0	8816620	5
911232	0	8816621	2
911232	0	8816622	5
911232	0	8816623	3
911232	0	8816624	3
911232	0	8816626	5
914916	0	1027218	2
914916	0	1183903	4
914916	0	1183904	4
914916	0	1183905	2
914916	0	1194681	2
914916	0	1194685	2
914916	0	1501494	0
914916	0	1545740	5
914916	0	1545741	2
914916	0	1545742	3
914916	0	2001626	5
914916	0	2001628	5
914916	0	2200004	2
914916	0	2631739	5
914916	0	2631743	4
914916	0	2631747	4
914916	0	2754113	2
914916	0	2989234	5
914916	0	3057739	5
914916	0	3170839	2
914916	0	3253278	4
914916	0	3253279	4
914916	0	3530681	0
914916	0	3535611	4
914916	0	3573852	2
914916	0	3586559	2
914916	0	3763841	3
914916	0	4425460	2
914916	0	4482576	2
914916	0	4571857	1
914916	0	4854255	1
914916	0	4884201	4
914916	0	4955073	1
914916	0	4958358	1
914916	0	5039693	3
914916	0	5177082	5
914916	0	5363821	1
914916	0	5380650	3
914916	0	5439629	1
914916	0	5730352	3
914916	0	5730355	5
914916	0	5730356	5
914916	0	5730357	4
914916	0	5730358	2
914916	0	6042348	4
914916	0	6042350	5
914916	0	6071696	3
914916	0	6613409	1
914916	0	6818272	5
914916	0	6818273	1
914916	0	7040507	2
914916	0	7081903	2
914916	0	7240123	2
914916	0	7241370	0
914916	0	7798477	0
914916	0	7798479	0
914916	0	7798480	4
914916	0	8027657	1
914916	0	8129165	0
914916	0	8348854	0
914916	0	8520449	1
914916	0	8563840	1
914916	0	8689503	5
914916	0	8772516	5
914916	0	8772517	5
914916	0	8772518	2
914916	0	8772520	5
914916	0	8772521	5
914916	0	8772524	3
914916	0	8772525	5
938400	0	1571994	0
938400	0	2009152	1
938400	0	2071046	2
938400	0	2208294	0
938400	0	2371820	1
938400	0	2484350	1
938400	0	2532047	2
938400	0	2532049	5
938400	0	2659899	0
938400	0	2870509	1
938400	0	2870514	4
938400	0	2958099	2
938400	0	2958107	4
938400	0	2962205	3
938400	0	2962208	5
938400	0	2962212	5
938400	0	3088746	4
938400	0	3088747	5
938400	0	3088748	4
938400	0	3088751	3
938400	0	3088755	1
938400	0	3353755	4
938400	0	3353757	1
938400	0	3353759	1
938400	0	3353762	5
938400	0	3353763	4
938400	0	3353764	5
938400	0	3820294	5
938400	0	3820295	3
938400	0	3914686	5
938400	0	4207807	3
938400	0	47281	2
938400	0	47286	1
938400	0	47290	2
938400	0	4956057	4
938400	0	4956059	4
938400	0	4956060	0
938400	0	4956063	2
938400	0	4956064	5
938400	0	504473	3
938400	0	5061328	2
938400	0	6246560	0
938400	0	6246564	0
938400	0	6499450	2
938400	0	6501473	2
938400	0	6937213	2
938400	0	7004405	3
938400	0	7004406	5
938400	0	7239121	2
938400	0	7239123	2
938400	0	7313620	5
938400	0	7313626	4
938400	0	7396872	1
938400	0	7787197	2
938400	0	8309427	5
938400	0	8309433	5
938400	0	8678066	5
938400	0	8723838	2
940547	0	1493024	1
940547	0	2667345	5
940547	0	2667347	5
940547	0	2667353	5
940547	0	2814756	5
940547	0	3624263	1
940547	0	3706456	5
940547	0	4481817	0
940547	0	4664997	3
940547	0	4664999	2
940547	0	4665002	0
940547	0	4696640	5
940547	0	4800890	3
940547	0	4800891	2
940547	0	4864599	0
940547	0	506003	1
940547	0	5118373	5
940547	0	5118378	4
940547	0	5300647	2
940547	0	5300651	3
940547	0	5300654	3
940547	0	5831702	2
940547	0	5831703	4
940547	0	5831707	2
940547	0	5831708	3
940547	0	5831709	2
940547	0	5831711	4
940547	0	5951249	4
940547	0	61068	5
940547	0	61070	1
940547	0	61071	5
940547	0	6404591	0
940547	0	6656482	0
940547	0	6782541	4
940547	0	6782543	4
940547	0	6948118	2
940547	0	7259157	5
940547	0	7280582	2
940547	0	7280584	2
940547	0	7282174	4
940547	0	7282176	4
940547	0	7951561	1
940547	0	8219044	4
940547	0	8219052	2
940547	0	8219244	2
940547	0	8219248	5
940547	0	8219249	2
940547	0	8269679	1
940547	0	8269680	0
940547	0	837714	2
940547	0	8772071	5
940547	0	8772073	5
940547	0	8772074	1
940547	0	8772075	5
940547	0	8805005	1
940547	0	8805011	1
940547	0	964766	2
940547	0	964772	3
997622	0	2182282	1
997622	0	2467749	2
997622	0	3604711	2
997622	0	3767367	0
997622	0	406412	1
997622	0	406418	1
997622	0	4357743	2
997622	0	4518222	5
997622	0	4543861	3
997622	0	4543864	2
997622	0	4543865	5
997622	0	4543867	5
997622	0	4543869	4
997622	0	4558331	2
997622	0	4596839	2
997622	0	4643388	3
997622	0	4643389	3
997622	0	4643392	4
997622	0	4643394	4
997622	0	4643397	5
997622	0	4700298	1
997622	0	5430569	0
997622	0	5430574	0
997622	0	5719834	0
997622	0	72291	5
997622	0	73459	2
997622	0	73460	5
997622	0	73462	5
997622	0	73465	5
997622	0	8533348	4
997622	0	8684996	2
997622	0	8813537	4
997622	0	941632	1
