1037798	0	1057605	0
1037798	0	1137775	1
1037798	0	1149704	2
1037798	0	1232011	2
1037798	0	1232012	3
1037798	0	1308037	4
1037798	0	1499298	2
1037798	0	1520771	3
1037798	0	1520773	3
1037798	0	1715850	0
1037798	0	1780966	2
1037798	0	2157450	2
1037798	0	2157456	5
1037798	0	2232394	0
1037798	0	2256138	1
1037798	0	2266020	0
1037798	0	2354063	1
1037798	0	2403951	2
1037798	0	2403955	1
1037798	0	2572535	4
1037798	0	2608688	2
1037798	0	2634475	2
1037798	0	2787508	5
1037798	0	2863296	5
1037798	0	2868741	0
1037798	0	2914156	2
1037798	0	2970896	0
1037798	0	3030654	4
1037798	0	3030655	4
1037798	0	3167284	4
1037798	0	3295328	4
1037798	0	3387556	5
1037798	0	3620983	5
1037798	0	3641442	2
1037798	0	3641634	5
1037798	0	3641640	5
1037798	0	3673022	2
1037798	0	3681010	2
1037798	0	4083926	4
1037798	0	4095286	5
1037798	0	4114353	1
1037798	0	4227882	2
1037798	0	4273497	2
1037798	0	4291373	5
1037798	0	4296396	3
1037798	0	4297400	1
1037798	0	4297405	3
1037798	0	4439951	2
1037798	0	4482918	2
1037798	0	4714121	2
1037798	0	4788864	5
1037798	0	4877594	1
1037798	0	4936037	1
1037798	0	4974552	5
1037798	0	5099520	4
1037798	0	5171588	3
1037798	0	5438881	5
1037798	0	5538667	0
1037798	0	5702713	2
1037798	0	5732889	2
1037798	0	5748541	2
1037798	0	5753978	0
1037798	0	5904351	2
1037798	0	6060285	5
1037798	0	6155141	2
1037798	0	6421952	2
1037798	0	6511237	1
1037798	0	6511240	1
1037798	0	6605198	1
1037798	0	6605199	1
1037798	0	6765783	0
1037798	0	6912814	4
1037798	0	720665	5
1037798	0	7253357	4
1037798	0	7466652	5
1037798	0	7780938	0
1037798	0	7822415	5
1037798	0	7827293	2
1037798	0	7943228	5
1037798	0	7950016	3
1037798	0	7967207	4
1037798	0	7995048	3
1037798	0	8010124	3
1037798	0	8087396	4
1037798	0	811306	2
1037798	0	8223340	4
1037798	0	8230221	1
1037798	0	8355398	1
1037798	0	8417086	4
1037798	0	8537479	5
1037798	0	8717816	1
1037798	0	8760864	5
1037798	0	8760866	4
1037798	0	8760867	5
1037798	0	8760868	5
1037798	0	8760870	5
1037798	0	8760871	5
1037798	0	8760873	5
1037798	0	8820474	3
1037798	0	994978	5
104861	0	1017085	1
104861	0	1017092	4
104861	0	1046334	2
104861	0	125332	0
104861	0	1304632	5
104861	0	1313687	2
104861	0	1313691	2
104861	0	1365744	3
104861	0	1424216	1
104861	0	146170	3
104861	0	146178	4
104861	0	1811410	5
104861	0	1948963	3
104861	0	1995989	2
104861	0	2158194	4
104861	0	2377050	2
104861	0	2471336	1
104861	0	2600385	4
104861	0	2916636	4
104861	0	2958127	2
104861	0	2958131	3
104861	0	2958133	2
104861	0	314919	4
104861	0	3915516	0
104861	0	3925933	5
104861	0	3928196	2
104861	0	4019224	0
104861	0	409268	5
104861	0	4197096	4
104861	0	4350441	0
104861	0	4563275	0
104861	0	459675	5
104861	0	459676	5
104861	0	4717134	5
104861	0	4930174	1
104861	0	4961345	4
104861	0	5073463	4
104861	0	5101716	1
104861	0	5110656	0
104861	0	5150431	5
104861	0	5150438	4
104861	0	5248340	5
104861	0	5248341	3
104861	0	5379458	5
104861	0	5405670	4
104861	0	5598961	4
104861	0	5607729	1
104861	0	5667474	3
104861	0	5670527	3
104861	0	5688415	5
104861	0	5688416	3
104861	0	5688417	2
104861	0	5688420	1
104861	0	5703400	5
104861	0	5703401	5
104861	0	5778133	1
104861	0	5801822	5
104861	0	5836442	1
104861	0	5864689	5
104861	0	5864693	5
104861	0	6056677	2
104861	0	6156641	0
104861	0	6187055	2
104861	0	6200735	1
104861	0	6200737	2
104861	0	6202527	2
104861	0	6241793	2
104861	0	629274	2
104861	0	629278	2
104861	0	6351571	5
104861	0	6391586	2
104861	0	6436838	4
104861	0	6518057	0
104861	0	6566321	2
104861	0	6585554	3
104861	0	6653676	5
104861	0	6658615	5
104861	0	6704672	5
104861	0	672931	1
104861	0	6788423	2
104861	0	715676	2
104861	0	7186729	2
104861	0	7204477	5
104861	0	7462393	1
104861	0	7506026	2
104861	0	7506028	2
104861	0	7666364	3
104861	0	7817767	1
104861	0	8131235	0
104861	0	8138536	1
104861	0	8141081	4
104861	0	8259116	5
104861	0	8260035	5
104861	0	8260037	0
104861	0	8400531	2
104861	0	8495099	5
104861	0	8516149	4
104861	0	8546159	2
104861	0	8546162	5
104861	0	8546679	1
1063750	0	1126299	4
1063750	0	1449750	3
1063750	0	1506582	1
1063750	0	1747827	2
1063750	0	2197526	4
1063750	0	2230090	5
1063750	0	2391457	5
1063750	0	2489562	2
1063750	0	2516	5
1063750	0	2531262	1
1063750	0	2737817	2
1063750	0	2741096	1
1063750	0	2868845	5
1063750	0	2881841	0
1063750	0	292715	2
1063750	0	292720	2
1063750	0	2981566	5
1063750	0	2992036	1
1063750	0	2997653	5
1063750	0	3057055	3
1063750	0	3327051	5
1063750	0	3388270	1
1063750	0	3419021	2
1063750	0	3419024	1
1063750	0	3610446	5
1063750	0	3633193	3
1063750	0	3633196	3
1063750	0	3765643	2
1063750	0	3805477	3
1063750	0	3959834	4
1063750	0	3985729	0
1063750	0	4035182	2
1063750	0	4096516	5
1063750	0	4164404	5
1063750	0	4164408	4
1063750	0	4318010	1
1063750	0	4329899	5
1063750	0	4330928	4
1063750	0	4337526	5
1063750	0	4337527	5
1063750	0	4349323	0
1063750	0	4414266	1
1063750	0	4788295	5
1063750	0	4788296	5
1063750	0	4788297	5
1063750	0	4788299	5
1063750	0	4823168	5
1063750	0	4823169	4
1063750	0	4844353	1
1063750	0	4895432	2
1063750	0	5057642	2
1063750	0	5061526	2
1063750	0	5123011	0
1063750	0	5236487	3
1063750	0	5256198	4
1063750	0	5307035	2
1063750	0	5442717	5
1063750	0	5511493	1
1063750	0	5539843	4
1063750	0	5659951	0
1063750	0	5937604	1
1063750	0	5971113	2
1063750	0	6093904	5
1063750	0	6093907	5
1063750	0	621072	0
1063750	0	6312813	4
1063750	0	6407369	2
1063750	0	6436703	5
1063750	0	6666451	5
1063750	0	6796349	2
1063750	0	6796352	2
1063750	0	6992949	4
1063750	0	7215631	1
1063750	0	7230839	0
1063750	0	7242446	2
1063750	0	7244922	3
1063750	0	7412324	4
1063750	0	7412330	1
1063750	0	7466280	1
1063750	0	7466281	3
1063750	0	7493867	2
1063750	0	7494554	3
1063750	0	7614194	3
1063750	0	7778348	2
1063750	0	7778351	5
1063750	0	7783007	2
1063750	0	7881253	2
1063750	0	7937217	2
1063750	0	7952971	5
1063750	0	8093226	2
1063750	0	8093228	4
1063750	0	8182566	2
1063750	0	8354852	0
1063750	0	8378776	4
1063750	0	8670789	1
1063750	0	8689678	4
1063750	0	8689799	4
1063750	0	8778700	0
1063750	0	8809837	0
1063750	0	8809842	2
1103812	0	1059165	5
1103812	0	1059168	4
1103812	0	1241994	1
1103812	0	1527127	4
1103812	0	1583317	5
1103812	0	1659850	5
1103812	0	1659852	5
1103812	0	1736597	4
1103812	0	1783582	2
1103812	0	1783588	2
1103812	0	1785498	2
1103812	0	2250580	2
1103812	0	2332189	5
1103812	0	2379406	3
1103812	0	2379408	4
1103812	0	2379409	1
1103812	0	239599	3
1103812	0	2489484	2
1103812	0	2641953	1
1103812	0	2641960	2
1103812	0	2666747	2
1103812	0	2715494	2
1103812	0	2746387	1
1103812	0	2750961	5
1103812	0	2859495	0
1103812	0	2878679	1
1103812	0	2945096	5
1103812	0	2967948	1
1103812	0	2972402	0
1103812	0	3297503	1
1103812	0	3425644	2
1103812	0	3486832	3
1103812	0	3543021	4
1103812	0	3591094	5
1103812	0	3672742	2
1103812	0	3672744	5
1103812	0	3684042	2
1103812	0	3684048	3
1103812	0	3843263	5
1103812	0	3843267	5
1103812	0	3843271	5
1103812	0	3936549	4
1103812	0	3936550	4
1103812	0	3978768	3
1103812	0	4059416	2
1103812	0	4191304	4
1103812	0	4292848	5
1103812	0	4331707	2
1103812	0	4401695	5
1103812	0	4434352	2
1103812	0	4455026	5
1103812	0	4567920	0
1103812	0	4645341	0
1103812	0	4726841	1
1103812	0	4824831	5
1103812	0	4824834	4
1103812	0	4905647	1
1103812	0	4905650	0
1103812	0	4954261	1
1103812	0	4954262	0
1103812	0	5000627	1
1103812	0	5190505	4
1103812	0	5201198	3
1103812	0	5201200	1
1103812	0	5372067	4
1103812	0	5564936	2
1103812	0	5581284	1
1103812	0	59539	2
1103812	0	5974240	1
1103812	0	5974245	4
1103812	0	5976809	0
1103812	0	6054716	3
1103812	0	6103245	2
1103812	0	6289840	5
1103812	0	6619493	0
1103812	0	6790264	1
1103812	0	6927984	2
1103812	0	6927987	3
1103812	0	7076088	2
1103812	0	7206366	4
1103812	0	7242599	2
1103812	0	7285933	3
1103812	0	7507311	4
1103812	0	7551186	0
1103812	0	8062134	2
1103812	0	8097008	2
1103812	0	8220080	5
1103812	0	8220085	5
1103812	0	8220086	5
1103812	0	8220087	5
1103812	0	8220088	5
1103812	0	8220089	5
1103812	0	8224181	4
1103812	0	8224183	5
1103812	0	8237381	2
1103812	0	8293805	5
1103812	0	8435739	2
1103812	0	864598	3
1103812	0	8792133	2
1103812	0	955560	0
1106007	0	1334328	5
1106007	0	1334335	5
1106007	0	1334336	5
1106007	0	1343769	5
1106007	0	13561	1
1106007	0	13564	1
1106007	0	1530299	5
1106007	0	1918089	3
1106007	0	2143418	5
1106007	0	2143420	2
1106007	0	2165342	5
1106007	0	2294712	2
1106007	0	2384069	5
1106007	0	2464377	4
1106007	0	2464378	2
1106007	0	2513608	4
1106007	0	2513610	1
1106007	0	2602346	4
1106007	0	2602354	4
1106007	0	2621974	2
1106007	0	2621981	1
1106007	0	2623990	2
1106007	0	2677529	4
1106007	0	2704004	1
1106007	0	2777112	2
1106007	0	2777113	2
1106007	0	2798884	0
1106007	0	2866628	2
1106007	0	2960561	5
1106007	0	2960563	5
1106007	0	3137010	3
1106007	0	3174638	1
1106007	0	3260376	5
1106007	0	3263361	0
1106007	0	3390428	2
1106007	0	3427763	1
1106007	0	3537614	5
1106007	0	3745155	2
1106007	0	4000699	2
1106007	0	4001949	1
1106007	0	4004166	4
1106007	0	4089153	3
1106007	0	4120343	2
1106007	0	4173709	5
1106007	0	4255223	2
1106007	0	4359726	3
1106007	0	4606749	0
1106007	0	4747656	1
1106007	0	4753818	0
1106007	0	4753821	0
1106007	0	4953437	0
1106007	0	5174765	5
1106007	0	5228015	1
1106007	0	5228016	4
1106007	0	5279699	5
1106007	0	548434	1
1106007	0	5813635	4
1106007	0	5836920	5
1106007	0	5913574	0
1106007	0	5913575	2
1106007	0	5952125	2
1106007	0	5971071	2
1106007	0	5974974	3
1106007	0	5993697	2
1106007	0	6126194	5
1106007	0	6126197	4
1106007	0	6147546	2
1106007	0	6209484	2
1106007	0	6255354	0
1106007	0	6492973	3
1106007	0	6942456	4
1106007	0	7022723	2
1106007	0	7045935	5
1106007	0	7456197	4
1106007	0	7509690	3
1106007	0	7638713	2
1106007	0	7638716	2
1106007	0	7638720	2
1106007	0	765663	5
1106007	0	7685383	5
1106007	0	7685384	5
1106007	0	7726655	5
1106007	0	8141088	1
1106007	0	8141089	2
1106007	0	814414	4
1106007	0	8199521	5
1106007	0	8203964	3
1106007	0	8204457	5
1106007	0	8204460	0
1106007	0	8204461	2
1106007	0	8204463	5
1106007	0	8204464	3
1106007	0	8214505	1
1106007	0	8348781	3
1106007	0	8521958	1
1106007	0	8649212	0
1106007	0	8802281	4
1106007	0	8811073	1
1106007	0	8811080	4
1106007	0	920778	4
1110199	0	1197690	4
1110199	0	1411495	2
1110199	0	1426939	2
1110199	0	167604	5
1110199	0	1795043	3
1110199	0	1901881	5
1110199	0	1957395	3
1110199	0	2080928	3
1110199	0	2218462	5
1110199	0	2279578	2
1110199	0	2312587	1
1110199	0	2594143	0
1110199	0	2612594	1
1110199	0	2713574	0
1110199	0	2777132	2
1110199	0	2777133	3
1110199	0	2796825	4
1110199	0	2796830	5
1110199	0	2811563	3
1110199	0	2925378	1
1110199	0	3107787	1
1110199	0	3270581	2
1110199	0	3342396	4
1110199	0	3447960	3
1110199	0	357932	3
1110199	0	3588619	0
1110199	0	3588624	0
1110199	0	3609843	4
1110199	0	3647394	5
1110199	0	3684454	4
1110199	0	3722531	2
1110199	0	3817715	1
1110199	0	3838645	5
1110199	0	3934419	5
1110199	0	398442	5
1110199	0	4082283	2
1110199	0	425993	1
1110199	0	4411531	2
1110199	0	4438807	2
1110199	0	4438812	2
1110199	0	4489656	5
1110199	0	4511137	5
1110199	0	4511144	5
1110199	0	4680533	2
1110199	0	4750530	4
1110199	0	4949578	5
1110199	0	5007789	2
1110199	0	5049366	4
1110199	0	507875	2
1110199	0	507878	2
1110199	0	5172684	2
1110199	0	5172688	2
1110199	0	5218014	5
1110199	0	5279606	1
1110199	0	5326655	1
1110199	0	5355385	2
1110199	0	554521	5
1110199	0	554522	1
1110199	0	554529	1
1110199	0	5555051	0
1110199	0	557603	3
1110199	0	557605	5
1110199	0	558317	4
1110199	0	5600214	2
1110199	0	5716613	4
1110199	0	5719120	0
1110199	0	5846443	5
1110199	0	5857921	5
1110199	0	6161010	1
1110199	0	6161016	4
1110199	0	637099	1
1110199	0	6392463	5
1110199	0	6392469	3
1110199	0	6430361	2
1110199	0	6430362	2
1110199	0	6475269	0
1110199	0	6503962	0
1110199	0	6509853	0
1110199	0	6645893	1
1110199	0	6822586	0
1110199	0	6923050	4
1110199	0	6923057	2
1110199	0	7174098	5
1110199	0	7267932	3
1110199	0	735472	2
1110199	0	7369955	4
1110199	0	7628031	4
1110199	0	7680811	4
1110199	0	7821191	5
1110199	0	8113522	1
1110199	0	8160519	5
1110199	0	8160520	5
1110199	0	8160523	5
1110199	0	8160524	2
1110199	0	8160527	5
1110199	0	8267435	1
1110199	0	8301971	4
1110199	0	8301973	2
1110199	0	879019	2
1110199	0	879021	5
1112341	0	1045315	4
1112341	0	1052666	2
1112341	0	1180260	2
1112341	0	1227036	1
1112341	0	1267520	5
1112341	0	1288917	2
1112341	0	1288918	4
1112341	0	1312437	3
1112341	0	1369482	4
1112341	0	1373646	3
1112341	0	1373648	4
1112341	0	1373651	2
1112341	0	1493657	3
1112341	0	1554245	0
1112341	0	1675296	4
1112341	0	2026107	0
1112341	0	2096427	5
1112341	0	2096429	5
1112341	0	2390522	3
1112341	0	2434429	1
1112341	0	2596431	5
1112341	0	2596432	4
1112341	0	2616109	1
1112341	0	2694636	5
1112341	0	2735215	5
1112341	0	2735219	4
1112341	0	2770214	1
1112341	0	2830103	3
1112341	0	2916681	2
1112341	0	3007130	2
1112341	0	3291151	4
1112341	0	3291152	2
1112341	0	3344316	2
1112341	0	3524227	2
1112341	0	3658729	3
1112341	0	3669682	0
1112341	0	3795896	5
1112341	0	400581	1
1112341	0	400582	4
1112341	0	4022846	5
1112341	0	4263743	3
1112341	0	439512	0
1112341	0	4538538	2
1112341	0	4595994	1
1112341	0	4595997	0
1112341	0	4621549	1
1112341	0	4927748	2
1112341	0	4977768	4
1112341	0	5029428	2
1112341	0	508023	2
1112341	0	508024	1
1112341	0	5204825	0
1112341	0	550571	5
1112341	0	5729974	2
1112341	0	5899430	1
1112341	0	5982344	3
1112341	0	6016292	5
1112341	0	6102033	2
1112341	0	6164791	5
1112341	0	6167355	2
1112341	0	6416487	2
1112341	0	6478665	3
1112341	0	6726344	5
1112341	0	6726346	5
1112341	0	6740558	5
1112341	0	6903063	5
1112341	0	6947373	2
1112341	0	7079779	2
1112341	0	7194373	2
1112341	0	7242813	0
1112341	0	733687	1
1112341	0	7349793	4
1112341	0	7597740	2
1112341	0	7635722	4
1112341	0	7718340	4
1112341	0	7747884	4
1112341	0	7915023	2
1112341	0	805834	2
1112341	0	8139249	5
1112341	0	8139251	3
1112341	0	8139255	5
1112341	0	8139256	5
1112341	0	8139258	5
1112341	0	8223035	4
1112341	0	8316213	1
1112341	0	8424594	2
1112341	0	8442174	5
1112341	0	8442177	5
1112341	0	8442178	5
1112341	0	848961	0
1112341	0	8555308	0
1112341	0	8606160	5
1112341	0	8609536	1
1112341	0	8629184	0
1112341	0	8725077	1
1112341	0	8802641	1
1112341	0	883225	1
1112341	0	883227	2
1112341	0	90432	5
1112341	0	90433	5
1113437	0	1066532	5
1113437	0	1280572	2
1113437	0	1287014	2
1113437	0	142150	0
1113437	0	1520227	2
1113437	0	1655114	3
1113437	0	1768729	0
1113437	0	1768734	4
1113437	0	1783459	4
1113437	0	1931169	0
1113437	0	2110583	0
1113437	0	213006	1
1113437	0	213009	1
1113437	0	213011	4
1113437	0	2354940	5
1113437	0	2354941	5
1113437	0	2535148	4
1113437	0	2759673	1
1113437	0	2922427	0
1113437	0	3049193	1
1113437	0	3049194	1
1113437	0	3064610	2
1113437	0	313538	0
1113437	0	313542	2
1113437	0	3325914	2
1113437	0	3329254	2
1113437	0	3436901	2
1113437	0	3436902	3
1113437	0	3518298	2
1113437	0	3518300	5
1113437	0	3990056	0
1113437	0	3997986	5
1113437	0	4016930	2
1113437	0	4016934	4
1113437	0	4016939	1
1113437	0	4111480	1
1113437	0	4186999	3
1113437	0	4193422	3
1113437	0	4216338	4
1113437	0	436902	4
1113437	0	436903	2
1113437	0	4486954	5
1113437	0	4498864	3
1113437	0	4498871	5
1113437	0	4498873	4
1113437	0	4615569	5
1113437	0	4628483	0
1113437	0	4628484	1
1113437	0	4783291	2
1113437	0	4841345	4
1113437	0	4898185	1
1113437	0	4981632	5
1113437	0	5050470	2
1113437	0	5132846	2
1113437	0	5188745	5
1113437	0	5188746	5
1113437	0	520325	5
1113437	0	5215406	3
1113437	0	5215408	2
1113437	0	5313809	1
1113437	0	5545723	1
1113437	0	5546289	5
1113437	0	5720141	4
1113437	0	5748055	3
1113437	0	5938419	3
1113437	0	6017945	2
1113437	0	6021898	5
1113437	0	61756	4
1113437	0	6215772	4
1113437	0	6284746	4
1113437	0	6302495	5
1113437	0	657400	2
1113437	0	657405	2
1113437	0	6597538	2
1113437	0	6601849	5
1113437	0	6992968	1
1113437	0	7126000	1
1113437	0	7277236	2
1113437	0	7306673	2
1113437	0	7385216	4
1113437	0	7385217	5
1113437	0	742037	5
1113437	0	7458700	0
1113437	0	7497491	3
1113437	0	7618558	2
1113437	0	7618564	5
1113437	0	7774459	2
1113437	0	807273	1
1113437	0	807274	1
1113437	0	8128790	5
1113437	0	8128793	5
1113437	0	8128794	5
1113437	0	8128796	5
1113437	0	8128798	5
1113437	0	8133335	2
1113437	0	8162984	5
1113437	0	8299324	0
1113437	0	8336306	2
1113437	0	8363317	3
1113437	0	919328	4
1114646	0	1038132	0
1114646	0	153138	1
1114646	0	1544838	3
1114646	0	1647183	1
1114646	0	1760178	2
1114646	0	1884059	5
1114646	0	2201127	5
1114646	0	2319282	0
1114646	0	2343615	4
1114646	0	2343618	3
1114646	0	2343621	4
1114646	0	2407770	1
1114646	0	2505772	1
1114646	0	2505776	4
1114646	0	2647994	5
1114646	0	266552	3
1114646	0	2676807	5
1114646	0	2911035	2
1114646	0	2911039	5
1114646	0	2911040	5
1114646	0	2995800	2
1114646	0	3056368	4
1114646	0	3092012	1
1114646	0	3123685	1
1114646	0	3184850	3
1114646	0	3184851	4
1114646	0	3467664	4
1114646	0	3467665	3
1114646	0	3470484	4
1114646	0	3741322	1
1114646	0	3828281	2
1114646	0	400352	0
1114646	0	400354	2
1114646	0	4270203	3
1114646	0	4314094	2
1114646	0	4327099	1
1114646	0	4332918	5
1114646	0	4438502	2
1114646	0	444375	2
1114646	0	444382	4
1114646	0	4453440	2
1114646	0	4603841	1
1114646	0	46323	4
1114646	0	4655941	2
1114646	0	4656404	2
1114646	0	4656405	2
1114646	0	4771285	4
1114646	0	4776382	1
1114646	0	4824843	1
1114646	0	4908869	2
1114646	0	4908870	2
1114646	0	5041692	3
1114646	0	5080866	2
1114646	0	5128542	1
1114646	0	5217702	4
1114646	0	5229617	3
1114646	0	5279567	5
1114646	0	5417952	5
1114646	0	5417953	5
1114646	0	5417954	5
1114646	0	5640856	3
1114646	0	5640859	5
1114646	0	5661838	2
1114646	0	5661840	2
1114646	0	579554	4
1114646	0	5829214	0
1114646	0	5836029	3
1114646	0	5959593	5
1114646	0	6120716	1
1114646	0	6157422	2
1114646	0	6214269	1
1114646	0	6348309	4
1114646	0	6455057	2
1114646	0	6501323	0
1114646	0	6589360	0
1114646	0	6704400	5
1114646	0	6704401	5
1114646	0	6711103	5
1114646	0	687064	5
1114646	0	7012106	2
1114646	0	7065010	2
1114646	0	7196956	4
1114646	0	7196961	5
1114646	0	7629822	0
1114646	0	76836	2
1114646	0	7702599	0
1114646	0	771368	5
1114646	0	773300	0
1114646	0	7984234	5
1114646	0	8074924	1
1114646	0	8117087	5
1114646	0	8117088	2
1114646	0	8117092	5
1114646	0	8117093	5
1114646	0	8117094	5
1114646	0	8117095	4
1114646	0	8327369	5
1114646	0	860901	0
1114646	0	8825558	2
1114646	0	898854	2
1114819	0	1002627	1
1114819	0	1009500	2
1114819	0	126884	0
1114819	0	1315993	5
1114819	0	1315994	5
1114819	0	1315997	1
1114819	0	1315998	5
1114819	0	1419798	4
1114819	0	1419801	4
1114819	0	1625836	2
1114819	0	1724520	5
1114819	0	1724523	1
1114819	0	1724528	5
1114819	0	1735443	2
1114819	0	1738242	5
1114819	0	1816958	2
1114819	0	1851540	3
1114819	0	1852066	2
1114819	0	2192058	2
1114819	0	255279	1
1114819	0	2590453	4
1114819	0	2590455	2
1114819	0	2831393	2
1114819	0	2926432	2
1114819	0	3144706	1
1114819	0	3353671	0
1114819	0	344350	5
1114819	0	3781418	5
1114819	0	3781419	2
1114819	0	3906952	4
1114819	0	3906954	2
1114819	0	4064011	1
1114819	0	461344	0
1114819	0	4890560	5
1114819	0	5019830	1
1114819	0	5019832	2
1114819	0	5156171	2
1114819	0	5165249	3
1114819	0	5342188	1
1114819	0	5363582	1
1114819	0	5521373	5
1114819	0	5628952	5
1114819	0	5703157	0
1114819	0	5718417	4
1114819	0	6202321	2
1114819	0	6578914	0
1114819	0	6900767	3
1114819	0	6900769	3
1114819	0	6900773	3
1114819	0	6900774	5
1114819	0	6941478	5
1114819	0	694735	2
1114819	0	6951105	0
1114819	0	7132894	3
1114819	0	7156443	2
1114819	0	750446	2
1114819	0	752644	0
1114819	0	771719	4
1114819	0	7786792	3
1114819	0	7803429	2
1114819	0	783080	0
1114819	0	785027	5
1114819	0	785028	4
1114819	0	8022277	5
1114819	0	8022279	4
1114819	0	8022280	5
1114819	0	8022281	4
1114819	0	8024894	0
1114819	0	8088109	4
1114819	0	8088111	4
1114819	0	8096824	3
1114819	0	8115434	4
1114819	0	8115435	5
1114819	0	8115439	5
1114819	0	8115440	5
1114819	0	8115703	2
1114819	0	8115706	4
1114819	0	812436	0
1114819	0	8321012	2
1114819	0	8336223	2
1114819	0	8336231	1
1114819	0	8336232	2
1114819	0	8480574	3
1114819	0	8508255	3
1114819	0	8579830	2
1114819	0	8579832	1
1114819	0	8625086	5
1114819	0	862869	1
1114819	0	8754395	2
1114819	0	8754397	5
1114819	0	8754398	5
1114819	0	8754399	1
1114819	0	8754400	4
1114819	0	8754403	4
1114819	0	8754404	5
1114819	0	988369	1
1114819	0	988370	5
1114819	0	988373	5
1114819	0	988375	1
1114819	0	988378	2
1115776	0	1328460	1
1115776	0	1328463	2
1115776	0	143334	0
1115776	0	1440028	1
1115776	0	1440035	3
1115776	0	1540838	4
1115776	0	1565105	2
1115776	0	1593007	4
1115776	0	1593008	4
1115776	0	1621981	4
1115776	0	1826911	3
1115776	0	2017908	0
1115776	0	2017909	0
1115776	0	2196566	1
1115776	0	2230476	1
1115776	0	2230477	1
1115776	0	2230480	2
1115776	0	2230483	2
1115776	0	2337363	0
1115776	0	2471196	3
1115776	0	257268	0
1115776	0	258978	2
1115776	0	2903177	0
1115776	0	3081626	5
1115776	0	3276364	2
1115776	0	3296854	1
1115776	0	3366472	1
1115776	0	3411245	2
1115776	0	3469357	5
1115776	0	3680291	2
1115776	0	3743894	0
1115776	0	3977422	0
1115776	0	4051141	3
1115776	0	4314169	5
1115776	0	4314171	5
1115776	0	4314172	5
1115776	0	4314173	5
1115776	0	4314174	5
1115776	0	4314175	5
1115776	0	4314176	5
1115776	0	4314178	5
1115776	0	4620863	4
1115776	0	480800	4
1115776	0	4984390	2
1115776	0	5232955	4
1115776	0	5232963	4
1115776	0	5264931	5
1115776	0	5295699	4
1115776	0	5305147	2
1115776	0	5555296	1
1115776	0	5599692	5
1115776	0	5605159	5
1115776	0	5605160	4
1115776	0	580737	5
1115776	0	600966	5
1115776	0	6246928	1
1115776	0	6251729	2
1115776	0	6397841	1
1115776	0	6616842	2
1115776	0	6616844	2
1115776	0	6702136	2
1115776	0	6747926	4
1115776	0	6919096	2
1115776	0	6934013	4
1115776	0	6934016	2
1115776	0	6989198	5
1115776	0	6989199	0
1115776	0	7129173	4
1115776	0	7129178	4
1115776	0	7183516	2
1115776	0	7318318	1
1115776	0	7442432	1
1115776	0	758999	2
1115776	0	7618005	2
1115776	0	7618006	3
1115776	0	7618008	2
1115776	0	7840022	3
1115776	0	8046348	1
1115776	0	8078183	1
1115776	0	8106318	5
1115776	0	8106320	5
1115776	0	8106321	5
1115776	0	8106322	5
1115776	0	8106323	5
1115776	0	8106324	5
1115776	0	8108815	2
1115776	0	8108818	2
1115776	0	8180097	3
1115776	0	8345724	3
1115776	0	8355020	3
1115776	0	8355028	0
1115776	0	8388343	1
1115776	0	8447122	2
1115776	0	8495250	5
1115776	0	8706770	4
1115776	0	8710004	2
1115776	0	8757348	3
1115776	0	8828147	5
1115776	0	896003	2
1115776	0	941057	5
1117099	0	1013796	1
1117099	0	1068642	5
1117099	0	1174584	4
1117099	0	1197318	1
1117099	0	1212767	4
1117099	0	1445087	3
1117099	0	1551131	0
1117099	0	1570999	0
1117099	0	1632948	2
1117099	0	1798612	5
1117099	0	1798619	5
1117099	0	1798620	5
1117099	0	1986002	3
1117099	0	225482	0
1117099	0	2292116	0
1117099	0	2398222	4
1117099	0	2398223	4
1117099	0	2567188	0
1117099	0	2715359	5
1117099	0	2715363	4
1117099	0	2754430	0
1117099	0	2789022	1
1117099	0	2826254	2
1117099	0	297115	1
1117099	0	3128113	2
1117099	0	3186367	2
1117099	0	3214921	3
1117099	0	334615	4
1117099	0	3349612	5
1117099	0	3412239	3
1117099	0	3427785	1
1117099	0	3427786	1
1117099	0	3543106	5
1117099	0	3633445	2
1117099	0	3729946	2
1117099	0	389980	2
1117099	0	4001644	1
1117099	0	4131489	5
1117099	0	4131491	4
1117099	0	4131492	2
1117099	0	4441325	5
1117099	0	4458506	4
1117099	0	4458509	5
1117099	0	4458512	5
1117099	0	4493492	2
1117099	0	4631857	4
1117099	0	464305	3
1117099	0	4775947	4
1117099	0	4888196	1
1117099	0	5001703	2
1117099	0	5258462	3
1117099	0	5286538	5
1117099	0	5286539	5
1117099	0	5286540	4
1117099	0	5319158	2
1117099	0	5597127	2
1117099	0	5643723	3
1117099	0	5699286	4
1117099	0	5752877	2
1117099	0	5817484	0
1117099	0	5817491	1
1117099	0	6122720	5
1117099	0	6122721	2
1117099	0	6122723	5
1117099	0	6122724	3
1117099	0	6177939	5
1117099	0	6398911	1
1117099	0	6622235	0
1117099	0	6691413	0
1117099	0	6858988	2
1117099	0	6858994	1
1117099	0	696157	3
1117099	0	6993942	5
1117099	0	7077675	2
1117099	0	7153698	2
1117099	0	7153702	2
1117099	0	7172078	2
1117099	0	7407593	5
1117099	0	7431533	2
1117099	0	7610604	2
1117099	0	7676049	2
1117099	0	7722560	2
1117099	0	7868161	4
1117099	0	7868164	3
1117099	0	8079296	1
1117099	0	8093931	5
1117099	0	8093932	5
1117099	0	8093934	5
1117099	0	810080	2
1117099	0	8152830	1
1117099	0	8152834	4
1117099	0	8446501	5
1117099	0	8446502	5
1117099	0	8446504	5
1117099	0	8708306	0
1117099	0	8709226	1
1117099	0	8709227	1
1117099	0	8714082	5
1117099	0	8714085	4
1117099	0	8714087	2
1121402	0	1249687	4
1121402	0	1402314	1
1121402	0	1471443	0
1121402	0	1608737	1
1121402	0	177807	2
1121402	0	177809	1
1121402	0	177810	2
1121402	0	177813	1
1121402	0	182364	4
1121402	0	182365	4
1121402	0	182368	5
1121402	0	182369	5
1121402	0	182370	5
1121402	0	182372	5
1121402	0	182373	5
1121402	0	1873309	2
1121402	0	188209	4
1121402	0	188210	4
1121402	0	188211	4
1121402	0	188213	5
1121402	0	188214	4
1121402	0	188215	5
1121402	0	188216	4
1121402	0	188217	5
1121402	0	188218	4
1121402	0	2281086	2
1121402	0	333401	1
1121402	0	3412904	3
1121402	0	3494458	0
1121402	0	3511789	5
1121402	0	3511795	4
1121402	0	3674185	1
1121402	0	3785308	5
1121402	0	3785309	4
1121402	0	3785310	4
1121402	0	4214351	2
1121402	0	43770	3
1121402	0	4449258	3
1121402	0	4449267	3
1121402	0	465100	2
1121402	0	4727107	2
1121402	0	4844735	0
1121402	0	4893523	0
1121402	0	4986315	2
1121402	0	5103864	0
1121402	0	5189913	5
1121402	0	5318501	2
1121402	0	53692	2
1121402	0	53696	3
1121402	0	53697	3
1121402	0	53699	3
1121402	0	5614619	2
1121402	0	5614625	0
1121402	0	5662150	2
1121402	0	5966850	1
1121402	0	6157464	2
1121402	0	6324938	4
1121402	0	6371837	2
1121402	0	6371843	3
1121402	0	6392400	1
1121402	0	6392405	1
1121402	0	6717336	2
1121402	0	6717338	2
1121402	0	6717342	1
1121402	0	6918691	0
1121402	0	697136	1
1121402	0	7011506	3
1121402	0	7125978	5
1121402	0	7125980	5
1121402	0	7125981	5
1121402	0	7125982	3
1121402	0	7125983	5
1121402	0	7125985	5
1121402	0	7125987	5
1121402	0	7142994	5
1121402	0	7161979	1
1121402	0	7471825	0
1121402	0	7477362	2
1121402	0	7477363	2
1121402	0	7510847	2
1121402	0	7572311	1
1121402	0	7572312	2
1121402	0	7774688	0
1121402	0	7898701	2
1121402	0	8052617	5
1121402	0	8052619	5
1121402	0	8052620	5
1121402	0	8052621	5
1121402	0	8052622	5
1121402	0	8052623	4
1121402	0	8052624	5
1121402	0	8089444	4
1121402	0	8235730	5
1121402	0	8376430	1
1121402	0	8453588	2
1121402	0	8492342	2
1121402	0	8718639	0
1121402	0	8821496	2
1121402	0	8821498	1
1121402	0	8832487	2
1121709	0	1077530	2
1121709	0	1112487	2
1121709	0	1114393	5
1121709	0	1169279	1
1121709	0	1243178	1
1121709	0	1271795	2
1121709	0	1392360	4
1121709	0	1643334	0
1121709	0	16845	5
1121709	0	1698341	4
1121709	0	1729290	5
1121709	0	1736566	0
1121709	0	1760876	2
1121709	0	1937668	1
1121709	0	208465	3
1121709	0	2302396	2
1121709	0	2317095	1
1121709	0	2432508	0
1121709	0	2440458	1
1121709	0	2517708	5
1121709	0	2615981	1
1121709	0	2851223	2
1121709	0	2874652	2
1121709	0	2879470	4
1121709	0	291564	1
1121709	0	2964602	2
1121709	0	3030903	5
1121709	0	3055199	5
1121709	0	3064096	0
1121709	0	306414	3
1121709	0	3098031	4
1121709	0	3221617	3
1121709	0	3381112	5
1121709	0	3386509	2
1121709	0	3423062	5
1121709	0	3446958	5
1121709	0	3545984	2
1121709	0	3552218	5
1121709	0	3552222	2
1121709	0	3709755	2
1121709	0	3709758	3
1121709	0	3742654	2
1121709	0	3869997	0
1121709	0	3875032	5
1121709	0	4038354	4
1121709	0	419129	2
1121709	0	4575770	0
1121709	0	4580131	2
1121709	0	4580133	2
1121709	0	4644464	5
1121709	0	4707664	4
1121709	0	4769720	4
1121709	0	4836900	5
1121709	0	4861638	0
1121709	0	4896238	4
1121709	0	51033	4
1121709	0	5177794	2
1121709	0	5209523	2
1121709	0	5264299	5
1121709	0	5346546	0
1121709	0	5530626	3
1121709	0	5879625	0
1121709	0	5915729	3
1121709	0	6007524	5
1121709	0	6054702	1
1121709	0	6076433	4
1121709	0	6212343	0
1121709	0	6630430	5
1121709	0	6657504	4
1121709	0	669004	5
1121709	0	6690192	2
1121709	0	6694095	4
1121709	0	6886933	4
1121709	0	701349	1
1121709	0	7209949	5
1121709	0	7229531	4
1121709	0	731070	3
1121709	0	7370525	3
1121709	0	7434522	3
1121709	0	747368	1
1121709	0	7499157	5
1121709	0	7565881	2
1121709	0	7586674	1
1121709	0	7591000	3
1121709	0	7591002	2
1121709	0	7744250	2
1121709	0	7841119	1
1121709	0	7849690	1
1121709	0	8049577	5
1121709	0	8049578	5
1121709	0	8049580	5
1121709	0	812328	4
1121709	0	8283424	2
1121709	0	8327576	2
1121709	0	8492081	2
1121709	0	8500135	5
1121709	0	862855	1
1121709	0	8643664	1
1121709	0	88402	5
1121709	0	950984	5
1124210	0	1244877	1
1124210	0	1280828	2
1124210	0	131190	2
1124210	0	1689639	5
1124210	0	181175	1
1124210	0	181177	4
1124210	0	2070515	2
1124210	0	2089544	0
1124210	0	2258591	5
1124210	0	2258592	5
1124210	0	2258594	5
1124210	0	2258595	5
1124210	0	2258596	4
1124210	0	2258597	5
1124210	0	2258598	5
1124210	0	2258599	3
1124210	0	2399822	0
1124210	0	2433601	2
1124210	0	2433603	2
1124210	0	2433604	2
1124210	0	2433609	2
1124210	0	2461683	5
1124210	0	2494574	2
1124210	0	2494577	5
1124210	0	2608221	2
1124210	0	2650269	5
1124210	0	2685123	2
1124210	0	2728448	5
1124210	0	2753148	1
1124210	0	2825130	2
1124210	0	284020	0
1124210	0	2859501	3
1124210	0	2958020	1
1124210	0	3162331	5
1124210	0	3225197	2
1124210	0	3263727	3
1124210	0	3289568	2
1124210	0	3466956	5
1124210	0	3517427	0
1124210	0	4002454	2
1124210	0	4002456	4
1124210	0	4174699	0
1124210	0	4303129	4
1124210	0	4535489	2
1124210	0	4616435	1
1124210	0	4648414	5
1124210	0	4942992	5
1124210	0	5098936	1
1124210	0	5098941	2
1124210	0	522219	4
1124210	0	522220	1
1124210	0	5587709	4
1124210	0	5587711	5
1124210	0	5664148	3
1124210	0	5941717	2
1124210	0	6146809	2
1124210	0	6233255	2
1124210	0	6255796	5
1124210	0	6498977	1
1124210	0	6507996	3
1124210	0	6541864	5
1124210	0	6541866	4
1124210	0	6541868	5
1124210	0	6620551	1
1124210	0	6636931	4
1124210	0	6636936	1
1124210	0	6720368	4
1124210	0	6737727	3
1124210	0	6737729	3
1124210	0	7146473	0
1124210	0	7146478	1
1124210	0	7203360	3
1124210	0	7224102	2
1124210	0	7443586	5
1124210	0	7443588	2
1124210	0	7695217	5
1124210	0	7715335	4
1124210	0	7806221	2
1124210	0	7806222	1
1124210	0	7942807	3
1124210	0	8026735	5
1124210	0	8026737	5
1124210	0	8026738	0
1124210	0	8026740	5
1124210	0	8026743	4
1124210	0	8087696	0
1124210	0	8087702	4
1124210	0	8355477	4
1124210	0	8355483	4
1124210	0	8406413	1
1124210	0	8492305	5
1124210	0	8547690	1
1124210	0	8558068	0
1124210	0	8650642	2
1124210	0	8802909	2
1124210	0	8828525	0
1124210	0	92049	1
1124210	0	931162	3
1124210	0	931165	4
1124210	0	943794	2
1129237	0	128984	5
1129237	0	1325030	4
1129237	0	1421371	2
1129237	0	1526193	1
1129237	0	162127	2
1129237	0	1721142	5
1129237	0	1770027	2
1129237	0	1779229	5
1129237	0	1959030	1
1129237	0	2015118	1
1129237	0	2176863	4
1129237	0	2188742	0
1129237	0	2351491	3
1129237	0	2364443	2
1129237	0	2384636	0
1129237	0	262492	4
1129237	0	2697746	5
1129237	0	2697752	5
1129237	0	2777623	1
1129237	0	2777625	0
1129237	0	2955239	2
1129237	0	2971620	3
1129237	0	2971621	3
1129237	0	2976015	2
1129237	0	302210	5
1129237	0	305088	4
1129237	0	3097761	4
1129237	0	3153068	4
1129237	0	3279719	5
1129237	0	3409660	4
1129237	0	3588803	2
1129237	0	3588805	0
1129237	0	3641168	2
1129237	0	3649330	2
1129237	0	3683096	5
1129237	0	3826651	1
1129237	0	3826653	0
1129237	0	3826656	0
1129237	0	3826659	4
1129237	0	3832058	1
1129237	0	3832685	2
1129237	0	3858675	4
1129237	0	3858678	1
1129237	0	3905057	5
1129237	0	3905802	5
1129237	0	3905806	3
1129237	0	392579	3
1129237	0	3993743	5
1129237	0	4003056	0
1129237	0	4066969	2
1129237	0	4162487	2
1129237	0	4233383	5
1129237	0	4233385	5
1129237	0	4328625	2
1129237	0	4367170	1
1129237	0	4425405	2
1129237	0	461835	1
1129237	0	461837	1
1129237	0	4723973	0
1129237	0	4773351	4
1129237	0	4779185	4
1129237	0	4915547	4
1129237	0	5094333	4
1129237	0	5122274	2
1129237	0	5831781	4
1129237	0	5906130	5
1129237	0	5916672	1
1129237	0	6080460	5
1129237	0	6166230	2
1129237	0	6194643	2
1129237	0	6194648	3
1129237	0	6225977	2
1129237	0	6325273	2
1129237	0	6343520	3
1129237	0	6343521	5
1129237	0	6386977	3
1129237	0	6585295	0
1129237	0	6705270	1
1129237	0	6868144	1
1129237	0	6884449	0
1129237	0	7350325	2
1129237	0	7688465	2
1129237	0	7688471	4
1129237	0	7769727	2
1129237	0	7769728	1
1129237	0	7874566	5
1129237	0	7911557	5
1129237	0	806652	3
1129237	0	8150178	5
1129237	0	818342	1
1129237	0	8357400	2
1129237	0	8588219	5
1129237	0	8588222	5
1129237	0	8588223	2
1129237	0	8588226	5
1129237	0	8588227	5
1129237	0	8633911	2
1129237	0	8682824	5
1129237	0	8712732	3
1129237	0	998751	5
1133167	0	1379370	1
1133167	0	1790122	1
1133167	0	1824481	2
1133167	0	1824483	0
1133167	0	1824487	2
1133167	0	1824488	5
1133167	0	1883277	3
1133167	0	1883278	4
1133167	0	1883280	5
1133167	0	1883281	5
1133167	0	190805	2
1133167	0	190806	5
1133167	0	190809	5
1133167	0	2010281	2
1133167	0	2276678	5
1133167	0	2439240	2
1133167	0	2491371	2
1133167	0	2613290	4
1133167	0	2613293	4
1133167	0	2623303	2
1133167	0	3074598	3
1133167	0	3074599	5
1133167	0	332787	0
1133167	0	3355083	4
1133167	0	3421898	1
1133167	0	3421900	5
1133167	0	3421904	3
1133167	0	3953805	5
1133167	0	434124	2
1133167	0	434126	3
1133167	0	4443368	1
1133167	0	4443370	4
1133167	0	4443375	5
1133167	0	4494097	2
1133167	0	4494100	3
1133167	0	4498479	4
1133167	0	4550240	5
1133167	0	4557439	0
1133167	0	4625145	2
1133167	0	4712273	1
1133167	0	4926204	5
1133167	0	563738	1
1133167	0	5674622	5
1133167	0	5674623	5
1133167	0	5985458	1
1133167	0	6103289	4
1133167	0	6112586	4
1133167	0	6112588	2
1133167	0	6112589	2
1133167	0	6112590	5
1133167	0	6112592	5
1133167	0	6142	4
1133167	0	6157114	1
1133167	0	6257038	1
1133167	0	6299574	2
1133167	0	6299575	5
1133167	0	6332045	0
1133167	0	6467517	1
1133167	0	6467518	5
1133167	0	6467519	2
1133167	0	6467522	5
1133167	0	6999438	0
1133167	0	7091940	1
1133167	0	7091943	0
1133167	0	7093509	5
1133167	0	7093512	4
1133167	0	7217706	0
1133167	0	7218012	2
1133167	0	7218016	3
1133167	0	7218019	1
1133167	0	7486594	2
1133167	0	7486597	4
1133167	0	7486599	3
1133167	0	7793408	2
1133167	0	7793409	2
1133167	0	7793414	5
1133167	0	7793416	1
1133167	0	8033645	5
1133167	0	8033646	2
1133167	0	8033647	2
1133167	0	8160224	1
1133167	0	8160230	5
1133167	0	8160241	5
1133167	0	8160243	0
1133167	0	823272	4
1133167	0	823273	2
1133167	0	823275	3
1133167	0	823277	3
1133167	0	823279	3
1133167	0	8250498	4
1133167	0	8250500	0
1133167	0	8250501	2
1133167	0	8255701	2
1133167	0	8255705	5
1133167	0	8255706	1
1133167	0	8405623	2
1133167	0	8484845	0
1133167	0	8484849	2
1133167	0	8484851	4
1133167	0	8839920	4
130510	0	1047769	2
130510	0	1110766	5
130510	0	1159414	4
130510	0	1481524	3
130510	0	1494930	5
130510	0	1494931	4
130510	0	1494932	5
130510	0	1494933	4
130510	0	1494935	5
130510	0	1494936	5
130510	0	1494937	4
130510	0	1494938	5
130510	0	1494939	5
130510	0	1799013	2
130510	0	1881840	0
130510	0	2079375	2
130510	0	2079377	3
130510	0	2174992	4
130510	0	2346969	2
130510	0	2407055	1
130510	0	2420310	0
130510	0	2490145	2
130510	0	2490150	2
130510	0	2589317	2
130510	0	2589323	2
130510	0	2862515	4
130510	0	2862518	4
130510	0	2862522	4
130510	0	2881563	2
130510	0	2961568	1
130510	0	3163980	3
130510	0	348429	0
130510	0	3913778	2
130510	0	3923091	1
130510	0	3995677	5
130510	0	4022902	3
130510	0	4022904	5
130510	0	4022905	3
130510	0	4022909	5
130510	0	4089773	2
130510	0	4189500	4
130510	0	440983	1
130510	0	4528805	2
130510	0	4528808	2
130510	0	5415276	2
130510	0	566525	1
130510	0	5685704	2
130510	0	5685706	2
130510	0	5685708	2
130510	0	5685710	3
130510	0	5685711	3
130510	0	5791683	1
130510	0	5930010	2
130510	0	5930011	2
130510	0	5930013	2
130510	0	5930015	2
130510	0	5930018	2
130510	0	6035035	4
130510	0	6172269	2
130510	0	6183638	5
130510	0	6486232	5
130510	0	6542823	1
130510	0	6542827	0
130510	0	6621100	3
130510	0	6763277	4
130510	0	6815300	4
130510	0	6881818	3
130510	0	6881820	2
130510	0	6881821	2
130510	0	7001677	0
130510	0	7001679	0
130510	0	7125239	5
130510	0	7203252	4
130510	0	7298862	1
130510	0	7464751	1
130510	0	7479905	3
130510	0	7501557	5
130510	0	7501558	5
130510	0	7501563	5
130510	0	7529548	0
130510	0	7603931	1
130510	0	7696346	1
130510	0	7708723	1
130510	0	7777478	1
130510	0	7777480	0
130510	0	7792405	1
130510	0	799647	5
130510	0	7997887	0
130510	0	8095118	4
130510	0	815703	0
130510	0	8514425	4
130510	0	8612902	5
130510	0	8612903	5
130510	0	8612904	5
130510	0	8612905	1
130510	0	8612906	5
130510	0	8612909	5
130510	0	8612910	5
130510	0	996732	5
130510	0	996740	5
131843	0	1073193	1
131843	0	1267422	2
131843	0	14055	5
131843	0	1907695	0
131843	0	1941266	3
131843	0	1959309	0
131843	0	1965924	2
131843	0	1993076	0
131843	0	2041693	5
131843	0	208011	1
131843	0	2333348	0
131843	0	2495625	1
131843	0	2669218	2
131843	0	2683747	5
131843	0	278279	2
131843	0	2896791	4
131843	0	3299960	3
131843	0	3400902	4
131843	0	3400903	4
131843	0	373498	0
131843	0	3761239	3
131843	0	3841396	5
131843	0	3844836	2
131843	0	3884881	4
131843	0	3884882	3
131843	0	3919317	2
131843	0	3930069	2
131843	0	4013724	1
131843	0	4099926	2
131843	0	4254836	5
131843	0	4682759	3
131843	0	491120	2
131843	0	4911365	4
131843	0	4931453	0
131843	0	5000167	2
131843	0	5038538	4
131843	0	5056232	2
131843	0	5121126	3
131843	0	5125375	0
131843	0	542347	2
131843	0	5858902	1
131843	0	6187399	4
131843	0	6187402	4
131843	0	6248852	1
131843	0	6249757	4
131843	0	6604053	3
131843	0	6718494	2
131843	0	6782345	2
131843	0	6787809	1
131843	0	6820615	2
131843	0	68421	0
131843	0	68427	0
131843	0	6959233	2
131843	0	7066446	2
131843	0	7073516	1
131843	0	7073518	1
131843	0	7078432	1
131843	0	7078434	4
131843	0	7082304	4
131843	0	7091663	3
131843	0	7208948	1
131843	0	7451206	2
131843	0	7451207	2
131843	0	7589014	4
131843	0	7678189	2
131843	0	7707868	5
131843	0	788586	3
131843	0	8024309	0
131843	0	8073461	4
131843	0	8085708	4
131843	0	8090240	1
131843	0	8102602	5
131843	0	8117361	2
131843	0	8146334	2
131843	0	8191894	1
131843	0	8305151	5
131843	0	8305152	5
131843	0	8305153	5
131843	0	8305154	5
131843	0	8305155	5
131843	0	8305156	5
131843	0	8305158	5
131843	0	8318153	3
131843	0	8519713	2
131843	0	8530759	1
131843	0	8589858	2
131843	0	8685913	1
131843	0	8710810	5
131843	0	8710812	5
131843	0	8710813	5
131843	0	8710814	5
131843	0	8780616	2
131843	0	97739	4
131843	0	985988	5
131843	0	985989	5
131843	0	985990	5
131843	0	985991	5
131843	0	985992	5
131843	0	985994	5
131843	0	985995	5
146187	0	1028969	1
146187	0	1028971	4
146187	0	1043679	0
146187	0	1043683	2
146187	0	1138801	2
146187	0	1230566	5
146187	0	1246346	4
146187	0	1254157	1
146187	0	1841192	5
146187	0	1972078	2
146187	0	2040185	3
146187	0	2087678	3
146187	0	2226093	5
146187	0	2226094	0
146187	0	2257806	3
146187	0	2345126	0
146187	0	2509	1
146187	0	315525	5
146187	0	3241340	2
146187	0	3505470	5
146187	0	3531644	2
146187	0	3860555	2
146187	0	3878277	1
146187	0	3963185	4
146187	0	3963187	5
146187	0	3963189	3
146187	0	4026486	1
146187	0	4111407	2
146187	0	4216894	1
146187	0	4216895	4
146187	0	4216897	2
146187	0	4216899	0
146187	0	4216901	2
146187	0	4216902	3
146187	0	4777144	5
146187	0	4825394	1
146187	0	4908916	2
146187	0	4921740	4
146187	0	4921741	4
146187	0	5226113	1
146187	0	5332230	2
146187	0	5332231	2
146187	0	5548651	4
146187	0	5548652	1
146187	0	5590506	5
146187	0	5836454	5
146187	0	5844996	0
146187	0	5889120	0
146187	0	5929430	5
146187	0	5954584	1
146187	0	6015026	5
146187	0	6241267	4
146187	0	6430258	5
146187	0	6430259	1
146187	0	6430260	5
146187	0	6658185	2
146187	0	7093332	2
146187	0	7093334	2
146187	0	7095976	2
146187	0	7096817	2
146187	0	7096819	0
146187	0	7096823	1
146187	0	7307399	2
146187	0	7405002	3
146187	0	744165	5
146187	0	744167	5
146187	0	744168	0
146187	0	7471713	0
146187	0	76342	4
146187	0	76344	3
146187	0	76348	5
146187	0	76349	4
146187	0	7704677	2
146187	0	7836295	1
146187	0	7836296	2
146187	0	7956019	4
146187	0	8042965	1
146187	0	8042966	0
146187	0	8042967	4
146187	0	8042971	4
146187	0	8042972	3
146187	0	8042974	4
146187	0	8361899	4
146187	0	8361902	2
146187	0	8434618	5
146187	0	8434619	5
146187	0	8434620	5
146187	0	8434622	5
146187	0	8434623	5
146187	0	8434624	5
146187	0	8434625	5
146187	0	8434626	5
146187	0	8481818	3
146187	0	8664004	5
146187	0	8792967	1
146187	0	8795488	2
146187	0	8795489	2
146187	0	8795491	2
146187	0	8795494	3
146187	0	8795495	2
148538	0	1247539	1
148538	0	1311204	1
148538	0	1311206	0
148538	0	1384441	2
148538	0	1384446	5
148538	0	1384447	5
148538	0	1671257	0
148538	0	190794	2
148538	0	1950974	5
148538	0	1950976	5
148538	0	1950977	4
148538	0	1950979	5
148538	0	1950983	4
148538	0	1963585	2
148538	0	1969519	5
148538	0	1985491	5
148538	0	1985495	1
148538	0	231452	4
148538	0	231453	5
148538	0	231455	5
148538	0	2368185	3
148538	0	2368187	2
148538	0	2419541	1
148538	0	2805681	2
148538	0	2915322	2
148538	0	2915323	4
148538	0	2915327	5
148538	0	2951883	0
148538	0	2993237	2
148538	0	3138645	1
148538	0	3165111	3
148538	0	332400	4
148538	0	332401	4
148538	0	3446014	2
148538	0	3557943	5
148538	0	3918785	5
148538	0	4185812	5
148538	0	4185814	4
148538	0	4264129	4
148538	0	436836	2
148538	0	4410448	4
148538	0	4447601	4
148538	0	4447659	1
148538	0	4539657	5
148538	0	4607267	2
148538	0	4959634	2
148538	0	4976407	1
148538	0	5020788	4
148538	0	5077704	5
148538	0	5077707	5
148538	0	512198	4
148538	0	5305311	5
148538	0	5533647	1
148538	0	5533652	3
148538	0	5588133	1
148538	0	5588137	1
148538	0	5592685	2
148538	0	5679985	2
148538	0	5693666	0
148538	0	5809605	1
148538	0	5825400	2
148538	0	5843047	2
148538	0	5844625	2
148538	0	6006382	2
148538	0	6017980	0
148538	0	615401	3
148538	0	615404	0
148538	0	615405	2
148538	0	615406	2
148538	0	615407	4
148538	0	6222119	1
148538	0	6425028	1
148538	0	6438296	2
148538	0	6438297	2
148538	0	6506241	4
148538	0	6567031	0
148538	0	6846343	3
148538	0	6894608	5
148538	0	7318210	3
148538	0	734990	4
148538	0	7407803	5
148538	0	7407804	3
148538	0	7529434	2
148538	0	7696609	0
148538	0	8080460	3
148538	0	8181574	3
148538	0	820304	2
148538	0	820312	1
148538	0	820313	3
148538	0	8283527	5
148538	0	8283531	5
148538	0	8283532	5
148538	0	844360	1
148538	0	8610395	0
148538	0	8730430	0
148538	0	8814767	2
148538	0	985488	5
148538	0	985491	5
148538	0	985492	2
148538	0	985493	5
156493	0	1101607	2
156493	0	1171595	0
156493	0	1171598	1
156493	0	1172287	1
156493	0	1277720	2
156493	0	1277721	2
156493	0	1277722	2
156493	0	1277723	2
156493	0	1277724	3
156493	0	1277725	5
156493	0	1277726	3
156493	0	1277727	4
156493	0	1347264	1
156493	0	1347266	3
156493	0	1960255	5
156493	0	1960257	4
156493	0	1960260	4
156493	0	1960261	4
156493	0	2141931	1
156493	0	2259179	2
156493	0	2259180	5
156493	0	2259182	5
156493	0	2259183	4
156493	0	2317800	2
156493	0	2317802	2
156493	0	2317807	5
156493	0	2411918	5
156493	0	2598786	2
156493	0	2612490	4
156493	0	2612491	2
156493	0	2612492	5
156493	0	2616513	1
156493	0	2616515	2
156493	0	278176	0
156493	0	2928700	2
156493	0	2928702	5
156493	0	2928704	2
156493	0	2928707	4
156493	0	2949801	5
156493	0	2949802	5
156493	0	3288596	5
156493	0	3288597	5
156493	0	3288598	5
156493	0	3288599	2
156493	0	3288600	5
156493	0	3288601	4
156493	0	349637	1
156493	0	349638	2
156493	0	349639	0
156493	0	349643	2
156493	0	4131138	3
156493	0	4527706	2
156493	0	4940228	4
156493	0	4940229	2
156493	0	5022725	3
156493	0	5059020	0
156493	0	5122747	4
156493	0	5346660	2
156493	0	5406908	1
156493	0	5530082	5
156493	0	5549994	1
156493	0	6139382	5
156493	0	6139386	5
156493	0	6267258	1
156493	0	627307	1
156493	0	6343406	3
156493	0	6357270	0
156493	0	6464089	2
156493	0	6524741	1
156493	0	6524745	1
156493	0	6524746	2
156493	0	6859022	1
156493	0	6859031	1
156493	0	7371077	4
156493	0	7371078	3
156493	0	7371079	2
156493	0	750111	4
156493	0	7663272	3
156493	0	7976153	0
156493	0	8029433	4
156493	0	8182159	5
156493	0	8182160	3
156493	0	8182161	5
156493	0	8182165	5
156493	0	8182166	5
156493	0	8245439	0
156493	0	8245444	3
156493	0	8273014	0
156493	0	8273017	5
156493	0	8273018	2
156493	0	8273019	2
156493	0	8393766	5
156493	0	8463133	0
156493	0	8803136	2
156493	0	8811146	1
156493	0	885944	5
156493	0	95514	5
156493	0	95515	4
156493	0	95519	4
156493	0	994488	0
168216	0	1090088	1
168216	0	1183706	5
168216	0	1274194	0
168216	0	1301465	4
168216	0	1301466	0
168216	0	1301467	4
168216	0	1301468	1
168216	0	1301469	5
168216	0	1301471	3
168216	0	1301472	5
168216	0	1301474	2
168216	0	13499	5
168216	0	1381477	5
168216	0	1735358	2
168216	0	1735360	5
168216	0	1924796	3
168216	0	1924800	4
168216	0	2036279	4
168216	0	2069992	5
168216	0	2069995	1
168216	0	2210775	1
168216	0	2265769	5
168216	0	2265772	2
168216	0	2659074	2
168216	0	2790904	5
168216	0	290826	4
168216	0	3033359	2
168216	0	3174840	5
168216	0	3198680	2
168216	0	3198682	1
168216	0	3198687	4
168216	0	3198689	5
168216	0	3344828	5
168216	0	3344832	0
168216	0	3344834	1
168216	0	3399712	3
168216	0	3399713	4
168216	0	3399715	4
168216	0	3681095	4
168216	0	3830857	5
168216	0	3908773	5
168216	0	3908774	5
168216	0	3908776	5
168216	0	3908777	5
168216	0	4119829	3
168216	0	4191395	1
168216	0	4324487	1
168216	0	4324491	4
168216	0	4324492	4
168216	0	4498419	2
168216	0	4792582	4
168216	0	4792583	1
168216	0	5024307	2
168216	0	5293614	2
168216	0	5690224	0
168216	0	5935474	2
168216	0	5935476	4
168216	0	5935477	2
168216	0	6061718	5
168216	0	6061721	4
168216	0	6061722	3
168216	0	6061726	2
168216	0	6213322	5
168216	0	6213325	5
168216	0	6249512	1
168216	0	6264731	0
168216	0	6264732	3
168216	0	6264733	5
168216	0	6282560	1
168216	0	6282561	5
168216	0	6282562	2
168216	0	6282567	2
168216	0	6329932	3
168216	0	6426632	2
168216	0	6426634	5
168216	0	6426638	5
168216	0	661750	2
168216	0	731200	1
168216	0	7337513	2
168216	0	7337519	1
168216	0	7492748	0
168216	0	7492752	0
168216	0	7492753	1
168216	0	7492755	3
168216	0	7745780	2
168216	0	8048968	0
168216	0	8141128	3
168216	0	8185129	1
168216	0	8185131	2
168216	0	8185135	2
168216	0	8185137	2
168216	0	8252763	2
168216	0	8639627	3
168216	0	8639630	4
168216	0	8639633	2
168216	0	8723467	2
168216	0	8731621	5
168216	0	8731623	2
168216	0	8731624	0
168216	0	8731625	0
182539	0	1307232	4
182539	0	1307234	3
182539	0	1307235	5
182539	0	1638687	3
182539	0	1638688	0
182539	0	1638689	3
182539	0	1638690	4
182539	0	1638691	3
182539	0	1638694	2
182539	0	1654895	2
182539	0	171653	2
182539	0	2053701	2
182539	0	2092202	3
182539	0	2165968	2
182539	0	2623668	1
182539	0	2751871	2
182539	0	2839827	0
182539	0	2840563	2
182539	0	2909954	2
182539	0	2909960	5
182539	0	2909961	5
182539	0	3127071	2
182539	0	3198392	1
182539	0	3729714	2
182539	0	3760957	5
182539	0	3760964	4
182539	0	3779895	0
182539	0	3883077	5
182539	0	3883081	4
182539	0	4096478	1
182539	0	4487755	5
182539	0	4730803	3
182539	0	5020094	2
182539	0	518150	1
182539	0	5567729	4
182539	0	5567732	4
182539	0	5618254	1
182539	0	57443	5
182539	0	57444	5
182539	0	57447	5
182539	0	57448	5
182539	0	57449	4
182539	0	57450	4
182539	0	5793580	0
182539	0	6037973	5
182539	0	6135907	2
182539	0	6201541	1
182539	0	6201542	1
182539	0	6355993	0
182539	0	6783449	2
182539	0	6816571	4
182539	0	6816572	5
182539	0	6816573	4
182539	0	6816574	2
182539	0	6816576	2
182539	0	6816577	2
182539	0	6816579	2
182539	0	6957819	1
182539	0	6980965	5
182539	0	6981225	2
182539	0	7148714	1
182539	0	7154102	2
182539	0	7206189	0
182539	0	721170	5
182539	0	7303730	2
182539	0	7371255	5
182539	0	7371257	4
182539	0	7371259	5
182539	0	7371261	5
182539	0	7371262	5
182539	0	738025	3
182539	0	7527837	2
182539	0	7579346	2
182539	0	7579347	2
182539	0	7579349	2
182539	0	7579350	4
182539	0	7579351	4
182539	0	7583024	4
182539	0	7617321	1
182539	0	7637811	1
182539	0	7850108	1
182539	0	7883763	2
182539	0	7919974	0
182539	0	8147663	0
182539	0	8299659	5
182539	0	8299661	3
182539	0	8299665	5
182539	0	8299668	4
182539	0	8337703	0
182539	0	8515182	5
182539	0	8598792	3
182539	0	8752298	0
182539	0	8757178	5
182539	0	8757179	5
182539	0	8757180	5
182539	0	8757181	5
182539	0	8757182	3
182539	0	8757183	1
182539	0	8757184	1
182539	0	941371	1
183378	0	1261035	0
183378	0	1289489	5
183378	0	1289495	4
183378	0	1289496	4
183378	0	1289497	5
183378	0	1603312	1
183378	0	1603314	1
183378	0	1765863	1
183378	0	1773959	2
183378	0	2068968	3
183378	0	2089154	5
183378	0	2095187	1
183378	0	2234245	2
183378	0	229739	4
183378	0	2493332	5
183378	0	2499865	2
183378	0	2533256	2
183378	0	2533260	5
183378	0	2639939	4
183378	0	2796241	0
183378	0	2805325	0
183378	0	3093215	5
183378	0	324175	4
183378	0	324177	3
183378	0	324178	2
183378	0	327908	4
183378	0	3389579	3
183378	0	3389580	2
183378	0	3576220	1
183378	0	3576225	1
183378	0	3605404	2
183378	0	3662782	4
183378	0	376576	1
183378	0	424997	2
183378	0	4371183	0
183378	0	4493913	3
183378	0	4493914	2
183378	0	4493915	5
183378	0	4493916	5
183378	0	4493919	2
183378	0	4493920	5
183378	0	4493921	4
183378	0	4493922	1
183378	0	4530314	0
183378	0	4716324	2
183378	0	4727412	2
183378	0	4727418	4
183378	0	4803847	5
183378	0	4803848	5
183378	0	4803850	5
183378	0	4803851	1
183378	0	4803856	5
183378	0	4810802	1
183378	0	4835769	4
183378	0	4856305	5
183378	0	4862063	2
183378	0	5105265	2
183378	0	5286899	3
183378	0	5391353	2
183378	0	5534703	4
183378	0	5534707	5
183378	0	5534708	3
183378	0	5534711	4
183378	0	5728400	0
183378	0	5798333	1
183378	0	6295431	0
183378	0	6548235	1
183378	0	6569755	0
183378	0	6880045	2
183378	0	6960777	0
183378	0	711450	3
183378	0	7449744	5
183378	0	7449750	3
183378	0	7449751	2
183378	0	7449752	5
183378	0	749548	2
183378	0	7677975	4
183378	0	7703397	2
183378	0	7878227	0
183378	0	7952865	5
183378	0	8079968	2
183378	0	8079970	3
183378	0	8121377	2
183378	0	8121380	5
183378	0	8191188	1
183378	0	828108	2
183378	0	8507877	2
183378	0	8570256	4
183378	0	8570257	5
183378	0	8570258	5
183378	0	8570260	3
183378	0	8570261	2
183378	0	8577215	5
183378	0	8643931	1
183378	0	8756893	1
183378	0	8779628	4
183378	0	8794302	5
183378	0	8794303	2
183378	0	8794304	5
183378	0	8794308	5
19335	0	1280402	1
19335	0	129764	2
19335	0	1359917	1
19335	0	1389478	3
19335	0	1389479	3
19335	0	1555319	1
19335	0	1568084	2
19335	0	1568085	2
19335	0	1568088	2
19335	0	1616883	1
19335	0	1705525	0
19335	0	1722	1
19335	0	1725697	2
19335	0	1726	5
19335	0	1729	5
19335	0	1730	2
19335	0	1746951	4
19335	0	1796647	1
19335	0	1837110	1
19335	0	1994172	2
19335	0	2046341	0
19335	0	2046505	4
19335	0	2108336	3
19335	0	2943087	2
19335	0	3156238	2
19335	0	3175481	5
19335	0	3175484	5
19335	0	3260688	3
19335	0	342431	5
19335	0	342432	1
19335	0	3445058	2
19335	0	3497214	2
19335	0	3539483	4
19335	0	3653053	1
19335	0	4349928	2
19335	0	436828	1
19335	0	4540808	0
19335	0	4540809	2
19335	0	4540816	4
19335	0	4835655	4
19335	0	5051739	4
19335	0	5140471	5
19335	0	527689	5
19335	0	527690	5
19335	0	527694	4
19335	0	527695	5
19335	0	527698	5
19335	0	5379897	2
19335	0	5454280	1
19335	0	5454283	3
19335	0	5629115	1
19335	0	5843331	3
19335	0	5843332	4
19335	0	6010966	0
19335	0	6109209	4
19335	0	6144461	4
19335	0	6179483	0
19335	0	6214701	3
19335	0	630063	2
19335	0	6452949	5
19335	0	6783161	4
19335	0	6867870	4
19335	0	691492	0
19335	0	691497	1
19335	0	691498	2
19335	0	6999135	5
19335	0	6999143	5
19335	0	7042455	5
19335	0	712802	2
19335	0	712806	2
19335	0	7256139	2
19335	0	7267248	5
19335	0	7276206	1
19335	0	7298833	2
19335	0	7298837	4
19335	0	7298840	0
19335	0	7367402	4
19335	0	7367407	2
19335	0	7367411	3
19335	0	7692043	2
19335	0	7727462	2
19335	0	8024611	3
19335	0	8080924	2
19335	0	8151642	5
19335	0	8151650	5
19335	0	819168	5
19335	0	8218756	0
19335	0	8412681	5
19335	0	8412682	5
19335	0	8412683	5
19335	0	8412684	5
19335	0	8412685	5
19335	0	8412687	5
19335	0	8525221	2
19335	0	8612877	4
19335	0	8635981	5
19335	0	8754859	0
19335	0	8798990	1
19335	0	901325	3
19335	0	901329	0
207786	0	1081009	2
207786	0	1081010	0
207786	0	1081011	1
207786	0	1085404	3
207786	0	1085406	2
207786	0	13254	3
207786	0	13262	0
207786	0	197297	3
207786	0	2288091	0
207786	0	2288092	2
207786	0	2315834	4
207786	0	2322024	1
207786	0	2397607	3
207786	0	263210	2
207786	0	2763917	5
207786	0	280082	2
207786	0	2998723	5
207786	0	2998726	2
207786	0	3103885	2
207786	0	3232784	2
207786	0	3352521	5
207786	0	3506136	2
207786	0	3522830	2
207786	0	3597549	2
207786	0	3773663	5
207786	0	3931757	3
207786	0	3931763	0
207786	0	403538	2
207786	0	4257473	5
207786	0	4580648	5
207786	0	4660023	1
207786	0	4660025	4
207786	0	4660027	2
207786	0	4660028	2
207786	0	4672265	4
207786	0	4674262	0
207786	0	4754014	5
207786	0	5114969	2
207786	0	5170143	0
207786	0	5170147	2
207786	0	5175113	1
207786	0	5195205	2
207786	0	5321444	2
207786	0	5365946	4
207786	0	5388259	0
207786	0	5388266	4
207786	0	5624825	1
207786	0	5624828	4
207786	0	5624830	4
207786	0	5624831	4
207786	0	5624832	3
207786	0	5624834	1
207786	0	5745781	1
207786	0	5745786	1
207786	0	5804666	0
207786	0	5990371	0
207786	0	5990374	3
207786	0	6003357	2
207786	0	6003360	2
207786	0	6031630	5
207786	0	6060398	1
207786	0	6133373	4
207786	0	6226372	1
207786	0	6226377	1
207786	0	6309217	1
207786	0	6309220	4
207786	0	6309223	1
207786	0	6474686	2
207786	0	6547477	2
207786	0	655407	1
207786	0	6563690	4
207786	0	673361	2
207786	0	6736451	4
207786	0	688486	4
207786	0	706234	5
207786	0	7449212	0
207786	0	7449213	2
207786	0	7510472	5
207786	0	7599318	5
207786	0	7639366	5
207786	0	7777867	4
207786	0	7780967	2
207786	0	7869794	3
207786	0	7941579	5
207786	0	8185061	1
207786	0	8185063	3
207786	0	8185064	5
207786	0	8265334	3
207786	0	8273754	5
207786	0	8273755	5
207786	0	8273756	5
207786	0	8273757	5
207786	0	8273758	5
207786	0	8273759	5
207786	0	8273760	5
207786	0	8273761	5
207786	0	8273762	5
207786	0	8273763	5
207786	0	8367880	5
207786	0	8622991	4
264014	0	1163962	1
264014	0	1313260	3
264014	0	1444280	1
264014	0	1610706	5
264014	0	1610708	0
264014	0	1610709	4
264014	0	1610710	2
264014	0	1610711	2
264014	0	1610712	5
264014	0	1610713	2
264014	0	1610714	5
264014	0	1697966	2
264014	0	1804644	4
264014	0	2223171	5
264014	0	2420367	2
264014	0	2438164	3
264014	0	2474341	4
264014	0	2498165	4
264014	0	2572557	3
264014	0	2688537	5
264014	0	276903	0
264014	0	2991665	2
264014	0	3120993	4
264014	0	3201487	4
264014	0	3215992	0
264014	0	331933	2
264014	0	331935	0
264014	0	3338823	1
264014	0	3338827	5
264014	0	340485	1
264014	0	340490	1
264014	0	3577342	4
264014	0	3577344	2
264014	0	3585842	4
264014	0	3666583	4
264014	0	3666584	5
264014	0	3683674	2
264014	0	3720137	0
264014	0	3764482	4
264014	0	3780879	0
264014	0	4018134	1
264014	0	4018139	0
264014	0	4021598	4
264014	0	4125993	0
264014	0	4125994	1
264014	0	4239616	5
264014	0	4425760	0
264014	0	447992	3
264014	0	4615176	0
264014	0	4647186	3
264014	0	4687213	3
264014	0	473960	1
264014	0	4834545	1
264014	0	4834547	5
264014	0	5063302	2
264014	0	5063309	2
264014	0	5104401	1
264014	0	528372	4
264014	0	528379	5
264014	0	5328095	5
264014	0	5386309	4
264014	0	5386314	3
264014	0	5583426	2
264014	0	5587285	2
264014	0	5611210	5
264014	0	5635519	5
264014	0	5635521	5
264014	0	5849270	3
264014	0	5896177	2
264014	0	5950719	3
264014	0	5950722	3
264014	0	5950723	5
264014	0	5950724	2
264014	0	5950725	4
264014	0	6105566	2
264014	0	6105572	5
264014	0	6333841	5
264014	0	6337909	5
264014	0	6501719	5
264014	0	6555322	2
264014	0	6641238	5
264014	0	684616	2
264014	0	684618	2
264014	0	7196300	2
264014	0	7317297	2
264014	0	7326934	4
264014	0	8008355	1
264014	0	8193533	1
264014	0	8310921	2
264014	0	8502491	1
264014	0	8531389	2
264014	0	8531391	1
264014	0	8623794	1
264014	0	96851	5
264014	0	96852	5
264014	0	96854	5
264014	0	96855	5
264014	0	96856	2
264014	0	96857	5
264014	0	96859	2
359349	0	15799	4
359349	0	15800	4
359349	0	15801	3
359349	0	15802	3
359349	0	15803	3
359349	0	15804	3
359349	0	15805	1
359349	0	15806	3
359349	0	15807	0
359349	0	15808	0
359349	0	1622451	0
359349	0	1622452	1
359349	0	1622457	1
359349	0	1830517	5
359349	0	2229870	1
359349	0	2259899	2
359349	0	2293820	5
359349	0	2826510	5
359349	0	2826513	2
359349	0	2964479	2
359349	0	3176540	1
359349	0	3176541	4
359349	0	3176542	4
359349	0	3176543	4
359349	0	3176548	4
359349	0	3193824	5
359349	0	3215625	2
359349	0	3223831	5
359349	0	3223833	5
359349	0	3900185	5
359349	0	4013719	2
359349	0	4013720	2
359349	0	4013723	5
359349	0	4013724	2
359349	0	4013725	2
359349	0	4020470	5
359349	0	4020471	4
359349	0	4020472	4
359349	0	4020476	5
359349	0	4020478	5
359349	0	4020479	5
359349	0	4087265	2
359349	0	4087268	0
359349	0	4344098	1
359349	0	4344099	1
359349	0	4344100	1
359349	0	4463572	2
359349	0	4463573	0
359349	0	4463574	2
359349	0	4474866	4
359349	0	4474872	3
359349	0	4551556	2
359349	0	4551557	2
359349	0	457673	5
359349	0	4881617	2
359349	0	5151802	2
359349	0	5219970	1
359349	0	5219971	0
359349	0	5219976	0
359349	0	5322530	2
359349	0	5322532	0
359349	0	5345720	5
359349	0	5615181	5
359349	0	5615187	2
359349	0	576627	5
359349	0	576628	5
359349	0	576629	5
359349	0	576632	4
359349	0	576635	4
359349	0	5773713	2
359349	0	5773714	4
359349	0	5773715	3
359349	0	5773716	1
359349	0	5773717	3
359349	0	5773718	4
359349	0	5773719	3
359349	0	5806106	1
359349	0	5806110	2
359349	0	607024	2
359349	0	6108721	5
359349	0	6113313	4
359349	0	6113314	3
359349	0	6440028	2
359349	0	68647	5
359349	0	68648	5
359349	0	68649	5
359349	0	68650	5
359349	0	68653	5
359349	0	7277971	4
359349	0	7329397	1
359349	0	7579885	2
359349	0	7857628	0
359349	0	7857629	1
359349	0	7857632	2
359349	0	7857634	2
359349	0	8058869	1
359349	0	8398223	1
359349	0	8748954	2
359349	0	8811558	0
359349	0	943229	5
405717	0	1589738	2
405717	0	1619423	2
405717	0	1849743	5
405717	0	2125641	2
405717	0	234955	2
405717	0	2365659	4
405717	0	2365660	5
405717	0	2365661	5
405717	0	2365662	2
405717	0	2365663	2
405717	0	2365665	1
405717	0	2413458	0
405717	0	2413461	0
405717	0	2616168	2
405717	0	2642838	5
405717	0	2702419	5
405717	0	2702423	4
405717	0	273851	1
405717	0	2747484	5
405717	0	2747485	4
405717	0	2747486	4
405717	0	2747488	4
405717	0	2747489	4
405717	0	2747491	3
405717	0	2747492	4
405717	0	2768521	1
405717	0	28368	4
405717	0	28372	2
405717	0	2879960	2
405717	0	3033900	5
405717	0	3033904	2
405717	0	3274915	2
405717	0	3274918	1
405717	0	3514259	3
405717	0	3803378	1
405717	0	3986303	3
405717	0	3986305	3
405717	0	3986307	2
405717	0	3986308	2
405717	0	3986309	2
405717	0	4326699	2
405717	0	4406585	1
405717	0	4432155	0
405717	0	4489661	2
405717	0	4489666	3
405717	0	4577231	2
405717	0	4704973	2
405717	0	4704975	5
405717	0	4704978	5
405717	0	4711654	0
405717	0	4776926	1
405717	0	4776928	3
405717	0	4828118	5
405717	0	4987955	0
405717	0	505912	0
405717	0	5079482	5
405717	0	5079486	2
405717	0	5274649	1
405717	0	5638740	5
405717	0	5668741	3
405717	0	5690233	2
405717	0	5690234	2
405717	0	5690237	2
405717	0	576346	1
405717	0	5857562	1
405717	0	6419725	1
405717	0	6442862	4
405717	0	6654655	5
405717	0	6741362	3
405717	0	6786304	5
405717	0	702383	3
405717	0	702386	4
405717	0	7170624	2
405717	0	7170625	0
405717	0	7170626	5
405717	0	7170629	0
405717	0	7170630	5
405717	0	7201361	0
405717	0	7288996	5
405717	0	7447941	5
405717	0	7447942	4
405717	0	7447943	1
405717	0	7458371	1
405717	0	758581	4
405717	0	758582	4
405717	0	758585	3
405717	0	758586	2
405717	0	7589975	4
405717	0	7728831	5
405717	0	7896211	5
405717	0	7896212	5
405717	0	7965240	2
405717	0	8156519	5
405717	0	8433852	5
405717	0	8433854	5
405717	0	8433856	1
405717	0	8433858	5
405717	0	846414	1
405717	0	8610271	0
405717	0	931517	4
443396	0	1091609	3
443396	0	1211156	2
443396	0	1367149	2
443396	0	1367150	2
443396	0	1367154	2
443396	0	1465664	5
443396	0	1465667	5
443396	0	1469068	1
443396	0	1587663	3
443396	0	1826142	1
443396	0	2038000	2
443396	0	2082395	3
443396	0	2143845	5
443396	0	2143847	5
443396	0	2144852	5
443396	0	2188880	4
443396	0	227255	2
443396	0	2349193	1
443396	0	2434039	4
443396	0	2434043	3
443396	0	2438904	2
443396	0	2448872	2
443396	0	2490482	5
443396	0	2654914	1
443396	0	2654918	4
443396	0	2654920	2
443396	0	2654922	4
443396	0	279294	2
443396	0	3007982	5
443396	0	3007987	1
443396	0	3008668	4
443396	0	3222557	2
443396	0	339130	2
443396	0	3438593	1
443396	0	3519033	3
443396	0	3526407	5
443396	0	3526411	5
443396	0	3648921	2
443396	0	368001	2
443396	0	3703289	0
443396	0	3750163	1
443396	0	3861791	3
443396	0	3961940	0
443396	0	3961947	3
443396	0	4052112	5
443396	0	4208445	0
443396	0	4452727	2
443396	0	4526744	4
443396	0	453706	5
443396	0	456708	5
443396	0	456710	4
443396	0	4774806	5
443396	0	4792649	5
443396	0	4792650	5
443396	0	4792655	3
443396	0	483935	5
443396	0	4896251	5
443396	0	5048840	4
443396	0	5053511	5
443396	0	5285667	2
443396	0	5468743	4
443396	0	5653999	4
443396	0	5932403	0
443396	0	6056355	1
443396	0	6349608	1
443396	0	6397543	1
443396	0	6568383	0
443396	0	6587149	1
443396	0	6590997	3
443396	0	6704846	1
443396	0	6776524	0
443396	0	6781701	4
443396	0	7242384	4
443396	0	7242390	1
443396	0	7422742	4
443396	0	755968	1
443396	0	759261	2
443396	0	7617065	2
443396	0	7620276	2
443396	0	7730354	0
443396	0	789926	2
443396	0	7922077	4
443396	0	8079039	5
443396	0	8079040	5
443396	0	8079046	5
443396	0	8117806	2
443396	0	8171402	5
443396	0	8204431	5
443396	0	822432	2
443396	0	822437	2
443396	0	8266065	5
443396	0	8348187	0
443396	0	844323	4
443396	0	8536118	5
443396	0	8542630	1
443396	0	8599548	0
443396	0	8687371	3
443396	0	8699743	0
443396	0	8769481	2
443396	0	8769489	2
451602	0	1078133	1
451602	0	1078134	5
451602	0	1078139	0
451602	0	1094138	2
451602	0	124065	2
451602	0	1277287	4
451602	0	1277289	5
451602	0	1277290	5
451602	0	1277293	2
451602	0	1575781	2
451602	0	1626653	2
451602	0	1640289	5
451602	0	1715030	1
451602	0	2084905	2
451602	0	2084909	2
451602	0	2154597	2
451602	0	2176450	5
451602	0	2176453	5
451602	0	2176454	1
451602	0	2176455	5
451602	0	2176459	5
451602	0	2244882	5
451602	0	2284888	0
451602	0	2329889	1
451602	0	2482418	4
451602	0	2922141	3
451602	0	2922142	3
451602	0	2922145	5
451602	0	2922147	3
451602	0	3052112	1
451602	0	3090663	4
451602	0	3090666	5
451602	0	3090668	2
451602	0	3090670	4
451602	0	3090671	0
451602	0	3090672	4
451602	0	3177691	5
451602	0	3177692	4
451602	0	3177700	0
451602	0	3347274	2
451602	0	3347278	0
451602	0	3746411	0
451602	0	4176454	3
451602	0	4345752	5
451602	0	4358117	1
451602	0	4453605	5
451602	0	4453608	2
451602	0	4487185	4
451602	0	4874640	5
451602	0	4874641	2
451602	0	5018391	2
451602	0	5018392	2
451602	0	5018394	1
451602	0	5053853	2
451602	0	5179251	5
451602	0	5211036	1
451602	0	5371416	1
451602	0	5475308	5
451602	0	5534586	2
451602	0	5538936	2
451602	0	5538937	2
451602	0	5538938	5
451602	0	5538940	3
451602	0	5538945	0
451602	0	5741073	1
451602	0	5902818	0
451602	0	5913111	4
451602	0	6225558	2
451602	0	6242935	2
451602	0	6250347	1
451602	0	6286974	4
451602	0	6286977	5
451602	0	6286981	5
451602	0	6286982	5
451602	0	6618756	2
451602	0	6994774	2
451602	0	705851	5
451602	0	7315074	3
451602	0	7326276	3
451602	0	7403454	4
451602	0	7510020	1
451602	0	7510025	0
451602	0	7792099	3
451602	0	7800959	2
451602	0	7804169	5
451602	0	7859334	3
451602	0	7864188	4
451602	0	8025740	1
451602	0	8033474	4
451602	0	8214452	3
451602	0	8383461	5
451602	0	8383465	2
451602	0	8390518	5
451602	0	8485132	4
451602	0	8485136	1
451602	0	8540468	4
451602	0	8621776	0
451602	0	8787234	1
451602	0	949152	2
451602	0	96224	4
47923	0	1161940	2
47923	0	146706	1
47923	0	1488916	4
47923	0	1488918	2
47923	0	1488919	2
47923	0	1496426	1
47923	0	1506786	3
47923	0	1565060	2
47923	0	1681331	3
47923	0	1681332	5
47923	0	1681334	5
47923	0	1681336	5
47923	0	1681337	4
47923	0	1827449	2
47923	0	1868437	5
47923	0	1868438	4
47923	0	1960681	2
47923	0	2044900	5
47923	0	2135499	2
47923	0	2284132	1
47923	0	2402776	2
47923	0	2408264	4
47923	0	2508230	1
47923	0	2699736	2
47923	0	2699737	2
47923	0	2704000	2
47923	0	2838662	3
47923	0	3348834	4
47923	0	3348838	5
47923	0	3589347	1
47923	0	3703415	0
47923	0	3785497	0
47923	0	3883233	1
47923	0	4257345	1
47923	0	4297620	5
47923	0	4523464	4
47923	0	4587558	1
47923	0	4652799	2
47923	0	4684893	0
47923	0	4684895	0
47923	0	473807	4
47923	0	473809	5
47923	0	4818815	1
47923	0	4991357	2
47923	0	5032362	5
47923	0	5032364	4
47923	0	5147526	2
47923	0	5147527	5
47923	0	5147528	2
47923	0	5147529	1
47923	0	5147530	0
47923	0	525511	3
47923	0	5417580	5
47923	0	5417582	5
47923	0	5417583	2
47923	0	5417584	2
47923	0	5586331	4
47923	0	5911790	2
47923	0	6089359	2
47923	0	618556	5
47923	0	6191	5
47923	0	6210760	4
47923	0	6241147	5
47923	0	6241150	5
47923	0	6241151	5
47923	0	6241152	5
47923	0	6241153	5
47923	0	6267282	0
47923	0	6626703	2
47923	0	6626705	3
47923	0	6643066	5
47923	0	6696631	1
47923	0	6919836	5
47923	0	6919841	2
47923	0	6935784	2
47923	0	7038128	4
47923	0	7071694	1
47923	0	7071695	2
47923	0	7137895	1
47923	0	7417276	4
47923	0	766019	1
47923	0	7747055	3
47923	0	7774316	0
47923	0	7774318	4
47923	0	7914498	0
47923	0	8110288	0
47923	0	8284608	3
47923	0	8348762	5
47923	0	8418678	3
47923	0	8418679	2
47923	0	8418681	5
47923	0	8418683	5
47923	0	8418684	1
47923	0	8619126	2
47923	0	8619129	3
47923	0	8619130	3
47923	0	8641104	4
47923	0	8641106	4
47923	0	8641107	5
47923	0	99926	0
489204	0	1051498	5
489204	0	1070807	0
489204	0	113238	5
489204	0	114148	4
489204	0	1225589	5
489204	0	1276947	5
489204	0	1310101	4
489204	0	1310103	2
489204	0	1310106	5
489204	0	1310107	5
489204	0	1310108	5
489204	0	1319513	4
489204	0	1410249	1
489204	0	1410255	2
489204	0	1418931	5
489204	0	1418935	4
489204	0	1479542	5
489204	0	1538587	5
489204	0	1736553	2
489204	0	1759354	2
489204	0	1759357	2
489204	0	1759360	1
489204	0	1778458	5
489204	0	1950269	5
489204	0	1950273	4
489204	0	2016623	0
489204	0	2053095	2
489204	0	2163701	5
489204	0	216490	0
489204	0	216492	5
489204	0	2218038	2
489204	0	2268657	5
489204	0	2959687	4
489204	0	3012141	2
489204	0	3049941	4
489204	0	3075337	4
489204	0	3075338	2
489204	0	3608627	2
489204	0	3744940	2
489204	0	3778489	2
489204	0	3980122	2
489204	0	3980126	2
489204	0	4029846	0
489204	0	4088951	5
489204	0	4279451	1
489204	0	4387756	3
489204	0	4430765	1
489204	0	465742	1
489204	0	4917998	3
489204	0	4917999	2
489204	0	4918001	3
489204	0	4918005	4
489204	0	4929952	0
489204	0	528348	0
489204	0	528349	1
489204	0	535375	2
489204	0	5519177	4
489204	0	5583224	5
489204	0	5629373	5
489204	0	5815950	1
489204	0	5815958	1
489204	0	5895917	4
489204	0	6087671	2
489204	0	6237427	2
489204	0	6237429	3
489204	0	6237430	4
489204	0	6301568	1
489204	0	6327176	2
489204	0	6327178	1
489204	0	6327179	2
489204	0	6327182	0
489204	0	6397957	0
489204	0	66437	3
489204	0	6661536	4
489204	0	6665319	1
489204	0	6753502	3
489204	0	6753503	3
489204	0	678245	5
489204	0	7113153	5
489204	0	7116533	5
489204	0	7432758	3
489204	0	753265	2
489204	0	7564977	5
489204	0	7564980	5
489204	0	7660249	4
489204	0	7718090	3
489204	0	7734612	2
489204	0	8054792	0
489204	0	8055356	0
489204	0	8083618	1
489204	0	8376906	2
489204	0	8376910	3
489204	0	8395205	2
489204	0	8420374	1
489204	0	855967	1
489204	0	855969	2
489204	0	8594276	1
489204	0	8737051	5
489204	0	8737053	4
489204	0	973923	5
490595	0	1160847	5
490595	0	1194055	3
490595	0	1194060	2
490595	0	1288938	5
490595	0	1288940	2
490595	0	1288943	4
490595	0	1391477	1
490595	0	1473259	2
490595	0	1530274	4
490595	0	1620438	5
490595	0	1652460	3
490595	0	1754202	1
490595	0	1894652	3
490595	0	1894653	2
490595	0	1894656	2
490595	0	1929910	5
490595	0	1929911	3
490595	0	2197786	4
490595	0	2507917	2
490595	0	2661183	0
490595	0	2788470	3
490595	0	2850740	5
490595	0	3175975	0
490595	0	3403265	1
490595	0	3403268	2
490595	0	3497876	0
490595	0	3572694	2
490595	0	3572695	5
490595	0	3572698	4
490595	0	3572701	4
490595	0	3595606	1
490595	0	3833408	1
490595	0	3833409	2
490595	0	3833413	3
490595	0	3845163	2
490595	0	3937197	5
490595	0	3937200	5
490595	0	3937204	4
490595	0	4292443	2
490595	0	4420107	1
490595	0	4737059	5
490595	0	4737060	5
490595	0	4737061	5
490595	0	4737063	4
490595	0	4737064	5
490595	0	4737065	5
490595	0	4737066	5
490595	0	4737067	5
490595	0	4737068	3
490595	0	4763065	1
490595	0	4763066	5
490595	0	4763070	4
490595	0	4842889	4
490595	0	4842890	5
490595	0	4842891	4
490595	0	4842894	3
490595	0	4842896	5
490595	0	4842897	5
490595	0	5112294	4
490595	0	5128293	1
490595	0	5247992	2
490595	0	5247999	5
490595	0	5248000	2
490595	0	526093	2
490595	0	5359212	4
490595	0	5359213	2
490595	0	5488538	1
490595	0	549465	5
490595	0	549466	2
490595	0	5612095	0
490595	0	5612099	0
490595	0	5633627	2
490595	0	5633631	2
490595	0	6206562	2
490595	0	6412650	4
490595	0	6742115	1
490595	0	6742119	3
490595	0	6845345	2
490595	0	6976956	1
490595	0	6976960	1
490595	0	7045863	0
490595	0	7340532	2
490595	0	7385093	1
490595	0	7598980	2
490595	0	7698193	3
490595	0	7839903	1
490595	0	7839904	5
490595	0	7839906	4
490595	0	7839907	4
490595	0	7839908	2
490595	0	7839910	2
490595	0	7839911	0
490595	0	805046	5
490595	0	805048	2
490595	0	805049	1
490595	0	805051	5
490595	0	8485138	0
490595	0	8485139	5
490595	0	8544459	0
490595	0	8709994	0
527433	0	1101457	2
527433	0	1101460	0
527433	0	1101462	3
527433	0	1251475	5
527433	0	1251477	3
527433	0	1251478	2
527433	0	1251480	2
527433	0	1251481	2
527433	0	1317222	1
527433	0	1317224	4
527433	0	1317225	4
527433	0	1379240	5
527433	0	1379245	5
527433	0	1511554	3
527433	0	1542069	0
527433	0	1664523	5
527433	0	1721940	0
527433	0	1753605	0
527433	0	1753608	1
527433	0	1753610	0
527433	0	1993691	4
527433	0	1993699	4
527433	0	2004910	0
527433	0	2018341	0
527433	0	2235421	1
527433	0	2331981	2
527433	0	2331982	4
527433	0	2331984	2
527433	0	2496224	4
527433	0	2496227	4
527433	0	269423	5
527433	0	269424	3
527433	0	269425	5
527433	0	269426	5
527433	0	269428	5
527433	0	269429	2
527433	0	269430	5
527433	0	278402	1
527433	0	2981253	2
527433	0	2981256	2
527433	0	301243	4
527433	0	3136613	1
527433	0	3139056	1
527433	0	319844	3
527433	0	3294600	3
527433	0	3786813	2
527433	0	4046876	5
527433	0	422228	2
527433	0	422236	2
527433	0	4351170	5
527433	0	4351171	1
527433	0	4351175	1
527433	0	4402992	2
527433	0	4402994	0
527433	0	4402995	2
527433	0	4903729	1
527433	0	4903731	5
527433	0	4903736	1
527433	0	4958693	4
527433	0	4958696	4
527433	0	4958697	5
527433	0	5331576	2
527433	0	5466807	5
527433	0	5466810	5
527433	0	547444	5
527433	0	5479497	1
527433	0	5479502	2
527433	0	5501454	4
527433	0	5603299	2
527433	0	5603300	1
527433	0	5603301	4
527433	0	5603305	3
527433	0	5603306	2
527433	0	5629888	0
527433	0	5878263	3
527433	0	6038397	5
527433	0	6038398	1
527433	0	6045939	4
527433	0	6186391	5
527433	0	6186394	2
527433	0	653097	2
527433	0	653103	5
527433	0	653104	2
527433	0	6667279	1
527433	0	6708088	3
527433	0	6743092	4
527433	0	6743093	2
527433	0	6897131	0
527433	0	6928819	2
527433	0	7514088	5
527433	0	7514089	2
527433	0	7514090	1
527433	0	7607669	5
527433	0	8306449	5
527433	0	8306451	5
527433	0	8322920	3
527433	0	8371764	2
527433	0	8617271	5
527433	0	8617274	5
527433	0	8617275	4
573724	0	1033756	1
573724	0	1113579	1
573724	0	1165128	3
573724	0	1165129	5
573724	0	1183178	2
573724	0	1183181	0
573724	0	1293333	4
573724	0	1376204	0
573724	0	1376205	0
573724	0	141998	0
573724	0	148751	1
573724	0	148753	1
573724	0	1509937	2
573724	0	1509939	2
573724	0	1509940	3
573724	0	1509942	5
573724	0	1509944	2
573724	0	1816038	5
573724	0	1817741	2
573724	0	2002445	1
573724	0	2002448	4
573724	0	2021252	0
573724	0	2084571	2
573724	0	2133806	4
573724	0	2186124	2
573724	0	2417985	5
573724	0	2910045	1
573724	0	3146236	4
573724	0	3146238	5
573724	0	3146240	2
573724	0	3365631	5
573724	0	3365632	3
573724	0	3365633	5
573724	0	3365635	2
573724	0	3365636	5
573724	0	3365638	5
573724	0	3365639	1
573724	0	3365640	2
573724	0	3546092	2
573724	0	3617636	3
573724	0	3644944	0
573724	0	394136	5
573724	0	394138	4
573724	0	394139	5
573724	0	394142	5
573724	0	4017883	5
573724	0	41433	2
573724	0	4360246	1
573724	0	4457787	4
573724	0	4966874	0
573724	0	5047796	5
573724	0	5185664	2
573724	0	5185671	2
573724	0	525215	0
573724	0	5306910	1
573724	0	5310530	5
573724	0	5339620	5
573724	0	5384308	3
573724	0	5721833	2
573724	0	5962419	2
573724	0	5962423	3
573724	0	5962424	2
573724	0	5962426	2
573724	0	5962428	3
573724	0	6121093	2
573724	0	6462957	4
573724	0	6911370	4
573724	0	7104825	5
573724	0	7104826	4
573724	0	7134411	1
573724	0	7199667	2
573724	0	7199669	5
573724	0	7199672	4
573724	0	7199673	5
573724	0	7199674	3
573724	0	7199675	4
573724	0	7275118	2
573724	0	7384325	5
573724	0	7384332	4
573724	0	7609926	5
573724	0	7609927	5
573724	0	7609928	4
573724	0	7609929	2
573724	0	7609930	3
573724	0	7609932	1
573724	0	7609933	1
573724	0	7674858	4
573724	0	8047166	2
573724	0	8404002	1
573724	0	8436350	1
573724	0	8441642	5
573724	0	8444727	2
573724	0	8444730	3
573724	0	8450864	0
573724	0	8492171	1
573724	0	8540429	0
573724	0	87405	5
573724	0	87409	4
573724	0	8833192	5
573724	0	8833199	2
833860	0	1016915	0
833860	0	115142	5
833860	0	1400521	2
833860	0	1448548	3
833860	0	1524399	2
833860	0	1524401	5
833860	0	1524402	5
833860	0	1524403	5
833860	0	1524406	5
833860	0	1524644	2
833860	0	1524648	2
833860	0	1579406	1
833860	0	1694695	4
833860	0	1751577	2
833860	0	1799623	1
833860	0	1859403	3
833860	0	1900577	4
833860	0	1969741	4
833860	0	1971028	4
833860	0	2036934	2
833860	0	2188108	5
833860	0	2192805	2
833860	0	2386361	5
833860	0	2488236	4
833860	0	2488241	2
833860	0	2597196	1
833860	0	2702357	5
833860	0	2702358	3
833860	0	2727126	2
833860	0	280004	3
833860	0	280008	3
833860	0	2829180	4
833860	0	2829181	4
833860	0	3026174	1
833860	0	3087477	5
833860	0	3107240	5
833860	0	3107242	4
833860	0	3437285	5
833860	0	3437288	5
833860	0	3437289	5
833860	0	3544301	0
833860	0	3729262	1
833860	0	3798217	3
833860	0	4046129	4
833860	0	4460348	1
833860	0	456068	4
833860	0	4565141	1
833860	0	4565899	0
833860	0	4736124	5
833860	0	4967639	2
833860	0	5167513	5
833860	0	5178289	4
833860	0	5229080	2
833860	0	541470	1
833860	0	5500892	1
833860	0	557588	2
833860	0	5639026	0
833860	0	5759683	3
833860	0	5967462	4
833860	0	5988243	3
833860	0	611992	2
833860	0	6209174	0
833860	0	6230220	5
833860	0	6230221	5
833860	0	6230222	5
833860	0	6230226	5
833860	0	6230227	5
833860	0	6230229	5
833860	0	6277473	0
833860	0	6297606	5
833860	0	6406714	2
833860	0	6406715	5
833860	0	6510230	1
833860	0	6541901	0
833860	0	6610436	2
833860	0	6654798	2
833860	0	6738736	1
833860	0	6829804	1
833860	0	6886846	2
833860	0	7007433	1
833860	0	7023585	0
833860	0	7153349	2
833860	0	7153355	4
833860	0	7184644	2
833860	0	7184650	0
833860	0	7192576	2
833860	0	7508039	1
833860	0	7548089	2
833860	0	7826521	3
833860	0	7973006	2
833860	0	8112006	0
833860	0	8119467	2
833860	0	8160728	4
833860	0	8189156	2
833860	0	8344031	5
833860	0	8469913	3
833860	0	8584923	2
833860	0	8683095	5
833860	0	8697642	1
833860	0	8742336	4
855410	0	1041939	4
855410	0	1051865	2
855410	0	1147809	5
855410	0	1147810	5
855410	0	1147811	5
855410	0	1294305	1
855410	0	1294308	3
855410	0	1561018	0
855410	0	159665	1
855410	0	1685597	5
855410	0	1719692	4
855410	0	1795261	2
855410	0	1874884	0
855410	0	1929957	4
855410	0	1970390	2
855410	0	229903	2
855410	0	232305	2
855410	0	2350118	0
855410	0	2418458	0
855410	0	2418890	5
855410	0	2418893	3
855410	0	2506511	1
855410	0	2519077	1
855410	0	2737046	1
855410	0	3006601	2
855410	0	3110654	3
855410	0	3113274	1
855410	0	3200693	0
855410	0	326818	4
855410	0	3340202	4
855410	0	3340204	4
855410	0	352146	5
855410	0	3527605	2
855410	0	3724700	1
855410	0	3724701	2
855410	0	3948069	2
855410	0	4275296	1
855410	0	4406031	5
855410	0	4503925	1
855410	0	4518587	2
855410	0	4636144	3
855410	0	4685777	5
855410	0	5095701	5
855410	0	5095702	5
855410	0	5130380	1
855410	0	5232523	1
855410	0	5232525	3
855410	0	5239970	5
855410	0	5478153	2
855410	0	5550193	4
855410	0	5558891	1
855410	0	5594994	3
855410	0	5629792	4
855410	0	576583	2
855410	0	6098860	2
855410	0	6133647	2
855410	0	6152822	2
855410	0	6197317	5
855410	0	6218319	4
855410	0	6301992	4
855410	0	6301995	2
855410	0	6301996	5
855410	0	6338974	2
855410	0	6647485	1
855410	0	6674058	1
855410	0	6688284	4
855410	0	6706455	2
855410	0	6759238	5
855410	0	6760182	0
855410	0	6796749	4
855410	0	6859899	4
855410	0	6893643	2
855410	0	6936948	2
855410	0	6936951	3
855410	0	6941139	3
855410	0	7066409	0
855410	0	7066410	2
855410	0	7099015	5
855410	0	7140868	2
855410	0	7151082	2
855410	0	7210777	5
855410	0	7240299	3
855410	0	7456767	0
855410	0	7747483	5
855410	0	788830	5
855410	0	8140208	0
855410	0	8144663	4
855410	0	8145658	4
855410	0	8165085	2
855410	0	8407524	3
855410	0	8448246	0
855410	0	8533683	2
855410	0	8651770	5
855410	0	8651771	5
855410	0	8651772	5
855410	0	8651775	5
855410	0	8651776	5
855410	0	884430	5
855410	0	884436	5
855410	0	984177	1
87181	0	1179100	4
87181	0	123547	5
87181	0	123548	2
87181	0	1519996	0
87181	0	1692902	2
87181	0	1700168	1
87181	0	1766470	1
87181	0	1856241	0
87181	0	1902826	4
87181	0	1902827	1
87181	0	1950525	2
87181	0	1961300	3
87181	0	2024860	1
87181	0	2307979	2
87181	0	2345225	0
87181	0	2374850	0
87181	0	2530227	5
87181	0	2530252	4
87181	0	2530257	2
87181	0	2556144	5
87181	0	2556146	0
87181	0	2556149	1
87181	0	2556150	2
87181	0	2556151	2
87181	0	2763490	2
87181	0	2986227	5
87181	0	3198047	2
87181	0	3216315	2
87181	0	3354162	3
87181	0	3423884	0
87181	0	3914970	2
87181	0	4632251	3
87181	0	4632256	1
87181	0	4689523	5
87181	0	4689524	1
87181	0	4689525	5
87181	0	47203	2
87181	0	47206	2
87181	0	47207	4
87181	0	47208	2
87181	0	47210	5
87181	0	47211	4
87181	0	47212	4
87181	0	4786305	5
87181	0	5197130	5
87181	0	5197133	4
87181	0	5197135	5
87181	0	5197136	0
87181	0	5197138	1
87181	0	5469038	5
87181	0	6029788	2
87181	0	6055562	2
87181	0	6262331	5
87181	0	6484575	5
87181	0	6484576	5
87181	0	6484578	5
87181	0	6521360	4
87181	0	6521366	5
87181	0	6685092	3
87181	0	6774305	4
87181	0	6928212	4
87181	0	6969187	2
87181	0	7057928	2
87181	0	7112964	1
87181	0	7112968	1
87181	0	7139898	3
87181	0	742425	5
87181	0	7666828	2
87181	0	7666831	5
87181	0	803955	0
87181	0	8082516	4
87181	0	8151919	3
87181	0	8151921	5
87181	0	8151922	1
87181	0	8151926	2
87181	0	8165398	3
87181	0	8165403	3
87181	0	8183977	1
87181	0	8183981	3
87181	0	8183982	2
87181	0	8246410	1
87181	0	8332546	5
87181	0	8332547	5
87181	0	8332548	0
87181	0	8332551	4
87181	0	8332555	5
87181	0	8476330	2
87181	0	8522403	2
87181	0	8534134	5
87181	0	8534135	4
87181	0	8565420	3
87181	0	8614359	4
87181	0	8614360	5
87181	0	8664069	2
87181	0	8683178	2
87181	0	8683181	4
87181	0	8683185	5
87181	0	8738512	0
87181	0	921633	1
87181	0	935164	1
87452	0	1118401	2
87452	0	1150485	0
87452	0	1185292	3
87452	0	119522	1
87452	0	1395625	4
87452	0	1642159	4
87452	0	1749882	5
87452	0	186931	4
87452	0	186939	5
87452	0	1890450	1
87452	0	1971830	2
87452	0	2026775	1
87452	0	2026777	4
87452	0	2035306	0
87452	0	2127122	0
87452	0	2571220	2
87452	0	2571221	2
87452	0	2571223	3
87452	0	2951800	2
87452	0	3347347	2
87452	0	3347348	2
87452	0	3540111	1
87452	0	3732121	4
87452	0	3732895	0
87452	0	3808783	1
87452	0	3809016	2
87452	0	3809017	2
87452	0	3809018	1
87452	0	3919937	4
87452	0	4157764	1
87452	0	4248450	4
87452	0	4312660	1
87452	0	4496459	1
87452	0	4496461	2
87452	0	4502603	2
87452	0	4557555	0
87452	0	4634899	5
87452	0	4872055	5
87452	0	5048394	1
87452	0	5052034	2
87452	0	5286924	5
87452	0	5296736	5
87452	0	5338945	2
87452	0	5500606	1
87452	0	5694214	2
87452	0	5746165	2
87452	0	5751686	4
87452	0	5836705	2
87452	0	5851090	4
87452	0	6018160	5
87452	0	6018161	3
87452	0	6018163	5
87452	0	6018164	5
87452	0	6018166	5
87452	0	6018167	3
87452	0	6018168	5
87452	0	6018169	5
87452	0	6042747	4
87452	0	6096580	0
87452	0	6159694	1
87452	0	6621971	1
87452	0	6679972	2
87452	0	6679974	2
87452	0	6931702	2
87452	0	7499674	1
87452	0	7499676	2
87452	0	7499678	1
87452	0	7542008	2
87452	0	7588883	2
87452	0	7843982	3
87452	0	7843984	5
87452	0	7897960	0
87452	0	7897962	2
87452	0	7965004	5
87452	0	7965007	3
87452	0	7965011	5
87452	0	8055167	2
87452	0	8055172	0
87452	0	8079127	0
87452	0	8081937	3
87452	0	8152222	5
87452	0	8333912	4
87452	0	8333919	5
87452	0	8333920	5
87452	0	8436571	5
87452	0	8436572	3
87452	0	8436575	4
87452	0	8436576	4
87452	0	8436577	3
87452	0	8436578	5
87452	0	8436579	5
87452	0	8496921	4
87452	0	8496922	2
87452	0	861789	4
87452	0	8819111	5
87452	0	8819112	5
87452	0	8819113	5
87452	0	8819114	3
87452	0	8819115	0
87452	0	8819116	5
915593	0	1396701	5
915593	0	1396704	2
915593	0	1396706	2
915593	0	1396707	5
915593	0	1772930	5
915593	0	1815965	2
915593	0	210379	4
915593	0	2210591	3
915593	0	2210593	4
915593	0	2210594	2
915593	0	2210595	2
915593	0	2210597	2
915593	0	2588143	1
915593	0	2744909	2
915593	0	275732	4
915593	0	2923494	1
915593	0	2923496	5
915593	0	2923497	5
915593	0	2923498	1
915593	0	2923501	2
915593	0	3143377	1
915593	0	3357360	4
915593	0	3375966	1
915593	0	3385971	1
915593	0	3485338	5
915593	0	3523599	5
915593	0	3523602	3
915593	0	3538160	5
915593	0	3538162	4
915593	0	3538163	5
915593	0	3538164	5
915593	0	3538165	1
915593	0	3538166	4
915593	0	3538167	3
915593	0	3573479	1
915593	0	3890492	1
915593	0	3991910	0
915593	0	4566815	4
915593	0	4566816	5
915593	0	4566818	5
915593	0	4566819	5
915593	0	4566822	2
915593	0	4566823	4
915593	0	4691129	4
915593	0	4818067	2
915593	0	4834226	2
915593	0	4910037	2
915593	0	5931264	4
915593	0	5931265	3
915593	0	5931266	4
915593	0	5931268	2
915593	0	5931269	5
915593	0	5931270	2
915593	0	5931271	2
915593	0	6181638	5
915593	0	6761346	3
915593	0	6923050	2
915593	0	6923052	5
915593	0	6923055	1
915593	0	6923057	0
915593	0	7742098	4
915593	0	7816726	2
915593	0	7837084	3
915593	0	7837086	5
915593	0	7861747	2
915593	0	7861749	2
915593	0	7861751	3
915593	0	7861753	2
915593	0	7861756	2
915593	0	8002855	2
915593	0	8029525	0
915593	0	8029532	1
915593	0	8029533	5
915593	0	8103063	0
915593	0	8103065	5
915593	0	8103067	5
915593	0	8103068	1
915593	0	8178996	4
915593	0	8178998	5
915593	0	8178999	0
915593	0	8179000	0
915593	0	8179001	1
915593	0	8179003	3
915593	0	8179005	1
915593	0	82105	3
915593	0	82107	5
915593	0	82109	4
915593	0	82110	0
915593	0	82111	5
915593	0	82113	5
915593	0	82114	4
915593	0	8402970	2
915593	0	8402972	3
915593	0	8402973	2
915593	0	8402974	0
915593	0	8420020	0
915593	0	8455301	5
915593	0	8455302	0
915593	0	8455304	1
915593	0	8455306	2
962179	0	1006859	4
962179	0	1006860	5
962179	0	1006861	2
962179	0	1006865	2
962179	0	1006866	4
962179	0	1006867	4
962179	0	1006868	4
962179	0	1015976	0
962179	0	1645080	5
962179	0	1645087	1
962179	0	181089	0
962179	0	2017001	1
962179	0	2017003	1
962179	0	2131893	3
962179	0	2329697	5
962179	0	2329699	5
962179	0	2632688	3
962179	0	2925975	0
962179	0	2929465	4
962179	0	2929469	4
962179	0	2978866	5
962179	0	2978870	5
962179	0	302861	2
962179	0	302865	3
962179	0	302866	2
962179	0	302868	1
962179	0	3173623	3
962179	0	3422317	3
962179	0	3422318	2
962179	0	3422321	4
962179	0	3661633	2
962179	0	3705165	5
962179	0	3982060	4
962179	0	4209392	1
962179	0	4257873	3
962179	0	4309122	5
962179	0	4511497	2
962179	0	4511498	5
962179	0	4511501	5
962179	0	4511504	5
962179	0	4606387	5
962179	0	4606388	2
962179	0	4606389	5
962179	0	4606390	4
962179	0	4717424	0
962179	0	4717426	1
962179	0	5320368	4
962179	0	536178	3
962179	0	536180	0
962179	0	5427063	5
962179	0	5427064	5
962179	0	5427065	1
962179	0	5427070	5
962179	0	5642479	0
962179	0	5642481	0
962179	0	5653652	5
962179	0	5653655	2
962179	0	5653657	1
962179	0	5773184	5
962179	0	5773189	5
962179	0	5886688	4
962179	0	5919341	1
962179	0	6575560	2
962179	0	6575567	1
962179	0	6675257	2
962179	0	6675258	2
962179	0	6675259	2
962179	0	6675261	0
962179	0	6675262	2
962179	0	6675265	2
962179	0	6898290	4
962179	0	6898292	4
962179	0	6898295	1
962179	0	6904865	3
962179	0	6980697	5
962179	0	6980701	1
962179	0	7126025	2
962179	0	7428143	2
962179	0	7428146	2
962179	0	7588230	1
962179	0	8032264	3
962179	0	8032269	1
962179	0	8689053	2
962179	0	8689054	5
962179	0	8689055	2
962179	0	8689056	5
962179	0	8689057	5
962179	0	8689058	2
962179	0	8746010	1
962179	0	8768974	0
962179	0	8785368	3
962179	0	8785370	4
962179	0	8785371	5
962179	0	8785372	2
962179	0	8785373	2
962179	0	8785374	5
962179	0	8811426	2
962179	0	902372	0
962179	0	902373	4
962179	0	931124	2
