1037798	0	1668145	2
1037798	0	1693397	1
1037798	0	2081844	3
1037798	0	2258762	4
1037798	0	2258763	3
1037798	0	2258765	1
1037798	0	2360245	1
1037798	0	2360246	2
1037798	0	2360247	0
1037798	0	2360249	2
1037798	0	2360251	2
1037798	0	2360252	2
1037798	0	2781960	2
1037798	0	2781962	2
1037798	0	2781965	5
1037798	0	2781966	5
1037798	0	2787508	4
1037798	0	2840240	0
1037798	0	2868740	1
1037798	0	2970891	1
1037798	0	2970892	1
1037798	0	2970895	1
1037798	0	2970897	1
1037798	0	2989290	2
1037798	0	3055262	5
1037798	0	3078992	0
1037798	0	3187018	2
1037798	0	3245239	1
1037798	0	3265446	3
1037798	0	3265449	4
1037798	0	3265450	4
1037798	0	3265451	4
1037798	0	3274897	2
1037798	0	3310848	2
1037798	0	3310851	1
1037798	0	3310854	1
1037798	0	3310855	1
1037798	0	3375471	3
1037798	0	3405265	0
1037798	0	3620983	5
1037798	0	3620986	5
1037798	0	3620991	5
1037798	0	3641634	5
1037798	0	3788223	4
1037798	0	3805294	5
1037798	0	3914692	1
1037798	0	3958148	4
1037798	0	4571199	2
1037798	0	4618582	0
1037798	0	4640082	2
1037798	0	4715286	2
1037798	0	4818124	4
1037798	0	4818129	5
1037798	0	4824239	4
1037798	0	4824243	4
1037798	0	4867051	3
1037798	0	4932830	4
1037798	0	4948770	2
1037798	0	4948775	2
1037798	0	4948777	2
1037798	0	5006521	4
1037798	0	5006527	5
1037798	0	5099520	5
1037798	0	5326070	2
1037798	0	5685966	1
1037798	0	6030393	2
1037798	0	6915000	3
1037798	0	6963992	5
1037798	0	7208741	5
1037798	0	7281941	3
1037798	0	7412882	4
1037798	0	7465379	2
1037798	0	7604812	2
1037798	0	7689060	2
1037798	0	7779667	2
1037798	0	7817007	4
1037798	0	7817011	5
1037798	0	7822415	5
1037798	0	793254	2
1037798	0	7961603	5
1037798	0	8199019	0
1037798	0	8199025	0
1037798	0	8208397	5
1037798	0	8223340	1
1037798	0	8346417	0
1037798	0	8417606	0
1037798	0	8417608	0
1037798	0	8537479	5
1037798	0	8760864	5
1037798	0	8760865	5
1037798	0	8760866	5
1037798	0	8760867	5
1037798	0	8760870	5
1037798	0	8760871	5
1037798	0	8760873	5
1037798	0	8766193	4
1037798	0	8780802	2
1037798	0	8780804	1
1037798	0	8780809	3
1037798	0	8780810	3
104861	0	1017092	2
104861	0	1046334	5
104861	0	1046339	4
104861	0	1058524	2
104861	0	1304632	1
104861	0	1424216	1
104861	0	1453718	0
104861	0	146170	3
104861	0	146171	4
104861	0	146172	4
104861	0	146174	2
104861	0	1567102	5
104861	0	1773805	4
104861	0	1773807	5
104861	0	1811410	2
104861	0	1948963	2
104861	0	2377050	4
104861	0	257138	0
104861	0	2611066	2
104861	0	2916631	4
104861	0	3329746	0
104861	0	3443173	5
104861	0	3443176	5
104861	0	3925933	2
104861	0	4017854	3
104861	0	4017855	1
104861	0	4017856	2
104861	0	4017858	2
104861	0	4230210	1
104861	0	4230213	0
104861	0	4350439	2
104861	0	454829	0
104861	0	459676	2
104861	0	505928	0
104861	0	5091798	0
104861	0	5138467	5
104861	0	5138468	2
104861	0	5138469	1
104861	0	5138471	5
104861	0	5138472	5
104861	0	5138473	5
104861	0	5138474	1
104861	0	5138476	5
104861	0	5150431	1
104861	0	5248340	4
104861	0	5248341	5
104861	0	5340891	1
104861	0	5394110	2
104861	0	5394112	1
104861	0	5483490	1
104861	0	5652262	4
104861	0	5652264	5
104861	0	5652266	2
104861	0	5667474	2
104861	0	5667475	3
104861	0	5688415	2
104861	0	5688416	4
104861	0	5688417	5
104861	0	5688418	2
104861	0	5688421	2
104861	0	5703400	1
104861	0	5703401	1
104861	0	5776561	0
104861	0	5801822	4
104861	0	5836442	2
104861	0	5864695	2
104861	0	599604	2
104861	0	6187055	4
104861	0	6187058	2
104861	0	6241793	1
104861	0	629270	2
104861	0	629273	3
104861	0	629274	5
104861	0	629276	5
104861	0	629277	2
104861	0	629278	5
104861	0	6467577	4
104861	0	6467578	5
104861	0	6467579	3
104861	0	6467580	5
104861	0	6467581	5
104861	0	6585554	2
104861	0	6653674	5
104861	0	6653675	2
104861	0	6653676	3
104861	0	6653677	4
104861	0	6653678	4
104861	0	6704672	5
104861	0	6904992	5
104861	0	7034375	1
104861	0	7302612	3
104861	0	8138536	1
104861	0	8260035	3
104861	0	8349574	4
104861	0	8482618	0
104861	0	8495099	1
104861	0	8546158	4
104861	0	8546160	2
104861	0	8546162	4
104861	0	863349	0
1063750	0	1074552	3
1063750	0	118643	5
1063750	0	143600	1
1063750	0	1580962	1
1063750	0	1580964	0
1063750	0	1866482	5
1063750	0	1866486	2
1063750	0	1922590	1
1063750	0	1923506	3
1063750	0	2230089	4
1063750	0	2230091	2
1063750	0	2230095	5
1063750	0	2470328	2
1063750	0	2569816	2
1063750	0	2768123	2
1063750	0	2787250	1
1063750	0	309313	3
1063750	0	3134992	1
1063750	0	3134994	1
1063750	0	3259884	5
1063750	0	3259889	2
1063750	0	3259891	5
1063750	0	3259892	4
1063750	0	330159	3
1063750	0	330165	4
1063750	0	3327047	4
1063750	0	3327049	5
1063750	0	3327050	0
1063750	0	3327053	2
1063750	0	3327054	2
1063750	0	340263	2
1063750	0	3654231	1
1063750	0	3654236	2
1063750	0	3973418	5
1063750	0	3973423	5
1063750	0	3994446	2
1063750	0	4158202	1
1063750	0	4158205	2
1063750	0	4182558	1
1063750	0	4337526	4
1063750	0	4337527	5
1063750	0	4337528	5
1063750	0	4337529	5
1063750	0	4337532	5
1063750	0	4487115	3
1063750	0	4542127	2
1063750	0	4559130	4
1063750	0	4718157	0
1063750	0	4718159	5
1063750	0	4718161	4
1063750	0	4788295	4
1063750	0	4795722	0
1063750	0	4802036	2
1063750	0	4834969	3
1063750	0	4834974	2
1063750	0	5062363	0
1063750	0	5237507	2
1063750	0	5256198	0
1063750	0	5360360	2
1063750	0	5423928	0
1063750	0	5423929	0
1063750	0	5423931	1
1063750	0	5442711	5
1063750	0	5590573	4
1063750	0	5590575	3
1063750	0	5590581	2
1063750	0	5956099	4
1063750	0	5956102	5
1063750	0	5956106	2
1063750	0	6127385	1
1063750	0	6127387	1
1063750	0	6127389	4
1063750	0	7247263	5
1063750	0	7247264	4
1063750	0	7571423	4
1063750	0	7571424	0
1063750	0	7571428	1
1063750	0	7778348	0
1063750	0	7778351	0
1063750	0	7778354	3
1063750	0	7837936	5
1063750	0	7837938	5
1063750	0	7952964	3
1063750	0	7952965	4
1063750	0	7952966	4
1063750	0	7952967	2
1063750	0	7952971	5
1063750	0	8183810	1
1063750	0	819283	2
1063750	0	819284	2
1063750	0	8239876	4
1063750	0	8239877	5
1063750	0	8384971	2
1063750	0	8384978	2
1063750	0	8418269	5
1063750	0	8640242	3
1063750	0	8821734	5
1063750	0	8821735	5
1063750	0	8821736	4
1063750	0	8821737	2
1103812	0	1214791	5
1103812	0	1294072	1
1103812	0	1659852	3
1103812	0	1881756	3
1103812	0	1991366	4
1103812	0	1996540	1
1103812	0	2093195	1
1103812	0	2108518	1
1103812	0	2137472	3
1103812	0	2156106	4
1103812	0	2156110	2
1103812	0	2226743	2
1103812	0	2586283	5
1103812	0	2602251	4
1103812	0	2703108	4
1103812	0	2703110	1
1103812	0	2703111	0
1103812	0	2703114	1
1103812	0	2720842	4
1103812	0	2920657	2
1103812	0	2920658	1
1103812	0	292717	5
1103812	0	292718	1
1103812	0	292719	1
1103812	0	292721	1
1103812	0	3591090	1
1103812	0	3591092	2
1103812	0	3591094	1
1103812	0	3672737	0
1103812	0	3672738	0
1103812	0	3672744	0
1103812	0	3789475	2
1103812	0	3843267	5
1103812	0	3843269	5
1103812	0	3843271	1
1103812	0	3870791	5
1103812	0	3940091	5
1103812	0	3964593	2
1103812	0	4044288	5
1103812	0	4044289	5
1103812	0	4044290	4
1103812	0	4059664	2
1103812	0	4241925	5
1103812	0	4241929	5
1103812	0	4292848	4
1103812	0	4322056	2
1103812	0	4322057	3
1103812	0	4322058	5
1103812	0	4469205	0
1103812	0	4566582	0
1103812	0	4824831	1
1103812	0	4937953	5
1103812	0	5116383	3
1103812	0	5156597	2
1103812	0	5175448	1
1103812	0	5372063	2
1103812	0	5416250	3
1103812	0	5757954	4
1103812	0	5974245	3
1103812	0	5976811	2
1103812	0	6103245	2
1103812	0	6128049	5
1103812	0	6230372	4
1103812	0	6254481	0
1103812	0	6294457	2
1103812	0	6569474	2
1103812	0	6604321	3
1103812	0	6627381	5
1103812	0	6842213	4
1103812	0	6924733	2
1103812	0	7242599	4
1103812	0	7246728	2
1103812	0	7259761	2
1103812	0	7280664	1
1103812	0	7280672	4
1103812	0	737449	1
1103812	0	737450	3
1103812	0	737451	4
1103812	0	737454	5
1103812	0	7430769	0
1103812	0	7430771	2
1103812	0	7491609	5
1103812	0	7729484	1
1103812	0	7873020	0
1103812	0	8157968	2
1103812	0	8205165	2
1103812	0	8220081	5
1103812	0	8220085	5
1103812	0	8220086	5
1103812	0	8220087	5
1103812	0	8220089	5
1103812	0	8224175	4
1103812	0	8224177	1
1103812	0	8224183	4
1103812	0	8293805	2
1103812	0	865879	5
1103812	0	8755009	3
1103812	0	896505	5
1103812	0	955560	0
1103812	0	961775	5
1106007	0	1294320	0
1106007	0	1334328	5
1106007	0	1334330	5
1106007	0	1334331	5
1106007	0	1334332	2
1106007	0	1334334	5
1106007	0	1334335	5
1106007	0	1334336	5
1106007	0	1560243	3
1106007	0	2186171	2
1106007	0	2317280	1
1106007	0	2464373	1
1106007	0	2464374	3
1106007	0	2464375	5
1106007	0	2464376	2
1106007	0	2464377	0
1106007	0	2464378	0
1106007	0	2464379	1
1106007	0	2464382	0
1106007	0	2513606	2
1106007	0	2513608	1
1106007	0	2513609	1
1106007	0	2603424	1
1106007	0	2621976	1
1106007	0	2672601	5
1106007	0	2672608	5
1106007	0	2777111	4
1106007	0	2798876	3
1106007	0	2866627	4
1106007	0	2866633	2
1106007	0	2960558	5
1106007	0	2960561	5
1106007	0	2960563	5
1106007	0	2960564	4
1106007	0	2960566	5
1106007	0	3184240	4
1106007	0	3530025	2
1106007	0	3537611	2
1106007	0	3567188	4
1106007	0	3759894	2
1106007	0	4004166	3
1106007	0	4004169	2
1106007	0	4004170	4
1106007	0	4004173	4
1106007	0	4089153	0
1106007	0	4102293	2
1106007	0	4114225	0
1106007	0	4173709	5
1106007	0	4173712	5
1106007	0	4382098	1
1106007	0	4382102	2
1106007	0	4382105	0
1106007	0	4781863	2
1106007	0	4781867	1
1106007	0	4794671	4
1106007	0	5174765	3
1106007	0	5204536	2
1106007	0	5204538	4
1106007	0	5204544	4
1106007	0	5279699	1
1106007	0	5279702	0
1106007	0	5279704	1
1106007	0	5774817	1
1106007	0	5774818	5
1106007	0	5780388	5
1106007	0	5836920	2
1106007	0	5993698	1
1106007	0	6126197	3
1106007	0	6182968	2
1106007	0	6209484	2
1106007	0	6282108	4
1106007	0	6282110	2
1106007	0	6303269	2
1106007	0	6963994	2
1106007	0	7343428	0
1106007	0	746358	5
1106007	0	7685380	5
1106007	0	7685382	4
1106007	0	7685383	4
1106007	0	7685384	4
1106007	0	7685385	5
1106007	0	7685386	4
1106007	0	7685387	2
1106007	0	7685388	5
1106007	0	7726655	4
1106007	0	7978149	0
1106007	0	8141084	2
1106007	0	8141089	3
1106007	0	8199521	5
1106007	0	8204457	5
1106007	0	8204463	2
1106007	0	8204464	3
1106007	0	8214505	3
1106007	0	8521668	3
1106007	0	8521673	5
1106007	0	8521674	1
1106007	0	899461	1
1106007	0	899465	2
1106007	0	899467	2
1106007	0	899468	2
1110199	0	100114	1
1110199	0	1144987	4
1110199	0	1592475	2
1110199	0	1592477	3
1110199	0	1778454	2
1110199	0	1809286	0
1110199	0	1901876	5
1110199	0	1901877	5
1110199	0	1901878	5
1110199	0	1901879	5
1110199	0	1901881	5
1110199	0	1901882	5
1110199	0	2094434	2
1110199	0	227145	0
1110199	0	2301115	4
1110199	0	2316525	2
1110199	0	239444	5
1110199	0	2474406	3
1110199	0	2621289	0
1110199	0	2649042	2
1110199	0	2655848	4
1110199	0	2655849	5
1110199	0	2657991	1
1110199	0	2796204	4
1110199	0	2854608	3
1110199	0	291162	0
1110199	0	2923633	2
1110199	0	3226995	2
1110199	0	3238116	2
1110199	0	3270582	1
1110199	0	3270584	2
1110199	0	328010	1
1110199	0	3515650	4
1110199	0	362174	2
1110199	0	3647394	5
1110199	0	3838638	5
1110199	0	3838645	5
1110199	0	3865139	2
1110199	0	3865142	0
1110199	0	4027239	2
1110199	0	4057232	5
1110199	0	421	2
1110199	0	4489656	4
1110199	0	4504233	5
1110199	0	4511137	5
1110199	0	4511144	5
1110199	0	4674430	3
1110199	0	4800726	2
1110199	0	4800728	1
1110199	0	4800731	2
1110199	0	4800732	2
1110199	0	5049363	5
1110199	0	5060491	2
1110199	0	5074861	2
1110199	0	5387204	2
1110199	0	5479	4
1110199	0	5516092	4
1110199	0	5641717	3
1110199	0	5641718	3
1110199	0	5857919	2
1110199	0	5857920	2
1110199	0	5857921	5
1110199	0	5857924	1
1110199	0	5857925	1
1110199	0	6056861	1
1110199	0	618109	4
1110199	0	6368891	5
1110199	0	6392463	5
1110199	0	6392469	5
1110199	0	6573362	3
1110199	0	6594555	1
1110199	0	6734090	0
1110199	0	68578	2
1110199	0	6993901	2
1110199	0	712229	4
1110199	0	7221487	1
1110199	0	7221489	4
1110199	0	7344200	0
1110199	0	7362622	1
1110199	0	7439380	1
1110199	0	7842393	0
1110199	0	8157172	2
1110199	0	8157174	1
1110199	0	8160518	5
1110199	0	8160519	5
1110199	0	8160520	5
1110199	0	8160521	5
1110199	0	8160523	2
1110199	0	8160524	2
1110199	0	8160526	4
1110199	0	8160527	5
1110199	0	830201	3
1110199	0	8404306	4
1110199	0	8404307	4
1110199	0	847931	0
1110199	0	863984	1
1110199	0	863987	0
1110199	0	955120	3
1110199	0	975292	0
1110199	0	986780	4
1112341	0	1228459	3
1112341	0	1373648	1
1112341	0	1373651	1
1112341	0	2095995	0
1112341	0	2095998	0
1112341	0	2173822	2
1112341	0	2253155	5
1112341	0	2386656	5
1112341	0	2468298	4
1112341	0	2596431	1
1112341	0	2596432	0
1112341	0	2663365	2
1112341	0	2694630	4
1112341	0	2694631	2
1112341	0	2694632	4
1112341	0	2694633	2
1112341	0	2694635	2
1112341	0	2694636	4
1112341	0	2694637	5
1112341	0	2694638	0
1112341	0	2735215	3
1112341	0	2735219	2
1112341	0	2841738	0
1112341	0	3252208	3
1112341	0	3274664	1
1112341	0	3274669	0
1112341	0	3291145	3
1112341	0	3291146	2
1112341	0	3291148	5
1112341	0	3291151	3
1112341	0	3352255	5
1112341	0	3524227	4
1112341	0	3795887	4
1112341	0	3795896	3
1112341	0	3922197	4
1112341	0	4022846	5
1112341	0	4022849	5
1112341	0	4390804	2
1112341	0	4416075	1
1112341	0	4561900	1
1112341	0	478773	2
1112341	0	4977768	1
1112341	0	5043407	1
1112341	0	5043413	0
1112341	0	508019	1
1112341	0	5133283	3
1112341	0	5133287	4
1112341	0	524251	2
1112341	0	550571	1
1112341	0	6164791	5
1112341	0	6311794	1
1112341	0	6311795	5
1112341	0	6311799	4
1112341	0	6311801	4
1112341	0	6342847	5
1112341	0	6459590	5
1112341	0	6459592	0
1112341	0	6681382	2
1112341	0	6681384	2
1112341	0	6681385	1
1112341	0	6726337	3
1112341	0	6726338	5
1112341	0	6726340	5
1112341	0	6726342	5
1112341	0	6726344	5
1112341	0	6726346	0
1112341	0	6903063	5
1112341	0	6947368	0
1112341	0	7079776	5
1112341	0	7088037	0
1112341	0	7194370	4
1112341	0	7194371	3
1112341	0	7194372	4
1112341	0	7194374	4
1112341	0	7492851	1
1112341	0	7615749	4
1112341	0	7615752	2
1112341	0	7708623	2
1112341	0	7708629	0
1112341	0	7880073	3
1112341	0	8134792	3
1112341	0	8134796	2
1112341	0	8139253	5
1112341	0	8139255	5
1112341	0	8139256	5
1112341	0	8139257	5
1112341	0	8139258	5
1112341	0	8326587	5
1112341	0	8326588	2
1112341	0	8337125	5
1112341	0	8337129	5
1112341	0	8442174	2
1112341	0	8442176	2
1112341	0	8442177	1
1112341	0	8442178	1
1112341	0	8442180	2
1112341	0	8474289	2
1112341	0	8606160	2
1112341	0	8606161	2
1112341	0	875123	2
1113437	0	1066538	3
1113437	0	1280244	2
1113437	0	1280568	5
1113437	0	1280569	1
1113437	0	1280570	3
1113437	0	1454814	3
1113437	0	1768727	3
1113437	0	1768729	0
1113437	0	1896939	2
1113437	0	1896943	5
1113437	0	2001933	4
1113437	0	2001934	3
1113437	0	2226349	5
1113437	0	2305870	1
1113437	0	2354940	2
1113437	0	2354941	2
1113437	0	2354947	5
1113437	0	2595623	2
1113437	0	2595628	0
1113437	0	2884191	4
1113437	0	3026984	2
1113437	0	3089474	1
1113437	0	3125154	5
1113437	0	3880944	3
1113437	0	4016930	2
1113437	0	4016933	2
1113437	0	4016934	2
1113437	0	4016937	2
1113437	0	4016939	1
1113437	0	4064657	1
1113437	0	4216336	2
1113437	0	4367832	5
1113437	0	4473156	4
1113437	0	4473157	5
1113437	0	4498867	3
1113437	0	4751835	5
1113437	0	4751837	5
1113437	0	4751839	1
1113437	0	5188745	0
1113437	0	5188746	0
1113437	0	5188747	2
1113437	0	5188751	2
1113437	0	5346399	2
1113437	0	5346404	4
1113437	0	5362609	2
1113437	0	5514586	5
1113437	0	5514589	2
1113437	0	5546288	5
1113437	0	555333	3
1113437	0	555340	3
1113437	0	5781997	3
1113437	0	5938418	1
1113437	0	5938420	4
1113437	0	5938421	1
1113437	0	5938425	5
1113437	0	5938426	3
1113437	0	5996691	5
1113437	0	5996693	2
1113437	0	6017938	2
1113437	0	6017945	0
1113437	0	6021902	5
1113437	0	6174328	5
1113437	0	631949	5
1113437	0	6455610	3
1113437	0	6593841	2
1113437	0	6593842	3
1113437	0	6593846	4
1113437	0	6597538	0
1113437	0	6688843	4
1113437	0	6688848	1
1113437	0	7377270	5
1113437	0	7377271	2
1113437	0	7377275	0
1113437	0	7385215	0
1113437	0	7385217	1
1113437	0	7385219	1
1113437	0	7385221	4
1113437	0	7385222	5
1113437	0	742037	5
1113437	0	742040	5
1113437	0	742042	2
1113437	0	742044	5
1113437	0	742045	2
1113437	0	7497495	3
1113437	0	7890527	1
1113437	0	8128790	3
1113437	0	8128793	2
1113437	0	8128794	4
1113437	0	8128795	3
1113437	0	8128799	2
1113437	0	8162984	1
1113437	0	8503447	0
1113437	0	8503450	1
1113437	0	8503451	0
1113437	0	8503453	2
1113437	0	8503455	1
1113437	0	8729212	5
1113437	0	8729216	5
1113437	0	8729218	5
1113437	0	8729219	5
1114646	0	1029800	0
1114646	0	1092561	2
1114646	0	1262730	2
1114646	0	1262731	3
1114646	0	1304419	4
1114646	0	1304420	3
1114646	0	1566448	4
1114646	0	1612682	3
1114646	0	1713625	2
1114646	0	1834998	0
1114646	0	1964991	0
1114646	0	2022387	2
1114646	0	2180675	2
1114646	0	2180676	2
1114646	0	2180679	2
1114646	0	2180680	2
1114646	0	2180681	3
1114646	0	2180682	4
1114646	0	218636	0
1114646	0	2245935	5
1114646	0	2475349	0
1114646	0	2475352	0
1114646	0	2524143	3
1114646	0	2647994	5
1114646	0	266552	5
1114646	0	2689906	0
1114646	0	2695583	1
1114646	0	2695584	2
1114646	0	2911035	5
1114646	0	2911040	5
1114646	0	2920691	1
1114646	0	2920692	4
1114646	0	2931846	4
1114646	0	2931848	5
1114646	0	3036935	4
1114646	0	3044326	4
1114646	0	3234628	1
1114646	0	355643	4
1114646	0	3862734	2
1114646	0	3928491	2
1114646	0	3942330	4
1114646	0	3988011	2
1114646	0	4031078	2
1114646	0	4298437	2
1114646	0	444374	5
1114646	0	444375	5
1114646	0	444380	5
1114646	0	4553944	1
1114646	0	4694680	2
1114646	0	4694682	3
1114646	0	4694686	2
1114646	0	4695602	0
1114646	0	4695603	0
1114646	0	4969104	4
1114646	0	501560	2
1114646	0	5133385	3
1114646	0	5139287	2
1114646	0	5140466	3
1114646	0	5279567	5
1114646	0	5640856	5
1114646	0	5640859	5
1114646	0	5746856	1
1114646	0	5775469	4
1114646	0	5911409	2
1114646	0	5948732	0
1114646	0	6034385	0
1114646	0	6124144	1
1114646	0	6124145	2
1114646	0	6378933	3
1114646	0	6378941	2
1114646	0	6644245	1
1114646	0	6704400	5
1114646	0	6704401	5
1114646	0	6722658	2
1114646	0	6764330	0
1114646	0	7037697	0
1114646	0	7098750	0
1114646	0	7166314	2
1114646	0	7234440	4
1114646	0	7403628	3
1114646	0	7531387	0
1114646	0	7531391	2
1114646	0	7675374	4
1114646	0	7675379	4
1114646	0	7948885	1
1114646	0	8117087	5
1114646	0	8117089	5
1114646	0	8117090	5
1114646	0	8117091	5
1114646	0	8117094	5
1114646	0	8117096	5
1114646	0	8212098	1
1114646	0	831444	5
1114646	0	8329774	5
1114646	0	843464	0
1114646	0	857788	5
1114646	0	8662669	2
1114646	0	8665820	5
1114646	0	8736509	4
1114646	0	966296	1
1114819	0	1009500	2
1114819	0	1248112	2
1114819	0	1302004	5
1114819	0	1302007	5
1114819	0	1315993	5
1114819	0	1315994	5
1114819	0	1315996	5
1114819	0	1315998	4
1114819	0	1419798	2
1114819	0	1419801	1
1114819	0	1625836	5
1114819	0	1724520	4
1114819	0	1724521	5
1114819	0	1724525	5
1114819	0	1724526	0
1114819	0	1724528	2
1114819	0	1735443	2
1114819	0	1738242	5
1114819	0	1738250	5
1114819	0	1816958	0
1114819	0	1852066	1
1114819	0	2212059	4
1114819	0	2477692	2
1114819	0	255279	1
1114819	0	2590451	1
1114819	0	2590453	1
1114819	0	2590454	2
1114819	0	2590455	2
1114819	0	2831393	0
1114819	0	344350	5
1114819	0	344351	4
1114819	0	3484458	3
1114819	0	3781418	3
1114819	0	3781419	2
1114819	0	3906952	3
1114819	0	3906954	5
1114819	0	3906959	3
1114819	0	4890560	4
1114819	0	5019832	4
1114819	0	5019839	5
1114819	0	5156171	0
1114819	0	5165249	3
1114819	0	534362	4
1114819	0	5521371	5
1114819	0	5521373	4
1114819	0	5628950	0
1114819	0	5628952	4
1114819	0	5718417	1
1114819	0	6202321	1
1114819	0	6564169	2
1114819	0	6900766	5
1114819	0	6900767	2
1114819	0	6900769	1
1114819	0	6900773	2
1114819	0	6900774	5
1114819	0	6941478	4
1114819	0	694735	1
1114819	0	694737	2
1114819	0	7132894	1
1114819	0	750446	0
1114819	0	7588045	4
1114819	0	7803429	1
1114819	0	7803435	3
1114819	0	785027	3
1114819	0	785028	2
1114819	0	8022276	5
1114819	0	8022279	1
1114819	0	8022280	4
1114819	0	8024890	5
1114819	0	8027206	2
1114819	0	8027210	3
1114819	0	8088109	1
1114819	0	8088111	1
1114819	0	8096817	3
1114819	0	8096824	2
1114819	0	8115435	2
1114819	0	8115439	2
1114819	0	8115440	2
1114819	0	8115700	0
1114819	0	8115705	0
1114819	0	8336225	2
1114819	0	8336229	5
1114819	0	8336230	4
1114819	0	8336232	2
1114819	0	8480574	2
1114819	0	8508255	2
1114819	0	8508259	2
1114819	0	8508263	4
1114819	0	8579830	0
1114819	0	8579832	0
1114819	0	8625086	5
1114819	0	8736056	2
1114819	0	8754397	5
1114819	0	8754398	5
1114819	0	8754404	1
1114819	0	8768742	5
1114819	0	988370	5
1114819	0	988373	3
1114819	0	988376	5
1114819	0	988378	2
1115776	0	1014595	0
1115776	0	1031044	1
1115776	0	1036904	5
1115776	0	1059921	0
1115776	0	1068769	1
1115776	0	1134851	1
1115776	0	1143727	1
1115776	0	1282792	2
1115776	0	1286495	4
1115776	0	1397089	3
1115776	0	1402571	0
1115776	0	1461944	2
1115776	0	1551024	3
1115776	0	1593001	4
1115776	0	1593006	4
1115776	0	1729572	4
1115776	0	1729576	4
1115776	0	1758373	3
1115776	0	1864868	2
1115776	0	1966458	1
1115776	0	2120345	0
1115776	0	2210164	2
1115776	0	2236540	0
1115776	0	2514462	3
1115776	0	2579216	2
1115776	0	2579218	2
1115776	0	2813898	2
1115776	0	2813901	2
1115776	0	2837985	1
1115776	0	3469357	5
1115776	0	3564568	0
1115776	0	3607500	1
1115776	0	3641822	2
1115776	0	3797905	1
1115776	0	3923601	2
1115776	0	4059004	3
1115776	0	4131485	5
1115776	0	4298199	2
1115776	0	4314169	5
1115776	0	4314170	5
1115776	0	4314171	5
1115776	0	4314173	5
1115776	0	4314174	5
1115776	0	4314175	5
1115776	0	4314176	5
1115776	0	455489	4
1115776	0	4689931	3
1115776	0	4745971	5
1115776	0	4981720	4
1115776	0	5022043	0
1115776	0	5124440	0
1115776	0	5599687	4
1115776	0	5599692	5
1115776	0	5752822	3
1115776	0	577820	1
1115776	0	5900625	5
1115776	0	6037179	4
1115776	0	6044207	0
1115776	0	6150628	4
1115776	0	622467	2
1115776	0	6247337	2
1115776	0	6316241	4
1115776	0	642039	1
1115776	0	6648060	1
1115776	0	6705802	1
1115776	0	6705804	2
1115776	0	6705805	2
1115776	0	6705806	2
1115776	0	6705807	2
1115776	0	6705808	1
1115776	0	6705811	1
1115776	0	6935971	0
1115776	0	6973128	2
1115776	0	6989198	5
1115776	0	707643	4
1115776	0	7129170	4
1115776	0	7129179	5
1115776	0	7171247	3
1115776	0	729789	2
1115776	0	7462690	1
1115776	0	7693347	3
1115776	0	7779192	2
1115776	0	790229	2
1115776	0	790232	2
1115776	0	8106317	5
1115776	0	8106318	4
1115776	0	8106320	5
1115776	0	8106321	5
1115776	0	8106322	4
1115776	0	8106323	5
1115776	0	8106324	5
1115776	0	8177309	2
1115776	0	830976	0
1115776	0	8357383	5
1115776	0	8495250	5
1115776	0	8495256	5
1115776	0	8621772	4
1115776	0	8673352	5
1115776	0	8757348	2
1115776	0	900809	3
1117099	0	1000103	0
1117099	0	1042612	1
1117099	0	1123494	2
1117099	0	1123496	4
1117099	0	1250347	1
1117099	0	1252737	2
1117099	0	1389420	5
1117099	0	1445087	1
1117099	0	1542026	2
1117099	0	1798612	5
1117099	0	1798620	5
1117099	0	189601	2
1117099	0	2109695	2
1117099	0	2113599	1
1117099	0	2620701	2
1117099	0	3097070	0
1117099	0	3104260	2
1117099	0	3104266	2
1117099	0	3108942	1
1117099	0	3128109	2
1117099	0	334615	4
1117099	0	3349609	0
1117099	0	3349612	5
1117099	0	3522902	2
1117099	0	3543106	5
1117099	0	3633442	1
1117099	0	3921953	2
1117099	0	4016466	0
1117099	0	4441325	5
1117099	0	4458506	0
1117099	0	4458507	0
1117099	0	4458509	5
1117099	0	4458510	4
1117099	0	4458512	5
1117099	0	4528327	1
1117099	0	4698220	0
1117099	0	4815809	0
1117099	0	484696	0
1117099	0	5020963	1
1117099	0	514314	2
1117099	0	5258462	4
1117099	0	5278136	1
1117099	0	5286535	5
1117099	0	5286538	5
1117099	0	5286539	5
1117099	0	5354862	1
1117099	0	5699286	4
1117099	0	5752877	3
1117099	0	5874017	2
1117099	0	5950908	2
1117099	0	5978474	3
1117099	0	5979211	3
1117099	0	6122720	5
1117099	0	6122721	5
1117099	0	6122722	5
1117099	0	6122723	5
1117099	0	6122724	5
1117099	0	6178371	3
1117099	0	6398915	2
1117099	0	6411781	3
1117099	0	6411786	2
1117099	0	6534818	5
1117099	0	6776508	2
1117099	0	6832520	1
1117099	0	6858988	2
1117099	0	6912420	2
1117099	0	6917898	1
1117099	0	6940549	2
1117099	0	6940550	4
1117099	0	6940552	2
1117099	0	6940553	3
1117099	0	6940555	3
1117099	0	6940556	4
1117099	0	6940557	2
1117099	0	6940558	2
1117099	0	6993942	4
1117099	0	700498	3
1117099	0	714808	5
1117099	0	7163733	2
1117099	0	7261488	0
1117099	0	7313639	1
1117099	0	7313643	1
1117099	0	7514071	1
1117099	0	7514072	2
1117099	0	7610604	4
1117099	0	8019446	4
1117099	0	8072929	2
1117099	0	8093927	4
1117099	0	8093931	5
1117099	0	8093932	5
1117099	0	8093934	5
1117099	0	809963	3
1117099	0	8144478	3
1117099	0	8446501	5
1117099	0	8446502	4
1117099	0	8446504	4
1117099	0	8446505	5
1117099	0	8446506	4
1117099	0	8714082	5
1117099	0	8838111	5
1121402	0	100212	2
1121402	0	1111229	0
1121402	0	1249682	1
1121402	0	1249685	1
1121402	0	1249687	2
1121402	0	1249689	3
1121402	0	1275439	1
1121402	0	1323047	4
1121402	0	1323048	4
1121402	0	1429447	2
1121402	0	1508436	2
1121402	0	182364	4
1121402	0	182365	4
1121402	0	182366	5
1121402	0	182367	5
1121402	0	182368	5
1121402	0	182369	5
1121402	0	182370	2
1121402	0	182371	5
1121402	0	182372	5
1121402	0	182373	2
1121402	0	18281	1
1121402	0	188209	5
1121402	0	188210	5
1121402	0	188211	4
1121402	0	188213	5
1121402	0	188214	4
1121402	0	188215	4
1121402	0	188216	3
1121402	0	188217	4
1121402	0	188218	3
1121402	0	1902388	5
1121402	0	1902392	1
1121402	0	2042119	2
1121402	0	2191941	2
1121402	0	2516420	2
1121402	0	2664284	0
1121402	0	2681041	2
1121402	0	2681045	4
1121402	0	2681048	2
1121402	0	2765629	0
1121402	0	2914522	2
1121402	0	2938358	1
1121402	0	2938359	1
1121402	0	3368448	2
1121402	0	3412904	2
1121402	0	3412909	3
1121402	0	3511789	5
1121402	0	3511795	1
1121402	0	3674187	4
1121402	0	3691381	0
1121402	0	3785307	3
1121402	0	3785308	5
1121402	0	3785309	3
1121402	0	3785310	4
1121402	0	4140833	3
1121402	0	43770	2
1121402	0	4620823	2
1121402	0	465105	1
1121402	0	4671455	0
1121402	0	4797699	2
1121402	0	4893520	0
1121402	0	5189911	2
1121402	0	5189913	5
1121402	0	5662146	1
1121402	0	5662147	2
1121402	0	5662150	0
1121402	0	5894958	0
1121402	0	6001847	4
1121402	0	63087	0
1121402	0	6319745	1
1121402	0	6873412	1
1121402	0	7125978	3
1121402	0	7125980	5
1121402	0	7125981	5
1121402	0	7125982	4
1121402	0	7125983	5
1121402	0	7125985	4
1121402	0	7125987	5
1121402	0	7134098	4
1121402	0	7142994	5
1121402	0	7196397	2
1121402	0	7489485	3
1121402	0	7489486	2
1121402	0	7489487	2
1121402	0	7489488	2
1121402	0	7775354	1
1121402	0	8052617	5
1121402	0	8052619	5
1121402	0	8052620	5
1121402	0	8052621	5
1121402	0	8052622	5
1121402	0	8052623	5
1121402	0	8052624	5
1121402	0	8102106	2
1121402	0	8356941	0
1121402	0	8376430	1
1121402	0	8469784	1
1121402	0	879274	2
1121402	0	8836130	2
1121709	0	1578771	0
1121709	0	1752809	4
1121709	0	1752813	4
1121709	0	1764269	2
1121709	0	1764270	2
1121709	0	1764272	1
1121709	0	1767105	2
1121709	0	181615	4
1121709	0	2046428	1
1121709	0	2046431	1
1121709	0	2046433	1
1121709	0	2051808	5
1121709	0	2051809	4
1121709	0	2051813	5
1121709	0	210479	2
1121709	0	2133181	4
1121709	0	2133183	2
1121709	0	2422660	2
1121709	0	2422665	3
1121709	0	2422667	2
1121709	0	2486852	0
1121709	0	2703197	2
1121709	0	2703203	3
1121709	0	2706640	5
1121709	0	2706644	5
1121709	0	2706645	5
1121709	0	2706646	5
1121709	0	3059199	1
1121709	0	3115495	0
1121709	0	3124096	4
1121709	0	3151648	2
1121709	0	3158259	3
1121709	0	3165925	4
1121709	0	3312963	2
1121709	0	3423059	5
1121709	0	3423061	5
1121709	0	3423062	5
1121709	0	3423063	5
1121709	0	3423064	5
1121709	0	3423065	5
1121709	0	3423067	5
1121709	0	3451595	2
1121709	0	3465619	2
1121709	0	3469590	2
1121709	0	356326	2
1121709	0	3632519	2
1121709	0	3762335	4
1121709	0	3823024	2
1121709	0	3968031	1
1121709	0	4089247	0
1121709	0	4135691	5
1121709	0	4153489	4
1121709	0	4556902	5
1121709	0	4566164	2
1121709	0	4566169	4
1121709	0	487598	4
1121709	0	4928895	1
1121709	0	5027050	1
1121709	0	555963	2
1121709	0	555965	2
1121709	0	555970	0
1121709	0	5614874	2
1121709	0	5707731	3
1121709	0	5716707	1
1121709	0	5716708	1
1121709	0	5963606	1
1121709	0	6115793	1
1121709	0	6166394	2
1121709	0	6216040	3
1121709	0	626887	0
1121709	0	6381007	1
1121709	0	6850861	2
1121709	0	696351	2
1121709	0	700135	5
1121709	0	7339512	0
1121709	0	7460019	2
1121709	0	7465195	3
1121709	0	788051	0
1121709	0	8024810	4
1121709	0	8024811	2
1121709	0	8024819	1
1121709	0	8049577	5
1121709	0	8049578	5
1121709	0	8049580	5
1121709	0	8049582	5
1121709	0	8049583	5
1121709	0	8049584	5
1121709	0	8049585	5
1121709	0	8049586	5
1121709	0	8114448	4
1121709	0	8297863	0
1121709	0	8535271	0
1121709	0	8558420	3
1121709	0	8610864	1
1121709	0	8614743	4
1121709	0	8668847	4
1121709	0	8668848	3
1121709	0	8776540	3
1121709	0	8800882	1
1121709	0	918204	5
1124210	0	1027213	0
1124210	0	1120858	5
1124210	0	1194689	1
1124210	0	1251133	3
1124210	0	1251135	1
1124210	0	1362721	5
1124210	0	1383615	1
1124210	0	1383617	1
1124210	0	1383624	4
1124210	0	1702008	1
1124210	0	1702010	4
1124210	0	181177	5
1124210	0	2089544	5
1124210	0	2199998	2
1124210	0	2220482	2
1124210	0	2258591	5
1124210	0	2258592	5
1124210	0	2258596	5
1124210	0	2303834	0
1124210	0	2303836	1
1124210	0	2632281	2
1124210	0	2632288	4
1124210	0	2728448	5
1124210	0	273573	0
1124210	0	2754117	4
1124210	0	2895509	2
1124210	0	3031380	2
1124210	0	3046380	5
1124210	0	3057000	1
1124210	0	3152177	0
1124210	0	3426722	0
1124210	0	3446170	5
1124210	0	3520550	1
1124210	0	3520551	2
1124210	0	3520553	4
1124210	0	3546600	4
1124210	0	3573857	5
1124210	0	3607859	2
1124210	0	3680798	1
1124210	0	3680799	2
1124210	0	3680801	3
1124210	0	3680802	4
1124210	0	3680805	2
1124210	0	371351	3
1124210	0	371352	4
1124210	0	371357	2
1124210	0	3722759	4
1124210	0	3750818	3
1124210	0	3750819	1
1124210	0	3750823	1
1124210	0	3937735	2
1124210	0	4057442	2
1124210	0	4074146	3
1124210	0	4074152	2
1124210	0	4425464	2
1124210	0	4706417	5
1124210	0	4794725	3
1124210	0	4794729	4
1124210	0	4840515	2
1124210	0	4957842	3
1124210	0	4958356	4
1124210	0	4958358	3
1124210	0	502337	4
1124210	0	5056100	5
1124210	0	5056103	5
1124210	0	5281846	1
1124210	0	5281849	1
1124210	0	5366912	2
1124210	0	546154	4
1124210	0	546158	1
1124210	0	555792	5
1124210	0	5681258	1
1124210	0	5938409	2
1124210	0	5940130	0
1124210	0	6186845	0
1124210	0	6263923	5
1124210	0	6263926	0
1124210	0	6363262	2
1124210	0	6704887	2
1124210	0	6896369	2
1124210	0	6896372	4
1124210	0	6992534	2
1124210	0	6992537	0
1124210	0	7205923	0
1124210	0	7208694	5
1124210	0	7234570	2
1124210	0	7278459	4
1124210	0	7278463	3
1124210	0	7443586	5
1124210	0	7566672	2
1124210	0	7566675	4
1124210	0	7581155	5
1124210	0	7746535	3
1124210	0	7756779	1
1124210	0	7756780	1
1124210	0	7756781	4
1124210	0	7835796	5
1124210	0	7851118	1
1124210	0	8026737	5
1124210	0	829948	4
1129237	0	1020793	2
1129237	0	1080294	3
1129237	0	1128332	0
1129237	0	1160807	4
1129237	0	120308	2
1129237	0	120313	1
1129237	0	120314	2
1129237	0	120315	2
1129237	0	128982	5
1129237	0	128984	5
1129237	0	128986	2
1129237	0	128989	5
1129237	0	1460453	1
1129237	0	1549858	1
1129237	0	1768895	1
1129237	0	1770027	5
1129237	0	1857133	3
1129237	0	2152821	5
1129237	0	2189983	0
1129237	0	2189992	2
1129237	0	2580204	2
1129237	0	2696926	5
1129237	0	2697746	5
1129237	0	2697752	5
1129237	0	275594	0
1129237	0	2972916	4
1129237	0	3016192	2
1129237	0	302210	3
1129237	0	305086	0
1129237	0	3195674	1
1129237	0	3227129	2
1129237	0	3352740	3
1129237	0	3641168	3
1129237	0	3683096	4
1129237	0	3905055	4
1129237	0	3905057	5
1129237	0	3905799	5
1129237	0	3905800	2
1129237	0	3905802	5
1129237	0	3905804	2
1129237	0	4066969	2
1129237	0	4141004	0
1129237	0	4141005	2
1129237	0	4141009	2
1129237	0	4141012	5
1129237	0	4254811	5
1129237	0	4254815	5
1129237	0	4254816	5
1129237	0	4509081	1
1129237	0	461835	3
1129237	0	4801130	2
1129237	0	4904403	2
1129237	0	4904405	1
1129237	0	4915547	2
1129237	0	5619502	4
1129237	0	5831781	4
1129237	0	5831788	5
1129237	0	5906130	5
1129237	0	5906134	2
1129237	0	5916672	2
1129237	0	6063090	2
1129237	0	6080452	2
1129237	0	6080460	5
1129237	0	6080461	1
1129237	0	6122985	0
1129237	0	6172874	0
1129237	0	6285414	1
1129237	0	6343520	4
1129237	0	6343521	4
1129237	0	6343523	2
1129237	0	6366866	3
1129237	0	6575090	1
1129237	0	6640165	4
1129237	0	6718101	1
1129237	0	6903787	3
1129237	0	6956014	4
1129237	0	7049948	2
1129237	0	7049951	1
1129237	0	7050921	3
1129237	0	710733	4
1129237	0	7397082	3
1129237	0	767820	0
1129237	0	7911557	5
1129237	0	8093065	1
1129237	0	8093067	2
1129237	0	8165055	2
1129237	0	8217253	4
1129237	0	824966	1
1129237	0	8373739	0
1129237	0	8431281	0
1129237	0	8450766	5
1129237	0	8469255	1
1129237	0	8588219	5
1129237	0	8588222	4
1129237	0	8588223	4
1129237	0	8588226	5
1129237	0	8588227	4
1129237	0	8682824	5
1129237	0	998748	5
1129237	0	998751	5
1133167	0	1379370	3
1133167	0	1824479	4
1133167	0	1824480	5
1133167	0	1824481	2
1133167	0	1824483	3
1133167	0	1824484	3
1133167	0	1824485	5
1133167	0	1824486	4
1133167	0	1824487	2
1133167	0	1824488	5
1133167	0	1883272	5
1133167	0	1883273	5
1133167	0	1883276	1
1133167	0	1883280	2
1133167	0	1883281	1
1133167	0	190802	3
1133167	0	190803	5
1133167	0	190804	5
1133167	0	190805	2
1133167	0	190806	5
1133167	0	190809	2
1133167	0	190810	1
1133167	0	190811	2
1133167	0	2010281	0
1133167	0	2276678	5
1133167	0	2613291	2
1133167	0	2613296	4
1133167	0	3023120	3
1133167	0	3023123	3
1133167	0	3074598	4
1133167	0	3074599	5
1133167	0	3355083	2
1133167	0	3391439	3
1133167	0	3421898	0
1133167	0	3421899	2
1133167	0	3421900	1
1133167	0	3421906	0
1133167	0	3953805	1
1133167	0	434119	4
1133167	0	434120	5
1133167	0	434121	5
1133167	0	434123	2
1133167	0	434125	5
1133167	0	4443370	2
1133167	0	4443375	1
1133167	0	4498474	4
1133167	0	4498476	5
1133167	0	4498477	2
1133167	0	4498479	4
1133167	0	4550240	5
1133167	0	4550243	0
1133167	0	4550244	5
1133167	0	4712279	1
1133167	0	4922619	5
1133167	0	4926197	5
1133167	0	4926204	1
1133167	0	4973626	5
1133167	0	5674623	3
1133167	0	5787117	4
1133167	0	6103289	3
1133167	0	6112585	3
1133167	0	6112586	4
1133167	0	6112587	4
1133167	0	6112590	5
1133167	0	6142	0
1133167	0	6257034	0
1133167	0	6299575	2
1133167	0	6467518	5
1133167	0	6467523	2
1133167	0	7093509	2
1133167	0	7093510	2
1133167	0	7093511	2
1133167	0	7093513	2
1133167	0	7217705	1
1133167	0	7218015	2
1133167	0	7218016	0
1133167	0	7486600	2
1133167	0	7486602	5
1133167	0	7762240	2
1133167	0	7793408	1
1133167	0	7793409	0
1133167	0	7793411	1
1133167	0	7793414	0
1133167	0	7793416	3
1133167	0	8003301	1
1133167	0	8033644	4
1133167	0	8033645	2
1133167	0	8033647	1
1133167	0	8033650	5
1133167	0	8160224	2
1133167	0	8160241	2
1133167	0	8160243	3
1133167	0	823272	0
1133167	0	823274	2
1133167	0	823275	4
1133167	0	823276	1
1133167	0	823277	2
1133167	0	8255705	2
1133167	0	8255706	5
1133167	0	8415743	1
130510	0	1023333	4
130510	0	1024747	4
130510	0	1075438	0
130510	0	1086581	1
130510	0	1244228	5
130510	0	1262133	4
130510	0	133053	2
130510	0	1494930	5
130510	0	1494931	5
130510	0	1494935	5
130510	0	1494936	5
130510	0	1494938	5
130510	0	1494939	5
130510	0	1672906	2
130510	0	1881833	4
130510	0	1881837	5
130510	0	203714	4
130510	0	203718	5
130510	0	203721	2
130510	0	2407055	4
130510	0	2407059	2
130510	0	2407061	1
130510	0	2689146	2
130510	0	3185954	2
130510	0	319552	1
130510	0	3217576	3
130510	0	3351230	2
130510	0	3825435	2
130510	0	3922560	4
130510	0	3922562	2
130510	0	3922565	1
130510	0	3922567	4
130510	0	3944664	2
130510	0	4237516	0
130510	0	4237523	0
130510	0	435588	0
130510	0	474935	5
130510	0	474939	3
130510	0	4979634	0
130510	0	5148415	0
130510	0	5148418	1
130510	0	5255918	3
130510	0	5622536	5
130510	0	5667812	3
130510	0	5668638	2
130510	0	5668641	4
130510	0	5668642	5
130510	0	5668645	2
130510	0	5742790	1
130510	0	584737	4
130510	0	5984058	2
130510	0	5988738	3
130510	0	6172269	1
130510	0	6237995	0
130510	0	6412174	0
130510	0	6542824	2
130510	0	6614911	3
130510	0	6614916	2
130510	0	665170	2
130510	0	6685197	1
130510	0	6780516	2
130510	0	6780520	4
130510	0	6797524	2
130510	0	6835270	4
130510	0	7125239	5
130510	0	7125241	1
130510	0	7127694	2
130510	0	7129387	5
130510	0	7129391	5
130510	0	7136329	2
130510	0	7220651	2
130510	0	7226975	1
130510	0	7226977	4
130510	0	7442006	1
130510	0	7501557	5
130510	0	7501558	5
130510	0	7569030	0
130510	0	768251	3
130510	0	7717233	3
130510	0	799647	5
130510	0	7997887	2
130510	0	8094072	2
130510	0	8287348	2
130510	0	8287352	4
130510	0	8354777	1
130510	0	8354778	3
130510	0	8384388	4
130510	0	8384389	3
130510	0	8612902	5
130510	0	8612903	5
130510	0	8612904	5
130510	0	8612905	5
130510	0	8612906	5
130510	0	8612909	5
130510	0	8612910	5
130510	0	8617103	0
130510	0	87224	1
130510	0	87227	1
130510	0	905737	2
130510	0	956561	1
131843	0	1096618	0
131843	0	1208161	2
131843	0	1412225	3
131843	0	1505736	4
131843	0	1568857	2
131843	0	1568859	2
131843	0	1792434	1
131843	0	1810541	5
131843	0	1811758	2
131843	0	1842861	2
131843	0	1958967	2
131843	0	2010626	2
131843	0	20432	2
131843	0	2084839	2
131843	0	2162844	2
131843	0	2287018	3
131843	0	2348818	2
131843	0	2493973	0
131843	0	2493976	0
131843	0	2493980	0
131843	0	2581898	3
131843	0	25837	4
131843	0	2703804	0
131843	0	2820664	2
131843	0	2929665	3
131843	0	3049466	4
131843	0	3049467	5
131843	0	3049468	4
131843	0	3049470	5
131843	0	3049471	5
131843	0	3049474	4
131843	0	3336280	1
131843	0	348760	4
131843	0	3527399	3
131843	0	3590884	5
131843	0	3690753	2
131843	0	4091094	4
131843	0	4136087	5
131843	0	427728	3
131843	0	4338356	5
131843	0	4439041	0
131843	0	4471157	5
131843	0	4766288	1
131843	0	488608	2
131843	0	4996623	2
131843	0	5103706	3
131843	0	5212622	3
131843	0	5318362	1
131843	0	5597629	0
131843	0	569918	0
131843	0	5715075	2
131843	0	6041799	2
131843	0	6041800	2
131843	0	6121785	4
131843	0	6121787	3
131843	0	631979	4
131843	0	6491660	0
131843	0	6524077	0
131843	0	6524083	0
131843	0	6629203	3
131843	0	6629206	4
131843	0	6863388	5
131843	0	6863389	5
131843	0	7191466	2
131843	0	7474324	4
131843	0	7748962	1
131843	0	8083953	4
131843	0	8098280	1
131843	0	8132210	5
131843	0	8187665	4
131843	0	8187667	4
131843	0	8187668	5
131843	0	8187672	5
131843	0	8305152	5
131843	0	8305153	5
131843	0	8305156	5
131843	0	8305158	5
131843	0	8456967	4
131843	0	8484009	1
131843	0	8495582	1
131843	0	8495584	1
131843	0	8495587	1
131843	0	8495589	1
131843	0	8710813	5
131843	0	8727566	2
131843	0	8780259	2
131843	0	926337	2
131843	0	935618	0
131843	0	935619	1
131843	0	935620	2
131843	0	935621	1
131843	0	935623	1
131843	0	935626	1
131843	0	985988	5
131843	0	985989	5
131843	0	985990	5
131843	0	985991	5
131843	0	985992	5
131843	0	985994	5
131843	0	985995	5
146187	0	1028972	4
146187	0	1073946	2
146187	0	1077549	2
146187	0	1220481	2
146187	0	1230566	5
146187	0	1246738	1
146187	0	1367173	1
146187	0	1369241	4
146187	0	1543946	0
146187	0	1636405	0
146187	0	1841192	2
146187	0	1841197	2
146187	0	1884866	0
146187	0	1937161	2
146187	0	1972078	2
146187	0	2009635	3
146187	0	2226093	4
146187	0	2246719	4
146187	0	2246721	4
146187	0	2257806	3
146187	0	2257810	1
146187	0	2345122	2
146187	0	2365484	3
146187	0	2444447	4
146187	0	2918498	2
146187	0	3017615	0
146187	0	3017618	0
146187	0	3129298	2
146187	0	315525	3
146187	0	3241340	0
146187	0	3593186	0
146187	0	3615731	4
146187	0	3891371	0
146187	0	3963184	2
146187	0	3963185	4
146187	0	3963187	4
146187	0	4214923	5
146187	0	4214925	5
146187	0	45008	3
146187	0	4619183	0
146187	0	4741857	5
146187	0	4777144	5
146187	0	4878079	0
146187	0	4921740	2
146187	0	4921741	2
146187	0	4992658	1
146187	0	5217815	1
146187	0	5238589	3
146187	0	5238595	1
146187	0	5332230	5
146187	0	5566562	4
146187	0	5566569	1
146187	0	5590506	3
146187	0	5590508	3
146187	0	5746033	4
146187	0	5746034	1
146187	0	5836454	4
146187	0	5836455	2
146187	0	5999108	2
146187	0	6015024	5
146187	0	6015026	5
146187	0	6015027	5
146187	0	6430258	4
146187	0	6430260	2
146187	0	6483698	2
146187	0	6483699	1
146187	0	6483701	2
146187	0	6929047	1
146187	0	7021122	1
146187	0	7021127	1
146187	0	7021128	2
146187	0	7405002	2
146187	0	744163	1
146187	0	744165	5
146187	0	744166	2
146187	0	744167	5
146187	0	744171	2
146187	0	76342	5
146187	0	76344	4
146187	0	76346	2
146187	0	76348	5
146187	0	76349	5
146187	0	76350	5
146187	0	7704674	3
146187	0	7704677	2
146187	0	7704679	1
146187	0	7772761	3
146187	0	7956019	2
146187	0	8434617	5
146187	0	8434618	5
146187	0	8434619	5
146187	0	8434620	5
146187	0	8434621	5
146187	0	8434622	5
146187	0	8434623	5
146187	0	8434624	5
146187	0	8434625	5
146187	0	8434626	5
146187	0	8489394	0
146187	0	8664004	4
148538	0	1147038	3
148538	0	1147044	4
148538	0	1299824	0
148538	0	1311206	1
148538	0	1311209	2
148538	0	1384447	2
148538	0	1384448	2
148538	0	153920	2
148538	0	1671257	3
148538	0	1736918	1
148538	0	1746240	0
148538	0	1828171	2
148538	0	1950976	5
148538	0	1950979	5
148538	0	1950983	5
148538	0	1969519	1
148538	0	1969520	2
148538	0	1969521	5
148538	0	1985491	3
148538	0	2033800	4
148538	0	208314	2
148538	0	231450	1
148538	0	231453	4
148538	0	231455	5
148538	0	23586	0
148538	0	23588	1
148538	0	2368189	4
148538	0	2643562	3
148538	0	2731875	2
148538	0	2915322	0
148538	0	2915323	0
148538	0	2993239	2
148538	0	332400	1
148538	0	332401	1
148538	0	332402	2
148538	0	332406	2
148538	0	3353306	5
148538	0	3545040	2
148538	0	3557943	5
148538	0	3631449	0
148538	0	3752521	0
148538	0	3918785	1
148538	0	3997733	2
148538	0	4185812	5
148538	0	4185814	5
148538	0	4264121	3
148538	0	4264129	5
148538	0	4447598	1
148538	0	4447601	5
148538	0	451558	1
148538	0	4539654	5
148538	0	4539657	5
148538	0	4539659	5
148538	0	4539660	2
148538	0	4539663	4
148538	0	4553351	2
148538	0	4607262	3
148538	0	4607263	5
148538	0	4959637	4
148538	0	4959638	3
148538	0	4997090	1
148538	0	5077704	5
148538	0	5077707	5
148538	0	5171599	2
148538	0	5171603	4
148538	0	5171605	4
148538	0	5592682	3
148538	0	581145	3
148538	0	615402	5
148538	0	615407	1
148538	0	6353501	1
148538	0	6485499	2
148538	0	6517685	0
148538	0	6518598	1
148538	0	6543862	4
148538	0	6697437	1
148538	0	6704661	2
148538	0	6787071	3
148538	0	6846340	2
148538	0	6846343	4
148538	0	6853480	1
148538	0	6894608	5
148538	0	7157817	2
148538	0	7407803	5
148538	0	7407812	5
148538	0	8139872	1
148538	0	8283527	5
148538	0	8283531	5
148538	0	8283532	5
148538	0	844359	0
148538	0	844360	0
148538	0	844363	2
148538	0	8618875	4
148538	0	985487	2
148538	0	985488	4
148538	0	985489	2
148538	0	985490	4
148538	0	985491	5
148538	0	985492	4
148538	0	985494	4
156493	0	1101603	1
156493	0	1101607	4
156493	0	1277720	1
156493	0	1277725	4
156493	0	1277726	2
156493	0	1277727	5
156493	0	1960255	3
156493	0	1960257	4
156493	0	1960259	1
156493	0	1960260	2
156493	0	1960261	1
156493	0	2123395	1
156493	0	2259179	2
156493	0	2259180	3
156493	0	2259182	5
156493	0	2259183	4
156493	0	2317807	2
156493	0	2378078	0
156493	0	2411918	2
156493	0	2598786	2
156493	0	2598787	2
156493	0	2612486	2
156493	0	2612490	1
156493	0	2612491	5
156493	0	2612492	1
156493	0	2612493	5
156493	0	2616512	3
156493	0	2708309	0
156493	0	2717163	4
156493	0	2928700	4
156493	0	2928702	5
156493	0	2928704	4
156493	0	2928705	2
156493	0	2928707	5
156493	0	2949801	4
156493	0	2949802	5
156493	0	3288595	2
156493	0	3288596	4
156493	0	3288597	5
156493	0	3288598	1
156493	0	3288599	1
156493	0	3288600	5
156493	0	3288601	4
156493	0	3288603	5
156493	0	349638	5
156493	0	349640	1
156493	0	349643	2
156493	0	349644	1
156493	0	3603920	5
156493	0	3603922	4
156493	0	4396054	0
156493	0	4527706	5
156493	0	4583221	2
156493	0	4940228	2
156493	0	4940232	0
156493	0	5346660	2
156493	0	5479187	0
156493	0	5530082	5
156493	0	5555919	2
156493	0	5752576	0
156493	0	6139383	3
156493	0	6139386	4
156493	0	627305	0
156493	0	627311	0
156493	0	6524746	4
156493	0	6775071	2
156493	0	7371077	5
156493	0	7371078	4
156493	0	7371079	2
156493	0	7371081	0
156493	0	7431316	2
156493	0	750111	3
156493	0	8029433	1
156493	0	8182159	5
156493	0	8182160	3
156493	0	8182161	5
156493	0	8182162	5
156493	0	8182165	4
156493	0	8182166	5
156493	0	8245444	2
156493	0	8266017	3
156493	0	8273011	1
156493	0	8273017	5
156493	0	8273018	0
156493	0	8273019	5
156493	0	8820526	5
156493	0	8820527	3
156493	0	885944	2
156493	0	892013	1
156493	0	911790	1
156493	0	911791	1
156493	0	911794	4
156493	0	911795	3
156493	0	95512	5
156493	0	95514	4
156493	0	95515	2
156493	0	95518	2
156493	0	95519	2
156493	0	95521	2
156493	0	994486	2
168216	0	1090089	0
168216	0	1090095	0
168216	0	1183706	3
168216	0	1301465	5
168216	0	1301466	0
168216	0	1301467	5
168216	0	1301469	5
168216	0	1301471	2
168216	0	1301472	5
168216	0	1301473	0
168216	0	1301474	5
168216	0	13499	5
168216	0	1381477	5
168216	0	1735360	5
168216	0	1860843	2
168216	0	2036279	5
168216	0	2210775	5
168216	0	2210780	5
168216	0	2265769	5
168216	0	2790904	4
168216	0	2806307	2
168216	0	3198681	0
168216	0	3198683	1
168216	0	3198686	1
168216	0	3198687	3
168216	0	3198689	4
168216	0	3344828	5
168216	0	3344837	2
168216	0	3399712	3
168216	0	3399713	5
168216	0	3399715	3
168216	0	3399716	2
168216	0	3399718	2
168216	0	3463556	2
168216	0	3681093	1
168216	0	3681095	5
168216	0	3681097	1
168216	0	3681100	1
168216	0	3830857	5
168216	0	3908773	4
168216	0	3908774	4
168216	0	3908775	1
168216	0	3908776	4
168216	0	3908777	4
168216	0	4191395	5
168216	0	4191396	2
168216	0	4245218	0
168216	0	4324490	1
168216	0	4324491	4
168216	0	4324492	3
168216	0	4600607	1
168216	0	4600610	1
168216	0	5004346	2
168216	0	5024307	5
168216	0	5024311	1
168216	0	5024313	2
168216	0	5114458	2
168216	0	5935474	3
168216	0	5935476	4
168216	0	6012600	2
168216	0	6061718	3
168216	0	6061721	2
168216	0	6061722	2
168216	0	6061726	0
168216	0	6213322	5
168216	0	6213323	0
168216	0	6213324	1
168216	0	6213325	4
168216	0	6219118	0
168216	0	6264731	2
168216	0	6264732	3
168216	0	6264733	4
168216	0	6264734	2
168216	0	6264735	1
168216	0	6282560	3
168216	0	6426630	1
168216	0	6426631	2
168216	0	6426632	5
168216	0	6426633	1
168216	0	6426634	3
168216	0	6426637	2
168216	0	6426638	4
168216	0	6584042	2
168216	0	7337513	5
168216	0	7492751	2
168216	0	7492755	4
168216	0	7595682	2
168216	0	7595684	1
168216	0	8048968	2
168216	0	8185131	5
168216	0	8185135	5
168216	0	8185137	4
168216	0	8319218	0
168216	0	856274	2
168216	0	8731617	4
168216	0	8731618	2
168216	0	8731621	5
168216	0	8731622	4
168216	0	8731623	5
168216	0	8731624	2
182539	0	1138302	3
182539	0	1307232	4
182539	0	1307234	5
182539	0	1307235	4
182539	0	1631878	2
182539	0	1638687	5
182539	0	1638689	4
182539	0	1638690	5
182539	0	1798203	3
182539	0	1798209	3
182539	0	1882552	0
182539	0	1938505	2
182539	0	1956769	1
182539	0	1956775	3
182539	0	2009617	2
182539	0	2041085	0
182539	0	2041086	0
182539	0	2273384	2
182539	0	2635847	1
182539	0	2787602	2
182539	0	2792292	0
182539	0	2898184	2
182539	0	2909954	5
182539	0	2909960	3
182539	0	2909961	4
182539	0	330179	2
182539	0	3389569	2
182539	0	3411356	1
182539	0	3412553	2
182539	0	3448160	2
182539	0	3760957	5
182539	0	3760960	1
182539	0	3883077	4
182539	0	3883081	5
182539	0	4468612	1
182539	0	4481306	4
182539	0	4502746	1
182539	0	4680571	1
182539	0	4730803	4
182539	0	5020094	4
182539	0	5167181	2
182539	0	5238129	4
182539	0	5289650	2
182539	0	5407068	2
182539	0	5418437	0
182539	0	5567729	5
182539	0	57443	5
182539	0	57444	2
182539	0	57447	5
182539	0	57448	5
182539	0	57449	5
182539	0	57450	3
182539	0	5871834	1
182539	0	5922040	0
182539	0	5927340	1
182539	0	6037973	5
182539	0	6097108	2
182539	0	6282906	2
182539	0	6282907	2
182539	0	6282909	2
182539	0	6807899	5
182539	0	6816571	5
182539	0	6816572	5
182539	0	6816573	5
182539	0	6816574	5
182539	0	6816576	5
182539	0	6816577	2
182539	0	6816579	5
182539	0	6878266	1
182539	0	6893378	0
182539	0	6895489	1
182539	0	6895490	2
182539	0	6895491	2
182539	0	6895494	1
182539	0	6895498	2
182539	0	7088372	2
182539	0	7203204	1
182539	0	7371255	5
182539	0	7371257	5
182539	0	7371259	4
182539	0	7371261	4
182539	0	7371262	5
182539	0	7579347	3
182539	0	7579350	1
182539	0	7583024	5
182539	0	8141165	0
182539	0	8263097	0
182539	0	8299659	4
182539	0	8299661	4
182539	0	8299665	3
182539	0	8299668	5
182539	0	830471	2
182539	0	8430328	0
182539	0	8617642	1
182539	0	8757178	4
182539	0	8757179	4
182539	0	8757180	5
182539	0	8757181	3
182539	0	8757183	2
182539	0	999065	2
183378	0	1014273	1
183378	0	1050571	2
183378	0	1289489	5
183378	0	1289490	5
183378	0	1289492	5
183378	0	1289493	5
183378	0	1289494	2
183378	0	1289495	2
183378	0	1289496	5
183378	0	1289497	5
183378	0	1623917	0
183378	0	1730037	2
183378	0	1730041	2
183378	0	1730044	2
183378	0	2352713	2
183378	0	2458929	0
183378	0	2458930	0
183378	0	2533256	3
183378	0	3093214	5
183378	0	3093215	2
183378	0	3116669	1
183378	0	3116670	1
183378	0	3116671	0
183378	0	3116672	0
183378	0	3185607	5
183378	0	3185611	5
183378	0	3195586	0
183378	0	327908	2
183378	0	331489	1
183378	0	3389578	4
183378	0	3389579	4
183378	0	3389580	3
183378	0	3389581	4
183378	0	3389585	2
183378	0	3922973	1
183378	0	4493913	4
183378	0	4493914	3
183378	0	4493915	5
183378	0	4493916	3
183378	0	4493917	3
183378	0	4493918	2
183378	0	4493920	4
183378	0	4493921	2
183378	0	4493922	2
183378	0	4727412	3
183378	0	4727417	4
183378	0	4727418	4
183378	0	4803847	5
183378	0	4803848	5
183378	0	5064308	1
183378	0	5146119	0
183378	0	5352985	1
183378	0	5352987	1
183378	0	5352988	1
183378	0	5352991	0
183378	0	5352992	1
183378	0	5460936	2
183378	0	5460939	5
183378	0	5460941	4
183378	0	5534703	4
183378	0	5534707	5
183378	0	5534710	5
183378	0	5534711	4
183378	0	5817927	5
183378	0	6109461	5
183378	0	6182927	1
183378	0	6332454	1
183378	0	6548233	2
183378	0	6548235	2
183378	0	6711439	1
183378	0	6711446	1
183378	0	7052828	0
183378	0	7449744	5
183378	0	7449747	4
183378	0	7449748	5
183378	0	7449750	5
183378	0	7449751	4
183378	0	7449752	5
183378	0	749539	2
183378	0	749540	2
183378	0	749542	5
183378	0	7593941	1
183378	0	7678696	4
183378	0	7703397	2
183378	0	7952868	2
183378	0	8107956	0
183378	0	8121375	3
183378	0	8121377	2
183378	0	8507877	2
183378	0	8570257	5
183378	0	8570258	5
183378	0	8570260	3
183378	0	8767240	3
183378	0	8767241	2
183378	0	8794302	2
183378	0	8794303	2
183378	0	8794304	4
183378	0	8794306	3
183378	0	8794307	4
183378	0	8794308	5
19335	0	1143050	4
19335	0	1160863	3
19335	0	1160871	3
19335	0	1169915	4
19335	0	1316347	4
19335	0	132896	2
19335	0	1374917	0
19335	0	1504744	1
19335	0	1504746	2
19335	0	1504748	2
19335	0	1568083	0
19335	0	161606	5
19335	0	1717015	5
19335	0	1720387	2
19335	0	1720388	1
19335	0	1720389	4
19335	0	1720391	2
19335	0	1720393	5
19335	0	1720395	4
19335	0	1905037	0
19335	0	1906594	0
19335	0	1906597	0
19335	0	1915755	2
19335	0	211275	5
19335	0	2250973	4
19335	0	2304004	2
19335	0	2304005	2
19335	0	2437769	3
19335	0	2459779	2
19335	0	2874497	2
19335	0	2874503	2
19335	0	29850	2
19335	0	3121938	2
19335	0	3175484	5
19335	0	342431	5
19335	0	354219	5
19335	0	3559593	2
19335	0	3559596	2
19335	0	3615077	5
19335	0	3615078	2
19335	0	3615080	3
19335	0	3615083	1
19335	0	429850	2
19335	0	429851	5
19335	0	4480942	4
19335	0	4480943	3
19335	0	4480945	3
19335	0	4482795	0
19335	0	5051739	1
19335	0	5078863	3
19335	0	5091471	1
19335	0	527692	5
19335	0	527695	1
19335	0	527697	5
19335	0	5508122	5
19335	0	554950	4
19335	0	5711215	1
19335	0	5711216	5
19335	0	584350	4
19335	0	5870000	0
19335	0	6184951	2
19335	0	6238007	4
19335	0	6510257	5
19335	0	6512137	5
19335	0	6512138	2
19335	0	6512144	5
19335	0	677305	4
19335	0	6902384	3
19335	0	6902386	2
19335	0	6902389	2
19335	0	7050803	5
19335	0	7122355	3
19335	0	7198045	2
19335	0	7235457	1
19335	0	7267248	2
19335	0	7367411	1
19335	0	7454464	1
19335	0	7464793	0
19335	0	7692043	1
19335	0	772227	1
19335	0	772234	4
19335	0	7763208	1
19335	0	7783924	5
19335	0	7915861	0
19335	0	7961908	4
19335	0	8015294	4
19335	0	8061829	5
19335	0	8061830	4
19335	0	8231218	1
19335	0	8412681	5
19335	0	8412682	5
19335	0	8412683	5
19335	0	8412684	5
19335	0	8633126	1
19335	0	8754859	0
19335	0	8786632	5
19335	0	8828697	2
19335	0	8828698	2
19335	0	8828699	3
19335	0	93557	5
207786	0	106270	1
207786	0	1081011	1
207786	0	1335084	5
207786	0	1392585	5
207786	0	1667536	4
207786	0	1667542	2
207786	0	1667544	3
207786	0	1935627	0
207786	0	2051016	4
207786	0	2051020	5
207786	0	2051023	2
207786	0	2113005	2
207786	0	2253658	5
207786	0	2406561	3
207786	0	2440415	4
207786	0	2457541	4
207786	0	2457542	3
207786	0	2621344	2
207786	0	2704919	1
207786	0	2763917	5
207786	0	2763922	5
207786	0	2775837	2
207786	0	2969232	2
207786	0	3308288	0
207786	0	3322527	4
207786	0	3855672	0
207786	0	3896738	2
207786	0	4058692	2
207786	0	4218707	5
207786	0	4342505	2
207786	0	4393128	4
207786	0	4393134	3
207786	0	4599409	1
207786	0	4599411	1
207786	0	4613061	2
207786	0	4613063	4
207786	0	4613065	5
207786	0	4672265	0
207786	0	4724265	1
207786	0	4759179	4
207786	0	4759180	5
207786	0	4759183	2
207786	0	4826651	2
207786	0	4900224	2
207786	0	4908979	1
207786	0	493415	2
207786	0	493416	3
207786	0	5175109	1
207786	0	5175113	4
207786	0	524450	4
207786	0	5266140	3
207786	0	5288615	0
207786	0	5288617	2
207786	0	5297036	5
207786	0	5297038	3
207786	0	5624830	1
207786	0	5624831	1
207786	0	5845832	2
207786	0	5845834	4
207786	0	6031623	2
207786	0	6031626	3
207786	0	6031630	5
207786	0	6390609	0
207786	0	6526575	2
207786	0	6563691	1
207786	0	6736451	0
207786	0	6822431	3
207786	0	688492	1
207786	0	7124129	2
207786	0	7401955	4
207786	0	7510472	5
207786	0	7605691	0
207786	0	7622404	2
207786	0	7622406	0
207786	0	7639366	5
207786	0	7643812	5
207786	0	7643819	3
207786	0	7941579	5
207786	0	7963300	2
207786	0	7963301	2
207786	0	8049019	1
207786	0	8053029	2
207786	0	8185061	4
207786	0	8185064	2
207786	0	8185065	3
207786	0	8185069	2
207786	0	8211377	5
207786	0	8273754	5
207786	0	8273755	5
207786	0	8273757	5
207786	0	8273758	5
207786	0	8273759	5
207786	0	8273760	5
207786	0	8273761	5
207786	0	8273762	5
207786	0	8273763	5
207786	0	8367876	0
207786	0	8367880	1
207786	0	8441727	4
207786	0	860807	0
264014	0	1610706	5
264014	0	1610707	5
264014	0	1610710	0
264014	0	1610711	0
264014	0	1804644	4
264014	0	2223171	4
264014	0	2420367	1
264014	0	2474340	2
264014	0	2474341	1
264014	0	2474342	3
264014	0	2474346	5
264014	0	2498165	0
264014	0	2498169	4
264014	0	2572557	0
264014	0	2689662	5
264014	0	331929	2
264014	0	331931	2
264014	0	331932	2
264014	0	331934	2
264014	0	3338821	2
264014	0	3338822	1
264014	0	3338825	5
264014	0	3338827	5
264014	0	3338828	2
264014	0	3372501	2
264014	0	3396076	5
264014	0	3577341	2
264014	0	3577342	1
264014	0	3577343	0
264014	0	3577344	0
264014	0	3577345	2
264014	0	3577347	1
264014	0	3666584	0
264014	0	3841908	3
264014	0	3841909	1
264014	0	4259227	2
264014	0	447992	5
264014	0	4647186	2
264014	0	4687213	4
264014	0	4710717	0
264014	0	4834543	3
264014	0	4834544	1
264014	0	4834547	5
264014	0	4834548	3
264014	0	528372	4
264014	0	528375	3
264014	0	528379	1
264014	0	528380	4
264014	0	5328095	5
264014	0	5583424	1
264014	0	5611210	2
264014	0	5611211	3
264014	0	5611212	2
264014	0	5611213	2
264014	0	5611214	3
264014	0	5611218	2
264014	0	5611219	1
264014	0	5635515	2
264014	0	5635519	1
264014	0	5635521	1
264014	0	5635522	4
264014	0	5819142	3
264014	0	5819145	2
264014	0	58386	4
264014	0	5849268	2
264014	0	5849270	2
264014	0	5950718	5
264014	0	5950719	5
264014	0	5950721	5
264014	0	5950722	5
264014	0	5950723	4
264014	0	5950724	0
264014	0	5950726	5
264014	0	6105566	5
264014	0	6105569	2
264014	0	6105571	3
264014	0	6105572	5
264014	0	6333839	2
264014	0	6334964	1
264014	0	6337909	1
264014	0	6413951	3
264014	0	6555322	4
264014	0	6641238	5
264014	0	6791760	5
264014	0	684616	4
264014	0	7323467	4
264014	0	7323471	4
264014	0	7326932	2
264014	0	7326934	4
264014	0	7326936	5
264014	0	8012101	5
264014	0	8801661	2
264014	0	935825	5
264014	0	96851	4
264014	0	96852	2
264014	0	96854	0
264014	0	96855	5
264014	0	96857	5
264014	0	96858	5
264014	0	96859	1
359349	0	1394087	5
359349	0	15800	0
359349	0	15801	0
359349	0	15805	1
359349	0	15808	2
359349	0	1622452	3
359349	0	1622455	1
359349	0	1622457	1
359349	0	1830509	2
359349	0	1830512	5
359349	0	1830516	4
359349	0	1830517	5
359349	0	1892864	2
359349	0	2293820	5
359349	0	2490397	3
359349	0	2826510	5
359349	0	2826511	3
359349	0	2826512	5
359349	0	2826513	0
359349	0	3126806	1
359349	0	3176539	4
359349	0	3176541	4
359349	0	3176542	4
359349	0	3187960	1
359349	0	3193824	5
359349	0	3215620	2
359349	0	3223831	5
359349	0	3223833	5
359349	0	3265497	2
359349	0	3645754	2
359349	0	3645755	2
359349	0	3739664	2
359349	0	3739666	2
359349	0	3893098	2
359349	0	3900185	5
359349	0	4013723	5
359349	0	4020470	5
359349	0	4020471	1
359349	0	4020472	1
359349	0	4020474	5
359349	0	4020475	4
359349	0	4020476	1
359349	0	4020477	5
359349	0	4020478	0
359349	0	4020479	1
359349	0	4087265	2
359349	0	4344099	3
359349	0	4344101	2
359349	0	4463568	1
359349	0	4474866	4
359349	0	457673	5
359349	0	4624153	4
359349	0	4881617	2
359349	0	5219970	0
359349	0	5219971	0
359349	0	5219972	4
359349	0	5219973	2
359349	0	5219976	3
359349	0	5219977	0
359349	0	5414623	2
359349	0	5547394	2
359349	0	5613485	2
359349	0	5615181	5
359349	0	5615187	2
359349	0	576627	4
359349	0	576628	5
359349	0	576629	5
359349	0	576631	3
359349	0	576632	0
359349	0	576634	4
359349	0	576635	0
359349	0	5773713	1
359349	0	5773716	2
359349	0	5773717	1
359349	0	5773718	0
359349	0	5806110	1
359349	0	6081008	2
359349	0	6108721	5
359349	0	6226414	2
359349	0	6440028	3
359349	0	68647	5
359349	0	68648	5
359349	0	68649	5
359349	0	68650	2
359349	0	68653	4
359349	0	68656	2
359349	0	7015246	1
359349	0	7062669	2
359349	0	7062671	4
359349	0	7277971	3
359349	0	7544501	3
359349	0	7544503	3
359349	0	7544505	4
359349	0	7579883	4
359349	0	8058867	4
359349	0	8058873	5
359349	0	8125299	2
359349	0	8167114	5
359349	0	8748954	1
359349	0	943229	5
405717	0	1849743	4
405717	0	1976406	1
405717	0	1984962	4
405717	0	2002865	0
405717	0	2125641	5
405717	0	2280962	0
405717	0	2347443	0
405717	0	2365659	5
405717	0	2365660	1
405717	0	2365662	5
405717	0	2365663	5
405717	0	2365665	5
405717	0	2514107	3
405717	0	2642838	1
405717	0	2702419	2
405717	0	2702423	5
405717	0	273851	5
405717	0	2747484	4
405717	0	2747485	4
405717	0	2747486	3
405717	0	2747491	2
405717	0	2747492	5
405717	0	2768521	2
405717	0	28372	1
405717	0	2879959	2
405717	0	2879960	1
405717	0	2879963	5
405717	0	2879964	4
405717	0	3033900	4
405717	0	3033903	1
405717	0	3033904	3
405717	0	3033905	4
405717	0	3040883	5
405717	0	3274915	2
405717	0	3274918	3
405717	0	3274946	0
405717	0	3274947	1
405717	0	3514259	5
405717	0	3986303	1
405717	0	3986305	2
405717	0	3986306	2
405717	0	3986307	2
405717	0	3986308	2
405717	0	3986309	1
405717	0	4489661	3
405717	0	4489666	1
405717	0	4612478	0
405717	0	4704973	3
405717	0	4704975	3
405717	0	4704978	5
405717	0	4776928	5
405717	0	4804772	1
405717	0	4804774	1
405717	0	4828118	4
405717	0	4987955	1
405717	0	5079482	5
405717	0	5638740	2
405717	0	5690233	5
405717	0	5690234	5
405717	0	5690237	5
405717	0	6419725	2
405717	0	6442862	4
405717	0	6654652	1
405717	0	6654653	2
405717	0	6654655	4
405717	0	6654658	3
405717	0	6654660	2
405717	0	6725571	0
405717	0	702383	2
405717	0	702386	2
405717	0	7170624	3
405717	0	7170625	2
405717	0	7170626	5
405717	0	7170629	5
405717	0	7170630	5
405717	0	7170631	2
405717	0	7201359	2
405717	0	7201361	4
405717	0	7288990	2
405717	0	7288996	4
405717	0	7447941	2
405717	0	7447942	5
405717	0	7447943	2
405717	0	758582	4
405717	0	758586	4
405717	0	7589975	2
405717	0	7728831	2
405717	0	7896211	5
405717	0	7896212	5
405717	0	8156519	3
405717	0	8433852	5
405717	0	8433854	5
405717	0	8433856	2
405717	0	8433858	2
405717	0	8433860	4
405717	0	8510161	0
405717	0	8610271	1
405717	0	8674360	0
405717	0	8689634	0
405717	0	8689639	0
443396	0	1130886	1
443396	0	1135750	4
443396	0	1305463	2
443396	0	1474266	4
443396	0	1474272	3
443396	0	1474273	4
443396	0	1474275	4
443396	0	1515376	0
443396	0	156039	3
443396	0	1852807	4
443396	0	1852809	5
443396	0	1852813	4
443396	0	1852815	3
443396	0	1886308	1
443396	0	2007121	5
443396	0	2143849	4
443396	0	215692	1
443396	0	215693	2
443396	0	2347288	1
443396	0	2373504	2
443396	0	2490482	5
443396	0	2490486	5
443396	0	2562345	1
443396	0	2638081	4
443396	0	2783346	2
443396	0	2795882	2
443396	0	2983440	0
443396	0	3103988	3
443396	0	3103990	2
443396	0	3103991	2
443396	0	3103993	3
443396	0	3103994	4
443396	0	3103995	5
443396	0	3103996	2
443396	0	3143561	4
443396	0	3143566	3
443396	0	3143567	2
443396	0	3203454	0
443396	0	3256974	4
443396	0	3299623	3
443396	0	3323246	0
443396	0	3340080	2
443396	0	3617224	5
443396	0	3636507	3
443396	0	401022	1
443396	0	4041358	4
443396	0	4052112	5
443396	0	4052116	5
443396	0	4052118	5
443396	0	4052120	5
443396	0	4064886	0
443396	0	4236355	3
443396	0	4378963	0
443396	0	4526747	5
443396	0	456708	5
443396	0	4676619	0
443396	0	4708168	2
443396	0	4774806	5
443396	0	4774809	1
443396	0	4896249	5
443396	0	5065439	0
443396	0	5083543	5
443396	0	5308674	2
443396	0	5311404	2
443396	0	5515423	2
443396	0	5515424	2
443396	0	5530640	0
443396	0	5607635	1
443396	0	5836915	2
443396	0	5836917	2
443396	0	5937130	1
443396	0	5943262	2
443396	0	5943263	2
443396	0	6179578	4
443396	0	6179582	5
443396	0	6639382	1
443396	0	6716493	1
443396	0	6881583	2
443396	0	6953654	5
443396	0	6974030	5
443396	0	6974032	5
443396	0	7099882	3
443396	0	7251120	5
443396	0	7275626	2
443396	0	7703621	1
443396	0	7856436	1
443396	0	7985417	1
443396	0	8128953	1
443396	0	8128954	2
443396	0	8128958	0
443396	0	8171402	5
443396	0	8188606	2
443396	0	8329276	4
443396	0	8329277	2
443396	0	8329278	2
443396	0	8329279	4
443396	0	8536118	5
443396	0	8536121	5
443396	0	8536123	5
443396	0	8793491	5
451602	0	1078133	1
451602	0	1078134	0
451602	0	1094131	3
451602	0	1094139	4
451602	0	127537	5
451602	0	1277286	0
451602	0	1277287	2
451602	0	1277289	0
451602	0	1277290	3
451602	0	1277293	3
451602	0	1277294	1
451602	0	1314125	3
451602	0	1314126	4
451602	0	1314127	1
451602	0	1626653	0
451602	0	1640289	1
451602	0	1715030	4
451602	0	2084909	2
451602	0	2176450	5
451602	0	2176453	4
451602	0	2176455	4
451602	0	2176458	5
451602	0	2176459	5
451602	0	2231421	4
451602	0	2244874	2
451602	0	2312864	5
451602	0	2486933	2
451602	0	2486937	1
451602	0	2922145	0
451602	0	2942560	4
451602	0	3090664	2
451602	0	3090666	2
451602	0	3090667	1
451602	0	3090670	2
451602	0	3119126	3
451602	0	3177691	3
451602	0	3177694	2
451602	0	3177699	5
451602	0	3493825	1
451602	0	3493827	2
451602	0	4453605	2
451602	0	4453606	5
451602	0	4453608	5
451602	0	4487185	0
451602	0	4550410	4
451602	0	4559055	0
451602	0	4874640	2
451602	0	4874641	2
451602	0	4874645	1
451602	0	5053852	0
451602	0	5053854	3
451602	0	5179245	4
451602	0	5179246	1
451602	0	5179249	3
451602	0	5179250	2
451602	0	5179251	4
451602	0	5211036	1
451602	0	5475308	5
451602	0	5475312	4
451602	0	5538936	5
451602	0	5538938	4
451602	0	5538942	5
451602	0	5655693	5
451602	0	5655695	5
451602	0	5897795	5
451602	0	6132119	4
451602	0	6286973	2
451602	0	6286975	1
451602	0	6286976	4
451602	0	6286977	3
451602	0	6286978	2
451602	0	6286979	5
451602	0	6286980	5
451602	0	6286981	5
451602	0	6286982	1
451602	0	654120	2
451602	0	6618755	1
451602	0	6618756	1
451602	0	6719255	5
451602	0	7800959	5
451602	0	7804169	5
451602	0	8019873	0
451602	0	8025740	2
451602	0	8214451	2
451602	0	8214452	2
451602	0	8295166	2
451602	0	8383461	2
451602	0	8383462	3
451602	0	8383463	2
451602	0	8383465	3
451602	0	8390518	5
451602	0	8390525	2
451602	0	8485131	2
451602	0	8485136	0
451602	0	8540468	4
451602	0	8540470	5
451602	0	8540473	5
451602	0	8621776	5
451602	0	96222	2
451602	0	96229	1
47923	0	1346412	2
47923	0	1346419	2
47923	0	1488918	2
47923	0	1508656	0
47923	0	1508658	1
47923	0	1508659	1
47923	0	1569550	0
47923	0	1681331	5
47923	0	1681332	5
47923	0	1681334	5
47923	0	1681336	5
47923	0	1681337	4
47923	0	1681339	5
47923	0	1681340	5
47923	0	1827449	1
47923	0	1868437	5
47923	0	1868438	1
47923	0	1960681	2
47923	0	2297110	1
47923	0	2508227	2
47923	0	2670112	0
47923	0	2699736	1
47923	0	2831042	2
47923	0	2838668	2
47923	0	291219	2
47923	0	3348838	3
47923	0	3630935	2
47923	0	3688361	2
47923	0	3853973	0
47923	0	3853976	0
47923	0	3883230	3
47923	0	3946163	1
47923	0	4202492	0
47923	0	4297620	5
47923	0	4523464	1
47923	0	4652795	4
47923	0	473807	4
47923	0	473809	5
47923	0	5032362	5
47923	0	5032364	2
47923	0	5137400	2
47923	0	5147526	2
47923	0	5147528	3
47923	0	5147529	4
47923	0	525511	5
47923	0	5282403	2
47923	0	5310899	1
47923	0	5417577	2
47923	0	5417578	1
47923	0	5417579	1
47923	0	5417581	1
47923	0	5417582	5
47923	0	5417584	3
47923	0	5586331	2
47923	0	5595916	2
47923	0	566677	0
47923	0	5878044	1
47923	0	5936354	3
47923	0	5966643	3
47923	0	6067090	0
47923	0	618554	3
47923	0	618556	5
47923	0	6191	5
47923	0	6222131	2
47923	0	6241147	5
47923	0	6241148	4
47923	0	6241150	5
47923	0	6241151	5
47923	0	6241152	5
47923	0	6241153	5
47923	0	6241154	5
47923	0	6272906	2
47923	0	6626703	1
47923	0	6643066	4
47923	0	6919836	5
47923	0	7071691	3
47923	0	7071695	2
47923	0	7086728	1
47923	0	7417276	2
47923	0	7644552	2
47923	0	766019	4
47923	0	7902936	3
47923	0	7936847	2
47923	0	8327407	4
47923	0	8348762	5
47923	0	8418678	4
47923	0	8418681	5
47923	0	8418683	4
47923	0	8418684	4
47923	0	8418686	4
47923	0	8421421	3
47923	0	8619129	2
47923	0	8641104	4
47923	0	8641106	5
47923	0	8641107	5
47923	0	8808653	2
47923	0	913042	4
47923	0	913045	0
47923	0	917160	0
47923	0	986177	4
489204	0	1038489	0
489204	0	1051498	5
489204	0	114148	4
489204	0	1225589	5
489204	0	1225591	5
489204	0	1228655	3
489204	0	1231677	5
489204	0	136257	5
489204	0	1418933	2
489204	0	1479542	5
489204	0	152948	4
489204	0	152951	3
489204	0	152954	5
489204	0	1538587	5
489204	0	1759354	3
489204	0	1759357	2
489204	0	1777014	4
489204	0	1778458	5
489204	0	1778462	5
489204	0	1887699	0
489204	0	2016623	1
489204	0	2163701	5
489204	0	216492	4
489204	0	2268651	1
489204	0	2268652	2
489204	0	2268656	2
489204	0	2798565	0
489204	0	2915961	1
489204	0	2915963	2
489204	0	2959687	2
489204	0	3053140	1
489204	0	34397	5
489204	0	3503620	0
489204	0	3728445	5
489204	0	385083	3
489204	0	3898929	1
489204	0	4029846	2
489204	0	4159416	0
489204	0	416864	4
489204	0	4218637	0
489204	0	4279451	1
489204	0	4387756	2
489204	0	4586570	5
489204	0	46493	3
489204	0	46496	0
489204	0	4892626	4
489204	0	4917998	2
489204	0	4918001	1
489204	0	4927308	4
489204	0	533011	2
489204	0	533017	5
489204	0	535375	4
489204	0	5399753	4
489204	0	5480215	0
489204	0	5524072	1
489204	0	5629373	5
489204	0	5815957	4
489204	0	5856571	0
489204	0	5895917	2
489204	0	6087666	4
489204	0	6087671	2
489204	0	6327174	5
489204	0	6327175	5
489204	0	6327176	1
489204	0	6327177	3
489204	0	6327181	2
489204	0	6327182	1
489204	0	6542578	2
489204	0	66437	1
489204	0	6652052	3
489204	0	678245	5
489204	0	6816322	1
489204	0	6988530	0
489204	0	7108296	5
489204	0	7113090	0
489204	0	7113153	2
489204	0	7116533	5
489204	0	753265	2
489204	0	7576597	1
489204	0	7734612	2
489204	0	8376905	4
489204	0	8376906	2
489204	0	852250	2
489204	0	855963	4
489204	0	855967	2
489204	0	855969	2
489204	0	855972	5
489204	0	8585816	5
489204	0	8594271	2
489204	0	8594272	1
489204	0	8594273	3
489204	0	8594276	1
489204	0	8594277	2
489204	0	8594280	5
489204	0	872467	3
489204	0	872470	3
489204	0	8729935	5
489204	0	8737051	4
489204	0	8781574	2
489204	0	973923	3
490595	0	1160847	5
490595	0	1288942	4
490595	0	1288943	3
490595	0	1288946	4
490595	0	1370801	0
490595	0	1370802	0
490595	0	1473259	5
490595	0	1652460	5
490595	0	1929910	5
490595	0	1929911	4
490595	0	2433509	1
490595	0	3497870	1
490595	0	3497876	2
490595	0	3833407	4
490595	0	3833409	2
490595	0	3833413	3
490595	0	3833414	4
490595	0	3837431	0
490595	0	3937195	3
490595	0	3937196	3
490595	0	3937197	5
490595	0	3937200	4
490595	0	3937201	2
490595	0	3937202	1
490595	0	3937203	5
490595	0	4082315	0
490595	0	4082319	1
490595	0	4082324	1
490595	0	4604269	3
490595	0	4737059	4
490595	0	4737060	5
490595	0	4737061	2
490595	0	4737062	3
490595	0	4737063	5
490595	0	4737064	5
490595	0	4737065	4
490595	0	4737066	5
490595	0	4737067	2
490595	0	4737068	4
490595	0	4763066	3
490595	0	4842889	5
490595	0	4842890	5
490595	0	4842891	5
490595	0	4842894	2
490595	0	4842895	2
490595	0	4842896	2
490595	0	4842897	4
490595	0	4905043	0
490595	0	4954285	1
490595	0	4954289	1
490595	0	5112294	3
490595	0	5128293	2
490595	0	5247992	5
490595	0	5247999	4
490595	0	5248000	2
490595	0	526093	3
490595	0	5359212	2
490595	0	5359213	4
490595	0	549465	4
490595	0	549466	4
490595	0	559485	1
490595	0	5612095	0
490595	0	5612099	0
490595	0	5633631	2
490595	0	6045591	5
490595	0	6045596	4
490595	0	6192935	0
490595	0	6686784	5
490595	0	6742119	5
490595	0	6976961	1
490595	0	7045861	1
490595	0	7065743	1
490595	0	7192856	1
490595	0	7192859	1
490595	0	7192862	1
490595	0	7340532	2
490595	0	7340533	2
490595	0	7422680	5
490595	0	7698191	2
490595	0	7698199	2
490595	0	777201	2
490595	0	7839903	3
490595	0	7839904	2
490595	0	7839905	2
490595	0	7839906	2
490595	0	7839908	5
490595	0	7957548	0
490595	0	7957550	1
490595	0	805046	5
490595	0	805047	2
490595	0	805048	5
490595	0	805049	2
490595	0	805051	5
490595	0	805052	2
490595	0	8406244	2
490595	0	8485139	5
490595	0	8485140	2
490595	0	8485141	5
490595	0	8716499	0
490595	0	903932	3
527433	0	1125933	1
527433	0	1212784	4
527433	0	1212787	2
527433	0	124440	0
527433	0	1251475	2
527433	0	1251480	2
527433	0	1379236	5
527433	0	1379237	5
527433	0	1379238	2
527433	0	1379240	5
527433	0	1379245	5
527433	0	1404580	2
527433	0	1511548	5
527433	0	1511549	0
527433	0	1511551	4
527433	0	1511556	2
527433	0	1664518	5
527433	0	1753604	2
527433	0	2045580	4
527433	0	2331983	1
527433	0	2331989	5
527433	0	2496224	3
527433	0	2496227	2
527433	0	2565413	4
527433	0	2649533	1
527433	0	269422	2
527433	0	269423	3
527433	0	269424	1
527433	0	269425	5
527433	0	269426	4
527433	0	269428	1
527433	0	269430	5
527433	0	2722034	5
527433	0	2722036	2
527433	0	2931558	2
527433	0	2931562	3
527433	0	3294599	3
527433	0	3294600	1
527433	0	3774357	2
527433	0	3774360	5
527433	0	3786813	2
527433	0	3835729	4
527433	0	3835731	4
527433	0	3835732	4
527433	0	3835735	5
527433	0	3973284	2
527433	0	4064455	4
527433	0	4064457	0
527433	0	422236	2
527433	0	4351179	0
527433	0	4402992	2
527433	0	4402995	2
527433	0	467601	3
527433	0	4903731	0
527433	0	4958696	1
527433	0	4958697	1
527433	0	5034544	1
527433	0	5154358	0
527433	0	5295980	2
527433	0	5466807	5
527433	0	5466810	4
527433	0	5466812	2
527433	0	5479497	1
527433	0	5479502	1
527433	0	5603305	0
527433	0	5672170	5
527433	0	5690938	3
527433	0	5690947	4
527433	0	5878263	2
527433	0	6015377	3
527433	0	6038397	3
527433	0	6065674	4
527433	0	6065681	3
527433	0	6186391	2
527433	0	6186393	5
527433	0	6186394	1
527433	0	6186395	2
527433	0	6215001	5
527433	0	6215002	5
527433	0	6398043	2
527433	0	653101	3
527433	0	6743088	0
527433	0	6743093	0
527433	0	7357591	5
527433	0	7514088	1
527433	0	7607669	5
527433	0	8306449	5
527433	0	8306451	1
527433	0	8371764	4
527433	0	8617267	5
527433	0	8617269	1
527433	0	8617270	0
527433	0	8617271	5
527433	0	8617273	5
527433	0	8617275	2
527433	0	8617276	5
527433	0	8761458	1
527433	0	8827925	5
527433	0	8827928	4
527433	0	975967	4
573724	0	1005335	1
573724	0	1005338	1
573724	0	1021036	0
573724	0	104856	0
573724	0	1165128	1
573724	0	1165129	5
573724	0	1293333	2
573724	0	1509940	5
573724	0	1509942	5
573724	0	1509943	2
573724	0	1509944	2
573724	0	162151	5
573724	0	1816038	5
573724	0	2133806	4
573724	0	2186124	2
573724	0	2417985	3
573724	0	2635262	5
573724	0	305009	2
573724	0	3059589	4
573724	0	3059590	4
573724	0	3059592	3
573724	0	3059593	4
573724	0	3146236	3
573724	0	3146238	3
573724	0	3146240	3
573724	0	3365631	3
573724	0	3365632	4
573724	0	3365633	2
573724	0	3365634	0
573724	0	3365635	2
573724	0	3365636	5
573724	0	3365637	0
573724	0	3365638	5
573724	0	3365639	2
573724	0	3365640	1
573724	0	3492364	1
573724	0	3546092	2
573724	0	3617636	3
573724	0	3795243	2
573724	0	394136	5
573724	0	394138	5
573724	0	394139	4
573724	0	394141	4
573724	0	394142	4
573724	0	4360246	2
573724	0	5047796	5
573724	0	5185664	4
573724	0	5185671	4
573724	0	5310530	5
573724	0	5339620	5
573724	0	5384308	0
573724	0	5721829	5
573724	0	5721831	4
573724	0	5962420	0
573724	0	5962423	5
573724	0	5962424	0
573724	0	5962426	2
573724	0	5962428	4
573724	0	6496777	2
573724	0	6776717	5
573724	0	7104825	5
573724	0	7104826	4
573724	0	7104827	0
573724	0	7199667	2
573724	0	7199669	5
573724	0	7199672	1
573724	0	7199673	5
573724	0	7199675	1
573724	0	7384329	1
573724	0	7384331	2
573724	0	7384332	4
573724	0	7384333	1
573724	0	7530702	1
573724	0	7609926	1
573724	0	7609927	2
573724	0	7609928	2
573724	0	7609929	2
573724	0	7609930	2
573724	0	7609932	2
573724	0	7674854	4
573724	0	7674858	1
573724	0	7674859	5
573724	0	7964601	2
573724	0	8047166	2
573724	0	8047170	2
573724	0	8047172	1
573724	0	8441637	3
573724	0	8441642	5
573724	0	8444727	4
573724	0	8444728	3
573724	0	8444730	0
573724	0	8690218	3
573724	0	8728790	0
573724	0	87400	2
573724	0	87404	1
573724	0	87405	5
573724	0	87409	2
573724	0	8833192	5
573724	0	8833194	5
573724	0	8833199	1
833860	0	115142	2
833860	0	1187661	2
833860	0	1219653	2
833860	0	1361867	2
833860	0	1361868	2
833860	0	1521600	2
833860	0	1603168	2
833860	0	1733841	1
833860	0	1889863	4
833860	0	1913651	1
833860	0	2022688	5
833860	0	2037474	2
833860	0	207381	2
833860	0	2206194	5
833860	0	2206195	5
833860	0	2206196	5
833860	0	2206197	4
833860	0	2206198	5
833860	0	2206199	0
833860	0	2206200	3
833860	0	2654110	0
833860	0	2702357	5
833860	0	2702358	1
833860	0	3087477	2
833860	0	3087481	4
833860	0	3087483	2
833860	0	3096	2
833860	0	3162226	1
833860	0	3318545	2
833860	0	3421947	4
833860	0	3437281	5
833860	0	3437283	2
833860	0	3437284	4
833860	0	3437285	3
833860	0	3437286	4
833860	0	3437288	3
833860	0	3437289	4
833860	0	3437290	3
833860	0	3494809	0
833860	0	3990986	1
833860	0	4046122	3
833860	0	4046123	0
833860	0	4046129	2
833860	0	4121472	0
833860	0	4229067	2
833860	0	4544257	0
833860	0	456068	2
833860	0	4881965	5
833860	0	5082855	1
833860	0	5167510	5
833860	0	5167511	2
833860	0	5167512	5
833860	0	5167513	5
833860	0	5167514	1
833860	0	5167518	5
833860	0	5255471	1
833860	0	5268870	2
833860	0	5832657	5
833860	0	5897836	1
833860	0	5897837	2
833860	0	5897839	2
833860	0	596153	5
833860	0	5988243	1
833860	0	6083481	2
833860	0	6218032	4
833860	0	6218035	4
833860	0	6218036	5
833860	0	6218040	4
833860	0	6230220	4
833860	0	6230221	5
833860	0	6230222	5
833860	0	6230223	5
833860	0	6230224	2
833860	0	6230225	5
833860	0	6230226	5
833860	0	6230227	4
833860	0	6230228	3
833860	0	6230229	2
833860	0	6292957	3
833860	0	6804392	1
833860	0	6812180	2
833860	0	6875877	5
833860	0	7038169	0
833860	0	7038170	4
833860	0	7061642	2
833860	0	771855	5
833860	0	7944293	3
833860	0	8344031	4
833860	0	8400004	1
833860	0	8400005	0
833860	0	8400007	1
833860	0	8697642	3
833860	0	8705868	0
833860	0	8767220	0
833860	0	8767221	1
833860	0	8833502	5
833860	0	8833504	5
833860	0	8833506	4
833860	0	8833509	5
833860	0	921798	0
855410	0	1018504	4
855410	0	1028259	4
855410	0	103039	5
855410	0	1039206	1
855410	0	1039210	0
855410	0	1200408	2
855410	0	1328798	2
855410	0	133350	4
855410	0	1394855	5
855410	0	1461779	5
855410	0	1494093	4
855410	0	1494095	3
855410	0	1494097	3
855410	0	1625109	2
855410	0	1625111	2
855410	0	1687125	5
855410	0	1751632	1
855410	0	1756333	0
855410	0	1821211	2
855410	0	1947640	2
855410	0	1947769	5
855410	0	2117094	3
855410	0	212609	2
855410	0	217349	2
855410	0	2219618	1
855410	0	2395815	2
855410	0	2402680	2
855410	0	263328	0
855410	0	2637679	2
855410	0	2854643	2
855410	0	2976406	2
855410	0	2989045	1
855410	0	3357223	2
855410	0	3530756	5
855410	0	3530757	5
855410	0	3530758	5
855410	0	3530762	5
855410	0	364430	2
855410	0	3670425	1
855410	0	3923830	2
855410	0	3956603	3
855410	0	4096017	4
855410	0	4253173	0
855410	0	4279706	0
855410	0	4616840	4
855410	0	4616842	4
855410	0	4708041	5
855410	0	4708042	5
855410	0	4708045	5
855410	0	4708046	5
855410	0	4708047	5
855410	0	4733967	3
855410	0	4778582	4
855410	0	4930970	2
855410	0	5012968	4
855410	0	5022594	0
855410	0	5106715	2
855410	0	5577267	2
855410	0	5608554	3
855410	0	5740974	1
855410	0	5740979	1
855410	0	5740982	0
855410	0	621485	3
855410	0	6432578	1
855410	0	6481240	4
855410	0	6561011	0
855410	0	6566606	1
855410	0	6815713	4
855410	0	6815714	2
855410	0	6815715	2
855410	0	6859966	1
855410	0	6859967	1
855410	0	7031506	5
855410	0	7031507	5
855410	0	7031508	5
855410	0	7031509	5
855410	0	7031514	5
855410	0	7043020	2
855410	0	7063035	2
855410	0	71807	4
855410	0	7225358	0
855410	0	7329903	1
855410	0	7548527	4
855410	0	8180251	2
855410	0	828650	3
855410	0	8391962	1
855410	0	8402605	1
855410	0	847674	1
855410	0	8496293	4
855410	0	8651770	5
855410	0	8651771	5
855410	0	8651772	5
855410	0	8651773	5
855410	0	8651775	5
855410	0	8651778	5
855410	0	8776516	3
855410	0	889438	4
855410	0	936544	2
855410	0	936546	3
855410	0	992162	0
87181	0	1054971	2
87181	0	1059517	4
87181	0	123547	1
87181	0	1622419	4
87181	0	1622428	3
87181	0	1700168	4
87181	0	1766470	2
87181	0	1852747	1
87181	0	1902827	0
87181	0	1950526	4
87181	0	1950532	5
87181	0	2307974	4
87181	0	2307979	3
87181	0	2307980	1
87181	0	2528292	5
87181	0	2528296	2
87181	0	2530227	5
87181	0	2530252	1
87181	0	2530257	3
87181	0	2556144	2
87181	0	2556146	0
87181	0	2556150	1
87181	0	2556151	3
87181	0	2556153	4
87181	0	2986227	5
87181	0	2993464	2
87181	0	3216315	5
87181	0	3363613	2
87181	0	3363614	2
87181	0	3363615	2
87181	0	3914970	5
87181	0	4632251	2
87181	0	4639455	4
87181	0	4689523	5
87181	0	4689524	2
87181	0	4689525	3
87181	0	47203	0
87181	0	47205	0
87181	0	47206	1
87181	0	47207	3
87181	0	47210	1
87181	0	47211	2
87181	0	47212	2
87181	0	4786305	5
87181	0	5103077	3
87181	0	5103079	3
87181	0	5197130	0
87181	0	5197133	1
87181	0	5197135	2
87181	0	5197136	0
87181	0	5197138	0
87181	0	5469038	5
87181	0	5497677	4
87181	0	5753301	5
87181	0	5758954	2
87181	0	5899049	4
87181	0	6429125	1
87181	0	6484575	5
87181	0	6484576	5
87181	0	6484577	4
87181	0	6484578	2
87181	0	6521360	1
87181	0	6521366	5
87181	0	6521367	4
87181	0	6685092	5
87181	0	6774305	5
87181	0	6969187	3
87181	0	7057928	2
87181	0	742425	5
87181	0	7504775	0
87181	0	7586365	5
87181	0	7666828	1
87181	0	7666831	2
87181	0	8151921	2
87181	0	8151922	2
87181	0	8151926	4
87181	0	8165400	0
87181	0	8165401	5
87181	0	8165403	0
87181	0	8165404	1
87181	0	8201558	1
87181	0	8332546	5
87181	0	8332547	5
87181	0	8332550	4
87181	0	8332551	2
87181	0	8332553	3
87181	0	8332555	2
87181	0	8522403	2
87181	0	8534129	5
87181	0	8534130	5
87181	0	8534133	2
87181	0	8534134	5
87181	0	8534135	4
87181	0	8534136	1
87181	0	8565420	4
87181	0	8664069	2
87181	0	8683178	2
87181	0	8683181	1
87181	0	8683183	5
87181	0	8683185	5
87452	0	1383633	2
87452	0	1395625	2
87452	0	1395631	2
87452	0	1395633	4
87452	0	1598547	1
87452	0	1723781	0
87452	0	186931	5
87452	0	186939	4
87452	0	1890452	5
87452	0	2026777	0
87452	0	2205470	2
87452	0	2282213	4
87452	0	2310395	4
87452	0	2624886	5
87452	0	2732501	0
87452	0	3191900	1
87452	0	3242437	5
87452	0	3732898	1
87452	0	3809020	0
87452	0	4008486	4
87452	0	408552	0
87452	0	4307932	5
87452	0	4307936	3
87452	0	4634896	3
87452	0	4634899	3
87452	0	4634903	4
87452	0	4634904	3
87452	0	4872055	2
87452	0	4993648	2
87452	0	5052039	1
87452	0	5219890	1
87452	0	5286924	5
87452	0	5506226	5
87452	0	5694209	0
87452	0	5694210	0
87452	0	5746167	1
87452	0	5751686	3
87452	0	5851090	4
87452	0	5851095	5
87452	0	5851096	5
87452	0	6018160	5
87452	0	6018161	1
87452	0	6018162	4
87452	0	6018163	2
87452	0	6018164	5
87452	0	6018165	5
87452	0	6018166	2
87452	0	6018167	2
87452	0	6018168	5
87452	0	6018169	2
87452	0	6289834	4
87452	0	6478928	2
87452	0	6600187	0
87452	0	7166743	1
87452	0	7166746	0
87452	0	7166749	0
87452	0	7304545	5
87452	0	7426326	1
87452	0	7426331	1
87452	0	7481965	1
87452	0	7843982	2
87452	0	7843984	2
87452	0	7965004	5
87452	0	7965005	3
87452	0	7965008	2
87452	0	7965010	4
87452	0	7965011	2
87452	0	8055174	1
87452	0	8081937	2
87452	0	8110621	2
87452	0	8126315	0
87452	0	8152220	2
87452	0	8152222	3
87452	0	8152223	3
87452	0	8152225	4
87452	0	8333912	5
87452	0	8333916	5
87452	0	8333917	5
87452	0	8333918	5
87452	0	8333919	5
87452	0	8333920	4
87452	0	8333921	5
87452	0	8344197	2
87452	0	8436571	2
87452	0	8436572	2
87452	0	8436574	2
87452	0	8436575	1
87452	0	8436576	2
87452	0	8436578	2
87452	0	8436579	1
87452	0	8453304	5
87452	0	8680815	5
87452	0	8680816	5
87452	0	8787615	2
87452	0	8819111	4
87452	0	8819112	5
87452	0	8819113	4
87452	0	8819114	4
87452	0	8819116	3
87452	0	994547	3
915593	0	1396701	2
915593	0	1396702	4
915593	0	1396705	4
915593	0	1396706	1
915593	0	1396707	1
915593	0	1772930	3
915593	0	1772932	0
915593	0	2210590	2
915593	0	2210591	2
915593	0	2210592	5
915593	0	2210593	5
915593	0	2210594	2
915593	0	2210595	2
915593	0	2210596	2
915593	0	2210597	3
915593	0	2210598	1
915593	0	2210599	2
915593	0	2588143	4
915593	0	2637186	4
915593	0	3143377	1
915593	0	3523599	1
915593	0	3523602	1
915593	0	3538159	1
915593	0	3538160	5
915593	0	3538161	3
915593	0	3538162	0
915593	0	3538163	5
915593	0	3538164	2
915593	0	3538165	1
915593	0	3538166	2
915593	0	3538167	5
915593	0	3538168	5
915593	0	3573473	2
915593	0	3573478	5
915593	0	3573479	2
915593	0	3991910	3
915593	0	4566815	1
915593	0	4566816	1
915593	0	4566817	2
915593	0	4566818	5
915593	0	4566819	2
915593	0	4566822	4
915593	0	4566823	2
915593	0	4691129	2
915593	0	4834226	3
915593	0	4998398	5
915593	0	5931266	5
915593	0	5931553	4
915593	0	6761341	2
915593	0	6761344	4
915593	0	6761345	1
915593	0	6761346	0
915593	0	6761348	1
915593	0	6923052	5
915593	0	6923055	0
915593	0	704072	0
915593	0	7709320	5
915593	0	7742098	3
915593	0	7837084	1
915593	0	7837086	1
915593	0	7861749	4
915593	0	7861751	4
915593	0	8002852	4
915593	0	8029524	5
915593	0	8029525	4
915593	0	8029527	5
915593	0	8029530	5
915593	0	8029532	2
915593	0	8029533	5
915593	0	8103065	5
915593	0	8103067	4
915593	0	8103068	0
915593	0	8178996	5
915593	0	8178998	4
915593	0	8178999	2
915593	0	8179000	1
915593	0	8179001	2
915593	0	8179003	0
915593	0	82105	2
915593	0	82106	5
915593	0	82107	5
915593	0	82108	5
915593	0	82109	0
915593	0	82110	5
915593	0	82111	3
915593	0	82113	5
915593	0	8275207	4
915593	0	8402967	2
915593	0	8402968	3
915593	0	8402969	1
915593	0	8402970	2
915593	0	8402971	5
915593	0	8402972	5
915593	0	8402973	2
915593	0	8402974	2
915593	0	8455301	0
915593	0	8455302	3
915593	0	8455304	4
915593	0	8455306	3
915593	0	8736930	0
962179	0	1006865	2
962179	0	1371846	2
962179	0	1645080	5
962179	0	1882903	3
962179	0	2121342	1
962179	0	2131895	2
962179	0	220191	1
962179	0	2329692	5
962179	0	2329693	4
962179	0	2329696	5
962179	0	2329697	5
962179	0	2329699	5
962179	0	2329700	3
962179	0	2329701	4
962179	0	2372123	2
962179	0	2433077	1
962179	0	2697161	2
962179	0	2781435	2
962179	0	2978864	5
962179	0	2978865	4
962179	0	2978866	5
962179	0	2978867	2
962179	0	2978868	3
962179	0	2978869	4
962179	0	2978870	5
962179	0	2978871	4
962179	0	302861	5
962179	0	302867	2
962179	0	3033200	2
962179	0	3046928	1
962179	0	3156128	1
962179	0	3173625	2
962179	0	3202309	0
962179	0	3422319	2
962179	0	3544337	2
962179	0	3705165	5
962179	0	3958152	2
962179	0	4257871	4
962179	0	4257872	4
962179	0	4257873	3
962179	0	4511499	5
962179	0	4511500	4
962179	0	4511502	4
962179	0	4511503	5
962179	0	4606386	5
962179	0	4606387	5
962179	0	4606388	3
962179	0	4610583	0
962179	0	5105844	1
962179	0	5123740	0
962179	0	5198217	0
962179	0	5282332	1
962179	0	529450	2
962179	0	5329867	4
962179	0	5340	0
962179	0	534563	5
962179	0	536176	5
962179	0	536177	2
962179	0	536178	2
962179	0	5653652	1
962179	0	5653653	2
962179	0	5653656	2
962179	0	5653657	2
962179	0	5653659	5
962179	0	5919340	5
962179	0	5919342	5
962179	0	5931179	1
962179	0	6675259	5
962179	0	6675260	5
962179	0	6675262	2
962179	0	6675264	4
962179	0	6700397	1
962179	0	6848170	2
962179	0	6898289	5
962179	0	6898293	3
962179	0	6904860	1
962179	0	6904861	1
962179	0	6904862	1
962179	0	6904863	1
962179	0	6980697	5
962179	0	7126017	0
962179	0	7126025	2
962179	0	7260027	0
962179	0	7344694	1
962179	0	7428149	4
962179	0	7733807	4
962179	0	7733810	3
962179	0	7851535	0
962179	0	8032264	1
962179	0	8362124	0
962179	0	8768974	0
962179	0	8785367	4
962179	0	8785368	3
962179	0	8785369	5
962179	0	8785370	2
962179	0	8785371	5
962179	0	8785373	3
962179	0	8785374	4
962179	0	8785375	3
962179	0	931124	1
