1030303	0	1161432	2
1030303	0	1161439	4
1030303	0	1305520	0
1030303	0	1305521	3
1030303	0	1305528	4
1030303	0	1451848	3
1030303	0	1615360	4
1030303	0	176183	0
1030303	0	1905988	5
1030303	0	2047616	2
1030303	0	3062381	2
1030303	0	3083670	1
1030303	0	3302249	2
1030303	0	3302251	4
1030303	0	3302252	4
1030303	0	3302255	2
1030303	0	3318757	1
1030303	0	3327029	5
1030303	0	3601008	1
1030303	0	3738183	1
1030303	0	3880502	5
1030303	0	4236749	5
1030303	0	4245507	0
1030303	0	4358004	2
1030303	0	4542060	4
1030303	0	5130399	2
1030303	0	5533597	2
1030303	0	5681381	2
1030303	0	5681385	2
1030303	0	6054030	2
1030303	0	6222298	3
1030303	0	6271629	3
1030303	0	6895305	2
1030303	0	6939422	4
1030303	0	6939426	0
1030303	0	6939428	0
1030303	0	6939430	5
1030303	0	6939431	3
1030303	0	700079	3
1030303	0	7156982	5
1030303	0	7168323	1
1030303	0	7168324	2
1030303	0	7259969	0
1030303	0	7284047	1
1030303	0	7284052	2
1030303	0	7508058	1
1030303	0	7661516	1
1030303	0	8726429	5
1030303	0	8726430	5
1030303	0	8726432	5
1030303	0	8726433	5
1030303	0	8726434	5
1030303	0	8726435	5
1030303	0	8726436	5
1030303	0	8726437	5
1030303	0	979606	4
1037496	0	2556452	4
1037496	0	2725825	5
1037496	0	2725834	2
1037496	0	2902707	0
1037496	0	3725934	5
1037496	0	3725936	0
1037496	0	3725937	4
1037496	0	3852733	4
1037496	0	4174376	3
1037496	0	4174377	2
1037496	0	4187303	3
1037496	0	4187305	4
1037496	0	4187307	5
1037496	0	4187309	1
1037496	0	4760907	3
1037496	0	4760908	0
1037496	0	4760912	5
1037496	0	4760914	2
1037496	0	4760915	1
1037496	0	4905511	2
1037496	0	4912160	5
1037496	0	4912162	5
1037496	0	4912163	4
1037496	0	4912167	5
1037496	0	4993566	3
1037496	0	57410	2
1037496	0	5927420	0
1037496	0	6866284	1
1037496	0	7287404	2
1037496	0	7766583	5
1037496	0	7766584	1
1037496	0	7766585	1
1037496	0	7766587	2
1037496	0	8805888	2
1043135	0	1637694	3
1043135	0	1637695	5
1043135	0	1637701	2
1043135	0	1845636	0
1043135	0	1845639	1
1043135	0	2443319	3
1043135	0	2443321	5
1043135	0	2664986	1
1043135	0	2664989	2
1043135	0	2664992	2
1043135	0	2664993	4
1043135	0	2664994	0
1043135	0	2664995	4
1043135	0	3378240	1
1043135	0	3878603	5
1043135	0	3878608	0
1043135	0	4355523	5
1043135	0	4541688	4
1043135	0	4994428	4
1043135	0	4994429	0
1043135	0	5262285	4
1043135	0	5262288	4
1043135	0	5262289	2
1043135	0	650641	3
1043135	0	650642	5
1043135	0	7022077	2
1043135	0	7137848	5
1043135	0	7137849	5
1043135	0	7137851	5
1043135	0	8224806	1
1043135	0	8224813	1
1043135	0	8694697	2
1043135	0	8694701	3
1043135	0	8694703	0
1043135	0	8696952	5
1043135	0	8696953	1
1043135	0	8696954	2
1043135	0	8696956	2
1043135	0	8696957	2
1043135	0	8696958	3
1043135	0	8696960	2
1043135	0	8696961	5
1051399	0	1678171	1
1051399	0	1678175	4
1051399	0	2180779	2
1051399	0	2250216	0
1051399	0	2427011	1
1051399	0	2768271	5
1051399	0	2845499	2
1051399	0	2866972	2
1051399	0	2866975	3
1051399	0	2866978	3
1051399	0	2894408	4
1051399	0	2978630	0
1051399	0	2978635	1
1051399	0	3174240	1
1051399	0	3446937	2
1051399	0	3681695	4
1051399	0	3694758	1
1051399	0	3773237	1
1051399	0	3854986	0
1051399	0	3854988	2
1051399	0	3854989	2
1051399	0	3943224	5
1051399	0	3943227	4
1051399	0	3943228	5
1051399	0	3943229	5
1051399	0	3969385	5
1051399	0	3969388	4
1051399	0	4084314	1
1051399	0	4171289	2
1051399	0	4251971	5
1051399	0	4352399	0
1051399	0	4368654	0
1051399	0	4368659	4
1051399	0	4380507	5
1051399	0	4380510	5
1051399	0	4418228	5
1051399	0	4426182	5
1051399	0	4426187	5
1051399	0	4426188	5
1051399	0	4486012	0
1051399	0	4513307	0
1051399	0	4552288	5
1051399	0	4681235	2
1051399	0	4729565	3
1051399	0	4736961	2
1051399	0	4815630	2
1051399	0	4878563	3
1051399	0	5041683	2
1051399	0	5186393	4
1051399	0	5348043	5
1051399	0	570299	1
1051399	0	69812	2
1051399	0	69813	5
1051399	0	69818	5
1051399	0	69819	4
1051399	0	745839	2
1051399	0	7744096	3
1051399	0	7760091	2
1051399	0	7815275	4
1051399	0	7848669	2
1051399	0	7848670	3
1051399	0	7848674	3
1051399	0	8712317	2
1051399	0	8818330	1
1064670	0	1237071	1
1064670	0	129459	4
1064670	0	129461	4
1064670	0	129462	5
1064670	0	129463	3
1064670	0	129467	2
1064670	0	129468	5
1064670	0	1567821	1
1064670	0	1567824	5
1064670	0	1760662	0
1064670	0	2839843	4
1064670	0	2977156	2
1064670	0	2977159	1
1064670	0	2977160	2
1064670	0	2998832	0
1064670	0	3079526	3
1064670	0	3333956	1
1064670	0	3644829	0
1064670	0	3741166	1
1064670	0	3807086	1
1064670	0	3826026	2
1064670	0	402493	2
1064670	0	4114926	2
1064670	0	4845639	1
1064670	0	5888407	0
1064670	0	6062648	4
1064670	0	6824284	4
1064670	0	6824285	3
1064670	0	6824287	2
1064670	0	6824288	3
1064670	0	6824289	5
1064670	0	6991411	0
1064670	0	736681	2
1064670	0	7556560	4
1064670	0	7734392	5
1064670	0	8100015	4
1064670	0	8100018	2
1064670	0	8100020	3
1064670	0	816339	1
1064670	0	816340	4
1064670	0	8337453	2
1064670	0	8337455	2
1064670	0	8680897	5
1064670	0	8680901	5
1064670	0	8680902	5
1064670	0	8680903	5
1064670	0	8680904	5
1064670	0	8680905	5
1064670	0	8680906	5
1064670	0	8734273	2
1071750	0	3016474	1
1071750	0	3016481	4
1071750	0	3575934	3
1071750	0	3850956	4
1071750	0	3928913	5
1071750	0	3928914	1
1071750	0	3928915	5
1071750	0	3928916	5
1071750	0	3928917	4
1071750	0	3928918	0
1071750	0	3928919	4
1071750	0	4133644	2
1071750	0	4717401	5
1071750	0	4794978	5
1071750	0	6508491	5
1071750	0	6508493	0
1071750	0	6508494	5
1071750	0	6508498	3
1071750	0	7778577	2
1071750	0	8378383	3
1071750	0	8378385	2
1071750	0	8378386	1
1071750	0	8378389	0
1071750	0	8378390	5
1071750	0	8378391	1
1071750	0	8698268	2
1071750	0	8698269	2
1071750	0	8698270	0
1071750	0	8698271	2
1071750	0	8698272	1
1071750	0	8698273	3
1071750	0	8698274	2
1071750	0	8698275	4
1071750	0	8698276	2
1105792	0	1088729	2
1105792	0	1620080	1
1105792	0	2668971	0
1105792	0	342876	0
1105792	0	3813126	1
1105792	0	4193893	2
1105792	0	4545233	4
1105792	0	5063488	2
1105792	0	5665835	3
1105792	0	6412594	2
1105792	0	6977017	1
1105792	0	7102720	4
1105792	0	7480463	3
1105792	0	8201610	0
1105792	0	8201611	5
1105792	0	8201612	5
1105792	0	8201613	5
1105792	0	8201614	5
1105792	0	8201615	4
1105792	0	8201616	5
1105792	0	8201617	2
1105792	0	8201618	4
1105792	0	8201619	2
1106979	0	2306620	5
1106979	0	2884219	0
1106979	0	3290646	1
1106979	0	3290649	4
1106979	0	3290651	5
1106979	0	348054	2
1106979	0	348055	1
1106979	0	348057	3
1106979	0	4219185	2
1106979	0	430215	0
1106979	0	7557632	1
1106979	0	7674419	2
1106979	0	799359	5
1106979	0	8190133	5
1106979	0	8190134	4
1106979	0	8190137	2
1106979	0	8190139	3
1106979	0	8190140	4
1108651	0	1325612	1
1108651	0	1421349	1
1108651	0	1421350	5
1108651	0	1421351	2
1108651	0	1421352	2
1108651	0	1421353	5
1108651	0	1421354	2
1108651	0	1421355	3
1108651	0	1457501	5
1108651	0	1482137	0
1108651	0	1643324	1
1108651	0	1646383	3
1108651	0	1649639	4
1108651	0	1738015	4
1108651	0	2024963	3
1108651	0	2065792	0
1108651	0	2141336	2
1108651	0	2475817	2
1108651	0	2564930	3
1108651	0	2682940	5
1108651	0	2745683	5
1108651	0	3102788	4
1108651	0	3102791	0
1108651	0	3102792	4
1108651	0	4304301	2
1108651	0	488271	5
1108651	0	4911228	3
1108651	0	5330509	2
1108651	0	5330510	2
1108651	0	5830553	2
1108651	0	6058576	3
1108651	0	6348741	2
1108651	0	6517914	2
1108651	0	6522183	4
1108651	0	6620938	1
1108651	0	6623205	2
1108651	0	6635998	4
1108651	0	6636001	5
1108651	0	6663873	1
1108651	0	6731792	1
1108651	0	6756165	0
1108651	0	6916357	4
1108651	0	7904315	0
1108651	0	815597	1
1108651	0	8175407	5
1108651	0	8175408	5
1108651	0	8175409	1
1108651	0	8175410	5
1108651	0	8175411	2
1108651	0	8175412	5
1108651	0	8175414	5
1108651	0	8175415	4
1108651	0	8258085	2
1108651	0	8289552	2
1108651	0	8289554	4
1108651	0	8289556	5
1108651	0	8289557	0
1108651	0	8289561	5
1108651	0	8591633	1
1109707	0	1011113	3
1109707	0	1143386	5
1109707	0	1143389	3
1109707	0	1190624	1
1109707	0	1230608	2
1109707	0	1255271	1
1109707	0	1608567	5
1109707	0	1719371	5
1109707	0	1719372	4
1109707	0	1719374	4
1109707	0	1823563	1
1109707	0	1911564	5
1109707	0	2245437	5
1109707	0	2510185	5
1109707	0	2646535	4
1109707	0	3039465	2
1109707	0	3039466	1
1109707	0	3982977	4
1109707	0	4099609	3
1109707	0	4122615	1
1109707	0	4122618	5
1109707	0	4236627	5
1109707	0	4237062	0
1109707	0	4294915	2
1109707	0	4332695	2
1109707	0	4370752	4
1109707	0	4370753	5
1109707	0	458599	3
1109707	0	458603	2
1109707	0	4788762	1
1109707	0	5121347	2
1109707	0	5145050	4
1109707	0	517840	2
1109707	0	517849	4
1109707	0	5415865	0
1109707	0	5740304	3
1109707	0	5813142	2
1109707	0	5826551	5
1109707	0	5942603	1
1109707	0	5947139	4
1109707	0	5947140	2
1109707	0	603152	0
1109707	0	6238285	2
1109707	0	6752975	0
1109707	0	679386	4
1109707	0	6872195	5
1109707	0	7030351	0
1109707	0	7241557	5
1109707	0	7566099	0
1109707	0	7566102	1
1109707	0	7671117	5
1109707	0	7671118	2
1109707	0	7671120	2
1109707	0	771002	5
1109707	0	771745	5
1109707	0	7979663	2
1109707	0	8008033	2
1109707	0	8165491	2
1109707	0	8165497	1
1109707	0	8363279	3
1109707	0	8363280	0
1110678	0	1174910	1
1110678	0	1191773	5
1110678	0	1263295	2
1110678	0	1273671	0
1110678	0	1273674	1
1110678	0	1273677	5
1110678	0	1327784	2
1110678	0	1368315	2
1110678	0	1555304	3
1110678	0	1710934	4
1110678	0	2126363	0
1110678	0	2310814	1
1110678	0	2713703	1
1110678	0	2713704	1
1110678	0	2713705	4
1110678	0	2713707	4
1110678	0	2713708	2
1110678	0	2713709	5
1110678	0	2713710	0
1110678	0	2713711	4
1110678	0	2748417	3
1110678	0	3116196	5
1110678	0	3195542	2
1110678	0	3559144	3
1110678	0	358450	5
1110678	0	3719134	2
1110678	0	3898227	3
1110678	0	4105531	2
1110678	0	4517440	5
1110678	0	4562240	1
1110678	0	4671167	5
1110678	0	4671169	4
1110678	0	4938479	0
1110678	0	5260903	0
1110678	0	5272210	4
1110678	0	5510586	2
1110678	0	5719597	5
1110678	0	5719602	1
1110678	0	6028890	5
1110678	0	6132506	3
1110678	0	6132507	5
1110678	0	6512111	2
1110678	0	6512116	4
1110678	0	6512117	2
1110678	0	6632692	3
1110678	0	6704694	0
1110678	0	7139329	2
1110678	0	7142094	2
1110678	0	7238156	4
1110678	0	741943	5
1110678	0	7487380	1
1110678	0	7671274	3
1110678	0	7681504	5
1110678	0	7822741	2
1110678	0	7822742	2
1110678	0	7822744	2
1110678	0	7833464	4
1110678	0	8092357	1
1110678	0	8155909	2
1110678	0	8155910	5
1110678	0	8155912	5
1110678	0	8155913	5
1110678	0	8155914	5
1110678	0	8159105	1
1110678	0	8319126	4
1110678	0	8378139	0
1110678	0	8541271	2
1113256	0	2168017	0
1113256	0	2285445	2
1113256	0	2808248	5
1113256	0	3129397	0
1113256	0	4655257	3
1113256	0	5236650	3
1113256	0	5365819	2
1113256	0	5542279	2
1113256	0	6718038	4
1113256	0	6915168	1
1113256	0	7494942	4
1113256	0	7557212	0
1113256	0	7561111	2
1113256	0	7561113	5
1113256	0	7561114	5
1113256	0	7561115	5
1113256	0	7561116	3
1113256	0	7561117	4
1113256	0	7561118	1
1113256	0	7561120	5
1113256	0	8040362	2
1113256	0	8130528	1
1113256	0	8130529	1
1113256	0	8130530	5
1113256	0	8130535	4
1113256	0	8447987	2
1115210	0	1139086	5
1115210	0	1139088	1
1115210	0	1139091	5
1115210	0	1537119	0
1115210	0	1592599	4
1115210	0	2168219	3
1115210	0	2168224	3
1115210	0	2237161	4
1115210	0	2690664	4
1115210	0	3031188	2
1115210	0	3031191	0
1115210	0	3525807	2
1115210	0	3676753	1
1115210	0	3793694	1
1115210	0	3793701	2
1115210	0	382378	5
1115210	0	3901001	1
1115210	0	409739	0
1115210	0	4189777	1
1115210	0	4450403	2
1115210	0	4450404	2
1115210	0	4722362	0
1115210	0	4781712	4
1115210	0	4791665	1
1115210	0	4902828	0
1115210	0	4981876	4
1115210	0	5547291	3
1115210	0	5547292	3
1115210	0	5547293	0
1115210	0	5547294	2
1115210	0	5547295	3
1115210	0	5547298	2
1115210	0	5547299	2
1115210	0	5769768	5
1115210	0	585138	3
1115210	0	5874877	4
1115210	0	71287	2
1115210	0	7440361	4
1115210	0	7440363	0
1115210	0	7440364	5
1115210	0	7487597	3
1115210	0	7487600	2
1115210	0	7487601	5
1115210	0	7628774	2
1115210	0	7666784	2
1115210	0	778989	2
1115210	0	8111878	5
1115210	0	8111879	2
1115210	0	8111881	5
1115210	0	8111882	5
1115210	0	8111883	4
1115210	0	8111884	5
1115210	0	8111885	5
1115210	0	8111886	5
1115210	0	8111887	5
1115210	0	8237862	1
1115210	0	8237865	1
1115210	0	8390252	2
1115210	0	8390254	5
1115210	0	840010	5
1115210	0	840012	5
1115210	0	845823	2
1115210	0	845828	4
1115210	0	8561242	1
1116380	0	1242073	1
1116380	0	1422757	4
1116380	0	1422760	0
1116380	0	1422761	2
1116380	0	1537443	0
1116380	0	1537447	5
1116380	0	1635678	3
1116380	0	1645711	3
1116380	0	1883474	1
1116380	0	189097	1
1116380	0	2302568	2
1116380	0	2302571	2
1116380	0	2557536	3
1116380	0	2626979	1
1116380	0	2626982	0
1116380	0	283258	4
1116380	0	283261	5
1116380	0	283262	2
1116380	0	283264	5
1116380	0	283266	2
1116380	0	283267	5
1116380	0	2960678	5
1116380	0	3588232	2
1116380	0	3588234	5
1116380	0	3680690	3
1116380	0	4118339	5
1116380	0	444969	2
1116380	0	5073073	0
1116380	0	5104772	3
1116380	0	5104773	4
1116380	0	5104774	2
1116380	0	5104775	2
1116380	0	5104779	3
1116380	0	521341	4
1116380	0	521345	4
1116380	0	5395322	2
1116380	0	5654382	0
1116380	0	5752652	4
1116380	0	5752653	5
1116380	0	5752657	5
1116380	0	6385486	1
1116380	0	6431022	0
1116380	0	684555	2
1116380	0	684558	5
1116380	0	684559	2
1116380	0	7215246	1
1116380	0	765646	4
1116380	0	7659172	1
1116380	0	7879731	5
1116380	0	8100541	2
1116380	0	8100542	5
1116380	0	8100543	5
1116380	0	8100545	5
1116380	0	8100546	5
1116380	0	8100548	2
1116380	0	8113949	4
1116380	0	8371014	1
1116380	0	8612548	1
1116380	0	8784326	2
1116380	0	8784331	4
1121353	0	1122644	3
1121353	0	1259245	3
1121353	0	1470180	5
1121353	0	1643468	2
1121353	0	1713980	5
1121353	0	1718235	1
1121353	0	1727596	2
1121353	0	1854970	0
1121353	0	1886363	4
1121353	0	1891190	1
1121353	0	1949495	1
1121353	0	195110	5
1121353	0	2043904	2
1121353	0	2213823	0
1121353	0	2213824	5
1121353	0	2260259	4
1121353	0	2474382	2
1121353	0	2477448	5
1121353	0	3405327	2
1121353	0	3405776	2
1121353	0	3527298	4
1121353	0	3541849	0
1121353	0	3541854	0
1121353	0	3641804	5
1121353	0	3658919	2
1121353	0	3658920	5
1121353	0	3658922	2
1121353	0	3658923	3
1121353	0	3683368	0
1121353	0	3763468	3
1121353	0	3856519	3
1121353	0	4249422	4
1121353	0	4255177	2
1121353	0	4259960	5
1121353	0	4405874	0
1121353	0	4440318	5
1121353	0	4440326	4
1121353	0	4595103	5
1121353	0	4828747	5
1121353	0	4872676	3
1121353	0	4881885	4
1121353	0	4969906	2
1121353	0	5065103	0
1121353	0	5300162	1
1121353	0	5357560	4
1121353	0	5407059	4
1121353	0	5540041	5
1121353	0	5540043	4
1121353	0	5572759	0
1121353	0	5584830	1
1121353	0	5606060	2
1121353	0	5642762	1
1121353	0	5754666	1
1121353	0	5884499	1
1121353	0	623603	1
1121353	0	623604	5
1121353	0	6352616	5
1121353	0	6352617	5
1121353	0	6352622	5
1121353	0	6379159	2
1121353	0	6381283	2
1121353	0	6599525	2
1121353	0	6606564	2
1121353	0	7070396	0
1121353	0	7191734	4
1121353	0	7344839	2
1121353	0	7363356	4
1121353	0	8041299	2
1121353	0	8053108	5
1121353	0	8053109	5
1121353	0	8053110	1
1121353	0	8053112	5
1121353	0	8053113	4
1121353	0	8053117	5
1121353	0	8081420	2
1121353	0	8083913	2
1121353	0	8261242	1
1121353	0	8436349	1
1121353	0	858644	2
1121353	0	8671649	2
1121353	0	8684415	3
1121353	0	8728942	4
1121353	0	8728948	5
1121353	0	935133	3
1121353	0	937044	1
1121353	0	946643	2
1121353	0	946647	3
1122767	0	1176273	1
1122767	0	1253475	3
1122767	0	1575377	3
1122767	0	1901639	5
1122767	0	2019367	5
1122767	0	2019371	5
1122767	0	2358778	5
1122767	0	2859904	1
1122767	0	2859907	0
1122767	0	3407781	0
1122767	0	3559293	3
1122767	0	4102083	5
1122767	0	4161416	4
1122767	0	4161419	2
1122767	0	4461311	5
1122767	0	4461313	5
1122767	0	4550504	5
1122767	0	458261	2
1122767	0	468959	2
1122767	0	4784605	5
1122767	0	4824677	4
1122767	0	4824679	4
1122767	0	5285491	2
1122767	0	5796709	2
1122767	0	5877496	2
1122767	0	5877500	3
1122767	0	6179207	1
1122767	0	6179209	2
1122767	0	6179210	5
1122767	0	6179213	4
1122767	0	668427	2
1122767	0	6727509	0
1122767	0	6851717	2
1122767	0	6851720	1
1122767	0	7544609	1
1122767	0	7863109	1
1122767	0	8039583	4
1122767	0	8039590	2
1122767	0	884946	4
1122767	0	884952	0
1127540	0	1145263	2
1127540	0	1145264	1
1127540	0	1683442	2
1127540	0	2044364	5
1127540	0	2044366	4
1127540	0	2044368	5
1127540	0	2044369	1
1127540	0	2044370	1
1127540	0	2044371	0
1127540	0	2044372	5
1127540	0	2574460	4
1127540	0	4368062	2
1127540	0	5728324	3
1127540	0	5728333	2
1127540	0	5753339	2
1127540	0	8077956	1
1127540	0	8726954	4
1127540	0	8726955	3
1127540	0	8726956	4
1127540	0	8726957	5
1127540	0	8726958	5
1127540	0	8726959	0
1127540	0	8726960	0
1127540	0	8726961	5
1127540	0	8726962	2
1127540	0	8726963	3
1131069	0	1627668	4
1131069	0	1780963	3
1131069	0	1780965	1
1131069	0	1780966	3
1131069	0	1780968	2
1131069	0	1780969	1
1131069	0	1780970	2
1131069	0	1780971	5
1131069	0	2760729	0
1131069	0	2805723	5
1131069	0	2805726	5
1131069	0	3140073	3
1131069	0	3298559	2
1131069	0	4120158	0
1131069	0	429333	5
1131069	0	4311900	4
1131069	0	4318857	4
1131069	0	5211648	2
1131069	0	5455642	1
1131069	0	5871207	4
1131069	0	6661248	2
1131069	0	6809697	2
1131069	0	6809698	1
1131069	0	6809699	1
1131069	0	6809701	5
1131069	0	6809702	2
1131069	0	6809703	2
1131069	0	6907802	0
1131069	0	6907805	2
1131069	0	6907806	4
1131069	0	6907807	2
1131069	0	6907808	5
1131069	0	6907809	1
1131069	0	7275756	1
1131069	0	7275757	0
1131069	0	7315060	5
1131069	0	7419370	3
1131069	0	7610004	3
1131069	0	7610010	0
1131069	0	7962538	4
1131069	0	8191742	2
1131069	0	8191743	4
1131069	0	8432048	5
1131069	0	8432049	5
1131069	0	8432050	5
1131069	0	8432053	2
1131069	0	8669561	5
1132532	0	1012083	1
1132532	0	1229278	1
1132532	0	1245510	4
1132532	0	1245511	0
1132532	0	23962	5
1132532	0	23966	2
1132532	0	2536147	3
1132532	0	2762578	0
1132532	0	3299150	1
1132532	0	3406612	0
1132532	0	3643206	5
1132532	0	3797904	0
1132532	0	4110870	4
1132532	0	4591601	1
1132532	0	4851673	2
1132532	0	4851677	2
1132532	0	4893092	2
1132532	0	5041349	2
1132532	0	5053525	2
1132532	0	5510988	1
1132532	0	5910809	5
1132532	0	5989422	1
1132532	0	6117740	5
1132532	0	6117745	3
1132532	0	6142066	3
1132532	0	6150717	0
1132532	0	6176605	2
1132532	0	6189364	4
1132532	0	6189365	5
1132532	0	6189366	5
1132532	0	6189367	2
1132532	0	6189369	3
1132532	0	6191514	5
1132532	0	6832788	1
1132532	0	6832789	5
1132532	0	6832790	4
1132532	0	6832791	5
1132532	0	6832793	2
1132532	0	6832794	2
1132532	0	6832795	4
1132532	0	718132	5
1132532	0	7508490	3
1132532	0	7508491	4
1132532	0	7508493	4
1132532	0	7543160	2
1132532	0	7543163	1
1132532	0	7543164	5
1132532	0	7941105	4
1132532	0	8307656	5
1132532	0	8307661	5
1132532	0	8318621	3
1132532	0	8318622	2
1132532	0	94140	0
1132532	0	986668	2
1133579	0	1200778	4
1133579	0	1200780	4
1133579	0	1318194	3
1133579	0	1659305	5
1133579	0	1659306	1
1133579	0	1659308	3
1133579	0	1694484	5
1133579	0	1694485	2
1133579	0	1817052	3
1133579	0	1817055	5
1133579	0	1817057	1
1133579	0	2067537	0
1133579	0	2067540	2
1133579	0	2067544	1
1133579	0	2067545	2
1133579	0	2448462	5
1133579	0	2727068	5
1133579	0	2829602	2
1133579	0	3321778	4
1133579	0	3691482	3
1133579	0	3691484	2
1133579	0	3691486	5
1133579	0	3841449	2
1133579	0	4057637	1
1133579	0	4057642	5
1133579	0	4274862	1
1133579	0	4274863	5
1133579	0	4274864	0
1133579	0	4274865	1
1133579	0	4506270	3
1133579	0	4668677	5
1133579	0	4868943	0
1133579	0	4931641	3
1133579	0	4931642	5
1133579	0	4931644	2
1133579	0	4931645	0
1133579	0	5277542	0
1133579	0	5277543	5
1133579	0	6252755	2
1133579	0	6252757	2
1133579	0	6600375	5
1133579	0	670206	5
1133579	0	7011715	0
1133579	0	7011718	2
1133579	0	733202	4
1133579	0	733203	4
1133579	0	733207	2
1133579	0	733208	4
1133579	0	733210	2
1133579	0	8220878	2
1133579	0	8379135	4
1133579	0	852137	1
1136043	0	1056534	5
1136043	0	1056535	4
1136043	0	1056537	1
1136043	0	1056540	2
1136043	0	1634131	4
1136043	0	1634132	1
1136043	0	1634134	5
1136043	0	2428271	2
1136043	0	2701068	3
1136043	0	3028339	0
1136043	0	4882508	4
1136043	0	4970862	2
1136043	0	5000763	0
1136043	0	5477706	2
1136043	0	5575991	2
1136043	0	6420308	1
1136043	0	6883734	2
1136043	0	7880131	0
1136043	0	852195	1
1136043	0	852196	2
1136043	0	852197	3
1136043	0	8728069	4
1136043	0	8728070	3
1136043	0	8728071	5
1136043	0	8728072	5
1136043	0	8728074	5
1136043	0	8728076	5
1136043	0	8728077	5
1136043	0	8728078	1
1136047	0	1716878	1
1136047	0	1716882	2
1136047	0	2186578	5
1136047	0	2330118	4
1136047	0	2815435	3
1136047	0	2815436	3
1136047	0	3006066	2
1136047	0	3447385	0
1136047	0	3775376	1
1136047	0	3960078	2
1136047	0	3988779	2
1136047	0	512481	5
1136047	0	512482	5
1136047	0	512483	0
1136047	0	512487	1
1136047	0	512489	1
1136047	0	6093345	2
1136047	0	6499345	1
1136047	0	7009393	4
1136047	0	7540967	3
1136047	0	7540969	0
1136047	0	7571090	2
1136047	0	8328670	2
1136047	0	8724031	5
1136047	0	8724032	4
1136047	0	8724033	4
1136047	0	8724034	4
1136047	0	8724035	5
1136047	0	8724036	5
1136047	0	8724038	5
1136962	0	2293833	2
1136962	0	2668190	1
1136962	0	275377	2
1136962	0	277849	0
1136962	0	3293337	4
1136962	0	3348372	4
1136962	0	3646987	2
1136962	0	3863653	4
1136962	0	4088981	3
1136962	0	4170447	0
1136962	0	4548553	4
1136962	0	4589723	1
1136962	0	4589724	2
1136962	0	4589728	5
1136962	0	4589730	5
1136962	0	4601613	2
1136962	0	5414508	4
1136962	0	5471438	3
1136962	0	596001	5
1136962	0	6185710	2
1136962	0	6185711	5
1136962	0	6185712	5
1136962	0	6185714	5
1136962	0	6185715	0
1136962	0	6185716	0
1136962	0	6185717	1
1136962	0	6211004	5
1136962	0	6684779	1
1136962	0	7631079	3
1136962	0	7631083	2
1136962	0	7631084	1
1136962	0	8336574	5
1136962	0	8336578	2
118440	0	1072191	0
118440	0	1305126	2
118440	0	1323064	5
118440	0	1445681	4
118440	0	1445685	4
118440	0	1569786	5
118440	0	1569787	5
118440	0	158199	0
118440	0	158205	5
118440	0	1827531	1
118440	0	230122	3
118440	0	232473	2
118440	0	2504007	5
118440	0	2674158	1
118440	0	2699180	5
118440	0	2699188	5
118440	0	2843799	5
118440	0	2975214	0
118440	0	2975216	0
118440	0	3033116	4
118440	0	3104947	1
118440	0	3104953	2
118440	0	3647356	4
118440	0	3647357	4
118440	0	4236463	1
118440	0	4403465	4
118440	0	4403471	3
118440	0	4574420	3
118440	0	4737856	2
118440	0	4868258	5
118440	0	5149039	0
118440	0	5229209	1
118440	0	6360238	4
118440	0	6382751	2
118440	0	6382753	2
118440	0	6382755	3
118440	0	6609239	2
118440	0	6609240	2
118440	0	6687966	5
118440	0	6744365	5
118440	0	6744368	2
118440	0	6750547	3
118440	0	6750548	1
118440	0	6750549	0
118440	0	6750551	1
118440	0	6750552	2
118440	0	6750554	1
118440	0	6802137	5
118440	0	7035722	5
118440	0	7159218	4
118440	0	7539487	2
118440	0	7703789	2
118440	0	7967582	2
118440	0	8412702	3
118440	0	8527723	5
118440	0	8785852	2
121171	0	1278921	0
121171	0	1278923	5
121171	0	1278926	4
121171	0	2550806	2
121171	0	2550807	1
121171	0	2550810	2
121171	0	2550811	5
121171	0	2550813	5
121171	0	2550814	5
121171	0	259430	5
121171	0	259431	2
121171	0	259433	2
121171	0	259434	3
121171	0	259435	3
121171	0	259436	5
121171	0	259437	1
121171	0	2626101	5
121171	0	2631827	2
121171	0	2735732	0
121171	0	3092263	1
121171	0	3812019	0
121171	0	3812022	5
121171	0	451170	5
121171	0	451171	2
121171	0	451172	2
121171	0	451173	2
121171	0	451174	4
121171	0	451175	4
121171	0	451176	2
121171	0	5809826	5
121171	0	5809831	2
121171	0	5930988	0
121171	0	6580476	1
121171	0	7165126	3
121171	0	7224846	0
121171	0	8056821	3
121171	0	8164251	4
121171	0	8260188	4
121171	0	8260191	3
121171	0	8260192	5
121171	0	8260193	2
121171	0	8260194	1
121171	0	8260195	4
121171	0	8643275	1
135802	0	1103938	5
135802	0	1256034	2
135802	0	2539732	0
135802	0	2539740	3
135802	0	2739063	2
135802	0	2739069	1
135802	0	2739070	0
135802	0	3624450	1
135802	0	366625	5
135802	0	4007446	4
135802	0	4007447	2
135802	0	4347259	1
135802	0	4382396	1
135802	0	4411252	4
135802	0	4919670	2
135802	0	5394718	2
135802	0	6037331	4
135802	0	6037338	3
135802	0	663707	0
135802	0	7003682	5
135802	0	7020899	4
135802	0	7075501	1
135802	0	7144826	2
135802	0	7327478	1
135802	0	802446	5
135802	0	8120579	0
135802	0	8264847	2
135802	0	8692619	5
135802	0	8692620	3
135802	0	8692621	3
135802	0	8692622	4
135802	0	8692623	5
135802	0	8692624	5
135802	0	8692625	2
135802	0	8692626	5
135802	0	8692627	2
135802	0	8692628	5
141630	0	1157245	1
141630	0	1157249	1
141630	0	1157251	5
141630	0	1314689	2
141630	0	1353759	4
141630	0	1889340	5
141630	0	2173072	1
141630	0	2366119	2
141630	0	2366121	2
141630	0	2473236	0
141630	0	2752564	1
141630	0	2851002	2
141630	0	3000836	0
141630	0	3096184	0
141630	0	3139270	3
141630	0	340875	2
141630	0	3500851	1
141630	0	3500852	2
141630	0	3500854	2
141630	0	3500855	4
141630	0	3500856	2
141630	0	3500857	2
141630	0	3500860	2
141630	0	3672655	5
141630	0	3722955	5
141630	0	4098919	4
141630	0	4098924	0
141630	0	4101944	5
141630	0	4101946	4
141630	0	4101951	2
141630	0	4101953	4
141630	0	4422338	2
141630	0	4422339	4
141630	0	4422342	5
141630	0	4422344	5
141630	0	5098393	1
141630	0	5098396	4
141630	0	5098397	4
141630	0	5098398	2
141630	0	5126206	0
141630	0	5126207	2
141630	0	5337305	5
141630	0	5389973	5
141630	0	5694666	1
141630	0	5921140	0
141630	0	6007469	2
141630	0	6064897	5
141630	0	6290795	4
141630	0	6319711	1
141630	0	6496225	5
141630	0	6496226	0
141630	0	6496228	3
141630	0	6530476	3
141630	0	6580043	2
141630	0	6638749	5
141630	0	6861521	5
141630	0	6865899	1
141630	0	7107466	1
141630	0	7705603	4
141630	0	7985117	3
141630	0	7985118	1
141630	0	8068281	5
141630	0	806878	5
141630	0	8225222	4
141630	0	8319987	5
141630	0	8319989	4
141630	0	8319990	3
141630	0	8319991	2
141630	0	8319993	5
141630	0	861355	0
141630	0	8653585	5
141630	0	8653589	2
141630	0	8685361	3
141630	0	8768725	3
141630	0	885784	2
156498	0	104801	5
156498	0	104803	5
156498	0	1066785	5
156498	0	1066789	2
156498	0	1564664	2
156498	0	1584048	4
156498	0	1663164	3
156498	0	1840047	1
156498	0	2167314	4
156498	0	3288004	2
156498	0	3301559	5
156498	0	3301562	5
156498	0	3301563	5
156498	0	3397582	2
156498	0	3669926	5
156498	0	3852372	2
156498	0	4026114	4
156498	0	4273410	4
156498	0	4273412	2
156498	0	4273418	4
156498	0	4273419	5
156498	0	4325225	3
156498	0	4468111	1
156498	0	463355	3
156498	0	494576	0
156498	0	4960216	5
156498	0	4960218	0
156498	0	5606985	2
156498	0	6555091	1
156498	0	6648988	1
156498	0	7393854	0
156498	0	7393858	3
156498	0	7456851	1
156498	0	8146073	1
156498	0	824332	2
156498	0	8615232	2
156498	0	8648969	4
156498	0	8823842	0
169208	0	1395413	5
169208	0	1395417	4
169208	0	1395418	2
169208	0	1480206	1
169208	0	2294759	1
169208	0	2408681	1
169208	0	2888367	5
169208	0	3408570	0
169208	0	3561306	2
169208	0	3715860	3
169208	0	4085645	4
169208	0	4180364	2
169208	0	4202275	2
169208	0	4202278	2
169208	0	4321613	2
169208	0	4354838	1
169208	0	4580131	4
169208	0	4580132	5
169208	0	4580133	5
169208	0	4580137	5
169208	0	4580139	3
169208	0	4694325	5
169208	0	4728189	5
169208	0	4762134	0
169208	0	4762135	1
169208	0	4762140	5
169208	0	4762141	4
169208	0	4859432	5
169208	0	4859433	5
169208	0	4859437	5
169208	0	4859438	3
169208	0	5268915	4
169208	0	5541538	2
169208	0	5872890	5
169208	0	6252711	0
169208	0	6413011	2
169208	0	6435804	0
169208	0	6808748	1
169208	0	7169063	1
169208	0	721607	3
169208	0	721610	3
169208	0	7251639	2
169208	0	8230949	2
169208	0	8303019	0
169208	0	8411957	1
169208	0	8518731	4
169208	0	8518733	2
169208	0	85987	2
169208	0	85989	4
174463	0	1013078	2
174463	0	1024759	3
174463	0	1024761	3
174463	0	1024762	5
174463	0	1024763	0
174463	0	1024764	4
174463	0	1024766	4
174463	0	1024767	5
174463	0	102528	1
174463	0	1070616	2
174463	0	1479952	3
174463	0	1567952	2
174463	0	1567956	5
174463	0	1567958	2
174463	0	1567960	0
174463	0	1788354	2
174463	0	1788355	2
174463	0	1835370	4
174463	0	1835371	4
174463	0	1835375	5
174463	0	1835377	5
174463	0	1854166	5
174463	0	1854167	1
174463	0	2382185	1
174463	0	2533619	1
174463	0	2533622	3
174463	0	2533623	5
174463	0	2533624	5
174463	0	2533625	4
174463	0	2533626	4
174463	0	299161	4
174463	0	3213498	5
174463	0	3235293	2
174463	0	3501225	1
174463	0	3501229	3
174463	0	3716946	2
174463	0	3716947	1
174463	0	4275746	2
174463	0	4275747	2
174463	0	4275752	2
174463	0	4321177	5
174463	0	4452289	0
174463	0	4452291	2
174463	0	4501665	1
174463	0	4662168	1
174463	0	4665971	2
174463	0	470707	4
174463	0	470708	4
174463	0	470710	2
174463	0	470711	2
174463	0	470712	4
174463	0	4710618	4
174463	0	5084515	0
174463	0	5264564	3
174463	0	5264567	2
174463	0	5303493	0
174463	0	5303495	5
174463	0	5303496	4
174463	0	5538544	1
174463	0	5641976	0
174463	0	5688367	2
174463	0	5779094	5
174463	0	6083368	3
174463	0	6083369	3
174463	0	6083371	5
174463	0	6094016	4
174463	0	6094017	5
174463	0	6094019	2
174463	0	6294949	0
174463	0	6330267	2
174463	0	6718985	0
174463	0	6718987	5
174463	0	6867423	5
174463	0	7089624	5
174463	0	7089625	3
174463	0	7089627	0
174463	0	7089629	5
174463	0	7089630	2
174463	0	7089632	5
174463	0	7314482	1
174463	0	7812730	1
174463	0	8304451	1
174463	0	8304454	5
174463	0	8304456	5
174463	0	8304457	1
174463	0	8304458	5
174463	0	8454980	2
174463	0	8770949	2
23849	0	1034183	4
23849	0	1068470	1
23849	0	1158886	5
23849	0	1215556	5
23849	0	1333480	4
23849	0	1449785	2
23849	0	1460057	4
23849	0	1594083	5
23849	0	1601003	2
23849	0	1622747	3
23849	0	1739455	2
23849	0	178252	2
23849	0	1825393	5
23849	0	188190	5
23849	0	1944730	4
23849	0	2039331	3
23849	0	2055243	0
23849	0	2199035	3
23849	0	2209883	5
23849	0	2217275	1
23849	0	2516458	1
23849	0	2647769	5
23849	0	2674124	2
23849	0	3978767	5
23849	0	4188880	5
23849	0	4237823	1
23849	0	4281690	4
23849	0	4348282	3
23849	0	436721	4
23849	0	446099	1
23849	0	4491642	1
23849	0	4556932	5
23849	0	4556933	4
23849	0	4556938	2
23849	0	4712571	0
23849	0	4806514	5
23849	0	4834498	4
23849	0	4920679	1
23849	0	4942375	2
23849	0	4944603	3
23849	0	5143193	2
23849	0	5255098	1
23849	0	5340997	2
23849	0	542113	2
23849	0	5913890	0
23849	0	5925321	0
23849	0	6054726	1
23849	0	6252656	2
23849	0	6328471	1
23849	0	6667419	3
23849	0	6688737	1
23849	0	6688738	3
23849	0	6688741	2
23849	0	6688742	5
23849	0	6688743	2
23849	0	6705133	2
23849	0	6722889	1
23849	0	6722890	0
23849	0	6849942	0
23849	0	7014217	2
23849	0	7119957	5
23849	0	7160298	3
23849	0	7165935	4
23849	0	7402729	0
23849	0	7431268	2
23849	0	7519911	0
23849	0	7655100	5
23849	0	7845081	1
23849	0	799642	5
23849	0	8010558	2
23849	0	8010559	3
23849	0	8010560	4
23849	0	8010561	5
23849	0	8010562	5
23849	0	8010563	3
23849	0	8010564	4
23849	0	8010565	5
23849	0	8010566	4
23849	0	8013217	4
23849	0	8017141	4
23849	0	8052286	0
23849	0	8059826	2
23849	0	8126279	2
23849	0	8133127	2
23849	0	8162522	0
23849	0	8246990	2
23849	0	8264389	5
23849	0	8350307	1
23849	0	8466742	2
23849	0	8466743	5
23849	0	8466744	5
23849	0	8466750	5
23849	0	8665052	2
23849	0	8752783	5
23849	0	8769995	5
23849	0	886103	2
23849	0	958491	1
258062	0	1311741	4
258062	0	1348968	2
258062	0	1805967	2
258062	0	18103	1
258062	0	2087378	3
258062	0	2510542	0
258062	0	2707010	1
258062	0	2898169	2
258062	0	3012167	2
258062	0	3189004	4
258062	0	3195767	1
258062	0	3297029	3
258062	0	3392238	2
258062	0	3404354	0
258062	0	3683402	0
258062	0	3695217	3
258062	0	3777927	1
258062	0	3777928	5
258062	0	3777930	4
258062	0	3947010	4
258062	0	4155912	5
258062	0	4159145	2
258062	0	4159344	1
258062	0	4159345	0
258062	0	4174306	2
258062	0	4174308	3
258062	0	4174310	2
258062	0	4174313	5
258062	0	4595794	5
258062	0	4595795	5
258062	0	5456429	1
258062	0	5993823	5
258062	0	5993826	0
258062	0	6084336	4
258062	0	6084339	2
258062	0	63211	5
258062	0	639084	3
258062	0	6990374	4
258062	0	7068639	2
258062	0	7532084	1
258062	0	8694158	4
258062	0	8694161	5
258062	0	8694163	5
258062	0	91493	5
258062	0	955811	2
258062	0	955813	5
324585	0	1051441	2
324585	0	1536988	4
324585	0	1536989	0
324585	0	1536990	5
324585	0	1536995	4
324585	0	1536997	5
324585	0	2193462	3
324585	0	2194313	0
324585	0	2944861	1
324585	0	296622	3
324585	0	3608325	2
324585	0	405277	4
324585	0	405281	5
324585	0	405282	2
324585	0	4467785	0
324585	0	4532866	3
324585	0	4765769	1
324585	0	5131128	5
324585	0	5525879	4
324585	0	5610255	0
324585	0	5996798	1
324585	0	6369620	2
324585	0	6393239	0
324585	0	6480421	2
324585	0	6480422	1
324585	0	6565613	1
324585	0	6712393	2
324585	0	6842100	2
324585	0	7006319	1
324585	0	7519882	1
324585	0	7568187	2
324585	0	7653696	5
324585	0	7941122	2
324585	0	7941125	2
324585	0	7941129	2
324585	0	7941130	2
324585	0	7987550	5
324585	0	8290308	0
324585	0	8290309	5
324585	0	8290310	2
324585	0	8290314	5
324585	0	8310496	3
324585	0	8310498	5
324585	0	8310499	5
324585	0	8310502	4
324585	0	8310503	5
324585	0	8381474	4
324585	0	8467798	1
324585	0	8500120	5
324585	0	8500121	4
324585	0	8500123	5
324585	0	8500124	3
324585	0	8762257	4
330975	0	1097861	2
330975	0	1598185	5
330975	0	1637261	2
330975	0	2299996	0
330975	0	233944	2
330975	0	233945	1
330975	0	233946	3
330975	0	233948	2
330975	0	233949	1
330975	0	233950	1
330975	0	233951	5
330975	0	233952	5
330975	0	3240106	0
330975	0	3240112	3
330975	0	3256083	2
330975	0	3256084	3
330975	0	3297854	3
330975	0	3297855	4
330975	0	3297856	5
330975	0	3297857	4
330975	0	3297858	5
330975	0	3335804	0
330975	0	3857965	5
330975	0	4043524	1
330975	0	4108178	4
330975	0	4108179	3
330975	0	4392140	5
330975	0	4392141	5
330975	0	4392144	5
330975	0	4392147	2
330975	0	4620919	2
330975	0	4620920	1
330975	0	4620924	2
330975	0	4695292	4
330975	0	482130	4
330975	0	482131	2
330975	0	4896437	1
330975	0	5190215	5
330975	0	5196922	1
330975	0	5393803	5
330975	0	5393804	5
330975	0	5393805	1
330975	0	5427108	2
330975	0	5557976	5
330975	0	5557977	2
330975	0	5580311	2
330975	0	5750875	2
330975	0	5750877	2
330975	0	5750880	5
330975	0	6310757	4
330975	0	6559225	4
330975	0	6625786	3
330975	0	6693239	5
330975	0	702098	0
330975	0	7074783	0
330975	0	7624927	1
330975	0	7908218	0
330975	0	8327009	0
330975	0	8327012	2
330975	0	8541455	4
330975	0	8541461	4
332593	0	1167184	5
332593	0	1443723	0
332593	0	1443727	2
332593	0	1539776	2
332593	0	1650687	2
332593	0	1905432	3
332593	0	329112	4
332593	0	3336840	5
332593	0	3731313	4
332593	0	4023721	0
332593	0	4023722	1
332593	0	4431498	2
332593	0	4431502	4
332593	0	4614346	1
332593	0	4952095	2
332593	0	5241320	5
332593	0	5241321	0
332593	0	5241322	5
332593	0	5241323	5
332593	0	5241324	5
332593	0	5241326	4
332593	0	5241328	4
332593	0	5707522	2
332593	0	6007038	1
332593	0	6007041	3
332593	0	6007045	2
332593	0	6514779	5
332593	0	6514781	1
332593	0	6534081	3
332593	0	6534089	2
332593	0	6765225	1
332593	0	6765227	1
332593	0	7073993	4
332593	0	7073995	5
332593	0	7073996	2
332593	0	7073999	0
332593	0	8021425	3
332593	0	8091681	5
332593	0	8434869	2
332593	0	8434871	5
332593	0	8434872	0
332593	0	8434873	5
332593	0	8749229	1
332593	0	8749230	2
332593	0	8749231	4
336901	0	1521213	1
336901	0	1674353	0
336901	0	1768586	0
336901	0	213017	2
336901	0	2291851	5
336901	0	2291853	2
336901	0	2537065	4
336901	0	2589736	4
336901	0	2909600	2
336901	0	2934191	2
336901	0	3330854	5
336901	0	3386083	5
336901	0	3646550	5
336901	0	3987390	1
336901	0	4028521	0
336901	0	4048104	2
336901	0	4420994	0
336901	0	4789969	5
336901	0	4954233	2
336901	0	5064227	5
336901	0	5100469	2
336901	0	5147393	0
336901	0	5384135	1
336901	0	560665	1
336901	0	5901048	0
336901	0	6017280	3
336901	0	6017284	3
336901	0	6017286	4
336901	0	6017287	2
336901	0	6054128	1
336901	0	6096613	4
336901	0	6096614	2
336901	0	6560790	5
336901	0	7402234	5
336901	0	7459686	2
336901	0	7836253	1
336901	0	7836254	2
336901	0	7836255	1
336901	0	7836256	2
336901	0	7836258	4
336901	0	7836261	2
336901	0	8130980	3
336901	0	8528674	5
336901	0	8528675	5
336901	0	8528677	3
336901	0	8528678	5
336901	0	8528679	5
336901	0	8528680	4
336901	0	8528681	3
336901	0	8528682	4
336901	0	8740069	3
336901	0	8794743	5
390360	0	1032410	5
390360	0	1093722	4
390360	0	1139946	4
390360	0	1139949	4
390360	0	121529	2
390360	0	1326095	2
390360	0	1378333	3
390360	0	1378337	2
390360	0	1609998	0
390360	0	1927069	1
390360	0	2168033	2
390360	0	2173448	3
390360	0	217537	2
390360	0	217540	0
390360	0	2203875	3
390360	0	2203877	4
390360	0	2419904	2
390360	0	2784297	2
390360	0	3104906	1
390360	0	324991	1
390360	0	324992	2
390360	0	324994	4
390360	0	3518921	2
390360	0	3623762	5
390360	0	3988320	2
390360	0	425021	5
390360	0	4546335	0
390360	0	4619216	5
390360	0	4619218	5
390360	0	4683960	4
390360	0	473001	1
390360	0	5423359	2
390360	0	566410	1
390360	0	604111	1
390360	0	6179316	5
390360	0	6492799	4
390360	0	6492800	5
390360	0	6492801	4
390360	0	6492802	4
390360	0	6999350	0
390360	0	7166011	1
390360	0	7186643	5
390360	0	7406840	1
390360	0	7462672	2
390360	0	7666614	3
390360	0	7679050	0
390360	0	7807146	5
390360	0	8009002	2
390360	0	8384887	1
390360	0	844997	0
390360	0	860971	3
390360	0	8630609	5
390360	0	8630611	5
390360	0	8630612	5
390360	0	8630613	3
390360	0	8630614	5
390360	0	8630616	2
390360	0	8630617	5
390360	0	8630618	5
390360	0	963941	2
390360	0	963943	0
405163	0	1041997	1
405163	0	1108748	0
405163	0	1212298	0
405163	0	1234964	3
405163	0	1305759	0
405163	0	1330010	2
405163	0	1352545	2
405163	0	1352548	3
405163	0	1506457	3
405163	0	1518539	5
405163	0	1518541	5
405163	0	1567779	4
405163	0	1655999	5
405163	0	1667024	1
405163	0	1667027	3
405163	0	1893016	4
405163	0	1902864	2
405163	0	1902866	5
405163	0	2016025	1
405163	0	2055218	3
405163	0	2077809	2
405163	0	2139588	0
405163	0	2407799	4
405163	0	2748170	3
405163	0	2806293	5
405163	0	2806296	5
405163	0	289329	2
405163	0	2902930	2
405163	0	295189	5
405163	0	306987	2
405163	0	306992	2
405163	0	3216136	3
405163	0	3600866	3
405163	0	3602402	0
405163	0	3850032	2
405163	0	3918981	0
405163	0	3918983	4
405163	0	4058115	1
405163	0	4228172	4
405163	0	4232058	1
405163	0	429245	5
405163	0	429246	5
405163	0	429247	3
405163	0	4346504	1
405163	0	4409822	1
405163	0	4642223	5
405163	0	5095855	1
405163	0	5214452	2
405163	0	5248627	2
405163	0	5282651	2
405163	0	5514160	2
405163	0	5523884	1
405163	0	5658841	1
405163	0	5706290	1
405163	0	5706291	2
405163	0	5710977	4
405163	0	5746714	2
405163	0	5746717	4
405163	0	5768619	4
405163	0	5897402	0
405163	0	5909565	5
405163	0	5909571	5
405163	0	5922369	4
405163	0	6250234	4
405163	0	6289824	5
405163	0	6334781	4
405163	0	647592	4
405163	0	647594	1
405163	0	6689927	0
405163	0	6689928	2
405163	0	6707943	1
405163	0	6770821	1
405163	0	6796414	2
405163	0	6796624	2
405163	0	6877861	5
405163	0	6916264	5
405163	0	6945009	5
405163	0	6945011	5
405163	0	6945014	5
405163	0	6965575	5
405163	0	7044508	5
405163	0	7196947	0
405163	0	72203	4
405163	0	7392422	0
405163	0	7454159	2
405163	0	7622492	5
405163	0	7754279	2
405163	0	7969801	2
405163	0	8282533	2
405163	0	834747	2
405163	0	834754	0
405163	0	8445975	2
405163	0	8482540	5
405163	0	851536	5
405163	0	8608597	3
405163	0	8608603	5
405163	0	8633840	4
405163	0	863570	1
405163	0	8682163	2
405163	0	8682164	4
405163	0	8707747	2
405163	0	931373	5
405163	0	978353	4
42255	0	1470400	3
42255	0	1470405	2
42255	0	1601664	1
42255	0	1601667	0
42255	0	179535	1
42255	0	182410	5
42255	0	1896377	0
42255	0	1896381	5
42255	0	2067180	0
42255	0	2229964	4
42255	0	2584026	5
42255	0	2673765	2
42255	0	2799681	4
42255	0	2799685	2
42255	0	2834575	5
42255	0	2882385	2
42255	0	3063186	0
42255	0	3063187	1
42255	0	3063191	5
42255	0	3077466	4
42255	0	3077467	2
42255	0	3349782	4
42255	0	363752	5
42255	0	3716276	2
42255	0	3716279	1
42255	0	3716280	2
42255	0	3716282	2
42255	0	3723425	3
42255	0	3817242	4
42255	0	3817246	2
42255	0	471838	2
42255	0	5076181	3
42255	0	5326925	4
42255	0	5519434	5
42255	0	5550457	2
42255	0	5571057	0
42255	0	5778518	5
42255	0	5783297	2
42255	0	5783300	5
42255	0	5801316	5
42255	0	5921270	1
42255	0	5997797	0
42255	0	5997799	5
42255	0	5997800	1
42255	0	6098597	2
42255	0	6098598	2
42255	0	6098601	4
42255	0	6098603	4
42255	0	6120375	4
42255	0	6120376	4
42255	0	6159642	4
42255	0	6159644	0
42255	0	630087	2
42255	0	6307609	1
42255	0	6314164	0
42255	0	6487361	5
42255	0	6528860	3
42255	0	6784918	2
42255	0	6784924	3
42255	0	6971736	3
42255	0	6971740	3
42255	0	7123386	2
42255	0	7123389	0
42255	0	729163	5
42255	0	7688778	3
42255	0	7688780	1
42255	0	7944025	0
42255	0	7944026	5
42255	0	8012296	5
42255	0	8070166	4
42255	0	8286390	2
42255	0	8286391	1
42255	0	8286392	4
42255	0	8328839	3
42255	0	8328843	3
42255	0	8372967	1
42255	0	8372968	5
42255	0	857475	2
42255	0	857478	2
42255	0	857479	1
42255	0	8586795	1
42255	0	8720119	2
42255	0	8746188	5
42255	0	8746189	5
42255	0	8746190	2
42255	0	8746191	5
42255	0	8746192	2
42255	0	8746193	1
42255	0	8746194	5
42255	0	8746195	5
42255	0	8746196	5
42255	0	8746197	5
47210	0	1560499	5
47210	0	2042918	4
47210	0	2042923	0
47210	0	2042924	5
47210	0	2042926	0
47210	0	2042927	1
47210	0	2338383	2
47210	0	2338385	4
47210	0	2545998	5
47210	0	2545999	1
47210	0	2546001	4
47210	0	2546002	4
47210	0	2546005	4
47210	0	2546007	5
47210	0	3304358	3
47210	0	3304359	3
47210	0	3757931	2
47210	0	3757932	2
47210	0	4007104	2
47210	0	4007106	1
47210	0	4748994	5
47210	0	4748997	2
47210	0	4766143	1
47210	0	5207326	1
47210	0	5207328	5
47210	0	5207329	4
47210	0	5301404	5
47210	0	5301406	2
47210	0	5497272	1
47210	0	5497278	0
47210	0	5642104	3
47210	0	5691600	5
47210	0	6168517	2
47210	0	6180504	3
47210	0	6180507	2
47210	0	6502207	3
47210	0	6502208	2
47210	0	6990781	0
47210	0	7367872	1
47210	0	7367873	5
47210	0	7367874	1
47210	0	7509249	4
47210	0	7509252	2
47210	0	7562282	2
47210	0	7562284	5
47210	0	8261978	2
47210	0	8646329	5
47210	0	8646330	0
47210	0	8646331	5
555530	0	1114218	4
555530	0	1447386	5
555530	0	1526190	5
555530	0	1536620	5
555530	0	1554646	1
555530	0	1618154	0
555530	0	1672654	2
555530	0	1754577	4
555530	0	1754578	0
555530	0	1754579	3
555530	0	1754584	1
555530	0	1807676	5
555530	0	1897713	3
555530	0	1897716	2
555530	0	1897718	3
555530	0	1897720	0
555530	0	2217431	5
555530	0	2354213	5
555530	0	264683	0
555530	0	2805520	2
555530	0	2906190	2
555530	0	2978164	1
555530	0	2978171	2
555530	0	338636	4
555530	0	3559167	3
555530	0	3703992	2
555530	0	3717582	0
555530	0	3764719	1
555530	0	4071550	1
555530	0	4137963	3
555530	0	4137964	2
555530	0	4238674	5
555530	0	4240158	4
555530	0	4296807	2
555530	0	448525	4
555530	0	448529	4
555530	0	4744248	1
555530	0	474541	3
555530	0	474544	3
555530	0	480988	3
555530	0	5106749	5
555530	0	5182520	1
555530	0	561169	0
555530	0	5753585	2
555530	0	5846397	5
555530	0	6078221	5
555530	0	6078228	5
555530	0	6108232	5
555530	0	6221470	2
555530	0	6225332	5
555530	0	6309262	4
555530	0	6434719	2
555530	0	6449364	5
555530	0	6450951	1
555530	0	6450953	0
555530	0	6485976	2
555530	0	6579581	5
555530	0	668366	0
555530	0	6869537	1
555530	0	6913116	1
555530	0	6936082	5
555530	0	6938328	2
555530	0	6990474	4
555530	0	7179784	4
555530	0	7179789	4
555530	0	7179791	5
555530	0	7232504	4
555530	0	7246139	2
555530	0	7339147	5
555530	0	7349580	3
555530	0	7419503	0
555530	0	7475084	4
555530	0	7606337	2
555530	0	7766457	5
555530	0	7766465	2
555530	0	8025704	2
555530	0	8097532	1
555530	0	8276743	1
555530	0	8461277	2
555530	0	8637526	2
555530	0	910809	2
555530	0	971429	5
583468	0	119352	3
583468	0	119354	5
583468	0	1546128	1
583468	0	1675561	0
583468	0	1675562	5
583468	0	1675564	3
583468	0	1675566	5
583468	0	2080306	1
583468	0	2267048	5
583468	0	2267052	5
583468	0	2267054	3
583468	0	3466606	0
583468	0	3466607	2
583468	0	6286922	0
583468	0	6286927	2
583468	0	6286928	2
583468	0	6578660	2
583468	0	6654310	2
583468	0	7450717	5
583468	0	7450718	4
583468	0	7450725	3
583468	0	7465955	1
583468	0	7491697	4
583468	0	7491698	4
583468	0	7491700	0
583468	0	7491704	2
583468	0	7491705	4
583468	0	7706119	5
583468	0	7706120	1
583468	0	7706122	2
583468	0	7744346	5
583468	0	7744347	0
583468	0	7744348	2
583468	0	7744349	4
583468	0	7744350	5
583468	0	7744351	4
583468	0	8144451	5
583468	0	8326078	2
583468	0	8326080	2
583468	0	8395840	1
583468	0	914666	1
583468	0	914668	3
640502	0	1034851	2
640502	0	1091791	5
640502	0	1091795	4
640502	0	1226398	0
640502	0	1226405	5
640502	0	1304073	0
640502	0	1467731	0
640502	0	1467737	4
640502	0	172502	1
640502	0	1754997	5
640502	0	1775697	3
640502	0	1854588	5
640502	0	1957247	2
640502	0	1957252	4
640502	0	208378	4
640502	0	2096762	2
640502	0	2096764	1
640502	0	2442847	5
640502	0	2445381	5
640502	0	2701130	2
640502	0	2808569	3
640502	0	2808576	2
640502	0	2989518	1
640502	0	2989520	2
640502	0	3255505	5
640502	0	3263516	2
640502	0	3511308	0
640502	0	3511310	2
640502	0	3551380	5
640502	0	3678130	2
640502	0	3992434	5
640502	0	4088602	1
640502	0	4088606	2
640502	0	409318	0
640502	0	4132983	4
640502	0	418508	5
640502	0	4261742	5
640502	0	4422928	2
640502	0	4778464	3
640502	0	5073872	3
640502	0	5150987	3
640502	0	5150990	4
640502	0	5161853	2
640502	0	5539487	4
640502	0	598202	4
640502	0	598204	1
640502	0	6146400	2
640502	0	6304677	1
640502	0	6414861	1
640502	0	6497380	0
640502	0	6497385	1
640502	0	6679958	2
640502	0	6730883	3
640502	0	6730884	1
640502	0	6730887	5
640502	0	6985038	5
640502	0	7109037	4
640502	0	7160373	0
640502	0	7456406	2
640502	0	7540167	5
640502	0	77134	2
640502	0	8003526	1
640502	0	8412227	4
640502	0	8412229	5
640502	0	8451475	5
67316	0	1114355	0
67316	0	1134520	1
67316	0	1191975	4
67316	0	1233288	0
67316	0	1261955	2
67316	0	1277368	5
67316	0	1325092	2
67316	0	1401789	5
67316	0	1408563	5
67316	0	1920786	1
67316	0	1974374	1
67316	0	1974375	0
67316	0	209702	2
67316	0	2268657	5
67316	0	2365991	2
67316	0	2688813	5
67316	0	2930660	5
67316	0	2930661	1
67316	0	3063530	2
67316	0	308681	1
67316	0	3250707	5
67316	0	3272839	2
67316	0	3393479	5
67316	0	3557361	0
67316	0	3761777	4
67316	0	3810716	5
67316	0	3810719	0
67316	0	3857558	4
67316	0	3871324	4
67316	0	3942287	4
67316	0	4141330	3
67316	0	4163705	3
67316	0	4163707	2
67316	0	4180169	1
67316	0	44015	1
67316	0	450305	4
67316	0	450309	0
67316	0	4789318	5
67316	0	4789322	5
67316	0	481471	1
67316	0	4863059	4
67316	0	4922572	0
67316	0	5029981	1
67316	0	5029984	1
67316	0	5181841	2
67316	0	5195161	3
67316	0	5252008	2
67316	0	6091258	4
67316	0	6148105	0
67316	0	6221796	1
67316	0	6290080	2
67316	0	6387611	5
67316	0	6439840	4
67316	0	6507744	5
67316	0	6607539	4
67316	0	6607541	3
67316	0	6607542	4
67316	0	6680964	5
67316	0	6680965	3
67316	0	6680966	2
67316	0	6680967	2
67316	0	6680968	2
67316	0	6683215	2
67316	0	6764671	1
67316	0	6764674	2
67316	0	6905735	2
67316	0	6925995	2
67316	0	7019081	5
67316	0	7027708	2
67316	0	7112302	5
67316	0	7114279	2
67316	0	7348851	5
67316	0	7418431	3
67316	0	7418432	5
67316	0	7418438	5
67316	0	7513151	2
67316	0	7630885	2
67316	0	7701876	5
67316	0	800359	4
67316	0	8003840	3
67316	0	8161992	2
67316	0	8200130	3
67316	0	8261797	4
67316	0	8285748	0
67316	0	8308297	1
67316	0	8308718	1
67316	0	8312258	5
67316	0	8312265	5
67316	0	8377581	3
67316	0	8431632	2
67316	0	8431637	4
67316	0	8473319	0
67316	0	8773687	5
673670	0	1178245	1
673670	0	1282792	3
673670	0	1282794	4
673670	0	1398748	5
673670	0	1454201	5
673670	0	1511452	5
673670	0	1511453	4
673670	0	1511457	2
673670	0	1511459	2
673670	0	1905068	3
673670	0	1954736	2
673670	0	1954745	0
673670	0	2240351	5
673670	0	2240354	2
673670	0	2240356	3
673670	0	2240359	1
673670	0	3345262	5
673670	0	3345263	2
673670	0	3345266	2
673670	0	3345269	4
673670	0	3592286	5
673670	0	3607495	3
673670	0	3607500	4
673670	0	3607501	3
673670	0	4013566	0
673670	0	4013570	3
673670	0	6084748	2
673670	0	6342707	2
673670	0	6989198	0
673670	0	7257297	4
673670	0	7257300	2
673670	0	7257301	5
673670	0	7257302	5
673670	0	7257303	1
673670	0	7257304	2
673670	0	7257306	0
673670	0	7583949	1
673670	0	7732030	0
673670	0	7772630	5
673670	0	7772637	5
673670	0	824934	2
673670	0	8495250	1
673670	0	8524263	4
673670	0	8554511	0
673670	0	8632357	2
673670	0	8632359	5
673670	0	8632360	2
673670	0	8632361	2
673670	0	8632362	4
673670	0	8632363	1
673670	0	8632364	5
673670	0	8632365	1
673670	0	867190	4
673670	0	867197	1
673670	0	8735640	5
673670	0	8735643	5
673670	0	8773078	1
701453	0	100342	2
701453	0	2036076	5
701453	0	4330671	2
701453	0	4330672	3
701453	0	4330673	1
701453	0	4330675	1
701453	0	4330676	2
701453	0	4330677	5
701453	0	4330678	0
701453	0	4330679	5
701453	0	4330680	0
701453	0	4355643	2
701453	0	4355645	5
701453	0	4355647	5
701453	0	4355649	4
701453	0	4355652	4
701453	0	4832975	2
701453	0	688613	0
701453	0	688614	5
701453	0	688615	5
701453	0	688618	5
701453	0	6927982	3
701453	0	6999084	3
701453	0	6999087	2
701453	0	7259848	4
701453	0	7586972	1
701453	0	7806569	1
701453	0	781518	0
701453	0	8402346	2
701453	0	8402348	4
701453	0	8402349	4
701453	0	8402350	2
701453	0	8626140	5
701453	0	8626142	1
701453	0	8626143	2
701453	0	8626145	1
701453	0	8626149	3
730539	0	1520038	0
730539	0	1625667	4
730539	0	1625670	5
730539	0	1625674	4
730539	0	239231	0
730539	0	2666436	3
730539	0	2666442	4
730539	0	2666443	2
730539	0	2666444	5
730539	0	3320012	2
730539	0	3476824	2
730539	0	3944257	1
730539	0	437275	1
730539	0	437276	1
730539	0	4539974	1
730539	0	4605022	5
730539	0	4885113	0
730539	0	5428552	5
730539	0	6734967	4
730539	0	7129068	2
730539	0	7916064	2
730539	0	8276217	4
730539	0	8276218	5
730539	0	8276221	3
730539	0	8276222	0
730539	0	8276223	2
730539	0	8327959	2
730539	0	8577876	3
730539	0	8577877	5
730539	0	8577878	5
730539	0	8577879	1
730539	0	8577880	2
730539	0	8577882	5
768208	0	2056879	1
768208	0	2379474	4
768208	0	240435	3
768208	0	240436	3
768208	0	2968691	1
768208	0	2988811	2
768208	0	3171396	2
768208	0	3515882	2
768208	0	3515884	4
768208	0	3564080	1
768208	0	3710762	2
768208	0	37604	2
768208	0	4251602	4
768208	0	5025777	1
768208	0	5039567	3
768208	0	52154	4
768208	0	52155	5
768208	0	52156	5
768208	0	52157	5
768208	0	52158	5
768208	0	52159	4
768208	0	52160	5
768208	0	52161	5
768208	0	52162	2
768208	0	52163	5
768208	0	5222129	2
768208	0	581991	2
768208	0	6846418	1
768208	0	6944794	4
768208	0	7272040	1
768208	0	7272041	2
768208	0	7272045	2
768208	0	813102	5
768208	0	8170966	3
768208	0	8187702	3
768208	0	820489	0
768208	0	8525681	5
768208	0	8525683	5
768208	0	8615154	0
768208	0	8619622	0
768208	0	8802293	0
768208	0	955479	0
877809	0	1050327	4
877809	0	1335170	5
877809	0	1550610	5
877809	0	1550611	2
877809	0	1550613	5
877809	0	1821652	0
877809	0	2298374	1
877809	0	2515032	3
877809	0	2515036	5
877809	0	2640804	1
877809	0	3248714	1
877809	0	3328100	2
877809	0	35107	2
877809	0	35108	2
877809	0	35109	4
877809	0	35111	4
877809	0	35113	0
877809	0	35114	0
877809	0	35115	3
877809	0	3716286	1
877809	0	3879161	2
877809	0	3982277	4
877809	0	4402455	4
877809	0	4635482	2
877809	0	4888926	5
877809	0	4888929	5
877809	0	4888932	3
877809	0	5196143	4
877809	0	5196148	2
877809	0	5229370	5
877809	0	5850349	1
877809	0	5940393	1
877809	0	5940394	2
877809	0	6269999	5
877809	0	6704838	2
877809	0	6942008	3
877809	0	7040022	4
877809	0	7050366	5
877809	0	7346771	2
877809	0	788181	3
877809	0	7906970	0
877809	0	7906974	1
877809	0	7952694	5
877809	0	8165590	2
877809	0	8290072	0
877809	0	8659718	5
911232	0	1674264	1
911232	0	1847345	5
911232	0	1879470	2
911232	0	1879472	0
911232	0	1879474	2
911232	0	1879475	3
911232	0	2154975	5
911232	0	2428679	0
911232	0	2609560	3
911232	0	2921796	3
911232	0	2999924	1
911232	0	2999925	5
911232	0	2999926	2
911232	0	2999927	4
911232	0	2999928	2
911232	0	2999929	5
911232	0	2999930	4
911232	0	2999931	2
911232	0	2999932	0
911232	0	2999933	1
911232	0	3089566	3
911232	0	3113875	2
911232	0	337628	5
911232	0	3976215	0
911232	0	4517906	5
911232	0	4967291	3
911232	0	4967292	1
911232	0	4967294	4
911232	0	4967295	4
911232	0	4967296	0
911232	0	4967297	2
911232	0	4967298	2
911232	0	4967299	3
911232	0	6261251	5
911232	0	6261252	1
911232	0	6732192	4
911232	0	6732195	4
911232	0	6928649	5
911232	0	6928653	5
911232	0	6928655	5
911232	0	7231607	4
911232	0	7238675	2
911232	0	7532423	1
911232	0	8027890	1
911232	0	8534943	1
911232	0	8712510	0
911232	0	8816617	2
911232	0	8816618	5
911232	0	8816620	5
911232	0	8816621	2
911232	0	8816622	5
911232	0	8816623	2
911232	0	8816624	2
911232	0	8816626	4
914916	0	1027218	2
914916	0	1183903	4
914916	0	1183904	2
914916	0	1183905	0
914916	0	1194681	2
914916	0	1194685	3
914916	0	1501494	2
914916	0	1545740	2
914916	0	1545741	2
914916	0	1545742	2
914916	0	2001626	5
914916	0	2001628	5
914916	0	2200004	2
914916	0	2631739	4
914916	0	2631743	3
914916	0	2631747	5
914916	0	2754113	1
914916	0	2989234	4
914916	0	3057739	5
914916	0	3170839	2
914916	0	3253278	5
914916	0	3253279	5
914916	0	3530681	0
914916	0	3535611	1
914916	0	3573852	3
914916	0	3586559	2
914916	0	3763841	4
914916	0	4425460	5
914916	0	4482576	2
914916	0	4571857	1
914916	0	4854255	1
914916	0	4884201	2
914916	0	4955073	0
914916	0	4958358	2
914916	0	5039693	4
914916	0	5177082	5
914916	0	5363821	3
914916	0	5380650	2
914916	0	5439629	1
914916	0	5730352	0
914916	0	5730355	4
914916	0	5730356	5
914916	0	5730357	3
914916	0	5730358	1
914916	0	6042348	5
914916	0	6042350	5
914916	0	6071696	2
914916	0	6613409	1
914916	0	6818272	5
914916	0	6818273	4
914916	0	7040507	5
914916	0	7081903	3
914916	0	7240123	2
914916	0	7241370	4
914916	0	7798477	5
914916	0	7798479	0
914916	0	7798480	5
914916	0	8027657	1
914916	0	8129165	0
914916	0	8348854	0
914916	0	8520449	1
914916	0	8563840	1
914916	0	8689503	5
914916	0	8772516	4
914916	0	8772517	5
914916	0	8772518	1
914916	0	8772520	4
914916	0	8772521	3
914916	0	8772524	2
914916	0	8772525	4
938400	0	1571994	4
938400	0	2009152	5
938400	0	2071046	2
938400	0	2208294	2
938400	0	2371820	1
938400	0	2484350	1
938400	0	2532047	2
938400	0	2532049	4
938400	0	2659899	3
938400	0	2870509	2
938400	0	2870514	4
938400	0	2958099	2
938400	0	2958107	5
938400	0	2962205	4
938400	0	2962208	3
938400	0	2962212	5
938400	0	3088746	4
938400	0	3088747	5
938400	0	3088748	4
938400	0	3088751	2
938400	0	3088755	1
938400	0	3353755	3
938400	0	3353757	1
938400	0	3353759	1
938400	0	3353762	5
938400	0	3353763	1
938400	0	3353764	4
938400	0	3820294	5
938400	0	3820295	1
938400	0	3914686	5
938400	0	4207807	3
938400	0	47281	2
938400	0	47286	2
938400	0	47290	2
938400	0	4956057	5
938400	0	4956059	5
938400	0	4956060	0
938400	0	4956063	1
938400	0	4956064	5
938400	0	504473	4
938400	0	5061328	2
938400	0	6246560	0
938400	0	6246564	0
938400	0	6499450	2
938400	0	6501473	5
938400	0	6937213	0
938400	0	7004405	4
938400	0	7004406	5
938400	0	7239121	2
938400	0	7239123	2
938400	0	7313620	3
938400	0	7313626	3
938400	0	7396872	0
938400	0	7787197	1
938400	0	8309427	2
938400	0	8309433	5
938400	0	8678066	5
938400	0	8723838	0
940547	0	1493024	3
940547	0	2667345	5
940547	0	2667347	4
940547	0	2667353	5
940547	0	2814756	5
940547	0	3624263	1
940547	0	3706456	5
940547	0	4481817	0
940547	0	4664997	5
940547	0	4664999	2
940547	0	4665002	0
940547	0	4696640	5
940547	0	4800890	4
940547	0	4800891	1
940547	0	4864599	2
940547	0	506003	2
940547	0	5118373	5
940547	0	5118378	3
940547	0	5300647	4
940547	0	5300651	3
940547	0	5300654	3
940547	0	5831702	1
940547	0	5831703	2
940547	0	5831707	4
940547	0	5831708	4
940547	0	5831709	2
940547	0	5831711	2
940547	0	5951249	2
940547	0	61068	5
940547	0	61070	2
940547	0	61071	5
940547	0	6404591	1
940547	0	6656482	0
940547	0	6782541	0
940547	0	6782543	0
940547	0	6948118	4
940547	0	7259157	5
940547	0	7280582	1
940547	0	7280584	2
940547	0	7282174	1
940547	0	7282176	2
940547	0	7951561	1
940547	0	8219044	5
940547	0	8219052	4
940547	0	8219244	2
940547	0	8219248	5
940547	0	8219249	2
940547	0	8269679	0
940547	0	8269680	4
940547	0	837714	2
940547	0	8772071	5
940547	0	8772073	5
940547	0	8772074	4
940547	0	8772075	3
940547	0	8805005	1
940547	0	8805011	1
940547	0	964766	2
940547	0	964772	3
997622	0	2182282	0
997622	0	2467749	2
997622	0	3604711	1
997622	0	3767367	2
997622	0	406412	0
997622	0	406418	2
997622	0	4357743	2
997622	0	4518222	5
997622	0	4543861	4
997622	0	4543864	1
997622	0	4543865	4
997622	0	4543867	3
997622	0	4543869	4
997622	0	4558331	4
997622	0	4596839	1
997622	0	4643388	1
997622	0	4643389	0
997622	0	4643392	5
997622	0	4643394	2
997622	0	4643397	5
997622	0	4700298	0
997622	0	5430569	2
997622	0	5430574	2
997622	0	5719834	4
997622	0	72291	5
997622	0	73459	3
997622	0	73460	5
997622	0	73462	5
997622	0	73465	3
997622	0	8533348	5
997622	0	8684996	1
997622	0	8813537	5
997622	0	941632	2
