1037798	0	1668145	0
1037798	0	1693397	0
1037798	0	2081844	0
1037798	0	2258762	4
1037798	0	2258763	0
1037798	0	2258765	0
1037798	0	2360245	0
1037798	0	2360246	0
1037798	0	2360247	0
1037798	0	2360249	0
1037798	0	2360251	0
1037798	0	2360252	0
1037798	0	2781960	4
1037798	0	2781962	0
1037798	0	2781965	5
1037798	0	2781966	5
1037798	0	2787508	4
1037798	0	2840240	0
1037798	0	2868740	0
1037798	0	2970891	0
1037798	0	2970892	0
1037798	0	2970895	0
1037798	0	2970897	0
1037798	0	2989290	4
1037798	0	3055262	5
1037798	0	3078992	0
1037798	0	3187018	0
1037798	0	3245239	0
1037798	0	3265446	0
1037798	0	3265449	0
1037798	0	3265450	0
1037798	0	3265451	0
1037798	0	3274897	0
1037798	0	3310848	0
1037798	0	3310851	0
1037798	0	3310854	0
1037798	0	3310855	0
1037798	0	3375471	0
1037798	0	3405265	0
1037798	0	3620983	5
1037798	0	3620986	5
1037798	0	3620991	5
1037798	0	3641634	5
1037798	0	3788223	0
1037798	0	3805294	4
1037798	0	3914692	0
1037798	0	3958148	0
1037798	0	4571199	0
1037798	0	4618582	0
1037798	0	4640082	0
1037798	0	4715286	0
1037798	0	4818124	5
1037798	0	4818129	5
1037798	0	4824239	0
1037798	0	4824243	0
1037798	0	4867051	0
1037798	0	4932830	0
1037798	0	4948770	0
1037798	0	4948775	0
1037798	0	4948777	0
1037798	0	5006521	5
1037798	0	5006527	4
1037798	0	5099520	4
1037798	0	5326070	0
1037798	0	5685966	0
1037798	0	6030393	0
1037798	0	6915000	0
1037798	0	6963992	5
1037798	0	7208741	5
1037798	0	7281941	0
1037798	0	7412882	0
1037798	0	7465379	0
1037798	0	7604812	0
1037798	0	7689060	0
1037798	0	7779667	0
1037798	0	7817007	0
1037798	0	7817011	0
1037798	0	7822415	5
1037798	0	793254	0
1037798	0	7961603	5
1037798	0	8199019	0
1037798	0	8199025	0
1037798	0	8208397	5
1037798	0	8223340	4
1037798	0	8346417	0
1037798	0	8417606	0
1037798	0	8417608	0
1037798	0	8537479	5
1037798	0	8760864	4
1037798	0	8760865	5
1037798	0	8760866	5
1037798	0	8760867	5
1037798	0	8760870	5
1037798	0	8760871	5
1037798	0	8760873	4
1037798	0	8766193	0
1037798	0	8780802	0
1037798	0	8780804	0
1037798	0	8780809	0
1037798	0	8780810	0
104861	0	1017092	2
104861	0	1046334	2
104861	0	1046339	2
104861	0	1058524	0
104861	0	1304632	2
104861	0	1424216	0
104861	0	1453718	0
104861	0	146170	2
104861	0	146171	2
104861	0	146172	2
104861	0	146174	2
104861	0	1567102	2
104861	0	1773805	2
104861	0	1773807	2
104861	0	1811410	0
104861	0	1948963	2
104861	0	2377050	2
104861	0	257138	0
104861	0	2611066	2
104861	0	2916631	0
104861	0	3329746	0
104861	0	3443173	2
104861	0	3443176	2
104861	0	3925933	2
104861	0	4017854	2
104861	0	4017855	2
104861	0	4017856	2
104861	0	4017858	0
104861	0	4230210	0
104861	0	4230213	0
104861	0	4350439	0
104861	0	454829	0
104861	0	459676	0
104861	0	505928	0
104861	0	5091798	0
104861	0	5138467	2
104861	0	5138468	2
104861	0	5138469	0
104861	0	5138471	2
104861	0	5138472	2
104861	0	5138473	2
104861	0	5138474	0
104861	0	5138476	2
104861	0	5150431	0
104861	0	5248340	2
104861	0	5248341	2
104861	0	5340891	0
104861	0	5394110	0
104861	0	5394112	0
104861	0	5483490	0
104861	0	5652262	2
104861	0	5652264	2
104861	0	5652266	2
104861	0	5667474	2
104861	0	5667475	2
104861	0	5688415	2
104861	0	5688416	2
104861	0	5688417	2
104861	0	5688418	2
104861	0	5688421	0
104861	0	5703400	2
104861	0	5703401	2
104861	0	5776561	0
104861	0	5801822	2
104861	0	5836442	2
104861	0	5864695	0
104861	0	599604	2
104861	0	6187055	2
104861	0	6187058	0
104861	0	6241793	0
104861	0	629270	2
104861	0	629273	0
104861	0	629274	2
104861	0	629276	2
104861	0	629277	2
104861	0	629278	2
104861	0	6467577	2
104861	0	6467578	2
104861	0	6467579	2
104861	0	6467580	2
104861	0	6467581	2
104861	0	6585554	2
104861	0	6653674	2
104861	0	6653675	0
104861	0	6653676	2
104861	0	6653677	2
104861	0	6653678	2
104861	0	6704672	2
104861	0	6904992	2
104861	0	7034375	0
104861	0	7302612	2
104861	0	8138536	0
104861	0	8260035	2
104861	0	8349574	2
104861	0	8482618	0
104861	0	8495099	2
104861	0	8546158	2
104861	0	8546160	2
104861	0	8546162	2
104861	0	863349	0
1063750	0	1074552	0
1063750	0	118643	0
1063750	0	143600	0
1063750	0	1580962	0
1063750	0	1580964	0
1063750	0	1866482	0
1063750	0	1866486	5
1063750	0	1922590	0
1063750	0	1923506	5
1063750	0	2230089	5
1063750	0	2230091	0
1063750	0	2230095	0
1063750	0	2470328	0
1063750	0	2569816	0
1063750	0	2768123	5
1063750	0	2787250	0
1063750	0	309313	0
1063750	0	3134992	0
1063750	0	3134994	0
1063750	0	3259884	0
1063750	0	3259889	0
1063750	0	3259891	0
1063750	0	3259892	0
1063750	0	330159	0
1063750	0	330165	0
1063750	0	3327047	0
1063750	0	3327049	0
1063750	0	3327050	0
1063750	0	3327053	0
1063750	0	3327054	0
1063750	0	340263	0
1063750	0	3654231	0
1063750	0	3654236	0
1063750	0	3973418	0
1063750	0	3973423	0
1063750	0	3994446	0
1063750	0	4158202	0
1063750	0	4158205	0
1063750	0	4182558	0
1063750	0	4337526	5
1063750	0	4337527	5
1063750	0	4337528	0
1063750	0	4337529	5
1063750	0	4337532	5
1063750	0	4487115	0
1063750	0	4542127	0
1063750	0	4559130	0
1063750	0	4718157	0
1063750	0	4718159	0
1063750	0	4718161	5
1063750	0	4788295	0
1063750	0	4795722	0
1063750	0	4802036	0
1063750	0	4834969	0
1063750	0	4834974	0
1063750	0	5062363	0
1063750	0	5237507	0
1063750	0	5256198	0
1063750	0	5360360	0
1063750	0	5423928	0
1063750	0	5423929	0
1063750	0	5423931	0
1063750	0	5442711	5
1063750	0	5590573	0
1063750	0	5590575	0
1063750	0	5590581	0
1063750	0	5956099	5
1063750	0	5956102	0
1063750	0	5956106	0
1063750	0	6127385	0
1063750	0	6127387	0
1063750	0	6127389	5
1063750	0	7247263	0
1063750	0	7247264	0
1063750	0	7571423	5
1063750	0	7571424	0
1063750	0	7571428	0
1063750	0	7778348	0
1063750	0	7778351	0
1063750	0	7778354	0
1063750	0	7837936	5
1063750	0	7837938	0
1063750	0	7952964	0
1063750	0	7952965	0
1063750	0	7952966	0
1063750	0	7952967	0
1063750	0	7952971	5
1063750	0	8183810	0
1063750	0	819283	0
1063750	0	819284	0
1063750	0	8239876	0
1063750	0	8239877	5
1063750	0	8384971	0
1063750	0	8384978	0
1063750	0	8418269	0
1063750	0	8640242	0
1063750	0	8821734	5
1063750	0	8821735	5
1063750	0	8821736	0
1063750	0	8821737	0
1103812	0	1214791	0
1103812	0	1294072	0
1103812	0	1659852	5
1103812	0	1881756	0
1103812	0	1991366	2
1103812	0	1996540	0
1103812	0	2093195	0
1103812	0	2108518	2
1103812	0	2137472	0
1103812	0	2156106	0
1103812	0	2156110	0
1103812	0	2226743	0
1103812	0	2586283	2
1103812	0	2602251	2
1103812	0	2703108	2
1103812	0	2703110	2
1103812	0	2703111	0
1103812	0	2703114	2
1103812	0	2720842	0
1103812	0	2920657	0
1103812	0	2920658	0
1103812	0	292717	2
1103812	0	292718	2
1103812	0	292719	2
1103812	0	292721	2
1103812	0	3591090	2
1103812	0	3591092	2
1103812	0	3591094	2
1103812	0	3672737	0
1103812	0	3672738	0
1103812	0	3672744	2
1103812	0	3789475	2
1103812	0	3843267	5
1103812	0	3843269	5
1103812	0	3843271	2
1103812	0	3870791	0
1103812	0	3940091	5
1103812	0	3964593	2
1103812	0	4044288	0
1103812	0	4044289	2
1103812	0	4044290	2
1103812	0	4059664	0
1103812	0	4241925	0
1103812	0	4241929	0
1103812	0	4292848	5
1103812	0	4322056	2
1103812	0	4322057	0
1103812	0	4322058	2
1103812	0	4469205	0
1103812	0	4566582	0
1103812	0	4824831	2
1103812	0	4937953	2
1103812	0	5116383	0
1103812	0	5156597	2
1103812	0	5175448	0
1103812	0	5372063	2
1103812	0	5416250	2
1103812	0	5757954	0
1103812	0	5974245	0
1103812	0	5976811	0
1103812	0	6103245	0
1103812	0	6128049	0
1103812	0	6230372	0
1103812	0	6254481	0
1103812	0	6294457	0
1103812	0	6569474	0
1103812	0	6604321	0
1103812	0	6627381	0
1103812	0	6842213	0
1103812	0	6924733	0
1103812	0	7242599	2
1103812	0	7246728	0
1103812	0	7259761	0
1103812	0	7280664	2
1103812	0	7280672	2
1103812	0	737449	2
1103812	0	737450	0
1103812	0	737451	2
1103812	0	737454	2
1103812	0	7430769	0
1103812	0	7430771	2
1103812	0	7491609	2
1103812	0	7729484	0
1103812	0	7873020	0
1103812	0	8157968	5
1103812	0	8205165	2
1103812	0	8220081	5
1103812	0	8220085	5
1103812	0	8220086	5
1103812	0	8220087	5
1103812	0	8220089	5
1103812	0	8224175	2
1103812	0	8224177	2
1103812	0	8224183	5
1103812	0	8293805	5
1103812	0	865879	0
1103812	0	8755009	0
1103812	0	896505	0
1103812	0	955560	0
1103812	0	961775	0
1106007	0	1294320	3
1106007	0	1334328	3
1106007	0	1334330	3
1106007	0	1334331	3
1106007	0	1334332	0
1106007	0	1334334	3
1106007	0	1334335	3
1106007	0	1334336	3
1106007	0	1560243	3
1106007	0	2186171	3
1106007	0	2317280	0
1106007	0	2464373	0
1106007	0	2464374	0
1106007	0	2464375	3
1106007	0	2464376	0
1106007	0	2464377	0
1106007	0	2464378	0
1106007	0	2464379	3
1106007	0	2464382	0
1106007	0	2513606	3
1106007	0	2513608	0
1106007	0	2513609	0
1106007	0	2603424	0
1106007	0	2621976	0
1106007	0	2672601	3
1106007	0	2672608	3
1106007	0	2777111	3
1106007	0	2798876	0
1106007	0	2866627	3
1106007	0	2866633	0
1106007	0	2960558	3
1106007	0	2960561	3
1106007	0	2960563	3
1106007	0	2960564	3
1106007	0	2960566	3
1106007	0	3184240	3
1106007	0	3530025	0
1106007	0	3537611	0
1106007	0	3567188	3
1106007	0	3759894	0
1106007	0	4004166	0
1106007	0	4004169	0
1106007	0	4004170	3
1106007	0	4004173	0
1106007	0	4089153	0
1106007	0	4102293	0
1106007	0	4114225	0
1106007	0	4173709	3
1106007	0	4173712	3
1106007	0	4382098	0
1106007	0	4382102	0
1106007	0	4382105	0
1106007	0	4781863	0
1106007	0	4781867	0
1106007	0	4794671	3
1106007	0	5174765	0
1106007	0	5204536	3
1106007	0	5204538	3
1106007	0	5204544	3
1106007	0	5279699	0
1106007	0	5279702	0
1106007	0	5279704	0
1106007	0	5774817	0
1106007	0	5774818	3
1106007	0	5780388	3
1106007	0	5836920	0
1106007	0	5993698	0
1106007	0	6126197	3
1106007	0	6182968	3
1106007	0	6209484	3
1106007	0	6282108	0
1106007	0	6282110	0
1106007	0	6303269	0
1106007	0	6963994	3
1106007	0	7343428	0
1106007	0	746358	3
1106007	0	7685380	3
1106007	0	7685382	0
1106007	0	7685383	3
1106007	0	7685384	3
1106007	0	7685385	3
1106007	0	7685386	3
1106007	0	7685387	0
1106007	0	7685388	3
1106007	0	7726655	0
1106007	0	7978149	0
1106007	0	8141084	3
1106007	0	8141089	0
1106007	0	8199521	3
1106007	0	8204457	3
1106007	0	8204463	0
1106007	0	8204464	0
1106007	0	8214505	0
1106007	0	8521668	3
1106007	0	8521673	3
1106007	0	8521674	0
1106007	0	899461	0
1106007	0	899465	0
1106007	0	899467	0
1106007	0	899468	0
1110199	0	100114	3
1110199	0	1144987	0
1110199	0	1592475	0
1110199	0	1592477	0
1110199	0	1778454	3
1110199	0	1809286	3
1110199	0	1901876	3
1110199	0	1901877	3
1110199	0	1901878	5
1110199	0	1901879	3
1110199	0	1901881	3
1110199	0	1901882	5
1110199	0	2094434	0
1110199	0	227145	0
1110199	0	2301115	3
1110199	0	2316525	0
1110199	0	239444	3
1110199	0	2474406	3
1110199	0	2621289	0
1110199	0	2649042	3
1110199	0	2655848	3
1110199	0	2655849	3
1110199	0	2657991	0
1110199	0	2796204	0
1110199	0	2854608	0
1110199	0	291162	3
1110199	0	2923633	0
1110199	0	3226995	3
1110199	0	3238116	0
1110199	0	3270582	0
1110199	0	3270584	0
1110199	0	328010	0
1110199	0	3515650	3
1110199	0	362174	0
1110199	0	3647394	3
1110199	0	3838638	5
1110199	0	3838645	3
1110199	0	3865139	3
1110199	0	3865142	0
1110199	0	4027239	0
1110199	0	4057232	0
1110199	0	421	3
1110199	0	4489656	3
1110199	0	4504233	3
1110199	0	4511137	5
1110199	0	4511144	3
1110199	0	4674430	0
1110199	0	4800726	0
1110199	0	4800728	0
1110199	0	4800731	0
1110199	0	4800732	3
1110199	0	5049363	3
1110199	0	5060491	0
1110199	0	5074861	0
1110199	0	5387204	3
1110199	0	5479	0
1110199	0	5516092	0
1110199	0	5641717	3
1110199	0	5641718	0
1110199	0	5857919	0
1110199	0	5857920	3
1110199	0	5857921	3
1110199	0	5857924	0
1110199	0	5857925	3
1110199	0	6056861	3
1110199	0	618109	0
1110199	0	6368891	3
1110199	0	6392463	3
1110199	0	6392469	0
1110199	0	6573362	0
1110199	0	6594555	0
1110199	0	6734090	0
1110199	0	68578	3
1110199	0	6993901	3
1110199	0	712229	0
1110199	0	7221487	0
1110199	0	7221489	0
1110199	0	7344200	0
1110199	0	7362622	0
1110199	0	7439380	3
1110199	0	7842393	0
1110199	0	8157172	0
1110199	0	8157174	0
1110199	0	8160518	5
1110199	0	8160519	3
1110199	0	8160520	5
1110199	0	8160521	3
1110199	0	8160523	3
1110199	0	8160524	0
1110199	0	8160526	3
1110199	0	8160527	3
1110199	0	830201	0
1110199	0	8404306	3
1110199	0	8404307	0
1110199	0	847931	0
1110199	0	863984	0
1110199	0	863987	0
1110199	0	955120	0
1110199	0	975292	0
1110199	0	986780	0
1112341	0	1228459	1
1112341	0	1373648	0
1112341	0	1373651	1
1112341	0	2095995	1
1112341	0	2095998	1
1112341	0	2173822	1
1112341	0	2253155	5
1112341	0	2386656	1
1112341	0	2468298	1
1112341	0	2596431	0
1112341	0	2596432	1
1112341	0	2663365	1
1112341	0	2694630	1
1112341	0	2694631	1
1112341	0	2694632	1
1112341	0	2694633	1
1112341	0	2694635	1
1112341	0	2694636	1
1112341	0	2694637	5
1112341	0	2694638	0
1112341	0	2735215	1
1112341	0	2735219	1
1112341	0	2841738	0
1112341	0	3252208	1
1112341	0	3274664	1
1112341	0	3274669	0
1112341	0	3291145	1
1112341	0	3291146	1
1112341	0	3291148	1
1112341	0	3291151	1
1112341	0	3352255	1
1112341	0	3524227	1
1112341	0	3795887	1
1112341	0	3795896	1
1112341	0	3922197	1
1112341	0	4022846	1
1112341	0	4022849	5
1112341	0	4390804	0
1112341	0	4416075	1
1112341	0	4561900	1
1112341	0	478773	1
1112341	0	4977768	1
1112341	0	5043407	1
1112341	0	5043413	1
1112341	0	508019	1
1112341	0	5133283	1
1112341	0	5133287	0
1112341	0	524251	1
1112341	0	550571	1
1112341	0	6164791	5
1112341	0	6311794	1
1112341	0	6311795	5
1112341	0	6311799	1
1112341	0	6311801	5
1112341	0	6342847	5
1112341	0	6459590	1
1112341	0	6459592	1
1112341	0	6681382	1
1112341	0	6681384	1
1112341	0	6681385	1
1112341	0	6726337	1
1112341	0	6726338	1
1112341	0	6726340	5
1112341	0	6726342	5
1112341	0	6726344	5
1112341	0	6726346	1
1112341	0	6903063	1
1112341	0	6947368	0
1112341	0	7079776	5
1112341	0	7088037	0
1112341	0	7194370	1
1112341	0	7194371	1
1112341	0	7194372	1
1112341	0	7194374	1
1112341	0	7492851	1
1112341	0	7615749	1
1112341	0	7615752	1
1112341	0	7708623	1
1112341	0	7708629	0
1112341	0	7880073	1
1112341	0	8134792	1
1112341	0	8134796	1
1112341	0	8139253	5
1112341	0	8139255	5
1112341	0	8139256	5
1112341	0	8139257	5
1112341	0	8139258	5
1112341	0	8326587	1
1112341	0	8326588	1
1112341	0	8337125	5
1112341	0	8337129	5
1112341	0	8442174	1
1112341	0	8442176	1
1112341	0	8442177	1
1112341	0	8442178	1
1112341	0	8442180	1
1112341	0	8474289	1
1112341	0	8606160	1
1112341	0	8606161	1
1112341	0	875123	1
1113437	0	1066538	1
1113437	0	1280244	1
1113437	0	1280568	4
1113437	0	1280569	1
1113437	0	1280570	1
1113437	0	1454814	4
1113437	0	1768727	4
1113437	0	1768729	0
1113437	0	1896939	1
1113437	0	1896943	4
1113437	0	2001933	4
1113437	0	2001934	4
1113437	0	2226349	4
1113437	0	2305870	0
1113437	0	2354940	1
1113437	0	2354941	1
1113437	0	2354947	4
1113437	0	2595623	1
1113437	0	2595628	0
1113437	0	2884191	1
1113437	0	3026984	1
1113437	0	3089474	1
1113437	0	3125154	4
1113437	0	3880944	4
1113437	0	4016930	1
1113437	0	4016933	1
1113437	0	4016934	1
1113437	0	4016937	1
1113437	0	4016939	0
1113437	0	4064657	0
1113437	0	4216336	0
1113437	0	4367832	4
1113437	0	4473156	4
1113437	0	4473157	4
1113437	0	4498867	1
1113437	0	4751835	4
1113437	0	4751837	1
1113437	0	4751839	1
1113437	0	5188745	0
1113437	0	5188746	0
1113437	0	5188747	1
1113437	0	5188751	1
1113437	0	5346399	0
1113437	0	5346404	4
1113437	0	5362609	1
1113437	0	5514586	4
1113437	0	5514589	1
1113437	0	5546288	4
1113437	0	555333	1
1113437	0	555340	1
1113437	0	5781997	1
1113437	0	5938418	1
1113437	0	5938420	1
1113437	0	5938421	1
1113437	0	5938425	4
1113437	0	5938426	1
1113437	0	5996691	1
1113437	0	5996693	1
1113437	0	6017938	1
1113437	0	6017945	0
1113437	0	6021902	4
1113437	0	6174328	4
1113437	0	631949	4
1113437	0	6455610	1
1113437	0	6593841	1
1113437	0	6593842	1
1113437	0	6593846	1
1113437	0	6597538	0
1113437	0	6688843	1
1113437	0	6688848	1
1113437	0	7377270	1
1113437	0	7377271	1
1113437	0	7377275	0
1113437	0	7385215	0
1113437	0	7385217	1
1113437	0	7385219	1
1113437	0	7385221	1
1113437	0	7385222	1
1113437	0	742037	4
1113437	0	742040	4
1113437	0	742042	1
1113437	0	742044	4
1113437	0	742045	1
1113437	0	7497495	1
1113437	0	7890527	0
1113437	0	8128790	4
1113437	0	8128793	1
1113437	0	8128794	4
1113437	0	8128795	1
1113437	0	8128799	1
1113437	0	8162984	1
1113437	0	8503447	1
1113437	0	8503450	1
1113437	0	8503451	0
1113437	0	8503453	1
1113437	0	8503455	0
1113437	0	8729212	1
1113437	0	8729216	1
1113437	0	8729218	1
1113437	0	8729219	4
1114646	0	1029800	0
1114646	0	1092561	0
1114646	0	1262730	0
1114646	0	1262731	0
1114646	0	1304419	0
1114646	0	1304420	0
1114646	0	1566448	0
1114646	0	1612682	0
1114646	0	1713625	0
1114646	0	1834998	0
1114646	0	1964991	0
1114646	0	2022387	0
1114646	0	2180675	0
1114646	0	2180676	0
1114646	0	2180679	0
1114646	0	2180680	0
1114646	0	2180681	0
1114646	0	2180682	0
1114646	0	218636	0
1114646	0	2245935	0
1114646	0	2475349	0
1114646	0	2475352	0
1114646	0	2524143	0
1114646	0	2647994	5
1114646	0	266552	5
1114646	0	2689906	0
1114646	0	2695583	0
1114646	0	2695584	0
1114646	0	2911035	5
1114646	0	2911040	5
1114646	0	2920691	0
1114646	0	2920692	0
1114646	0	2931846	0
1114646	0	2931848	0
1114646	0	3036935	0
1114646	0	3044326	0
1114646	0	3234628	0
1114646	0	355643	0
1114646	0	3862734	0
1114646	0	3928491	0
1114646	0	3942330	0
1114646	0	3988011	0
1114646	0	4031078	0
1114646	0	4298437	0
1114646	0	444374	5
1114646	0	444375	5
1114646	0	444380	5
1114646	0	4553944	0
1114646	0	4694680	0
1114646	0	4694682	0
1114646	0	4694686	0
1114646	0	4695602	0
1114646	0	4695603	0
1114646	0	4969104	0
1114646	0	501560	0
1114646	0	5133385	0
1114646	0	5139287	0
1114646	0	5140466	0
1114646	0	5279567	5
1114646	0	5640856	5
1114646	0	5640859	5
1114646	0	5746856	0
1114646	0	5775469	0
1114646	0	5911409	0
1114646	0	5948732	0
1114646	0	6034385	0
1114646	0	6124144	0
1114646	0	6124145	0
1114646	0	6378933	0
1114646	0	6378941	0
1114646	0	6644245	0
1114646	0	6704400	5
1114646	0	6704401	5
1114646	0	6722658	0
1114646	0	6764330	0
1114646	0	7037697	0
1114646	0	7098750	0
1114646	0	7166314	0
1114646	0	7234440	0
1114646	0	7403628	0
1114646	0	7531387	0
1114646	0	7531391	0
1114646	0	7675374	0
1114646	0	7675379	0
1114646	0	7948885	0
1114646	0	8117087	5
1114646	0	8117089	5
1114646	0	8117090	5
1114646	0	8117091	5
1114646	0	8117094	5
1114646	0	8117096	5
1114646	0	8212098	0
1114646	0	831444	5
1114646	0	8329774	0
1114646	0	843464	0
1114646	0	857788	5
1114646	0	8662669	0
1114646	0	8665820	5
1114646	0	8736509	0
1114646	0	966296	0
1114819	0	1009500	0
1114819	0	1248112	2
1114819	0	1302004	2
1114819	0	1302007	2
1114819	0	1315993	2
1114819	0	1315994	2
1114819	0	1315996	2
1114819	0	1315998	2
1114819	0	1419798	0
1114819	0	1419801	0
1114819	0	1625836	2
1114819	0	1724520	2
1114819	0	1724521	0
1114819	0	1724525	2
1114819	0	1724526	0
1114819	0	1724528	0
1114819	0	1735443	0
1114819	0	1738242	2
1114819	0	1738250	2
1114819	0	1816958	0
1114819	0	1852066	0
1114819	0	2212059	0
1114819	0	2477692	2
1114819	0	255279	0
1114819	0	2590451	0
1114819	0	2590453	0
1114819	0	2590454	2
1114819	0	2590455	0
1114819	0	2831393	0
1114819	0	344350	2
1114819	0	344351	0
1114819	0	3484458	2
1114819	0	3781418	2
1114819	0	3781419	0
1114819	0	3906952	0
1114819	0	3906954	2
1114819	0	3906959	2
1114819	0	4890560	2
1114819	0	5019832	0
1114819	0	5019839	0
1114819	0	5156171	0
1114819	0	5165249	2
1114819	0	534362	2
1114819	0	5521371	2
1114819	0	5521373	2
1114819	0	5628950	0
1114819	0	5628952	2
1114819	0	5718417	0
1114819	0	6202321	0
1114819	0	6564169	0
1114819	0	6900766	2
1114819	0	6900767	0
1114819	0	6900769	0
1114819	0	6900773	2
1114819	0	6900774	2
1114819	0	6941478	2
1114819	0	694735	0
1114819	0	694737	2
1114819	0	7132894	0
1114819	0	750446	0
1114819	0	7588045	2
1114819	0	7803429	0
1114819	0	7803435	2
1114819	0	785027	2
1114819	0	785028	0
1114819	0	8022276	2
1114819	0	8022279	0
1114819	0	8022280	2
1114819	0	8024890	2
1114819	0	8027206	2
1114819	0	8027210	0
1114819	0	8088109	0
1114819	0	8088111	0
1114819	0	8096817	0
1114819	0	8096824	0
1114819	0	8115435	2
1114819	0	8115439	2
1114819	0	8115440	2
1114819	0	8115700	0
1114819	0	8115705	0
1114819	0	8336225	0
1114819	0	8336229	2
1114819	0	8336230	2
1114819	0	8336232	0
1114819	0	8480574	0
1114819	0	8508255	0
1114819	0	8508259	0
1114819	0	8508263	2
1114819	0	8579830	0
1114819	0	8579832	0
1114819	0	8625086	2
1114819	0	8736056	2
1114819	0	8754397	2
1114819	0	8754398	2
1114819	0	8754404	0
1114819	0	8768742	2
1114819	0	988370	2
1114819	0	988373	2
1114819	0	988376	2
1114819	0	988378	0
1115776	0	1014595	0
1115776	0	1031044	0
1115776	0	1036904	3
1115776	0	1059921	0
1115776	0	1068769	0
1115776	0	1134851	0
1115776	0	1143727	0
1115776	0	1282792	0
1115776	0	1286495	3
1115776	0	1397089	0
1115776	0	1402571	0
1115776	0	1461944	0
1115776	0	1551024	0
1115776	0	1593001	0
1115776	0	1593006	3
1115776	0	1729572	3
1115776	0	1729576	3
1115776	0	1758373	0
1115776	0	1864868	0
1115776	0	1966458	0
1115776	0	2120345	0
1115776	0	2210164	0
1115776	0	2236540	0
1115776	0	2514462	0
1115776	0	2579216	0
1115776	0	2579218	0
1115776	0	2813898	0
1115776	0	2813901	0
1115776	0	2837985	0
1115776	0	3469357	5
1115776	0	3564568	0
1115776	0	3607500	0
1115776	0	3641822	0
1115776	0	3797905	0
1115776	0	3923601	0
1115776	0	4059004	3
1115776	0	4131485	3
1115776	0	4298199	0
1115776	0	4314169	5
1115776	0	4314170	5
1115776	0	4314171	3
1115776	0	4314173	5
1115776	0	4314174	5
1115776	0	4314175	5
1115776	0	4314176	5
1115776	0	455489	0
1115776	0	4689931	0
1115776	0	4745971	3
1115776	0	4981720	3
1115776	0	5022043	0
1115776	0	5124440	0
1115776	0	5599687	3
1115776	0	5599692	3
1115776	0	5752822	0
1115776	0	577820	0
1115776	0	5900625	3
1115776	0	6037179	3
1115776	0	6044207	0
1115776	0	6150628	3
1115776	0	622467	0
1115776	0	6247337	0
1115776	0	6316241	3
1115776	0	642039	0
1115776	0	6648060	0
1115776	0	6705802	0
1115776	0	6705804	0
1115776	0	6705805	0
1115776	0	6705806	0
1115776	0	6705807	0
1115776	0	6705808	0
1115776	0	6705811	0
1115776	0	6935971	0
1115776	0	6973128	3
1115776	0	6989198	3
1115776	0	707643	0
1115776	0	7129170	3
1115776	0	7129179	3
1115776	0	7171247	3
1115776	0	729789	0
1115776	0	7462690	0
1115776	0	7693347	3
1115776	0	7779192	3
1115776	0	790229	0
1115776	0	790232	0
1115776	0	8106317	5
1115776	0	8106318	3
1115776	0	8106320	5
1115776	0	8106321	5
1115776	0	8106322	3
1115776	0	8106323	0
1115776	0	8106324	3
1115776	0	8177309	0
1115776	0	830976	0
1115776	0	8357383	3
1115776	0	8495250	3
1115776	0	8495256	3
1115776	0	8621772	3
1115776	0	8673352	3
1115776	0	8757348	0
1115776	0	900809	0
1117099	0	1000103	0
1117099	0	1042612	0
1117099	0	1123494	0
1117099	0	1123496	0
1117099	0	1250347	3
1117099	0	1252737	3
1117099	0	1389420	5
1117099	0	1445087	0
1117099	0	1542026	0
1117099	0	1798612	5
1117099	0	1798620	5
1117099	0	189601	0
1117099	0	2109695	0
1117099	0	2113599	0
1117099	0	2620701	0
1117099	0	3097070	0
1117099	0	3104260	0
1117099	0	3104266	3
1117099	0	3108942	0
1117099	0	3128109	0
1117099	0	334615	4
1117099	0	3349609	3
1117099	0	3349612	5
1117099	0	3522902	3
1117099	0	3543106	5
1117099	0	3633442	0
1117099	0	3921953	0
1117099	0	4016466	0
1117099	0	4441325	4
1117099	0	4458506	0
1117099	0	4458507	3
1117099	0	4458509	5
1117099	0	4458510	4
1117099	0	4458512	5
1117099	0	4528327	0
1117099	0	4698220	0
1117099	0	4815809	0
1117099	0	484696	0
1117099	0	5020963	0
1117099	0	514314	0
1117099	0	5258462	4
1117099	0	5278136	0
1117099	0	5286535	4
1117099	0	5286538	5
1117099	0	5286539	5
1117099	0	5354862	0
1117099	0	5699286	3
1117099	0	5752877	3
1117099	0	5874017	0
1117099	0	5950908	0
1117099	0	5978474	0
1117099	0	5979211	3
1117099	0	6122720	5
1117099	0	6122721	4
1117099	0	6122722	5
1117099	0	6122723	5
1117099	0	6122724	4
1117099	0	6178371	0
1117099	0	6398915	0
1117099	0	6411781	0
1117099	0	6411786	3
1117099	0	6534818	4
1117099	0	6776508	0
1117099	0	6832520	0
1117099	0	6858988	0
1117099	0	6912420	0
1117099	0	6917898	0
1117099	0	6940549	0
1117099	0	6940550	0
1117099	0	6940552	3
1117099	0	6940553	0
1117099	0	6940555	3
1117099	0	6940556	0
1117099	0	6940557	0
1117099	0	6940558	0
1117099	0	6993942	4
1117099	0	700498	0
1117099	0	714808	5
1117099	0	7163733	0
1117099	0	7261488	0
1117099	0	7313639	3
1117099	0	7313643	3
1117099	0	7514071	0
1117099	0	7514072	0
1117099	0	7610604	0
1117099	0	8019446	0
1117099	0	8072929	0
1117099	0	8093927	3
1117099	0	8093931	4
1117099	0	8093932	5
1117099	0	8093934	5
1117099	0	809963	0
1117099	0	8144478	0
1117099	0	8446501	5
1117099	0	8446502	4
1117099	0	8446504	4
1117099	0	8446505	5
1117099	0	8446506	4
1117099	0	8714082	4
1117099	0	8838111	4
1121402	0	100212	0
1121402	0	1111229	0
1121402	0	1249682	2
1121402	0	1249685	2
1121402	0	1249687	4
1121402	0	1249689	2
1121402	0	1275439	0
1121402	0	1323047	2
1121402	0	1323048	2
1121402	0	1429447	2
1121402	0	1508436	0
1121402	0	182364	2
1121402	0	182365	4
1121402	0	182366	4
1121402	0	182367	4
1121402	0	182368	5
1121402	0	182369	5
1121402	0	182370	0
1121402	0	182371	4
1121402	0	182372	5
1121402	0	182373	0
1121402	0	18281	2
1121402	0	188209	4
1121402	0	188210	4
1121402	0	188211	2
1121402	0	188213	4
1121402	0	188214	2
1121402	0	188215	2
1121402	0	188216	2
1121402	0	188217	2
1121402	0	188218	2
1121402	0	1902388	2
1121402	0	1902392	2
1121402	0	2042119	2
1121402	0	2191941	2
1121402	0	2516420	0
1121402	0	2664284	0
1121402	0	2681041	2
1121402	0	2681045	4
1121402	0	2681048	2
1121402	0	2765629	0
1121402	0	2914522	0
1121402	0	2938358	0
1121402	0	2938359	0
1121402	0	3368448	2
1121402	0	3412904	2
1121402	0	3412909	4
1121402	0	3511789	4
1121402	0	3511795	2
1121402	0	3674187	2
1121402	0	3691381	0
1121402	0	3785307	2
1121402	0	3785308	4
1121402	0	3785309	2
1121402	0	3785310	2
1121402	0	4140833	2
1121402	0	43770	4
1121402	0	4620823	2
1121402	0	465105	0
1121402	0	4671455	0
1121402	0	4797699	0
1121402	0	4893520	0
1121402	0	5189911	0
1121402	0	5189913	5
1121402	0	5662146	0
1121402	0	5662147	0
1121402	0	5662150	0
1121402	0	5894958	0
1121402	0	6001847	4
1121402	0	63087	0
1121402	0	6319745	0
1121402	0	6873412	0
1121402	0	7125978	2
1121402	0	7125980	4
1121402	0	7125981	5
1121402	0	7125982	4
1121402	0	7125983	4
1121402	0	7125985	2
1121402	0	7125987	4
1121402	0	7134098	2
1121402	0	7142994	4
1121402	0	7196397	0
1121402	0	7489485	2
1121402	0	7489486	2
1121402	0	7489487	2
1121402	0	7489488	0
1121402	0	7775354	0
1121402	0	8052617	4
1121402	0	8052619	4
1121402	0	8052620	5
1121402	0	8052621	4
1121402	0	8052622	4
1121402	0	8052623	4
1121402	0	8052624	4
1121402	0	8102106	0
1121402	0	8356941	0
1121402	0	8376430	0
1121402	0	8469784	0
1121402	0	879274	2
1121402	0	8836130	0
1121709	0	1578771	0
1121709	0	1752809	0
1121709	0	1752813	5
1121709	0	1764269	0
1121709	0	1764270	0
1121709	0	1764272	0
1121709	0	1767105	0
1121709	0	181615	0
1121709	0	2046428	0
1121709	0	2046431	0
1121709	0	2046433	0
1121709	0	2051808	0
1121709	0	2051809	0
1121709	0	2051813	0
1121709	0	210479	0
1121709	0	2133181	0
1121709	0	2133183	0
1121709	0	2422660	0
1121709	0	2422665	0
1121709	0	2422667	0
1121709	0	2486852	0
1121709	0	2703197	0
1121709	0	2703203	0
1121709	0	2706640	0
1121709	0	2706644	0
1121709	0	2706645	0
1121709	0	2706646	0
1121709	0	3059199	0
1121709	0	3115495	0
1121709	0	3124096	0
1121709	0	3151648	0
1121709	0	3158259	0
1121709	0	3165925	0
1121709	0	3312963	0
1121709	0	3423059	5
1121709	0	3423061	5
1121709	0	3423062	5
1121709	0	3423063	5
1121709	0	3423064	5
1121709	0	3423065	5
1121709	0	3423067	5
1121709	0	3451595	0
1121709	0	3465619	0
1121709	0	3469590	0
1121709	0	356326	0
1121709	0	3632519	0
1121709	0	3762335	0
1121709	0	3823024	0
1121709	0	3968031	0
1121709	0	4089247	0
1121709	0	4135691	0
1121709	0	4153489	0
1121709	0	4556902	5
1121709	0	4566164	0
1121709	0	4566169	0
1121709	0	487598	0
1121709	0	4928895	5
1121709	0	5027050	0
1121709	0	555963	0
1121709	0	555965	0
1121709	0	555970	0
1121709	0	5614874	0
1121709	0	5707731	0
1121709	0	5716707	0
1121709	0	5716708	0
1121709	0	5963606	0
1121709	0	6115793	0
1121709	0	6166394	0
1121709	0	6216040	0
1121709	0	626887	0
1121709	0	6381007	0
1121709	0	6850861	0
1121709	0	696351	0
1121709	0	700135	0
1121709	0	7339512	0
1121709	0	7460019	0
1121709	0	7465195	0
1121709	0	788051	0
1121709	0	8024810	0
1121709	0	8024811	0
1121709	0	8024819	0
1121709	0	8049577	5
1121709	0	8049578	5
1121709	0	8049580	5
1121709	0	8049582	5
1121709	0	8049583	5
1121709	0	8049584	5
1121709	0	8049585	5
1121709	0	8049586	5
1121709	0	8114448	0
1121709	0	8297863	0
1121709	0	8535271	0
1121709	0	8558420	0
1121709	0	8610864	0
1121709	0	8614743	0
1121709	0	8668847	0
1121709	0	8668848	0
1121709	0	8776540	0
1121709	0	8800882	0
1121709	0	918204	5
1124210	0	1027213	0
1124210	0	1120858	0
1124210	0	1194689	0
1124210	0	1251133	0
1124210	0	1251135	0
1124210	0	1362721	0
1124210	0	1383615	0
1124210	0	1383617	0
1124210	0	1383624	0
1124210	0	1702008	0
1124210	0	1702010	0
1124210	0	181177	5
1124210	0	2089544	5
1124210	0	2199998	0
1124210	0	2220482	0
1124210	0	2258591	5
1124210	0	2258592	5
1124210	0	2258596	5
1124210	0	2303834	0
1124210	0	2303836	0
1124210	0	2632281	0
1124210	0	2632288	0
1124210	0	2728448	5
1124210	0	273573	0
1124210	0	2754117	0
1124210	0	2895509	0
1124210	0	3031380	0
1124210	0	3046380	0
1124210	0	3057000	0
1124210	0	3152177	0
1124210	0	3426722	0
1124210	0	3446170	0
1124210	0	3520550	0
1124210	0	3520551	0
1124210	0	3520553	0
1124210	0	3546600	0
1124210	0	3573857	0
1124210	0	3607859	0
1124210	0	3680798	0
1124210	0	3680799	0
1124210	0	3680801	0
1124210	0	3680802	0
1124210	0	3680805	0
1124210	0	371351	0
1124210	0	371352	0
1124210	0	371357	0
1124210	0	3722759	0
1124210	0	3750818	0
1124210	0	3750819	0
1124210	0	3750823	0
1124210	0	3937735	0
1124210	0	4057442	0
1124210	0	4074146	0
1124210	0	4074152	0
1124210	0	4425464	0
1124210	0	4706417	0
1124210	0	4794725	0
1124210	0	4794729	0
1124210	0	4840515	0
1124210	0	4957842	0
1124210	0	4958356	0
1124210	0	4958358	5
1124210	0	502337	0
1124210	0	5056100	0
1124210	0	5056103	0
1124210	0	5281846	0
1124210	0	5281849	0
1124210	0	5366912	0
1124210	0	546154	0
1124210	0	546158	0
1124210	0	555792	5
1124210	0	5681258	0
1124210	0	5938409	0
1124210	0	5940130	0
1124210	0	6186845	0
1124210	0	6263923	0
1124210	0	6263926	0
1124210	0	6363262	0
1124210	0	6704887	0
1124210	0	6896369	0
1124210	0	6896372	0
1124210	0	6992534	0
1124210	0	6992537	0
1124210	0	7205923	0
1124210	0	7208694	0
1124210	0	7234570	0
1124210	0	7278459	0
1124210	0	7278463	0
1124210	0	7443586	5
1124210	0	7566672	0
1124210	0	7566675	0
1124210	0	7581155	5
1124210	0	7746535	0
1124210	0	7756779	0
1124210	0	7756780	0
1124210	0	7756781	0
1124210	0	7835796	0
1124210	0	7851118	0
1124210	0	8026737	5
1124210	0	829948	0
1129237	0	1020793	2
1129237	0	1080294	4
1129237	0	1128332	0
1129237	0	1160807	0
1129237	0	120308	2
1129237	0	120313	0
1129237	0	120314	2
1129237	0	120315	2
1129237	0	128982	5
1129237	0	128984	5
1129237	0	128986	2
1129237	0	128989	5
1129237	0	1460453	2
1129237	0	1549858	2
1129237	0	1768895	2
1129237	0	1770027	0
1129237	0	1857133	0
1129237	0	2152821	4
1129237	0	2189983	0
1129237	0	2189992	2
1129237	0	2580204	2
1129237	0	2696926	4
1129237	0	2697746	4
1129237	0	2697752	5
1129237	0	275594	0
1129237	0	2972916	0
1129237	0	3016192	0
1129237	0	302210	4
1129237	0	305086	2
1129237	0	3195674	2
1129237	0	3227129	2
1129237	0	3352740	0
1129237	0	3641168	0
1129237	0	3683096	4
1129237	0	3905055	4
1129237	0	3905057	5
1129237	0	3905799	4
1129237	0	3905800	2
1129237	0	3905802	5
1129237	0	3905804	2
1129237	0	4066969	0
1129237	0	4141004	0
1129237	0	4141005	2
1129237	0	4141009	2
1129237	0	4141012	4
1129237	0	4254811	5
1129237	0	4254815	5
1129237	0	4254816	4
1129237	0	4509081	0
1129237	0	461835	2
1129237	0	4801130	2
1129237	0	4904403	2
1129237	0	4904405	2
1129237	0	4915547	2
1129237	0	5619502	4
1129237	0	5831781	2
1129237	0	5831788	4
1129237	0	5906130	5
1129237	0	5906134	2
1129237	0	5916672	0
1129237	0	6063090	0
1129237	0	6080452	2
1129237	0	6080460	4
1129237	0	6080461	2
1129237	0	6122985	0
1129237	0	6172874	2
1129237	0	6285414	2
1129237	0	6343520	4
1129237	0	6343521	4
1129237	0	6343523	2
1129237	0	6366866	0
1129237	0	6575090	0
1129237	0	6640165	2
1129237	0	6718101	2
1129237	0	6903787	0
1129237	0	6956014	4
1129237	0	7049948	2
1129237	0	7049951	0
1129237	0	7050921	4
1129237	0	710733	4
1129237	0	7397082	0
1129237	0	767820	2
1129237	0	7911557	5
1129237	0	8093065	2
1129237	0	8093067	2
1129237	0	8165055	2
1129237	0	8217253	2
1129237	0	824966	2
1129237	0	8373739	0
1129237	0	8431281	0
1129237	0	8450766	4
1129237	0	8469255	0
1129237	0	8588219	4
1129237	0	8588222	0
1129237	0	8588223	2
1129237	0	8588226	0
1129237	0	8588227	4
1129237	0	8682824	5
1129237	0	998748	4
1129237	0	998751	5
1133167	0	1379370	0
1133167	0	1824479	1
1133167	0	1824480	1
1133167	0	1824481	0
1133167	0	1824483	1
1133167	0	1824484	0
1133167	0	1824485	1
1133167	0	1824486	1
1133167	0	1824487	1
1133167	0	1824488	1
1133167	0	1883272	1
1133167	0	1883273	1
1133167	0	1883276	1
1133167	0	1883280	0
1133167	0	1883281	1
1133167	0	190802	1
1133167	0	190803	1
1133167	0	190804	1
1133167	0	190805	1
1133167	0	190806	1
1133167	0	190809	1
1133167	0	190810	1
1133167	0	190811	1
1133167	0	2010281	1
1133167	0	2276678	1
1133167	0	2613291	0
1133167	0	2613296	1
1133167	0	3023120	1
1133167	0	3023123	1
1133167	0	3074598	1
1133167	0	3074599	1
1133167	0	3355083	0
1133167	0	3391439	1
1133167	0	3421898	1
1133167	0	3421899	1
1133167	0	3421900	1
1133167	0	3421906	1
1133167	0	3953805	1
1133167	0	434119	1
1133167	0	434120	1
1133167	0	434121	1
1133167	0	434123	1
1133167	0	434125	1
1133167	0	4443370	0
1133167	0	4443375	1
1133167	0	4498474	1
1133167	0	4498476	1
1133167	0	4498477	0
1133167	0	4498479	1
1133167	0	4550240	1
1133167	0	4550243	1
1133167	0	4550244	1
1133167	0	4712279	0
1133167	0	4922619	1
1133167	0	4926197	1
1133167	0	4926204	1
1133167	0	4973626	1
1133167	0	5674623	0
1133167	0	5787117	0
1133167	0	6103289	0
1133167	0	6112585	1
1133167	0	6112586	1
1133167	0	6112587	1
1133167	0	6112590	1
1133167	0	6142	0
1133167	0	6257034	0
1133167	0	6299575	0
1133167	0	6467518	1
1133167	0	6467523	1
1133167	0	7093509	1
1133167	0	7093510	1
1133167	0	7093511	1
1133167	0	7093513	1
1133167	0	7217705	0
1133167	0	7218015	1
1133167	0	7218016	0
1133167	0	7486600	1
1133167	0	7486602	1
1133167	0	7762240	1
1133167	0	7793408	1
1133167	0	7793409	1
1133167	0	7793411	1
1133167	0	7793414	0
1133167	0	7793416	0
1133167	0	8003301	0
1133167	0	8033644	0
1133167	0	8033645	1
1133167	0	8033647	1
1133167	0	8033650	1
1133167	0	8160224	1
1133167	0	8160241	1
1133167	0	8160243	1
1133167	0	823272	1
1133167	0	823274	1
1133167	0	823275	1
1133167	0	823276	0
1133167	0	823277	1
1133167	0	8255705	1
1133167	0	8255706	1
1133167	0	8415743	1
130510	0	1023333	0
130510	0	1024747	2
130510	0	1075438	0
130510	0	1086581	0
130510	0	1244228	4
130510	0	1262133	4
130510	0	133053	2
130510	0	1494930	4
130510	0	1494931	4
130510	0	1494935	4
130510	0	1494936	5
130510	0	1494938	5
130510	0	1494939	5
130510	0	1672906	4
130510	0	1881833	4
130510	0	1881837	4
130510	0	203714	2
130510	0	203718	5
130510	0	203721	2
130510	0	2407055	2
130510	0	2407059	2
130510	0	2407061	4
130510	0	2689146	0
130510	0	3185954	2
130510	0	319552	2
130510	0	3217576	2
130510	0	3351230	2
130510	0	3825435	2
130510	0	3922560	2
130510	0	3922562	4
130510	0	3922565	0
130510	0	3922567	2
130510	0	3944664	2
130510	0	4237516	0
130510	0	4237523	0
130510	0	435588	0
130510	0	474935	2
130510	0	474939	4
130510	0	4979634	0
130510	0	5148415	2
130510	0	5148418	0
130510	0	5255918	4
130510	0	5622536	2
130510	0	5667812	2
130510	0	5668638	0
130510	0	5668641	2
130510	0	5668642	4
130510	0	5668645	2
130510	0	5742790	0
130510	0	584737	2
130510	0	5984058	4
130510	0	5988738	2
130510	0	6172269	0
130510	0	6237995	0
130510	0	6412174	0
130510	0	6542824	2
130510	0	6614911	2
130510	0	6614916	2
130510	0	665170	0
130510	0	6685197	2
130510	0	6780516	2
130510	0	6780520	2
130510	0	6797524	2
130510	0	6835270	4
130510	0	7125239	4
130510	0	7125241	5
130510	0	7127694	2
130510	0	7129387	2
130510	0	7129391	0
130510	0	7136329	2
130510	0	7220651	0
130510	0	7226975	0
130510	0	7226977	2
130510	0	7442006	0
130510	0	7501557	5
130510	0	7501558	5
130510	0	7569030	0
130510	0	768251	4
130510	0	7717233	2
130510	0	799647	5
130510	0	7997887	0
130510	0	8094072	0
130510	0	8287348	2
130510	0	8287352	2
130510	0	8354777	0
130510	0	8354778	2
130510	0	8384388	0
130510	0	8384389	2
130510	0	8612902	5
130510	0	8612903	5
130510	0	8612904	4
130510	0	8612905	4
130510	0	8612906	5
130510	0	8612909	5
130510	0	8612910	5
130510	0	8617103	0
130510	0	87224	0
130510	0	87227	0
130510	0	905737	2
130510	0	956561	2
131843	0	1096618	0
131843	0	1208161	0
131843	0	1412225	0
131843	0	1505736	0
131843	0	1568857	0
131843	0	1568859	0
131843	0	1792434	0
131843	0	1810541	0
131843	0	1811758	0
131843	0	1842861	0
131843	0	1958967	0
131843	0	2010626	0
131843	0	20432	0
131843	0	2084839	0
131843	0	2162844	0
131843	0	2287018	0
131843	0	2348818	0
131843	0	2493973	0
131843	0	2493976	0
131843	0	2493980	0
131843	0	2581898	0
131843	0	25837	0
131843	0	2703804	0
131843	0	2820664	0
131843	0	2929665	0
131843	0	3049466	0
131843	0	3049467	0
131843	0	3049468	0
131843	0	3049470	0
131843	0	3049471	0
131843	0	3049474	0
131843	0	3336280	0
131843	0	348760	0
131843	0	3527399	0
131843	0	3590884	0
131843	0	3690753	0
131843	0	4091094	0
131843	0	4136087	0
131843	0	427728	0
131843	0	4338356	5
131843	0	4439041	0
131843	0	4471157	0
131843	0	4766288	0
131843	0	488608	0
131843	0	4996623	0
131843	0	5103706	0
131843	0	5212622	0
131843	0	5318362	0
131843	0	5597629	0
131843	0	569918	0
131843	0	5715075	0
131843	0	6041799	0
131843	0	6041800	0
131843	0	6121785	0
131843	0	6121787	0
131843	0	631979	0
131843	0	6491660	0
131843	0	6524077	0
131843	0	6524083	0
131843	0	6629203	0
131843	0	6629206	0
131843	0	6863388	5
131843	0	6863389	0
131843	0	7191466	0
131843	0	7474324	0
131843	0	7748962	0
131843	0	8083953	0
131843	0	8098280	0
131843	0	8132210	0
131843	0	8187665	0
131843	0	8187667	0
131843	0	8187668	0
131843	0	8187672	0
131843	0	8305152	5
131843	0	8305153	5
131843	0	8305156	5
131843	0	8305158	5
131843	0	8456967	0
131843	0	8484009	0
131843	0	8495582	0
131843	0	8495584	0
131843	0	8495587	0
131843	0	8495589	0
131843	0	8710813	5
131843	0	8727566	0
131843	0	8780259	0
131843	0	926337	0
131843	0	935618	0
131843	0	935619	0
131843	0	935620	0
131843	0	935621	0
131843	0	935623	0
131843	0	935626	0
131843	0	985988	5
131843	0	985989	5
131843	0	985990	5
131843	0	985991	5
131843	0	985992	5
131843	0	985994	5
131843	0	985995	5
146187	0	1028972	0
146187	0	1073946	0
146187	0	1077549	0
146187	0	1220481	0
146187	0	1230566	3
146187	0	1246738	0
146187	0	1367173	0
146187	0	1369241	3
146187	0	1543946	0
146187	0	1636405	0
146187	0	1841192	0
146187	0	1841197	3
146187	0	1884866	0
146187	0	1937161	3
146187	0	1972078	0
146187	0	2009635	0
146187	0	2226093	3
146187	0	2246719	0
146187	0	2246721	0
146187	0	2257806	3
146187	0	2257810	0
146187	0	2345122	3
146187	0	2365484	0
146187	0	2444447	0
146187	0	2918498	0
146187	0	3017615	0
146187	0	3017618	0
146187	0	3129298	0
146187	0	315525	3
146187	0	3241340	0
146187	0	3593186	0
146187	0	3615731	3
146187	0	3891371	0
146187	0	3963184	3
146187	0	3963185	3
146187	0	3963187	3
146187	0	4214923	3
146187	0	4214925	3
146187	0	45008	3
146187	0	4619183	0
146187	0	4741857	5
146187	0	4777144	5
146187	0	4878079	0
146187	0	4921740	0
146187	0	4921741	0
146187	0	4992658	0
146187	0	5217815	0
146187	0	5238589	0
146187	0	5238595	0
146187	0	5332230	0
146187	0	5566562	0
146187	0	5566569	0
146187	0	5590506	3
146187	0	5590508	0
146187	0	5746033	0
146187	0	5746034	0
146187	0	5836454	3
146187	0	5836455	0
146187	0	5999108	0
146187	0	6015024	3
146187	0	6015026	3
146187	0	6015027	3
146187	0	6430258	3
146187	0	6430260	3
146187	0	6483698	0
146187	0	6483699	0
146187	0	6483701	0
146187	0	6929047	0
146187	0	7021122	0
146187	0	7021127	0
146187	0	7021128	0
146187	0	7405002	3
146187	0	744163	0
146187	0	744165	5
146187	0	744166	0
146187	0	744167	5
146187	0	744171	0
146187	0	76342	3
146187	0	76344	3
146187	0	76346	0
146187	0	76348	5
146187	0	76349	3
146187	0	76350	3
146187	0	7704674	3
146187	0	7704677	0
146187	0	7704679	0
146187	0	7772761	0
146187	0	7956019	3
146187	0	8434617	5
146187	0	8434618	5
146187	0	8434619	5
146187	0	8434620	5
146187	0	8434621	5
146187	0	8434622	5
146187	0	8434623	5
146187	0	8434624	5
146187	0	8434625	5
146187	0	8434626	5
146187	0	8489394	0
146187	0	8664004	3
148538	0	1147038	0
148538	0	1147044	5
148538	0	1299824	0
148538	0	1311206	0
148538	0	1311209	0
148538	0	1384447	5
148538	0	1384448	5
148538	0	153920	0
148538	0	1671257	0
148538	0	1736918	0
148538	0	1746240	0
148538	0	1828171	0
148538	0	1950976	0
148538	0	1950979	0
148538	0	1950983	0
148538	0	1969519	0
148538	0	1969520	0
148538	0	1969521	5
148538	0	1985491	5
148538	0	2033800	0
148538	0	208314	0
148538	0	231450	0
148538	0	231453	5
148538	0	231455	5
148538	0	23586	0
148538	0	23588	0
148538	0	2368189	5
148538	0	2643562	0
148538	0	2731875	0
148538	0	2915322	0
148538	0	2915323	0
148538	0	2993239	0
148538	0	332400	0
148538	0	332401	0
148538	0	332402	0
148538	0	332406	0
148538	0	3353306	0
148538	0	3545040	0
148538	0	3557943	0
148538	0	3631449	0
148538	0	3752521	0
148538	0	3918785	0
148538	0	3997733	0
148538	0	4185812	0
148538	0	4185814	0
148538	0	4264121	0
148538	0	4264129	0
148538	0	4447598	0
148538	0	4447601	5
148538	0	451558	0
148538	0	4539654	5
148538	0	4539657	0
148538	0	4539659	5
148538	0	4539660	0
148538	0	4539663	0
148538	0	4553351	0
148538	0	4607262	0
148538	0	4607263	5
148538	0	4959637	5
148538	0	4959638	5
148538	0	4997090	0
148538	0	5077704	0
148538	0	5077707	0
148538	0	5171599	0
148538	0	5171603	0
148538	0	5171605	5
148538	0	5592682	0
148538	0	581145	0
148538	0	615402	0
148538	0	615407	0
148538	0	6353501	0
148538	0	6485499	0
148538	0	6517685	0
148538	0	6518598	0
148538	0	6543862	0
148538	0	6697437	0
148538	0	6704661	0
148538	0	6787071	0
148538	0	6846340	0
148538	0	6846343	5
148538	0	6853480	0
148538	0	6894608	0
148538	0	7157817	0
148538	0	7407803	5
148538	0	7407812	0
148538	0	8139872	0
148538	0	8283527	0
148538	0	8283531	5
148538	0	8283532	5
148538	0	844359	0
148538	0	844360	0
148538	0	844363	0
148538	0	8618875	0
148538	0	985487	0
148538	0	985488	0
148538	0	985489	0
148538	0	985490	5
148538	0	985491	5
148538	0	985492	0
148538	0	985494	0
156493	0	1101603	0
156493	0	1101607	2
156493	0	1277720	2
156493	0	1277725	2
156493	0	1277726	0
156493	0	1277727	2
156493	0	1960255	2
156493	0	1960257	2
156493	0	1960259	2
156493	0	1960260	2
156493	0	1960261	2
156493	0	2123395	0
156493	0	2259179	0
156493	0	2259180	0
156493	0	2259182	2
156493	0	2259183	2
156493	0	2317807	2
156493	0	2378078	0
156493	0	2411918	2
156493	0	2598786	0
156493	0	2598787	0
156493	0	2612486	2
156493	0	2612490	0
156493	0	2612491	2
156493	0	2612492	2
156493	0	2612493	2
156493	0	2616512	0
156493	0	2708309	0
156493	0	2717163	2
156493	0	2928700	2
156493	0	2928702	2
156493	0	2928704	2
156493	0	2928705	0
156493	0	2928707	2
156493	0	2949801	2
156493	0	2949802	2
156493	0	3288595	2
156493	0	3288596	2
156493	0	3288597	2
156493	0	3288598	2
156493	0	3288599	2
156493	0	3288600	2
156493	0	3288601	2
156493	0	3288603	2
156493	0	349638	2
156493	0	349640	0
156493	0	349643	2
156493	0	349644	0
156493	0	3603920	2
156493	0	3603922	2
156493	0	4396054	0
156493	0	4527706	0
156493	0	4583221	2
156493	0	4940228	0
156493	0	4940232	0
156493	0	5346660	0
156493	0	5479187	0
156493	0	5530082	0
156493	0	5555919	0
156493	0	5752576	0
156493	0	6139383	0
156493	0	6139386	2
156493	0	627305	0
156493	0	627311	0
156493	0	6524746	2
156493	0	6775071	2
156493	0	7371077	2
156493	0	7371078	0
156493	0	7371079	0
156493	0	7371081	0
156493	0	7431316	0
156493	0	750111	0
156493	0	8029433	0
156493	0	8182159	2
156493	0	8182160	2
156493	0	8182161	2
156493	0	8182162	2
156493	0	8182165	2
156493	0	8182166	2
156493	0	8245444	0
156493	0	8266017	2
156493	0	8273011	2
156493	0	8273017	2
156493	0	8273018	0
156493	0	8273019	2
156493	0	8820526	2
156493	0	8820527	0
156493	0	885944	2
156493	0	892013	0
156493	0	911790	0
156493	0	911791	0
156493	0	911794	0
156493	0	911795	2
156493	0	95512	2
156493	0	95514	2
156493	0	95515	2
156493	0	95518	2
156493	0	95519	0
156493	0	95521	2
156493	0	994486	2
168216	0	1090089	0
168216	0	1090095	0
168216	0	1183706	2
168216	0	1301465	2
168216	0	1301466	0
168216	0	1301467	2
168216	0	1301469	2
168216	0	1301471	2
168216	0	1301472	2
168216	0	1301473	0
168216	0	1301474	2
168216	0	13499	0
168216	0	1381477	2
168216	0	1735360	2
168216	0	1860843	0
168216	0	2036279	2
168216	0	2210775	2
168216	0	2210780	2
168216	0	2265769	0
168216	0	2790904	2
168216	0	2806307	0
168216	0	3198681	0
168216	0	3198683	2
168216	0	3198686	2
168216	0	3198687	2
168216	0	3198689	2
168216	0	3344828	2
168216	0	3344837	0
168216	0	3399712	2
168216	0	3399713	2
168216	0	3399715	2
168216	0	3399716	2
168216	0	3399718	0
168216	0	3463556	2
168216	0	3681093	0
168216	0	3681095	2
168216	0	3681097	0
168216	0	3681100	0
168216	0	3830857	2
168216	0	3908773	2
168216	0	3908774	2
168216	0	3908775	2
168216	0	3908776	2
168216	0	3908777	2
168216	0	4191395	2
168216	0	4191396	2
168216	0	4245218	0
168216	0	4324490	0
168216	0	4324491	0
168216	0	4324492	0
168216	0	4600607	0
168216	0	4600610	0
168216	0	5004346	0
168216	0	5024307	2
168216	0	5024311	0
168216	0	5024313	0
168216	0	5114458	0
168216	0	5935474	0
168216	0	5935476	2
168216	0	6012600	0
168216	0	6061718	2
168216	0	6061721	2
168216	0	6061722	2
168216	0	6061726	0
168216	0	6213322	2
168216	0	6213323	0
168216	0	6213324	2
168216	0	6213325	2
168216	0	6219118	0
168216	0	6264731	2
168216	0	6264732	2
168216	0	6264733	2
168216	0	6264734	0
168216	0	6264735	2
168216	0	6282560	0
168216	0	6426630	2
168216	0	6426631	2
168216	0	6426632	2
168216	0	6426633	2
168216	0	6426634	2
168216	0	6426637	0
168216	0	6426638	2
168216	0	6584042	0
168216	0	7337513	2
168216	0	7492751	0
168216	0	7492755	2
168216	0	7595682	0
168216	0	7595684	0
168216	0	8048968	0
168216	0	8185131	2
168216	0	8185135	2
168216	0	8185137	2
168216	0	8319218	2
168216	0	856274	0
168216	0	8731617	2
168216	0	8731618	2
168216	0	8731621	2
168216	0	8731622	2
168216	0	8731623	2
168216	0	8731624	0
182539	0	1138302	1
182539	0	1307232	3
182539	0	1307234	3
182539	0	1307235	5
182539	0	1631878	1
182539	0	1638687	5
182539	0	1638689	3
182539	0	1638690	3
182539	0	1798203	1
182539	0	1798209	1
182539	0	1882552	0
182539	0	1938505	0
182539	0	1956769	0
182539	0	1956775	1
182539	0	2009617	1
182539	0	2041085	0
182539	0	2041086	0
182539	0	2273384	0
182539	0	2635847	0
182539	0	2787602	3
182539	0	2792292	0
182539	0	2898184	1
182539	0	2909954	3
182539	0	2909960	3
182539	0	2909961	5
182539	0	330179	3
182539	0	3389569	3
182539	0	3411356	0
182539	0	3412553	0
182539	0	3448160	1
182539	0	3760957	3
182539	0	3760960	1
182539	0	3883077	5
182539	0	3883081	5
182539	0	4468612	0
182539	0	4481306	0
182539	0	4502746	1
182539	0	4680571	0
182539	0	4730803	3
182539	0	5020094	3
182539	0	5167181	1
182539	0	5238129	1
182539	0	5289650	1
182539	0	5407068	0
182539	0	5418437	0
182539	0	5567729	3
182539	0	57443	5
182539	0	57444	3
182539	0	57447	5
182539	0	57448	3
182539	0	57449	5
182539	0	57450	1
182539	0	5871834	0
182539	0	5922040	0
182539	0	5927340	1
182539	0	6037973	3
182539	0	6097108	3
182539	0	6282906	3
182539	0	6282907	1
182539	0	6282909	3
182539	0	6807899	1
182539	0	6816571	3
182539	0	6816572	3
182539	0	6816573	3
182539	0	6816574	3
182539	0	6816576	3
182539	0	6816577	0
182539	0	6816579	3
182539	0	6878266	1
182539	0	6893378	0
182539	0	6895489	1
182539	0	6895490	1
182539	0	6895491	1
182539	0	6895494	1
182539	0	6895498	1
182539	0	7088372	1
182539	0	7203204	1
182539	0	7371255	5
182539	0	7371257	3
182539	0	7371259	5
182539	0	7371261	3
182539	0	7371262	3
182539	0	7579347	3
182539	0	7579350	0
182539	0	7583024	3
182539	0	8141165	0
182539	0	8263097	0
182539	0	8299659	5
182539	0	8299661	3
182539	0	8299665	3
182539	0	8299668	3
182539	0	830471	3
182539	0	8430328	0
182539	0	8617642	0
182539	0	8757178	5
182539	0	8757179	3
182539	0	8757180	5
182539	0	8757181	5
182539	0	8757183	3
182539	0	999065	1
183378	0	1014273	0
183378	0	1050571	2
183378	0	1289489	3
183378	0	1289490	3
183378	0	1289492	3
183378	0	1289493	3
183378	0	1289494	1
183378	0	1289495	1
183378	0	1289496	3
183378	0	1289497	3
183378	0	1623917	0
183378	0	1730037	1
183378	0	1730041	1
183378	0	1730044	1
183378	0	2352713	2
183378	0	2458929	0
183378	0	2458930	0
183378	0	2533256	3
183378	0	3093214	3
183378	0	3093215	3
183378	0	3116669	1
183378	0	3116670	0
183378	0	3116671	0
183378	0	3116672	0
183378	0	3185607	3
183378	0	3185611	3
183378	0	3195586	0
183378	0	327908	2
183378	0	331489	0
183378	0	3389578	2
183378	0	3389579	2
183378	0	3389580	3
183378	0	3389581	3
183378	0	3389585	2
183378	0	3922973	2
183378	0	4493913	2
183378	0	4493914	3
183378	0	4493915	3
183378	0	4493916	3
183378	0	4493917	3
183378	0	4493918	2
183378	0	4493920	3
183378	0	4493921	3
183378	0	4493922	2
183378	0	4727412	2
183378	0	4727417	2
183378	0	4727418	3
183378	0	4803847	3
183378	0	4803848	3
183378	0	5064308	0
183378	0	5146119	1
183378	0	5352985	0
183378	0	5352987	0
183378	0	5352988	0
183378	0	5352991	0
183378	0	5352992	0
183378	0	5460936	2
183378	0	5460939	3
183378	0	5460941	2
183378	0	5534703	3
183378	0	5534707	3
183378	0	5534710	3
183378	0	5534711	3
183378	0	5817927	3
183378	0	6109461	3
183378	0	6182927	0
183378	0	6332454	0
183378	0	6548233	1
183378	0	6548235	2
183378	0	6711439	0
183378	0	6711446	0
183378	0	7052828	0
183378	0	7449744	3
183378	0	7449747	2
183378	0	7449748	3
183378	0	7449750	3
183378	0	7449751	3
183378	0	7449752	3
183378	0	749539	2
183378	0	749540	2
183378	0	749542	3
183378	0	7593941	0
183378	0	7678696	2
183378	0	7703397	3
183378	0	7952868	2
183378	0	8107956	0
183378	0	8121375	3
183378	0	8121377	2
183378	0	8507877	2
183378	0	8570257	3
183378	0	8570258	3
183378	0	8570260	3
183378	0	8767240	3
183378	0	8767241	2
183378	0	8794302	2
183378	0	8794303	1
183378	0	8794304	3
183378	0	8794306	3
183378	0	8794307	3
183378	0	8794308	2
19335	0	1143050	5
19335	0	1160863	0
19335	0	1160871	0
19335	0	1169915	2
19335	0	1316347	2
19335	0	132896	2
19335	0	1374917	2
19335	0	1504744	2
19335	0	1504746	0
19335	0	1504748	2
19335	0	1568083	0
19335	0	161606	2
19335	0	1717015	2
19335	0	1720387	2
19335	0	1720388	0
19335	0	1720389	2
19335	0	1720391	0
19335	0	1720393	2
19335	0	1720395	2
19335	0	1905037	0
19335	0	1906594	0
19335	0	1906597	0
19335	0	1915755	2
19335	0	211275	2
19335	0	2250973	2
19335	0	2304004	0
19335	0	2304005	2
19335	0	2437769	2
19335	0	2459779	2
19335	0	2874497	2
19335	0	2874503	2
19335	0	29850	2
19335	0	3121938	0
19335	0	3175484	2
19335	0	342431	2
19335	0	354219	0
19335	0	3559593	0
19335	0	3559596	0
19335	0	3615077	2
19335	0	3615078	0
19335	0	3615080	0
19335	0	3615083	0
19335	0	429850	2
19335	0	429851	2
19335	0	4480942	2
19335	0	4480943	0
19335	0	4480945	2
19335	0	4482795	2
19335	0	5051739	0
19335	0	5078863	0
19335	0	5091471	2
19335	0	527692	2
19335	0	527695	0
19335	0	527697	0
19335	0	5508122	0
19335	0	554950	2
19335	0	5711215	2
19335	0	5711216	2
19335	0	584350	0
19335	0	5870000	0
19335	0	6184951	2
19335	0	6238007	0
19335	0	6510257	2
19335	0	6512137	2
19335	0	6512138	0
19335	0	6512144	5
19335	0	677305	0
19335	0	6902384	0
19335	0	6902386	2
19335	0	6902389	2
19335	0	7050803	2
19335	0	7122355	5
19335	0	7198045	2
19335	0	7235457	2
19335	0	7267248	0
19335	0	7367411	0
19335	0	7454464	0
19335	0	7464793	2
19335	0	7692043	0
19335	0	772227	2
19335	0	772234	2
19335	0	7763208	0
19335	0	7783924	0
19335	0	7915861	0
19335	0	7961908	2
19335	0	8015294	2
19335	0	8061829	2
19335	0	8061830	2
19335	0	8231218	0
19335	0	8412681	2
19335	0	8412682	2
19335	0	8412683	2
19335	0	8412684	5
19335	0	8633126	2
19335	0	8754859	0
19335	0	8786632	2
19335	0	8828697	0
19335	0	8828698	0
19335	0	8828699	0
19335	0	93557	2
207786	0	106270	0
207786	0	1081011	0
207786	0	1335084	5
207786	0	1392585	5
207786	0	1667536	2
207786	0	1667542	2
207786	0	1667544	2
207786	0	1935627	0
207786	0	2051016	2
207786	0	2051020	5
207786	0	2051023	0
207786	0	2113005	0
207786	0	2253658	2
207786	0	2406561	2
207786	0	2440415	0
207786	0	2457541	2
207786	0	2457542	2
207786	0	2621344	0
207786	0	2704919	0
207786	0	2763917	5
207786	0	2763922	2
207786	0	2775837	0
207786	0	2969232	2
207786	0	3308288	0
207786	0	3322527	2
207786	0	3855672	0
207786	0	3896738	0
207786	0	4058692	0
207786	0	4218707	5
207786	0	4342505	2
207786	0	4393128	0
207786	0	4393134	0
207786	0	4599409	0
207786	0	4599411	0
207786	0	4613061	2
207786	0	4613063	5
207786	0	4613065	5
207786	0	4672265	0
207786	0	4724265	0
207786	0	4759179	2
207786	0	4759180	2
207786	0	4759183	0
207786	0	4826651	2
207786	0	4900224	0
207786	0	4908979	0
207786	0	493415	0
207786	0	493416	0
207786	0	5175109	0
207786	0	5175113	2
207786	0	524450	2
207786	0	5266140	2
207786	0	5288615	0
207786	0	5288617	0
207786	0	5297036	2
207786	0	5297038	0
207786	0	5624830	0
207786	0	5624831	2
207786	0	5845832	0
207786	0	5845834	0
207786	0	6031623	2
207786	0	6031626	0
207786	0	6031630	5
207786	0	6390609	0
207786	0	6526575	0
207786	0	6563691	0
207786	0	6736451	0
207786	0	6822431	2
207786	0	688492	0
207786	0	7124129	2
207786	0	7401955	2
207786	0	7510472	5
207786	0	7605691	0
207786	0	7622404	2
207786	0	7622406	0
207786	0	7639366	5
207786	0	7643812	2
207786	0	7643819	2
207786	0	7941579	5
207786	0	7963300	2
207786	0	7963301	2
207786	0	8049019	0
207786	0	8053029	2
207786	0	8185061	2
207786	0	8185064	0
207786	0	8185065	2
207786	0	8185069	0
207786	0	8211377	2
207786	0	8273754	5
207786	0	8273755	2
207786	0	8273757	5
207786	0	8273758	5
207786	0	8273759	5
207786	0	8273760	5
207786	0	8273761	5
207786	0	8273762	5
207786	0	8273763	5
207786	0	8367876	0
207786	0	8367880	0
207786	0	8441727	0
207786	0	860807	0
264014	0	1610706	2
264014	0	1610707	2
264014	0	1610710	0
264014	0	1610711	0
264014	0	1804644	2
264014	0	2223171	0
264014	0	2420367	2
264014	0	2474340	0
264014	0	2474341	0
264014	0	2474342	2
264014	0	2474346	2
264014	0	2498165	0
264014	0	2498169	2
264014	0	2572557	2
264014	0	2689662	2
264014	0	331929	2
264014	0	331931	2
264014	0	331932	0
264014	0	331934	2
264014	0	3338821	0
264014	0	3338822	0
264014	0	3338825	2
264014	0	3338827	2
264014	0	3338828	0
264014	0	3372501	2
264014	0	3396076	2
264014	0	3577341	0
264014	0	3577342	0
264014	0	3577343	0
264014	0	3577344	2
264014	0	3577345	0
264014	0	3577347	0
264014	0	3666584	0
264014	0	3841908	2
264014	0	3841909	0
264014	0	4259227	2
264014	0	447992	2
264014	0	4647186	2
264014	0	4687213	2
264014	0	4710717	0
264014	0	4834543	0
264014	0	4834544	0
264014	0	4834547	2
264014	0	4834548	2
264014	0	528372	2
264014	0	528375	2
264014	0	528379	0
264014	0	528380	2
264014	0	5328095	2
264014	0	5583424	2
264014	0	5611210	2
264014	0	5611211	0
264014	0	5611212	2
264014	0	5611213	2
264014	0	5611214	2
264014	0	5611218	2
264014	0	5611219	2
264014	0	5635515	2
264014	0	5635519	0
264014	0	5635521	0
264014	0	5635522	0
264014	0	5819142	2
264014	0	5819145	2
264014	0	58386	2
264014	0	5849268	0
264014	0	5849270	0
264014	0	5950718	2
264014	0	5950719	2
264014	0	5950721	2
264014	0	5950722	2
264014	0	5950723	2
264014	0	5950724	0
264014	0	5950726	2
264014	0	6105566	2
264014	0	6105569	0
264014	0	6105571	2
264014	0	6105572	2
264014	0	6333839	0
264014	0	6334964	0
264014	0	6337909	0
264014	0	6413951	0
264014	0	6555322	2
264014	0	6641238	2
264014	0	6791760	2
264014	0	684616	2
264014	0	7323467	0
264014	0	7323471	2
264014	0	7326932	2
264014	0	7326934	2
264014	0	7326936	2
264014	0	8012101	2
264014	0	8801661	2
264014	0	935825	2
264014	0	96851	2
264014	0	96852	0
264014	0	96854	2
264014	0	96855	2
264014	0	96857	2
264014	0	96858	2
264014	0	96859	0
359349	0	1394087	4
359349	0	15800	0
359349	0	15801	2
359349	0	15805	0
359349	0	15808	2
359349	0	1622452	0
359349	0	1622455	2
359349	0	1622457	0
359349	0	1830509	0
359349	0	1830512	4
359349	0	1830516	4
359349	0	1830517	5
359349	0	1892864	2
359349	0	2293820	5
359349	0	2490397	4
359349	0	2826510	5
359349	0	2826511	2
359349	0	2826512	5
359349	0	2826513	2
359349	0	3126806	0
359349	0	3176539	4
359349	0	3176541	2
359349	0	3176542	2
359349	0	3187960	0
359349	0	3193824	5
359349	0	3215620	2
359349	0	3223831	5
359349	0	3223833	5
359349	0	3265497	2
359349	0	3645754	0
359349	0	3645755	0
359349	0	3739664	2
359349	0	3739666	2
359349	0	3893098	0
359349	0	3900185	5
359349	0	4013723	5
359349	0	4020470	5
359349	0	4020471	2
359349	0	4020472	0
359349	0	4020474	5
359349	0	4020475	4
359349	0	4020476	0
359349	0	4020477	5
359349	0	4020478	2
359349	0	4020479	2
359349	0	4087265	0
359349	0	4344099	0
359349	0	4344101	0
359349	0	4463568	0
359349	0	4474866	2
359349	0	457673	5
359349	0	4624153	2
359349	0	4881617	2
359349	0	5219970	0
359349	0	5219971	0
359349	0	5219972	4
359349	0	5219973	2
359349	0	5219976	0
359349	0	5219977	0
359349	0	5414623	0
359349	0	5547394	2
359349	0	5613485	4
359349	0	5615181	5
359349	0	5615187	2
359349	0	576627	4
359349	0	576628	5
359349	0	576629	5
359349	0	576631	2
359349	0	576632	0
359349	0	576634	2
359349	0	576635	0
359349	0	5773713	2
359349	0	5773716	0
359349	0	5773717	2
359349	0	5773718	0
359349	0	5806110	2
359349	0	6081008	0
359349	0	6108721	5
359349	0	6226414	0
359349	0	6440028	2
359349	0	68647	5
359349	0	68648	5
359349	0	68649	5
359349	0	68650	4
359349	0	68653	4
359349	0	68656	0
359349	0	7015246	0
359349	0	7062669	2
359349	0	7062671	2
359349	0	7277971	2
359349	0	7544501	2
359349	0	7544503	4
359349	0	7544505	2
359349	0	7579883	2
359349	0	8058867	4
359349	0	8058873	4
359349	0	8125299	2
359349	0	8167114	4
359349	0	8748954	2
359349	0	943229	5
405717	0	1849743	2
405717	0	1976406	1
405717	0	1984962	2
405717	0	2002865	0
405717	0	2125641	2
405717	0	2280962	0
405717	0	2347443	0
405717	0	2365659	2
405717	0	2365660	1
405717	0	2365662	2
405717	0	2365663	1
405717	0	2365665	2
405717	0	2514107	2
405717	0	2642838	2
405717	0	2702419	2
405717	0	2702423	2
405717	0	273851	1
405717	0	2747484	2
405717	0	2747485	2
405717	0	2747486	2
405717	0	2747491	2
405717	0	2747492	2
405717	0	2768521	2
405717	0	28372	2
405717	0	2879959	1
405717	0	2879960	1
405717	0	2879963	2
405717	0	2879964	1
405717	0	3033900	2
405717	0	3033903	2
405717	0	3033904	2
405717	0	3033905	1
405717	0	3040883	1
405717	0	3274915	2
405717	0	3274918	2
405717	0	3274946	0
405717	0	3274947	1
405717	0	3514259	2
405717	0	3986303	2
405717	0	3986305	2
405717	0	3986306	2
405717	0	3986307	2
405717	0	3986308	2
405717	0	3986309	2
405717	0	4489661	2
405717	0	4489666	2
405717	0	4612478	0
405717	0	4704973	2
405717	0	4704975	2
405717	0	4704978	2
405717	0	4776928	2
405717	0	4804772	0
405717	0	4804774	0
405717	0	4828118	5
405717	0	4987955	2
405717	0	5079482	2
405717	0	5638740	2
405717	0	5690233	2
405717	0	5690234	1
405717	0	5690237	1
405717	0	6419725	1
405717	0	6442862	2
405717	0	6654652	2
405717	0	6654653	2
405717	0	6654655	2
405717	0	6654658	1
405717	0	6654660	2
405717	0	6725571	0
405717	0	702383	2
405717	0	702386	2
405717	0	7170624	1
405717	0	7170625	1
405717	0	7170626	2
405717	0	7170629	1
405717	0	7170630	5
405717	0	7170631	2
405717	0	7201359	1
405717	0	7201361	1
405717	0	7288990	2
405717	0	7288996	2
405717	0	7447941	2
405717	0	7447942	1
405717	0	7447943	2
405717	0	758582	2
405717	0	758586	2
405717	0	7589975	2
405717	0	7728831	2
405717	0	7896211	2
405717	0	7896212	2
405717	0	8156519	2
405717	0	8433852	2
405717	0	8433854	5
405717	0	8433856	1
405717	0	8433858	2
405717	0	8433860	2
405717	0	8510161	0
405717	0	8610271	1
405717	0	8674360	0
405717	0	8689634	0
405717	0	8689639	0
443396	0	1130886	0
443396	0	1135750	4
443396	0	1305463	0
443396	0	1474266	1
443396	0	1474272	1
443396	0	1474273	1
443396	0	1474275	1
443396	0	1515376	0
443396	0	156039	4
443396	0	1852807	4
443396	0	1852809	4
443396	0	1852813	1
443396	0	1852815	1
443396	0	1886308	1
443396	0	2007121	1
443396	0	2143849	1
443396	0	215692	1
443396	0	215693	4
443396	0	2347288	1
443396	0	2373504	4
443396	0	2490482	4
443396	0	2490486	4
443396	0	2562345	1
443396	0	2638081	1
443396	0	2783346	1
443396	0	2795882	4
443396	0	2983440	1
443396	0	3103988	4
443396	0	3103990	1
443396	0	3103991	0
443396	0	3103993	1
443396	0	3103994	4
443396	0	3103995	4
443396	0	3103996	1
443396	0	3143561	1
443396	0	3143566	1
443396	0	3143567	0
443396	0	3203454	0
443396	0	3256974	4
443396	0	3299623	4
443396	0	3323246	1
443396	0	3340080	1
443396	0	3617224	1
443396	0	3636507	1
443396	0	401022	0
443396	0	4041358	1
443396	0	4052112	4
443396	0	4052116	4
443396	0	4052118	4
443396	0	4052120	4
443396	0	4064886	0
443396	0	4236355	4
443396	0	4378963	0
443396	0	4526747	4
443396	0	456708	4
443396	0	4676619	4
443396	0	4708168	1
443396	0	4774806	4
443396	0	4774809	4
443396	0	4896249	1
443396	0	5065439	0
443396	0	5083543	1
443396	0	5308674	1
443396	0	5311404	1
443396	0	5515423	1
443396	0	5515424	1
443396	0	5530640	0
443396	0	5607635	1
443396	0	5836915	1
443396	0	5836917	1
443396	0	5937130	1
443396	0	5943262	1
443396	0	5943263	1
443396	0	6179578	1
443396	0	6179582	4
443396	0	6639382	0
443396	0	6716493	1
443396	0	6881583	1
443396	0	6953654	4
443396	0	6974030	1
443396	0	6974032	1
443396	0	7099882	4
443396	0	7251120	4
443396	0	7275626	4
443396	0	7703621	1
443396	0	7856436	1
443396	0	7985417	1
443396	0	8128953	1
443396	0	8128954	1
443396	0	8128958	0
443396	0	8171402	4
443396	0	8188606	1
443396	0	8329276	1
443396	0	8329277	1
443396	0	8329278	1
443396	0	8329279	1
443396	0	8536118	5
443396	0	8536121	4
443396	0	8536123	4
443396	0	8793491	4
451602	0	1078133	2
451602	0	1078134	2
451602	0	1094131	2
451602	0	1094139	2
451602	0	127537	0
451602	0	1277286	2
451602	0	1277287	0
451602	0	1277289	2
451602	0	1277290	2
451602	0	1277293	2
451602	0	1277294	0
451602	0	1314125	0
451602	0	1314126	0
451602	0	1314127	0
451602	0	1626653	0
451602	0	1640289	2
451602	0	1715030	0
451602	0	2084909	2
451602	0	2176450	2
451602	0	2176453	2
451602	0	2176455	2
451602	0	2176458	2
451602	0	2176459	2
451602	0	2231421	0
451602	0	2244874	0
451602	0	2312864	2
451602	0	2486933	0
451602	0	2486937	0
451602	0	2922145	0
451602	0	2942560	0
451602	0	3090664	0
451602	0	3090666	0
451602	0	3090667	2
451602	0	3090670	0
451602	0	3119126	0
451602	0	3177691	5
451602	0	3177694	2
451602	0	3177699	2
451602	0	3493825	2
451602	0	3493827	2
451602	0	4453605	2
451602	0	4453606	2
451602	0	4453608	2
451602	0	4487185	0
451602	0	4550410	0
451602	0	4559055	0
451602	0	4874640	2
451602	0	4874641	2
451602	0	4874645	2
451602	0	5053852	2
451602	0	5053854	0
451602	0	5179245	0
451602	0	5179246	0
451602	0	5179249	0
451602	0	5179250	0
451602	0	5179251	5
451602	0	5211036	2
451602	0	5475308	2
451602	0	5475312	2
451602	0	5538936	2
451602	0	5538938	2
451602	0	5538942	2
451602	0	5655693	2
451602	0	5655695	2
451602	0	5897795	0
451602	0	6132119	0
451602	0	6286973	2
451602	0	6286975	2
451602	0	6286976	2
451602	0	6286977	2
451602	0	6286978	2
451602	0	6286979	2
451602	0	6286980	2
451602	0	6286981	2
451602	0	6286982	2
451602	0	654120	2
451602	0	6618755	2
451602	0	6618756	2
451602	0	6719255	0
451602	0	7800959	5
451602	0	7804169	2
451602	0	8019873	0
451602	0	8025740	2
451602	0	8214451	2
451602	0	8214452	2
451602	0	8295166	0
451602	0	8383461	2
451602	0	8383462	2
451602	0	8383463	2
451602	0	8383465	2
451602	0	8390518	2
451602	0	8390525	2
451602	0	8485131	2
451602	0	8485136	0
451602	0	8540468	2
451602	0	8540470	2
451602	0	8540473	2
451602	0	8621776	2
451602	0	96222	2
451602	0	96229	2
47923	0	1346412	1
47923	0	1346419	0
47923	0	1488918	1
47923	0	1508656	0
47923	0	1508658	0
47923	0	1508659	1
47923	0	1569550	0
47923	0	1681331	4
47923	0	1681332	4
47923	0	1681334	4
47923	0	1681336	4
47923	0	1681337	4
47923	0	1681339	4
47923	0	1681340	4
47923	0	1827449	1
47923	0	1868437	1
47923	0	1868438	1
47923	0	1960681	1
47923	0	2297110	1
47923	0	2508227	1
47923	0	2670112	1
47923	0	2699736	1
47923	0	2831042	1
47923	0	2838668	1
47923	0	291219	1
47923	0	3348838	1
47923	0	3630935	1
47923	0	3688361	1
47923	0	3853973	0
47923	0	3853976	0
47923	0	3883230	1
47923	0	3946163	1
47923	0	4202492	0
47923	0	4297620	4
47923	0	4523464	1
47923	0	4652795	4
47923	0	473807	4
47923	0	473809	4
47923	0	5032362	4
47923	0	5032364	1
47923	0	5137400	1
47923	0	5147526	1
47923	0	5147528	1
47923	0	5147529	1
47923	0	525511	1
47923	0	5282403	1
47923	0	5310899	1
47923	0	5417577	1
47923	0	5417578	1
47923	0	5417579	1
47923	0	5417581	1
47923	0	5417582	4
47923	0	5417584	1
47923	0	5586331	1
47923	0	5595916	1
47923	0	566677	1
47923	0	5878044	1
47923	0	5936354	1
47923	0	5966643	1
47923	0	6067090	0
47923	0	618554	1
47923	0	618556	1
47923	0	6191	1
47923	0	6222131	1
47923	0	6241147	4
47923	0	6241148	4
47923	0	6241150	4
47923	0	6241151	4
47923	0	6241152	4
47923	0	6241153	4
47923	0	6241154	4
47923	0	6272906	1
47923	0	6626703	1
47923	0	6643066	4
47923	0	6919836	4
47923	0	7071691	1
47923	0	7071695	1
47923	0	7086728	1
47923	0	7417276	1
47923	0	7644552	1
47923	0	766019	1
47923	0	7902936	1
47923	0	7936847	1
47923	0	8327407	1
47923	0	8348762	4
47923	0	8418678	4
47923	0	8418681	4
47923	0	8418683	4
47923	0	8418684	1
47923	0	8418686	4
47923	0	8421421	1
47923	0	8619129	1
47923	0	8641104	4
47923	0	8641106	4
47923	0	8641107	4
47923	0	8808653	1
47923	0	913042	4
47923	0	913045	0
47923	0	917160	0
47923	0	986177	4
489204	0	1038489	1
489204	0	1051498	1
489204	0	114148	1
489204	0	1225589	1
489204	0	1225591	1
489204	0	1228655	1
489204	0	1231677	1
489204	0	136257	1
489204	0	1418933	1
489204	0	1479542	1
489204	0	152948	1
489204	0	152951	1
489204	0	152954	1
489204	0	1538587	1
489204	0	1759354	1
489204	0	1759357	1
489204	0	1777014	1
489204	0	1778458	1
489204	0	1778462	1
489204	0	1887699	0
489204	0	2016623	0
489204	0	2163701	1
489204	0	216492	1
489204	0	2268651	1
489204	0	2268652	1
489204	0	2268656	1
489204	0	2798565	0
489204	0	2915961	1
489204	0	2915963	1
489204	0	2959687	1
489204	0	3053140	1
489204	0	34397	1
489204	0	3503620	0
489204	0	3728445	1
489204	0	385083	1
489204	0	3898929	1
489204	0	4029846	1
489204	0	4159416	0
489204	0	416864	1
489204	0	4218637	0
489204	0	4279451	1
489204	0	4387756	1
489204	0	4586570	1
489204	0	46493	1
489204	0	46496	1
489204	0	4892626	1
489204	0	4917998	1
489204	0	4918001	0
489204	0	4927308	1
489204	0	533011	1
489204	0	533017	1
489204	0	535375	1
489204	0	5399753	1
489204	0	5480215	1
489204	0	5524072	1
489204	0	5629373	1
489204	0	5815957	1
489204	0	5856571	0
489204	0	5895917	1
489204	0	6087666	1
489204	0	6087671	1
489204	0	6327174	1
489204	0	6327175	1
489204	0	6327176	1
489204	0	6327177	1
489204	0	6327181	1
489204	0	6327182	1
489204	0	6542578	1
489204	0	66437	1
489204	0	6652052	1
489204	0	678245	1
489204	0	6816322	1
489204	0	6988530	1
489204	0	7108296	1
489204	0	7113090	0
489204	0	7113153	1
489204	0	7116533	1
489204	0	753265	1
489204	0	7576597	0
489204	0	7734612	1
489204	0	8376905	1
489204	0	8376906	0
489204	0	852250	1
489204	0	855963	1
489204	0	855967	1
489204	0	855969	1
489204	0	855972	1
489204	0	8585816	1
489204	0	8594271	1
489204	0	8594272	1
489204	0	8594273	1
489204	0	8594276	1
489204	0	8594277	1
489204	0	8594280	1
489204	0	872467	1
489204	0	872470	1
489204	0	8729935	0
489204	0	8737051	1
489204	0	8781574	1
489204	0	973923	1
490595	0	1160847	4
490595	0	1288942	4
490595	0	1288943	2
490595	0	1288946	2
490595	0	1370801	0
490595	0	1370802	0
490595	0	1473259	4
490595	0	1652460	4
490595	0	1929910	4
490595	0	1929911	2
490595	0	2433509	1
490595	0	3497870	1
490595	0	3497876	2
490595	0	3833407	2
490595	0	3833409	2
490595	0	3833413	2
490595	0	3833414	2
490595	0	3837431	0
490595	0	3937195	2
490595	0	3937196	2
490595	0	3937197	4
490595	0	3937200	2
490595	0	3937201	2
490595	0	3937202	2
490595	0	3937203	2
490595	0	4082315	1
490595	0	4082319	1
490595	0	4082324	0
490595	0	4604269	2
490595	0	4737059	4
490595	0	4737060	4
490595	0	4737061	4
490595	0	4737062	2
490595	0	4737063	4
490595	0	4737064	4
490595	0	4737065	4
490595	0	4737066	4
490595	0	4737067	2
490595	0	4737068	2
490595	0	4763066	4
490595	0	4842889	4
490595	0	4842890	4
490595	0	4842891	4
490595	0	4842894	2
490595	0	4842895	2
490595	0	4842896	2
490595	0	4842897	2
490595	0	4905043	0
490595	0	4954285	0
490595	0	4954289	0
490595	0	5112294	2
490595	0	5128293	2
490595	0	5247992	4
490595	0	5247999	4
490595	0	5248000	2
490595	0	526093	2
490595	0	5359212	2
490595	0	5359213	4
490595	0	549465	4
490595	0	549466	4
490595	0	559485	1
490595	0	5612095	1
490595	0	5612099	2
490595	0	5633631	2
490595	0	6045591	0
490595	0	6045596	0
490595	0	6192935	0
490595	0	6686784	4
490595	0	6742119	4
490595	0	6976961	1
490595	0	7045861	1
490595	0	7065743	2
490595	0	7192856	0
490595	0	7192859	0
490595	0	7192862	0
490595	0	7340532	2
490595	0	7340533	2
490595	0	7422680	1
490595	0	7698191	2
490595	0	7698199	2
490595	0	777201	1
490595	0	7839903	2
490595	0	7839904	2
490595	0	7839905	2
490595	0	7839906	4
490595	0	7839908	2
490595	0	7957548	1
490595	0	7957550	1
490595	0	805046	4
490595	0	805047	2
490595	0	805048	4
490595	0	805049	2
490595	0	805051	4
490595	0	805052	2
490595	0	8406244	1
490595	0	8485139	4
490595	0	8485140	2
490595	0	8485141	4
490595	0	8716499	0
490595	0	903932	1
527433	0	1125933	0
527433	0	1212784	0
527433	0	1212787	0
527433	0	124440	0
527433	0	1251475	0
527433	0	1251480	0
527433	0	1379236	5
527433	0	1379237	0
527433	0	1379238	0
527433	0	1379240	5
527433	0	1379245	5
527433	0	1404580	0
527433	0	1511548	5
527433	0	1511549	0
527433	0	1511551	0
527433	0	1511556	0
527433	0	1664518	5
527433	0	1753604	0
527433	0	2045580	5
527433	0	2331983	0
527433	0	2331989	0
527433	0	2496224	0
527433	0	2496227	0
527433	0	2565413	0
527433	0	2649533	0
527433	0	269422	0
527433	0	269423	0
527433	0	269424	0
527433	0	269425	0
527433	0	269426	0
527433	0	269428	0
527433	0	269430	0
527433	0	2722034	0
527433	0	2722036	0
527433	0	2931558	0
527433	0	2931562	0
527433	0	3294599	5
527433	0	3294600	0
527433	0	3774357	0
527433	0	3774360	0
527433	0	3786813	0
527433	0	3835729	5
527433	0	3835731	5
527433	0	3835732	5
527433	0	3835735	5
527433	0	3973284	0
527433	0	4064455	5
527433	0	4064457	0
527433	0	422236	0
527433	0	4351179	0
527433	0	4402992	0
527433	0	4402995	0
527433	0	467601	5
527433	0	4903731	0
527433	0	4958696	0
527433	0	4958697	0
527433	0	5034544	0
527433	0	5154358	0
527433	0	5295980	0
527433	0	5466807	5
527433	0	5466810	5
527433	0	5466812	0
527433	0	5479497	0
527433	0	5479502	0
527433	0	5603305	0
527433	0	5672170	5
527433	0	5690938	0
527433	0	5690947	0
527433	0	5878263	0
527433	0	6015377	0
527433	0	6038397	0
527433	0	6065674	0
527433	0	6065681	0
527433	0	6186391	0
527433	0	6186393	5
527433	0	6186394	0
527433	0	6186395	5
527433	0	6215001	5
527433	0	6215002	0
527433	0	6398043	0
527433	0	653101	0
527433	0	6743088	0
527433	0	6743093	0
527433	0	7357591	5
527433	0	7514088	0
527433	0	7607669	5
527433	0	8306449	0
527433	0	8306451	0
527433	0	8371764	0
527433	0	8617267	0
527433	0	8617269	0
527433	0	8617270	0
527433	0	8617271	5
527433	0	8617273	0
527433	0	8617275	0
527433	0	8617276	0
527433	0	8761458	0
527433	0	8827925	5
527433	0	8827928	5
527433	0	975967	5
573724	0	1005335	0
573724	0	1005338	0
573724	0	1021036	0
573724	0	104856	0
573724	0	1165128	0
573724	0	1165129	4
573724	0	1293333	0
573724	0	1509940	4
573724	0	1509942	4
573724	0	1509943	0
573724	0	1509944	0
573724	0	162151	4
573724	0	1816038	4
573724	0	2133806	4
573724	0	2186124	0
573724	0	2417985	0
573724	0	2635262	4
573724	0	305009	0
573724	0	3059589	0
573724	0	3059590	4
573724	0	3059592	0
573724	0	3059593	0
573724	0	3146236	4
573724	0	3146238	0
573724	0	3146240	4
573724	0	3365631	4
573724	0	3365632	4
573724	0	3365633	0
573724	0	3365634	0
573724	0	3365635	0
573724	0	3365636	4
573724	0	3365637	0
573724	0	3365638	4
573724	0	3365639	0
573724	0	3365640	0
573724	0	3492364	0
573724	0	3546092	0
573724	0	3617636	0
573724	0	3795243	0
573724	0	394136	4
573724	0	394138	4
573724	0	394139	4
573724	0	394141	4
573724	0	394142	4
573724	0	4360246	0
573724	0	5047796	4
573724	0	5185664	0
573724	0	5185671	0
573724	0	5310530	4
573724	0	5339620	4
573724	0	5384308	0
573724	0	5721829	4
573724	0	5721831	4
573724	0	5962420	0
573724	0	5962423	4
573724	0	5962424	0
573724	0	5962426	0
573724	0	5962428	0
573724	0	6496777	0
573724	0	6776717	4
573724	0	7104825	4
573724	0	7104826	4
573724	0	7104827	0
573724	0	7199667	0
573724	0	7199669	4
573724	0	7199672	0
573724	0	7199673	4
573724	0	7199675	0
573724	0	7384329	0
573724	0	7384331	0
573724	0	7384332	0
573724	0	7384333	0
573724	0	7530702	0
573724	0	7609926	0
573724	0	7609927	4
573724	0	7609928	0
573724	0	7609929	0
573724	0	7609930	0
573724	0	7609932	0
573724	0	7674854	0
573724	0	7674858	4
573724	0	7674859	4
573724	0	7964601	0
573724	0	8047166	0
573724	0	8047170	0
573724	0	8047172	0
573724	0	8441637	4
573724	0	8441642	4
573724	0	8444727	0
573724	0	8444728	4
573724	0	8444730	0
573724	0	8690218	0
573724	0	8728790	0
573724	0	87400	0
573724	0	87404	0
573724	0	87405	4
573724	0	87409	0
573724	0	8833192	4
573724	0	8833194	4
573724	0	8833199	0
833860	0	115142	2
833860	0	1187661	2
833860	0	1219653	0
833860	0	1361867	2
833860	0	1361868	0
833860	0	1521600	0
833860	0	1603168	0
833860	0	1733841	0
833860	0	1889863	4
833860	0	1913651	0
833860	0	2022688	4
833860	0	2037474	2
833860	0	207381	0
833860	0	2206194	4
833860	0	2206195	4
833860	0	2206196	4
833860	0	2206197	4
833860	0	2206198	2
833860	0	2206199	0
833860	0	2206200	4
833860	0	2654110	0
833860	0	2702357	2
833860	0	2702358	0
833860	0	3087477	2
833860	0	3087481	4
833860	0	3087483	2
833860	0	3096	0
833860	0	3162226	0
833860	0	3318545	0
833860	0	3421947	2
833860	0	3437281	5
833860	0	3437283	2
833860	0	3437284	4
833860	0	3437285	4
833860	0	3437286	4
833860	0	3437288	4
833860	0	3437289	2
833860	0	3437290	4
833860	0	3494809	0
833860	0	3990986	0
833860	0	4046122	2
833860	0	4046123	0
833860	0	4046129	0
833860	0	4121472	0
833860	0	4229067	2
833860	0	4544257	0
833860	0	456068	0
833860	0	4881965	4
833860	0	5082855	0
833860	0	5167510	4
833860	0	5167511	2
833860	0	5167512	4
833860	0	5167513	4
833860	0	5167514	0
833860	0	5167518	4
833860	0	5255471	0
833860	0	5268870	2
833860	0	5832657	4
833860	0	5897836	0
833860	0	5897837	0
833860	0	5897839	0
833860	0	596153	4
833860	0	5988243	0
833860	0	6083481	2
833860	0	6218032	4
833860	0	6218035	2
833860	0	6218036	2
833860	0	6218040	2
833860	0	6230220	4
833860	0	6230221	4
833860	0	6230222	4
833860	0	6230223	4
833860	0	6230224	4
833860	0	6230225	4
833860	0	6230226	4
833860	0	6230227	4
833860	0	6230228	4
833860	0	6230229	4
833860	0	6292957	2
833860	0	6804392	0
833860	0	6812180	2
833860	0	6875877	2
833860	0	7038169	0
833860	0	7038170	4
833860	0	7061642	2
833860	0	771855	4
833860	0	7944293	2
833860	0	8344031	4
833860	0	8400004	0
833860	0	8400005	0
833860	0	8400007	0
833860	0	8697642	0
833860	0	8705868	0
833860	0	8767220	0
833860	0	8767221	0
833860	0	8833502	4
833860	0	8833504	4
833860	0	8833506	4
833860	0	8833509	4
833860	0	921798	0
855410	0	1018504	0
855410	0	1028259	0
855410	0	103039	5
855410	0	1039206	0
855410	0	1039210	0
855410	0	1200408	5
855410	0	1328798	0
855410	0	133350	0
855410	0	1394855	5
855410	0	1461779	0
855410	0	1494093	0
855410	0	1494095	0
855410	0	1494097	0
855410	0	1625109	0
855410	0	1625111	0
855410	0	1687125	0
855410	0	1751632	0
855410	0	1756333	0
855410	0	1821211	0
855410	0	1947640	0
855410	0	1947769	5
855410	0	2117094	0
855410	0	212609	0
855410	0	217349	0
855410	0	2219618	0
855410	0	2395815	0
855410	0	2402680	0
855410	0	263328	0
855410	0	2637679	0
855410	0	2854643	0
855410	0	2976406	0
855410	0	2989045	0
855410	0	3357223	0
855410	0	3530756	5
855410	0	3530757	5
855410	0	3530758	5
855410	0	3530762	5
855410	0	364430	0
855410	0	3670425	0
855410	0	3923830	0
855410	0	3956603	0
855410	0	4096017	0
855410	0	4253173	0
855410	0	4279706	0
855410	0	4616840	5
855410	0	4616842	5
855410	0	4708041	5
855410	0	4708042	5
855410	0	4708045	5
855410	0	4708046	5
855410	0	4708047	5
855410	0	4733967	0
855410	0	4778582	0
855410	0	4930970	0
855410	0	5012968	0
855410	0	5022594	0
855410	0	5106715	0
855410	0	5577267	0
855410	0	5608554	0
855410	0	5740974	0
855410	0	5740979	0
855410	0	5740982	0
855410	0	621485	0
855410	0	6432578	0
855410	0	6481240	0
855410	0	6561011	0
855410	0	6566606	0
855410	0	6815713	0
855410	0	6815714	0
855410	0	6815715	0
855410	0	6859966	0
855410	0	6859967	0
855410	0	7031506	5
855410	0	7031507	0
855410	0	7031508	5
855410	0	7031509	0
855410	0	7031514	5
855410	0	7043020	0
855410	0	7063035	0
855410	0	71807	0
855410	0	7225358	0
855410	0	7329903	0
855410	0	7548527	0
855410	0	8180251	0
855410	0	828650	5
855410	0	8391962	0
855410	0	8402605	0
855410	0	847674	0
855410	0	8496293	0
855410	0	8651770	5
855410	0	8651771	5
855410	0	8651772	5
855410	0	8651773	5
855410	0	8651775	5
855410	0	8651778	5
855410	0	8776516	0
855410	0	889438	0
855410	0	936544	0
855410	0	936546	0
855410	0	992162	0
87181	0	1054971	2
87181	0	1059517	2
87181	0	123547	2
87181	0	1622419	2
87181	0	1622428	2
87181	0	1700168	2
87181	0	1766470	1
87181	0	1852747	1
87181	0	1902827	0
87181	0	1950526	5
87181	0	1950532	2
87181	0	2307974	2
87181	0	2307979	2
87181	0	2307980	1
87181	0	2528292	2
87181	0	2528296	2
87181	0	2530227	2
87181	0	2530252	1
87181	0	2530257	2
87181	0	2556144	1
87181	0	2556146	0
87181	0	2556150	1
87181	0	2556151	2
87181	0	2556153	2
87181	0	2986227	2
87181	0	2993464	2
87181	0	3216315	2
87181	0	3363613	2
87181	0	3363614	2
87181	0	3363615	2
87181	0	3914970	2
87181	0	4632251	2
87181	0	4639455	2
87181	0	4689523	5
87181	0	4689524	2
87181	0	4689525	2
87181	0	47203	0
87181	0	47205	0
87181	0	47206	0
87181	0	47207	2
87181	0	47210	0
87181	0	47211	2
87181	0	47212	2
87181	0	4786305	2
87181	0	5103077	2
87181	0	5103079	2
87181	0	5197130	0
87181	0	5197133	0
87181	0	5197135	2
87181	0	5197136	0
87181	0	5197138	0
87181	0	5469038	5
87181	0	5497677	5
87181	0	5753301	2
87181	0	5758954	2
87181	0	5899049	2
87181	0	6429125	1
87181	0	6484575	5
87181	0	6484576	5
87181	0	6484577	2
87181	0	6484578	2
87181	0	6521360	2
87181	0	6521366	5
87181	0	6521367	2
87181	0	6685092	5
87181	0	6774305	2
87181	0	6969187	2
87181	0	7057928	2
87181	0	742425	5
87181	0	7504775	0
87181	0	7586365	2
87181	0	7666828	1
87181	0	7666831	1
87181	0	8151921	2
87181	0	8151922	2
87181	0	8151926	2
87181	0	8165400	1
87181	0	8165401	2
87181	0	8165403	1
87181	0	8165404	2
87181	0	8201558	2
87181	0	8332546	5
87181	0	8332547	5
87181	0	8332550	2
87181	0	8332551	1
87181	0	8332553	2
87181	0	8332555	2
87181	0	8522403	2
87181	0	8534129	5
87181	0	8534130	5
87181	0	8534133	1
87181	0	8534134	5
87181	0	8534135	2
87181	0	8534136	2
87181	0	8565420	2
87181	0	8664069	2
87181	0	8683178	2
87181	0	8683181	1
87181	0	8683183	2
87181	0	8683185	5
87452	0	1383633	0
87452	0	1395625	2
87452	0	1395631	2
87452	0	1395633	2
87452	0	1598547	2
87452	0	1723781	0
87452	0	186931	2
87452	0	186939	2
87452	0	1890452	2
87452	0	2026777	0
87452	0	2205470	2
87452	0	2282213	2
87452	0	2310395	2
87452	0	2624886	2
87452	0	2732501	0
87452	0	3191900	0
87452	0	3242437	2
87452	0	3732898	0
87452	0	3809020	0
87452	0	4008486	2
87452	0	408552	0
87452	0	4307932	2
87452	0	4307936	2
87452	0	4634896	2
87452	0	4634899	2
87452	0	4634903	2
87452	0	4634904	2
87452	0	4872055	2
87452	0	4993648	2
87452	0	5052039	0
87452	0	5219890	2
87452	0	5286924	2
87452	0	5506226	2
87452	0	5694209	0
87452	0	5694210	0
87452	0	5746167	0
87452	0	5751686	2
87452	0	5851090	2
87452	0	5851095	2
87452	0	5851096	2
87452	0	6018160	2
87452	0	6018161	2
87452	0	6018162	2
87452	0	6018163	2
87452	0	6018164	2
87452	0	6018165	2
87452	0	6018166	2
87452	0	6018167	2
87452	0	6018168	2
87452	0	6018169	2
87452	0	6289834	0
87452	0	6478928	0
87452	0	6600187	0
87452	0	7166743	0
87452	0	7166746	0
87452	0	7166749	0
87452	0	7304545	2
87452	0	7426326	0
87452	0	7426331	0
87452	0	7481965	0
87452	0	7843982	2
87452	0	7843984	2
87452	0	7965004	2
87452	0	7965005	2
87452	0	7965008	2
87452	0	7965010	2
87452	0	7965011	2
87452	0	8055174	2
87452	0	8081937	0
87452	0	8110621	2
87452	0	8126315	0
87452	0	8152220	2
87452	0	8152222	2
87452	0	8152223	2
87452	0	8152225	2
87452	0	8333912	2
87452	0	8333916	2
87452	0	8333917	2
87452	0	8333918	2
87452	0	8333919	2
87452	0	8333920	2
87452	0	8333921	2
87452	0	8344197	0
87452	0	8436571	2
87452	0	8436572	0
87452	0	8436574	2
87452	0	8436575	2
87452	0	8436576	2
87452	0	8436578	2
87452	0	8436579	2
87452	0	8453304	2
87452	0	8680815	2
87452	0	8680816	2
87452	0	8787615	0
87452	0	8819111	2
87452	0	8819112	5
87452	0	8819113	2
87452	0	8819114	2
87452	0	8819116	2
87452	0	994547	2
915593	0	1396701	2
915593	0	1396702	2
915593	0	1396705	2
915593	0	1396706	0
915593	0	1396707	0
915593	0	1772930	2
915593	0	1772932	0
915593	0	2210590	2
915593	0	2210591	2
915593	0	2210592	2
915593	0	2210593	2
915593	0	2210594	2
915593	0	2210595	2
915593	0	2210596	0
915593	0	2210597	2
915593	0	2210598	0
915593	0	2210599	0
915593	0	2588143	2
915593	0	2637186	0
915593	0	3143377	0
915593	0	3523599	0
915593	0	3523602	0
915593	0	3538159	0
915593	0	3538160	5
915593	0	3538161	2
915593	0	3538162	0
915593	0	3538163	2
915593	0	3538164	2
915593	0	3538165	0
915593	0	3538166	2
915593	0	3538167	2
915593	0	3538168	2
915593	0	3573473	0
915593	0	3573478	2
915593	0	3573479	0
915593	0	3991910	2
915593	0	4566815	0
915593	0	4566816	2
915593	0	4566817	2
915593	0	4566818	2
915593	0	4566819	2
915593	0	4566822	2
915593	0	4566823	0
915593	0	4691129	2
915593	0	4834226	2
915593	0	4998398	2
915593	0	5931266	2
915593	0	5931553	0
915593	0	6761341	2
915593	0	6761344	2
915593	0	6761345	0
915593	0	6761346	0
915593	0	6761348	0
915593	0	6923052	2
915593	0	6923055	0
915593	0	704072	0
915593	0	7709320	2
915593	0	7742098	2
915593	0	7837084	0
915593	0	7837086	0
915593	0	7861749	2
915593	0	7861751	2
915593	0	8002852	2
915593	0	8029524	2
915593	0	8029525	2
915593	0	8029527	2
915593	0	8029530	2
915593	0	8029532	0
915593	0	8029533	2
915593	0	8103065	2
915593	0	8103067	2
915593	0	8103068	0
915593	0	8178996	2
915593	0	8178998	2
915593	0	8178999	0
915593	0	8179000	0
915593	0	8179001	2
915593	0	8179003	0
915593	0	82105	0
915593	0	82106	2
915593	0	82107	5
915593	0	82108	2
915593	0	82109	0
915593	0	82110	2
915593	0	82111	0
915593	0	82113	2
915593	0	8275207	2
915593	0	8402967	2
915593	0	8402968	2
915593	0	8402969	0
915593	0	8402970	2
915593	0	8402971	5
915593	0	8402972	2
915593	0	8402973	2
915593	0	8402974	0
915593	0	8455301	0
915593	0	8455302	0
915593	0	8455304	2
915593	0	8455306	2
915593	0	8736930	0
962179	0	1006865	2
962179	0	1371846	0
962179	0	1645080	4
962179	0	1882903	2
962179	0	2121342	0
962179	0	2131895	2
962179	0	220191	2
962179	0	2329692	4
962179	0	2329693	4
962179	0	2329696	4
962179	0	2329697	4
962179	0	2329699	5
962179	0	2329700	2
962179	0	2329701	4
962179	0	2372123	0
962179	0	2433077	0
962179	0	2697161	2
962179	0	2781435	0
962179	0	2978864	5
962179	0	2978865	4
962179	0	2978866	5
962179	0	2978867	2
962179	0	2978868	4
962179	0	2978869	4
962179	0	2978870	4
962179	0	2978871	4
962179	0	302861	2
962179	0	302867	2
962179	0	3033200	0
962179	0	3046928	0
962179	0	3156128	0
962179	0	3173625	2
962179	0	3202309	0
962179	0	3422319	2
962179	0	3544337	0
962179	0	3705165	5
962179	0	3958152	0
962179	0	4257871	4
962179	0	4257872	4
962179	0	4257873	2
962179	0	4511499	5
962179	0	4511500	2
962179	0	4511502	2
962179	0	4511503	4
962179	0	4606386	5
962179	0	4606387	4
962179	0	4606388	2
962179	0	4610583	0
962179	0	5105844	0
962179	0	5123740	0
962179	0	5198217	0
962179	0	5282332	0
962179	0	529450	0
962179	0	5329867	2
962179	0	5340	0
962179	0	534563	4
962179	0	536176	5
962179	0	536177	2
962179	0	536178	2
962179	0	5653652	0
962179	0	5653653	2
962179	0	5653656	2
962179	0	5653657	0
962179	0	5653659	5
962179	0	5919340	4
962179	0	5919342	4
962179	0	5931179	0
962179	0	6675259	4
962179	0	6675260	4
962179	0	6675262	2
962179	0	6675264	2
962179	0	6700397	0
962179	0	6848170	0
962179	0	6898289	5
962179	0	6898293	2
962179	0	6904860	2
962179	0	6904861	2
962179	0	6904862	0
962179	0	6904863	2
962179	0	6980697	4
962179	0	7126017	0
962179	0	7126025	2
962179	0	7260027	0
962179	0	7344694	0
962179	0	7428149	2
962179	0	7733807	4
962179	0	7733810	4
962179	0	7851535	0
962179	0	8032264	2
962179	0	8362124	0
962179	0	8768974	0
962179	0	8785367	4
962179	0	8785368	2
962179	0	8785369	4
962179	0	8785370	2
962179	0	8785371	5
962179	0	8785373	2
962179	0	8785374	4
962179	0	8785375	4
962179	0	931124	0
