1037798	0	2157450	0
1037798	0	2157456	1
1037798	0	2258765	0
1037798	0	2360247	0
1037798	0	2360252	0
1037798	0	2781960	1
1037798	0	2781965	1
1037798	0	2781966	1
1037798	0	2787508	1
1037798	0	3167284	2
1037798	0	3387556	2
1037798	0	3620983	5
1037798	0	3620986	5
1037798	0	3620991	2
1037798	0	3641634	5
1037798	0	3641640	2
1037798	0	4055260	1
1037798	0	4095286	2
1037798	0	4114288	2
1037798	0	4182093	2
1037798	0	4227882	1
1037798	0	4291373	1
1037798	0	4468467	2
1037798	0	4788864	1
1037798	0	4818124	2
1037798	0	4818129	2
1037798	0	4974552	2
1037798	0	5006527	1
1037798	0	5438881	2
1037798	0	6060285	2
1037798	0	6792682	0
1037798	0	6792685	2
1037798	0	6963992	2
1037798	0	720665	2
1037798	0	7466652	2
1037798	0	7822415	5
1037798	0	7961603	2
1037798	0	7967207	5
1037798	0	8224670	2
1037798	0	8537479	2
1037798	0	8760864	1
1037798	0	8760865	2
1037798	0	8760866	5
1037798	0	8760867	2
1037798	0	8760868	2
1037798	0	8760870	2
1037798	0	8760871	5
1037798	0	8760873	1
1037798	0	8780802	0
1037798	0	994978	2
104861	0	1017092	0
104861	0	1046334	2
104861	0	1046339	2
104861	0	1055594	0
104861	0	1304632	0
104861	0	1313687	2
104861	0	1357961	0
104861	0	1442348	2
104861	0	146170	2
104861	0	146174	2
104861	0	1567102	0
104861	0	171927	2
104861	0	1773805	2
104861	0	1773807	2
104861	0	1811410	0
104861	0	1948963	2
104861	0	2158194	0
104861	0	2294849	0
104861	0	2377050	0
104861	0	2497738	0
104861	0	2600385	0
104861	0	2611066	2
104861	0	3443173	0
104861	0	3443176	2
104861	0	3925933	2
104861	0	4017854	0
104861	0	4017856	0
104861	0	4017858	0
104861	0	409268	2
104861	0	4199743	2
104861	0	4350439	0
104861	0	4583548	2
104861	0	459675	2
104861	0	459676	0
104861	0	4717134	0
104861	0	5138467	2
104861	0	5138469	0
104861	0	5138471	2
104861	0	5138472	2
104861	0	5138473	2
104861	0	5138474	0
104861	0	5138476	2
104861	0	5150431	2
104861	0	5248340	0
104861	0	5248341	2
104861	0	5405670	0
104861	0	5667475	0
104861	0	5688415	2
104861	0	5688416	2
104861	0	5688417	2
104861	0	5688418	2
104861	0	5688420	2
104861	0	5703400	2
104861	0	5703401	2
104861	0	5801822	2
104861	0	5836442	2
104861	0	5864689	0
104861	0	5864693	0
104861	0	599604	2
104861	0	6156641	0
104861	0	6187055	2
104861	0	629273	2
104861	0	629274	2
104861	0	629276	2
104861	0	629277	2
104861	0	629278	2
104861	0	6351571	2
104861	0	6467577	2
104861	0	6467580	0
104861	0	6467581	0
104861	0	6585554	2
104861	0	6653674	2
104861	0	6653676	0
104861	0	6653677	0
104861	0	6653678	2
104861	0	6653679	0
104861	0	6658615	2
104861	0	6704672	2
104861	0	6904992	2
104861	0	7034375	2
104861	0	715676	0
104861	0	7462393	0
104861	0	7506029	2
104861	0	8259116	0
104861	0	8260035	0
104861	0	8349574	2
104861	0	8495099	2
104861	0	8546158	2
104861	0	8546162	2
1063750	0	1074552	2
1063750	0	118643	2
1063750	0	12266	2
1063750	0	1747827	0
1063750	0	1866486	5
1063750	0	1923499	2
1063750	0	1923500	2
1063750	0	1923506	2
1063750	0	2220585	2
1063750	0	2230089	2
1063750	0	2230090	2
1063750	0	2391456	2
1063750	0	2391457	1
1063750	0	2470328	2
1063750	0	2496767	1
1063750	0	2516	0
1063750	0	2768117	2
1063750	0	2768123	5
1063750	0	2868845	0
1063750	0	2881841	0
1063750	0	2997653	0
1063750	0	3076179	2
1063750	0	309313	2
1063750	0	3259884	2
1063750	0	3259889	2
1063750	0	3259892	2
1063750	0	330159	2
1063750	0	330165	2
1063750	0	3327051	1
1063750	0	3610446	2
1063750	0	3654231	1
1063750	0	3973418	2
1063750	0	3973423	2
1063750	0	4158202	1
1063750	0	4164404	0
1063750	0	4329899	0
1063750	0	4337526	2
1063750	0	4337527	5
1063750	0	4337529	2
1063750	0	4337532	2
1063750	0	4349323	0
1063750	0	4414266	0
1063750	0	4718159	2
1063750	0	4718161	2
1063750	0	4788295	2
1063750	0	4788296	1
1063750	0	4788297	1
1063750	0	4788299	0
1063750	0	4823168	0
1063750	0	4823169	1
1063750	0	4834969	2
1063750	0	4834974	2
1063750	0	5123011	0
1063750	0	5442711	5
1063750	0	5442717	1
1063750	0	5956099	2
1063750	0	5956102	2
1063750	0	6093904	0
1063750	0	6127389	2
1063750	0	6347205	2
1063750	0	6436703	0
1063750	0	6666451	1
1063750	0	7146781	2
1063750	0	7571423	5
1063750	0	7571428	2
1063750	0	7778351	1
1063750	0	7778354	2
1063750	0	7781460	1
1063750	0	7837936	2
1063750	0	7837938	2
1063750	0	7952964	2
1063750	0	7952965	2
1063750	0	7952966	2
1063750	0	7952971	5
1063750	0	8170640	2
1063750	0	819283	1
1063750	0	819284	1
1063750	0	8239876	2
1063750	0	8239877	2
1063750	0	8384979	2
1063750	0	8640242	2
1063750	0	8670789	0
1063750	0	8722081	2
1063750	0	8821734	2
1063750	0	8821735	2
1103812	0	1214791	0
1103812	0	1583317	4
1103812	0	1614303	5
1103812	0	1659850	5
1103812	0	1659852	2
1103812	0	2332189	5
1103812	0	2703108	0
1103812	0	2703111	0
1103812	0	2750961	5
1103812	0	2750965	5
1103812	0	2790080	0
1103812	0	3591090	0
1103812	0	3672737	0
1103812	0	3672744	0
1103812	0	3843263	2
1103812	0	3843267	4
1103812	0	3843269	2
1103812	0	3940091	2
1103812	0	4044289	0
1103812	0	4292848	4
1103812	0	4401695	5
1103812	0	4455026	0
1103812	0	4679037	0
1103812	0	4679038	0
1103812	0	4824831	0
1103812	0	4937953	0
1103812	0	5190505	0
1103812	0	5823139	0
1103812	0	5974245	0
1103812	0	6289840	4
1103812	0	6569474	0
1103812	0	7430771	0
1103812	0	7753287	0
1103812	0	8157968	4
1103812	0	8220081	2
1103812	0	8220085	5
1103812	0	8220086	5
1103812	0	8220087	5
1103812	0	8220088	5
1103812	0	8220089	4
1103812	0	8224175	0
1103812	0	8224183	4
1103812	0	8293805	2
1103812	0	955560	0
1103812	0	961775	0
1106007	0	1334328	2
1106007	0	1334330	2
1106007	0	1334334	2
1106007	0	1334335	2
1106007	0	1334336	2
1106007	0	1530299	0
1106007	0	2143418	0
1106007	0	2384069	2
1106007	0	2464375	2
1106007	0	2621981	0
1106007	0	2672601	2
1106007	0	2672608	2
1106007	0	2777113	2
1106007	0	2960558	2
1106007	0	2960561	2
1106007	0	2960563	2
1106007	0	2960566	2
1106007	0	3390428	2
1106007	0	3537614	0
1106007	0	4173709	2
1106007	0	4173712	2
1106007	0	4382105	0
1106007	0	5174765	0
1106007	0	5279699	0
1106007	0	5774818	2
1106007	0	5780388	2
1106007	0	5836920	0
1106007	0	6126194	2
1106007	0	6126197	2
1106007	0	6209484	2
1106007	0	7211746	0
1106007	0	746358	2
1106007	0	765663	0
1106007	0	7685383	2
1106007	0	7685384	2
1106007	0	7685385	2
1106007	0	7685388	2
1106007	0	7726655	0
1106007	0	8199521	2
1106007	0	8204457	2
1106007	0	8521673	2
1110199	0	167604	0
1110199	0	1901876	2
1110199	0	1901877	2
1110199	0	1901878	5
1110199	0	1901879	2
1110199	0	1901881	2
1110199	0	1901882	2
1110199	0	2218462	0
1110199	0	239444	2
1110199	0	2474406	2
1110199	0	2796199	2
1110199	0	2796830	0
1110199	0	3647394	2
1110199	0	3838638	5
1110199	0	3838645	0
1110199	0	398442	0
1110199	0	4053652	2
1110199	0	4057232	0
1110199	0	4489656	0
1110199	0	4504233	2
1110199	0	4511137	2
1110199	0	4511144	0
1110199	0	4588784	2
1110199	0	4949578	0
1110199	0	5172684	2
1110199	0	5172688	2
1110199	0	5218014	0
1110199	0	554521	0
1110199	0	5857921	2
1110199	0	6368887	2
1110199	0	6368891	2
1110199	0	6392463	2
1110199	0	6392469	0
1110199	0	7174098	2
1110199	0	7221366	2
1110199	0	7369955	2
1110199	0	7628031	0
1110199	0	7680811	2
1110199	0	8160518	5
1110199	0	8160519	2
1110199	0	8160520	5
1110199	0	8160523	2
1110199	0	8160524	0
1110199	0	8160527	2
1110199	0	8301971	2
1112341	0	1267520	0
1112341	0	1369482	2
1112341	0	1373651	1
1112341	0	1450347	2
1112341	0	2096427	0
1112341	0	2096429	0
1112341	0	2253155	2
1112341	0	2626927	5
1112341	0	2663365	2
1112341	0	2694630	2
1112341	0	2694636	5
1112341	0	2694637	2
1112341	0	2735215	1
1112341	0	2735219	1
1112341	0	3118343	2
1112341	0	3493341	5
1112341	0	3795887	1
1112341	0	3795896	1
1112341	0	4022846	2
1112341	0	4022849	5
1112341	0	4416075	1
1112341	0	4703755	2
1112341	0	4977768	0
1112341	0	5043405	0
1112341	0	524251	1
1112341	0	550571	0
1112341	0	6016292	0
1112341	0	6102033	1
1112341	0	6164791	5
1112341	0	6311795	5
1112341	0	6311801	2
1112341	0	6342847	2
1112341	0	6478665	1
1112341	0	6681382	1
1112341	0	6726340	5
1112341	0	6726341	5
1112341	0	6726342	2
1112341	0	6726344	5
1112341	0	6726345	5
1112341	0	6726346	1
1112341	0	6740558	0
1112341	0	6903063	2
1112341	0	7079776	5
1112341	0	7079779	2
1112341	0	7242813	0
1112341	0	8139249	2
1112341	0	8139250	0
1112341	0	8139251	1
1112341	0	8139253	2
1112341	0	8139255	5
1112341	0	8139256	5
1112341	0	8139257	5
1112341	0	8139258	5
1112341	0	8326588	1
1112341	0	8337125	2
1112341	0	8337129	2
1112341	0	8442178	2
1112341	0	8606160	2
1112341	0	8606161	2
1112341	0	90432	0
1113437	0	1066532	2
1113437	0	1066538	2
1113437	0	1280568	4
1113437	0	1280569	0
1113437	0	1454814	4
1113437	0	1768727	2
1113437	0	2001933	2
1113437	0	2001934	2
1113437	0	2226349	4
1113437	0	2354940	2
1113437	0	2354941	2
1113437	0	2354947	4
1113437	0	2595628	0
1113437	0	2884191	2
1113437	0	3125154	2
1113437	0	3518300	0
1113437	0	3880944	4
1113437	0	4016930	1
1113437	0	4016937	1
1113437	0	4367832	4
1113437	0	4473156	4
1113437	0	4473157	4
1113437	0	4498864	4
1113437	0	4498867	2
1113437	0	4751835	4
1113437	0	4751839	0
1113437	0	4981632	0
1113437	0	5188746	1
1113437	0	5188747	2
1113437	0	520325	0
1113437	0	5328098	4
1113437	0	5346404	4
1113437	0	5514586	4
1113437	0	5546288	4
1113437	0	5546289	2
1113437	0	5938418	0
1113437	0	5938425	2
1113437	0	5996691	4
1113437	0	5996693	2
1113437	0	6021898	2
1113437	0	6021902	2
1113437	0	6174328	4
1113437	0	6302495	0
1113437	0	631949	2
1113437	0	6455610	2
1113437	0	6486041	0
1113437	0	6593846	2
1113437	0	6597538	0
1113437	0	7377275	0
1113437	0	7377277	4
1113437	0	7385219	1
1113437	0	7385222	2
1113437	0	742037	2
1113437	0	742040	2
1113437	0	742044	2
1113437	0	7618564	0
1113437	0	8128790	2
1113437	0	8128793	1
1113437	0	8128794	2
1113437	0	8128796	2
1113437	0	8128798	2
1113437	0	8162984	1
1113437	0	8729219	4
1114646	0	1884059	1
1114646	0	2201127	3
1114646	0	2647994	3
1114646	0	266552	1
1114646	0	2911039	1
1114646	0	2911040	1
1114646	0	2931848	0
1114646	0	3056368	1
1114646	0	4332918	1
1114646	0	444374	3
1114646	0	444375	0
1114646	0	444377	1
1114646	0	444380	3
1114646	0	444382	0
1114646	0	5279567	3
1114646	0	5417949	1
1114646	0	5417952	3
1114646	0	5417953	3
1114646	0	5417954	3
1114646	0	5569142	3
1114646	0	5640859	1
1114646	0	579554	1
1114646	0	5959593	3
1114646	0	6704400	1
1114646	0	6704401	3
1114646	0	6711103	3
1114646	0	687064	1
1114646	0	7196961	1
1114646	0	771368	1
1114646	0	7984234	3
1114646	0	8117087	1
1114646	0	8117089	3
1114646	0	8117090	3
1114646	0	8117091	3
1114646	0	8117092	3
1114646	0	8117093	0
1114646	0	8117094	3
1114646	0	8117096	3
1114646	0	8665820	1
1114819	0	1248112	0
1114819	0	1302004	2
1114819	0	1315993	2
1114819	0	1315994	2
1114819	0	1315995	2
1114819	0	1315996	0
1114819	0	1315998	2
1114819	0	1625836	2
1114819	0	1724520	2
1114819	0	1724525	2
1114819	0	1724528	0
1114819	0	1738242	2
1114819	0	1738250	2
1114819	0	2136434	2
1114819	0	344350	2
1114819	0	3484458	0
1114819	0	3781418	2
1114819	0	3906954	0
1114819	0	3906959	2
1114819	0	4890560	0
1114819	0	5165249	0
1114819	0	534362	0
1114819	0	5521371	2
1114819	0	5521373	2
1114819	0	5628952	0
1114819	0	6900766	0
1114819	0	6900774	2
1114819	0	6941478	2
1114819	0	694737	0
1114819	0	785027	2
1114819	0	8022276	2
1114819	0	8022277	0
1114819	0	8022280	2
1114819	0	8115435	0
1114819	0	8115439	0
1114819	0	8115440	2
1114819	0	8336229	2
1114819	0	8336230	0
1114819	0	8508263	2
1114819	0	8625086	2
1114819	0	8754397	0
1114819	0	8754398	2
1114819	0	8754404	0
1114819	0	988370	2
1114819	0	988373	2
1114819	0	988376	2
1115776	0	1551024	0
1115776	0	1729576	1
1115776	0	2052730	1
1115776	0	2364285	1
1115776	0	3081626	1
1115776	0	3344355	5
1115776	0	3469357	5
1115776	0	4131485	1
1115776	0	4314169	1
1115776	0	4314170	1
1115776	0	4314171	1
1115776	0	4314172	5
1115776	0	4314173	5
1115776	0	4314174	1
1115776	0	4314175	1
1115776	0	4314176	5
1115776	0	4314178	1
1115776	0	4487937	1
1115776	0	5264931	1
1115776	0	5599692	1
1115776	0	5605159	0
1115776	0	5950738	1
1115776	0	600966	0
1115776	0	6989198	1
1115776	0	8106317	5
1115776	0	8106318	1
1115776	0	8106320	5
1115776	0	8106321	5
1115776	0	8106322	0
1115776	0	8106323	1
1115776	0	8106324	1
1115776	0	8495250	1
1115776	0	8673352	1
1117099	0	1068642	0
1117099	0	1123496	0
1117099	0	1389420	3
1117099	0	1445087	1
1117099	0	1798612	3
1117099	0	1798620	3
1117099	0	2715359	0
1117099	0	3104260	0
1117099	0	3349612	3
1117099	0	3522902	1
1117099	0	3543106	3
1117099	0	4131489	0
1117099	0	4441325	2
1117099	0	4458509	3
1117099	0	4458512	3
1117099	0	4573811	3
1117099	0	514314	0
1117099	0	5286535	2
1117099	0	5286538	3
1117099	0	5286539	3
1117099	0	6122720	2
1117099	0	6122721	2
1117099	0	6122722	3
1117099	0	6122723	3
1117099	0	6534818	2
1117099	0	6993942	2
1117099	0	714808	3
1117099	0	7163733	0
1117099	0	7407593	0
1117099	0	8019446	0
1117099	0	8093931	2
1117099	0	8093932	3
1117099	0	8093934	3
1117099	0	8446501	3
1117099	0	8446504	2
1117099	0	8446505	3
1117099	0	8446506	2
1117099	0	8838111	3
1121402	0	182366	2
1121402	0	182368	2
1121402	0	182369	2
1121402	0	182370	0
1121402	0	182372	2
1121402	0	182373	0
1121402	0	188211	1
1121402	0	188213	2
1121402	0	188214	1
1121402	0	188217	1
1121402	0	188218	1
1121402	0	3511789	2
1121402	0	3785308	2
1121402	0	3785309	0
1121402	0	4293064	0
1121402	0	5189913	2
1121402	0	7125980	2
1121402	0	7125981	2
1121402	0	7125983	2
1121402	0	7125987	2
1121402	0	7142994	2
1121402	0	8052617	2
1121402	0	8052620	2
1121402	0	8052621	2
1121402	0	8052622	2
1121402	0	8052623	2
1121402	0	8052624	2
1121402	0	8089444	2
1121709	0	1112487	0
1121709	0	1114393	0
1121709	0	1392360	0
1121709	0	1640511	0
1121709	0	16845	3
1121709	0	2051808	4
1121709	0	2517708	0
1121709	0	2615981	0
1121709	0	2662730	0
1121709	0	2851223	0
1121709	0	3030903	0
1121709	0	3064096	0
1121709	0	3381112	5
1121709	0	3423059	5
1121709	0	3423060	4
1121709	0	3423061	5
1121709	0	3423062	5
1121709	0	3423063	4
1121709	0	3423064	5
1121709	0	3423065	4
1121709	0	3423066	0
1121709	0	3423067	5
1121709	0	3446958	0
1121709	0	3552218	0
1121709	0	3691568	0
1121709	0	3833130	0
1121709	0	3875032	0
1121709	0	402054	0
1121709	0	4580131	0
1121709	0	4580133	0
1121709	0	4644464	3
1121709	0	4836900	0
1121709	0	5014378	0
1121709	0	511306	0
1121709	0	5264299	0
1121709	0	6007524	0
1121709	0	6600	4
1121709	0	6630430	0
1121709	0	669004	0
1121709	0	701349	0
1121709	0	7209949	0
1121709	0	7565881	5
1121709	0	8049577	4
1121709	0	8049578	5
1121709	0	8049579	4
1121709	0	8049580	4
1121709	0	8049582	4
1121709	0	8049583	5
1121709	0	8049584	4
1121709	0	8049585	4
1121709	0	8049586	4
1121709	0	8283424	0
1121709	0	8297863	0
1121709	0	8500135	0
1121709	0	862855	0
1121709	0	88402	0
1121709	0	950984	0
1124210	0	131190	2
1124210	0	1383617	0
1124210	0	1383624	0
1124210	0	1689639	2
1124210	0	1702009	0
1124210	0	181177	2
1124210	0	2070515	2
1124210	0	2089544	2
1124210	0	2258591	2
1124210	0	2258592	2
1124210	0	2258593	2
1124210	0	2258594	2
1124210	0	2258595	2
1124210	0	2258596	2
1124210	0	2258597	2
1124210	0	2433601	2
1124210	0	2433604	2
1124210	0	2461683	2
1124210	0	2494574	2
1124210	0	2494577	2
1124210	0	2650269	2
1124210	0	2685123	2
1124210	0	2728448	2
1124210	0	2753148	2
1124210	0	3162331	2
1124210	0	3289568	2
1124210	0	3466956	2
1124210	0	3517427	2
1124210	0	3520550	0
1124210	0	3520553	0
1124210	0	3546600	0
1124210	0	3573857	0
1124210	0	3680798	0
1124210	0	3680800	0
1124210	0	3680801	0
1124210	0	3680802	0
1124210	0	3859923	0
1124210	0	3937735	0
1124210	0	3944481	0
1124210	0	4074146	0
1124210	0	4074149	0
1124210	0	4425464	0
1124210	0	4648414	2
1124210	0	475041	0
1124210	0	4794725	0
1124210	0	4942992	2
1124210	0	4957842	0
1124210	0	4958358	0
1124210	0	5032711	2
1124210	0	5039696	0
1124210	0	5056100	0
1124210	0	5281846	0
1124210	0	546158	0
1124210	0	555792	0
1124210	0	5587711	2
1124210	0	5664148	2
1124210	0	5940134	0
1124210	0	5941717	2
1124210	0	607910	0
1124210	0	6146809	2
1124210	0	6233255	2
1124210	0	6255796	2
1124210	0	6498977	2
1124210	0	6541864	2
1124210	0	6541868	2
1124210	0	6814012	2
1124210	0	6814015	2
1124210	0	6814017	2
1124210	0	6992534	0
1124210	0	7203360	2
1124210	0	7205919	0
1124210	0	7205920	0
1124210	0	7224102	2
1124210	0	7234570	0
1124210	0	7278463	0
1124210	0	7443583	2
1124210	0	7443586	2
1124210	0	7695217	2
1124210	0	7756779	0
1124210	0	7806221	2
1124210	0	7806222	2
1124210	0	7851118	0
1124210	0	8026735	2
1124210	0	8026737	2
1124210	0	8026740	2
1124210	0	8026743	2
1124210	0	8087702	2
1124210	0	8355477	2
1124210	0	8492305	2
1124210	0	8547690	2
1124210	0	8650642	2
1124210	0	8802909	2
1124210	0	92049	2
1124210	0	931165	2
1129237	0	128982	1
1129237	0	128984	1
1129237	0	128989	1
1129237	0	1721142	0
1129237	0	2152821	1
1129237	0	2697746	1
1129237	0	2697752	1
1129237	0	3131122	1
1129237	0	3683096	1
1129237	0	3905055	1
1129237	0	3905057	1
1129237	0	3905802	1
1129237	0	4254811	1
1129237	0	4254815	1
1129237	0	4254816	1
1129237	0	4884964	1
1129237	0	5619502	1
1129237	0	5627214	1
1129237	0	5906130	1
1129237	0	6080460	1
1129237	0	6343520	1
1129237	0	7874566	0
1129237	0	7911557	1
1129237	0	806652	1
1129237	0	8203445	0
1129237	0	8450766	1
1129237	0	8588122	1
1129237	0	8588219	1
1129237	0	8588222	0
1129237	0	8588226	0
1129237	0	8588227	1
1129237	0	8682824	1
1129237	0	998748	1
1129237	0	998751	1
1133167	0	1379370	0
1133167	0	1824479	0
1133167	0	1824480	0
1133167	0	1824484	0
1133167	0	1824485	0
1133167	0	1824486	0
1133167	0	1824488	0
1133167	0	1883272	0
1133167	0	1883273	0
1133167	0	1883281	0
1133167	0	190803	0
1133167	0	190804	5
1133167	0	190806	0
1133167	0	190809	0
1133167	0	2010281	0
1133167	0	2276678	0
1133167	0	3023120	0
1133167	0	3023123	0
1133167	0	3074599	5
1133167	0	3355083	0
1133167	0	3421898	0
1133167	0	3421900	0
1133167	0	3421903	5
1133167	0	3421906	0
1133167	0	3953805	0
1133167	0	434120	0
1133167	0	434121	5
1133167	0	434124	0
1133167	0	434125	0
1133167	0	4443370	0
1133167	0	4443375	0
1133167	0	4498474	0
1133167	0	4498479	5
1133167	0	4550240	5
1133167	0	4550244	5
1133167	0	4712273	0
1133167	0	4712279	5
1133167	0	4922619	5
1133167	0	4926197	0
1133167	0	4926204	0
1133167	0	4973626	0
1133167	0	563738	5
1133167	0	5674622	5
1133167	0	5674623	0
1133167	0	5787117	0
1133167	0	6112586	5
1133167	0	6112587	0
1133167	0	6112590	5
1133167	0	6112592	0
1133167	0	6257038	0
1133167	0	6467518	5
1133167	0	6467522	0
1133167	0	6467523	0
1133167	0	6467524	0
1133167	0	7093509	0
1133167	0	7218012	0
1133167	0	7793408	0
1133167	0	7793409	0
1133167	0	8033644	0
1133167	0	8033645	0
1133167	0	8033650	0
1133167	0	8160224	0
1133167	0	8160230	0
1133167	0	8160241	0
1133167	0	8160243	0
1133167	0	823274	5
1133167	0	823275	0
1133167	0	8255705	0
1133167	0	8255706	5
130510	0	1110766	1
130510	0	1494930	2
130510	0	1494932	2
130510	0	1494934	4
130510	0	1494935	2
130510	0	1494936	4
130510	0	1494938	4
130510	0	1494939	4
130510	0	1972336	0
130510	0	203718	4
130510	0	2982053	2
130510	0	3155839	1
130510	0	3913773	0
130510	0	3913778	0
130510	0	4722583	0
130510	0	5148418	0
130510	0	5732822	0
130510	0	6835270	2
130510	0	7125238	1
130510	0	7125239	2
130510	0	7125241	2
130510	0	7501557	2
130510	0	7501558	4
130510	0	7501563	2
130510	0	799647	4
130510	0	8354778	0
130510	0	8612902	2
130510	0	8612903	4
130510	0	8612904	4
130510	0	8612905	2
130510	0	8612906	4
130510	0	8612909	4
130510	0	8612910	4
130510	0	996732	1
130510	0	996740	1
131843	0	2041693	4
131843	0	31718	0
131843	0	3432705	0
131843	0	348760	0
131843	0	3841396	3
131843	0	3937054	0
131843	0	4136087	0
131843	0	4338356	3
131843	0	4806979	4
131843	0	5715075	0
131843	0	6121785	0
131843	0	6629203	0
131843	0	6863389	0
131843	0	8305151	4
131843	0	8305152	5
131843	0	8305153	5
131843	0	8305154	5
131843	0	8305155	5
131843	0	8305156	5
131843	0	8305158	5
131843	0	8456964	0
131843	0	8456965	0
131843	0	8456967	0
131843	0	8456970	0
131843	0	8710812	2
131843	0	8710813	2
131843	0	935618	0
131843	0	935619	0
131843	0	935621	0
131843	0	935626	0
131843	0	985988	3
131843	0	985989	4
131843	0	985990	3
131843	0	985991	4
131843	0	985992	3
131843	0	985994	5
131843	0	985995	2
146187	0	2226093	2
146187	0	3615731	0
146187	0	4214925	0
146187	0	4741857	2
146187	0	4777144	4
146187	0	6015025	2
146187	0	6015026	2
146187	0	6430258	0
146187	0	744165	2
146187	0	744167	2
146187	0	76348	2
146187	0	8434617	4
146187	0	8434618	0
146187	0	8434619	4
146187	0	8434620	1
146187	0	8434621	4
146187	0	8434622	1
146187	0	8434623	4
146187	0	8434624	4
146187	0	8434625	4
146187	0	8434626	4
148538	0	1299824	1
148538	0	1311206	1
148538	0	1311209	1
148538	0	1384447	5
148538	0	1384448	1
148538	0	1828171	1
148538	0	1950974	1
148538	0	1950976	1
148538	0	1950979	1
148538	0	1950983	1
148538	0	1969519	0
148538	0	1969521	1
148538	0	1985491	1
148538	0	2033800	1
148538	0	208314	1
148538	0	231453	5
148538	0	231455	5
148538	0	2455774	1
148538	0	2455775	5
148538	0	2915327	1
148538	0	332400	0
148538	0	332401	1
148538	0	3353306	1
148538	0	3557943	1
148538	0	3918785	1
148538	0	398535	5
148538	0	4185812	1
148538	0	4264129	0
148538	0	4447598	0
148538	0	4447601	5
148538	0	4539654	1
148538	0	4539657	1
148538	0	4607263	1
148538	0	4959638	1
148538	0	5077704	1
148538	0	5077707	0
148538	0	5077709	0
148538	0	5171603	1
148538	0	615407	1
148538	0	6697437	1
148538	0	6846343	1
148538	0	6894608	1
148538	0	7407803	5
148538	0	7407812	1
148538	0	8283527	0
148538	0	8283530	1
148538	0	8283531	5
148538	0	8283532	1
148538	0	985488	0
148538	0	985490	1
148538	0	985491	5
148538	0	985494	1
182539	0	1307235	0
182539	0	1638687	5
182539	0	1638689	0
182539	0	1638690	0
182539	0	1654895	2
182539	0	2092202	2
182539	0	2165968	2
182539	0	2909959	2
182539	0	2909960	0
182539	0	2909961	0
182539	0	3293878	2
182539	0	330179	2
182539	0	3389569	0
182539	0	3760957	0
182539	0	3883077	0
182539	0	3883081	2
182539	0	4448399	0
182539	0	4487755	0
182539	0	5567729	5
182539	0	5567732	0
182539	0	57443	2
182539	0	57444	0
182539	0	57447	5
182539	0	57448	0
182539	0	57449	5
182539	0	57452	5
182539	0	6097108	2
182539	0	6282909	5
182539	0	6783449	0
182539	0	6807900	5
182539	0	6816571	5
182539	0	6816572	2
182539	0	6816573	2
182539	0	6816576	2
182539	0	6980965	5
182539	0	7050579	2
182539	0	721170	0
182539	0	7371255	5
182539	0	7371257	0
182539	0	7371259	0
182539	0	7371261	0
182539	0	7371262	0
182539	0	7408022	2
182539	0	7527837	2
182539	0	7583024	5
182539	0	762792	5
182539	0	7690609	5
182539	0	7807063	2
182539	0	7883763	0
182539	0	8299659	0
182539	0	8299660	0
182539	0	8299668	0
182539	0	8515182	5
182539	0	8598792	2
182539	0	8757178	0
182539	0	8757179	2
182539	0	8757180	2
182539	0	8757181	0
182539	0	8757182	2
183378	0	1289489	2
183378	0	1289490	2
183378	0	1289492	2
183378	0	1289496	2
183378	0	1289497	2
183378	0	2089154	0
183378	0	2493332	2
183378	0	2533260	0
183378	0	3093215	2
183378	0	3185611	2
183378	0	4493914	2
183378	0	4493915	2
183378	0	4493916	2
183378	0	4493920	2
183378	0	4493921	1
183378	0	4803847	2
183378	0	4803848	2
183378	0	4803850	0
183378	0	4856305	0
183378	0	5534703	2
183378	0	5534707	2
183378	0	5534711	2
183378	0	5817927	2
183378	0	7398706	2
183378	0	7449744	2
183378	0	7449748	2
183378	0	7449752	2
183378	0	7677975	2
183378	0	7952865	0
183378	0	8121380	0
183378	0	8570256	2
183378	0	8570257	2
183378	0	8570258	2
183378	0	8577215	0
183378	0	8794302	1
183378	0	8794304	2
183378	0	8794308	1
19335	0	1143050	1
19335	0	1389478	1
19335	0	1389479	1
19335	0	1469573	2
19335	0	161606	1
19335	0	1717015	2
19335	0	1720387	2
19335	0	1720388	0
19335	0	1720389	1
19335	0	1720393	0
19335	0	1720394	2
19335	0	1720395	2
19335	0	1726	1
19335	0	1729	2
19335	0	1915754	1
19335	0	2020519	2
19335	0	2046505	1
19335	0	211275	2
19335	0	2250973	1
19335	0	2304005	0
19335	0	2437769	0
19335	0	2874497	2
19335	0	2874503	2
19335	0	3045567	1
19335	0	3175481	2
19335	0	3175484	2
19335	0	342431	1
19335	0	354219	0
19335	0	3615077	2
19335	0	3615079	2
19335	0	429851	1
19335	0	4480942	2
19335	0	4480943	2
19335	0	4480945	2
19335	0	478232	2
19335	0	4843828	2
19335	0	5078863	0
19335	0	527690	2
19335	0	527692	2
19335	0	527695	0
19335	0	527697	1
19335	0	5508122	1
19335	0	5732401	2
19335	0	584350	2
19335	0	6124004	1
19335	0	6294314	2
19335	0	6452949	1
19335	0	6510257	1
19335	0	6512137	2
19335	0	6512144	2
19335	0	6773977	2
19335	0	6902386	2
19335	0	6999135	0
19335	0	7042455	1
19335	0	7050803	0
19335	0	7122355	1
19335	0	7235457	2
19335	0	7267248	1
19335	0	7460273	2
19335	0	772225	2
19335	0	772234	2
19335	0	7856992	2
19335	0	8061829	2
19335	0	8151642	0
19335	0	8151650	0
19335	0	819168	1
19335	0	8412681	2
19335	0	8412682	1
19335	0	8412683	1
19335	0	8412684	2
19335	0	8412685	2
19335	0	8412687	2
19335	0	8635981	2
19335	0	8635984	2
19335	0	8786632	2
19335	0	93557	2
207786	0	1029962	1
207786	0	1392579	1
207786	0	1392585	1
207786	0	1667536	1
207786	0	2051020	1
207786	0	2763917	1
207786	0	2998723	0
207786	0	4218707	1
207786	0	4613065	1
207786	0	5175109	0
207786	0	6031630	1
207786	0	7510472	5
207786	0	7599318	1
207786	0	7639366	1
207786	0	7941579	1
207786	0	8185064	0
207786	0	8273754	1
207786	0	8273755	1
207786	0	8273757	1
207786	0	8273758	1
207786	0	8273759	1
207786	0	8273760	1
207786	0	8273761	1
207786	0	8273762	1
207786	0	8273763	1
207786	0	8367880	0
264014	0	1610706	2
264014	0	1610707	2
264014	0	1610711	1
264014	0	1610712	0
264014	0	1804644	2
264014	0	2223171	1
264014	0	2474346	2
264014	0	2572557	0
264014	0	2688537	0
264014	0	3338825	2
264014	0	3338827	1
264014	0	3338828	1
264014	0	3372501	1
264014	0	3396076	2
264014	0	3666584	0
264014	0	4239616	0
264014	0	447992	2
264014	0	4647186	2
264014	0	4687213	2
264014	0	4834547	2
264014	0	4834548	2
264014	0	528372	2
264014	0	528380	2
264014	0	5328095	1
264014	0	5611210	1
264014	0	5611219	1
264014	0	5635521	0
264014	0	5950718	2
264014	0	5950719	2
264014	0	5950721	2
264014	0	5950722	2
264014	0	5950723	1
264014	0	5950726	2
264014	0	6105566	2
264014	0	6105572	2
264014	0	6555322	2
264014	0	6641238	2
264014	0	6791760	2
264014	0	684616	2
264014	0	7326934	2
264014	0	8012101	2
264014	0	935825	2
264014	0	96851	2
264014	0	96852	1
264014	0	96854	1
264014	0	96855	1
264014	0	96857	2
264014	0	96858	2
359349	0	1394087	1
359349	0	15800	0
359349	0	1830517	4
359349	0	2293820	1
359349	0	2826510	1
359349	0	2826512	4
359349	0	3193824	1
359349	0	3223831	4
359349	0	3223833	1
359349	0	3900185	1
359349	0	4013723	1
359349	0	4020470	1
359349	0	4020477	1
359349	0	4463573	0
359349	0	457673	1
359349	0	5219977	0
359349	0	5615181	1
359349	0	576628	1
359349	0	576629	1
359349	0	6108721	4
359349	0	68647	4
359349	0	68648	4
359349	0	68649	4
359349	0	68653	1
359349	0	8058873	1
359349	0	943229	4
405717	0	1589738	5
405717	0	1849743	0
405717	0	1984962	0
405717	0	2125641	5
405717	0	2365659	0
405717	0	2365660	0
405717	0	2365661	0
405717	0	2365664	0
405717	0	2365665	0
405717	0	2514107	0
405717	0	2642838	0
405717	0	2702419	0
405717	0	2702423	0
405717	0	273851	5
405717	0	2747484	0
405717	0	2747485	0
405717	0	2747488	0
405717	0	2747492	0
405717	0	2879960	0
405717	0	3033900	0
405717	0	3274915	0
405717	0	3274918	0
405717	0	3803378	0
405717	0	3986303	0
405717	0	4432155	0
405717	0	4704973	0
405717	0	4704975	0
405717	0	4704978	0
405717	0	4828118	5
405717	0	5079482	0
405717	0	5274649	0
405717	0	5428443	0
405717	0	5638740	0
405717	0	576346	0
405717	0	6426483	0
405717	0	6442862	5
405717	0	6654653	0
405717	0	6654655	0
405717	0	6678050	0
405717	0	702391	0
405717	0	7170626	0
405717	0	7170630	5
405717	0	7288990	0
405717	0	7288996	0
405717	0	7447941	5
405717	0	7447943	5
405717	0	758582	0
405717	0	758586	0
405717	0	7728831	0
405717	0	7896211	0
405717	0	7965240	5
405717	0	8156519	0
405717	0	8433852	5
405717	0	8433854	0
405717	0	8433858	0
443396	0	1055834	3
443396	0	1305463	0
443396	0	1360104	0
443396	0	1465664	3
443396	0	1465667	3
443396	0	1525423	0
443396	0	1843486	0
443396	0	1852807	3
443396	0	1852813	3
443396	0	2007121	0
443396	0	2138579	0
443396	0	2143845	2
443396	0	2143847	0
443396	0	2143849	3
443396	0	215693	3
443396	0	2373504	3
443396	0	2490482	3
443396	0	2490486	3
443396	0	3007982	3
443396	0	3103988	3
443396	0	3103995	3
443396	0	3118073	0
443396	0	3256974	2
443396	0	3299623	3
443396	0	3323246	0
443396	0	3440850	3
443396	0	3526411	2
443396	0	355277	0
443396	0	3599520	3
443396	0	3617225	2
443396	0	368001	2
443396	0	3721948	3
443396	0	4041361	2
443396	0	4052112	3
443396	0	4052116	2
443396	0	4052118	2
443396	0	4052120	2
443396	0	415545	0
443396	0	4205261	3
443396	0	4205264	3
443396	0	4236355	3
443396	0	4271045	0
443396	0	4511531	3
443396	0	4526741	2
443396	0	4526744	3
443396	0	4526747	2
443396	0	453706	3
443396	0	456708	3
443396	0	456710	3
443396	0	458179	0
443396	0	4638554	0
443396	0	4676619	2
443396	0	4774806	3
443396	0	4792649	2
443396	0	4792650	3
443396	0	4792652	2
443396	0	4792653	0
443396	0	4792654	3
443396	0	4792655	0
443396	0	483935	0
443396	0	4896251	2
443396	0	4935430	0
443396	0	5048838	3
443396	0	5048839	3
443396	0	5053511	3
443396	0	5065439	0
443396	0	5644797	2
443396	0	6953654	2
443396	0	6974032	2
443396	0	7251120	2
443396	0	7422742	5
443396	0	7620278	0
443396	0	7620279	0
443396	0	8079039	2
443396	0	8079040	2
443396	0	8079043	3
443396	0	8079046	3
443396	0	8171402	2
443396	0	8188606	0
443396	0	8329279	2
443396	0	8348187	3
443396	0	8536118	3
443396	0	8536121	3
443396	0	8536122	3
443396	0	8536123	5
443396	0	8793491	3
451602	0	1094138	4
451602	0	127537	1
451602	0	1277289	1
451602	0	1277290	1
451602	0	1277293	4
451602	0	1302756	3
451602	0	1314129	4
451602	0	1626653	0
451602	0	1897982	1
451602	0	2176450	1
451602	0	2176453	1
451602	0	2176454	1
451602	0	2176455	1
451602	0	2176458	4
451602	0	2176459	4
451602	0	2244882	1
451602	0	2312864	1
451602	0	2618829	4
451602	0	2922145	0
451602	0	3090666	0
451602	0	3177691	4
451602	0	3177699	1
451602	0	3790251	4
451602	0	4176454	0
451602	0	4345752	1
451602	0	4453605	1
451602	0	4453608	4
451602	0	4874640	1
451602	0	4874641	4
451602	0	5000376	1
451602	0	5179251	4
451602	0	5475308	3
451602	0	5538936	4
451602	0	5538937	4
451602	0	5538938	3
451602	0	5538942	4
451602	0	5655693	1
451602	0	6286975	1
451602	0	6286977	1
451602	0	6286980	4
451602	0	6286981	1
451602	0	654120	4
451602	0	6719255	0
451602	0	7800959	5
451602	0	7804169	4
451602	0	7804170	4
451602	0	8019873	0
451602	0	8033470	1
451602	0	8214452	1
451602	0	8383461	1
451602	0	8390518	1
451602	0	8390525	1
451602	0	8540470	4
451602	0	8540473	4
451602	0	8621776	1
451602	0	8621784	1
451602	0	8787234	4
451602	0	998695	1
47923	0	1681332	1
47923	0	1681334	1
47923	0	1681336	1
47923	0	1681338	1
47923	0	1681339	1
47923	0	1868437	1
47923	0	3348834	1
47923	0	3348838	0
47923	0	3986046	0
47923	0	4297620	1
47923	0	473809	1
47923	0	5032362	1
47923	0	5147527	0
47923	0	5417580	0
47923	0	5417582	1
47923	0	618556	0
47923	0	6191	0
47923	0	6241147	1
47923	0	6241148	1
47923	0	6241150	1
47923	0	6241151	1
47923	0	6241152	1
47923	0	6241153	1
47923	0	6241154	1
47923	0	6643066	1
47923	0	6919836	0
47923	0	8348762	1
47923	0	8418681	1
47923	0	8418683	1
47923	0	8418686	1
47923	0	8641104	1
47923	0	8641106	1
47923	0	8641107	1
47923	0	913042	1
47923	0	986177	1
489204	0	1038489	0
489204	0	1051492	1
489204	0	1051494	1
489204	0	1051498	1
489204	0	113238	1
489204	0	1225589	1
489204	0	1225591	1
489204	0	1228655	1
489204	0	1231677	1
489204	0	1276947	1
489204	0	1310106	0
489204	0	1310107	0
489204	0	1310108	0
489204	0	1360627	1
489204	0	136257	1
489204	0	1430550	5
489204	0	1479542	1
489204	0	152948	0
489204	0	152954	1
489204	0	1538587	1
489204	0	1759354	1
489204	0	1777014	1
489204	0	1778458	1
489204	0	185678	1
489204	0	1950269	0
489204	0	2053095	1
489204	0	2163701	1
489204	0	216490	1
489204	0	216492	0
489204	0	2268651	1
489204	0	2268652	1
489204	0	2268657	0
489204	0	3438216	1
489204	0	35919	1
489204	0	3623668	1
489204	0	3728445	1
489204	0	385083	1
489204	0	3980126	1
489204	0	4088951	1
489204	0	4387756	0
489204	0	4586570	5
489204	0	46493	1
489204	0	4890939	0
489204	0	4917998	1
489204	0	4918005	1
489204	0	4927308	1
489204	0	5005765	5
489204	0	533017	1
489204	0	5519177	1
489204	0	5541650	1
489204	0	5583224	0
489204	0	5629373	1
489204	0	5815957	1
489204	0	5842847	1
489204	0	5842850	1
489204	0	5895917	1
489204	0	6084785	1
489204	0	6087666	1
489204	0	6087671	0
489204	0	6327174	1
489204	0	6327175	1
489204	0	6327177	1
489204	0	6327181	0
489204	0	6343845	5
489204	0	6536367	1
489204	0	6542578	1
489204	0	6581771	1
489204	0	6652052	1
489204	0	6665319	1
489204	0	678245	1
489204	0	6816322	0
489204	0	6894988	1
489204	0	7113153	0
489204	0	7116533	1
489204	0	753265	1
489204	0	7564977	0
489204	0	7564980	0
489204	0	7923800	1
489204	0	8054792	1
489204	0	8376905	1
489204	0	8376910	0
489204	0	8463820	5
489204	0	8463823	1
489204	0	852250	1
489204	0	852257	1
489204	0	855963	1
489204	0	855972	1
489204	0	8585816	1
489204	0	8594271	0
489204	0	8594272	1
489204	0	8594280	0
489204	0	872467	1
489204	0	872470	1
489204	0	8737051	1
489204	0	8737053	1
489204	0	8781574	0
489204	0	8781577	1
489204	0	890797	1
489204	0	973923	1
490595	0	1160847	0
490595	0	1288938	0
490595	0	1652460	4
490595	0	1929910	4
490595	0	1929911	0
490595	0	3572695	0
490595	0	3833407	0
490595	0	3937196	0
490595	0	3937197	0
490595	0	3937200	0
490595	0	3937203	0
490595	0	4082315	0
490595	0	4737059	0
490595	0	4737060	4
490595	0	4737061	0
490595	0	4737063	0
490595	0	4737064	0
490595	0	4737065	4
490595	0	4737066	4
490595	0	4737067	0
490595	0	4842889	0
490595	0	4842890	4
490595	0	4842891	4
490595	0	4842897	0
490595	0	5112294	0
490595	0	5247992	0
490595	0	5247999	0
490595	0	549465	0
490595	0	6045591	4
490595	0	6066626	0
490595	0	6742119	0
490595	0	7839904	0
490595	0	7839906	0
490595	0	805046	0
490595	0	805048	0
490595	0	805051	4
490595	0	8485139	0
490595	0	8485141	0
490595	0	903932	4
527433	0	1187918	1
527433	0	1217016	5
527433	0	1251475	0
527433	0	1379236	5
527433	0	1379237	4
527433	0	1379240	4
527433	0	1379245	1
527433	0	1511548	1
527433	0	1664518	1
527433	0	1664523	1
527433	0	1993691	1
527433	0	1993699	1
527433	0	2045580	4
527433	0	2331989	1
527433	0	2496224	1
527433	0	2565413	0
527433	0	269422	1
527433	0	269423	0
527433	0	269425	1
527433	0	269426	1
527433	0	269428	0
527433	0	269430	1
527433	0	2722036	1
527433	0	3093197	5
527433	0	3294599	1
527433	0	3425595	4
527433	0	3786813	1
527433	0	3835729	1
527433	0	3835731	4
527433	0	3835732	1
527433	0	3835736	1
527433	0	4046876	1
527433	0	4064455	4
527433	0	4351170	1
527433	0	4402992	1
527433	0	467601	5
527433	0	4903731	0
527433	0	4958697	1
527433	0	5466807	4
527433	0	5466810	0
527433	0	547444	1
527433	0	5603301	0
527433	0	5629888	1
527433	0	5672164	1
527433	0	5672170	4
527433	0	5690943	0
527433	0	6015377	1
527433	0	6038397	1
527433	0	6065675	4
527433	0	6186391	1
527433	0	6186393	1
527433	0	6215001	4
527433	0	6215002	1
527433	0	6398041	1
527433	0	6667279	1
527433	0	729489	1
527433	0	7357591	1
527433	0	7607669	4
527433	0	7799466	1
527433	0	8306449	1
527433	0	8306450	4
527433	0	8306451	1
527433	0	8322920	4
527433	0	8617271	5
527433	0	8617273	1
527433	0	8617274	1
527433	0	8617276	4
527433	0	8827925	5
527433	0	8827928	1
527433	0	975967	1
573724	0	1165129	2
573724	0	1509940	1
573724	0	1509942	2
573724	0	162151	2
573724	0	1816038	2
573724	0	2133806	1
573724	0	2417985	0
573724	0	2635262	2
573724	0	3146236	0
573724	0	3146238	1
573724	0	3365631	1
573724	0	3365633	1
573724	0	3365636	1
573724	0	3365638	2
573724	0	394136	2
573724	0	394139	0
573724	0	394142	2
573724	0	4017883	0
573724	0	5047796	2
573724	0	5310530	2
573724	0	5339620	2
573724	0	5721829	2
573724	0	6776717	2
573724	0	7104825	2
573724	0	7104826	2
573724	0	7199669	2
573724	0	7199673	1
573724	0	7384325	1
573724	0	7384332	1
573724	0	7609927	1
573724	0	7674859	2
573724	0	8441642	2
573724	0	87405	2
573724	0	8833192	2
573724	0	8833194	2
833860	0	115142	1
833860	0	1400521	0
833860	0	1524402	0
833860	0	1524406	0
833860	0	1579406	0
833860	0	1889863	2
833860	0	2022688	2
833860	0	2188108	2
833860	0	2206194	2
833860	0	2206195	2
833860	0	2206196	2
833860	0	2206197	2
833860	0	2206198	2
833860	0	2206200	2
833860	0	2386361	2
833860	0	2654110	0
833860	0	2702357	2
833860	0	3087481	2
833860	0	3337877	0
833860	0	3421947	2
833860	0	3437281	2
833860	0	3437284	2
833860	0	3437285	2
833860	0	3437286	2
833860	0	3437288	2
833860	0	3437289	2
833860	0	3437290	2
833860	0	3924121	0
833860	0	4086002	0
833860	0	4431446	2
833860	0	4565899	0
833860	0	4881965	2
833860	0	4983652	2
833860	0	5012386	2
833860	0	5167510	2
833860	0	5167512	2
833860	0	5167513	2
833860	0	5167518	2
833860	0	5652528	0
833860	0	5832657	2
833860	0	6209174	0
833860	0	6211801	2
833860	0	6218032	2
833860	0	6230220	2
833860	0	6230221	2
833860	0	6230222	2
833860	0	6230223	2
833860	0	6230225	2
833860	0	6230226	2
833860	0	6230227	2
833860	0	6230228	2
833860	0	6230229	2
833860	0	6297606	0
833860	0	6621549	0
833860	0	6875877	1
833860	0	7038170	2
833860	0	7140183	0
833860	0	7435480	0
833860	0	756921	2
833860	0	7706738	2
833860	0	771855	2
833860	0	8344031	2
833860	0	8683095	0
833860	0	8833502	2
833860	0	8833504	2
833860	0	8833506	2
833860	0	8833509	2
855410	0	103039	5
855410	0	1047903	0
855410	0	1094091	0
855410	0	1147809	0
855410	0	1147810	0
855410	0	1147811	0
855410	0	1186979	0
855410	0	133350	0
855410	0	1394855	5
855410	0	1441918	0
855410	0	1599285	0
855410	0	1685597	0
855410	0	1824277	0
855410	0	1824278	0
855410	0	1947769	5
855410	0	2117094	0
855410	0	212609	0
855410	0	2273664	0
855410	0	2350118	0
855410	0	2402680	0
855410	0	2499355	0
855410	0	2506511	0
855410	0	2890365	5
855410	0	2969826	0
855410	0	3530756	5
855410	0	3530757	5
855410	0	3530758	5
855410	0	3530762	0
855410	0	369516	0
855410	0	3723410	0
855410	0	3723411	0
855410	0	3723413	0
855410	0	3723415	0
855410	0	3920974	0
855410	0	3946561	0
855410	0	4084193	0
855410	0	4406031	0
855410	0	4616842	0
855410	0	4636144	0
855410	0	4708041	5
855410	0	4708042	0
855410	0	4708045	0
855410	0	4708046	5
855410	0	4708047	0
855410	0	4733967	0
855410	0	4980050	5
855410	0	5053555	0
855410	0	5053561	0
855410	0	5095701	0
855410	0	5095702	0
855410	0	5239970	0
855410	0	5465915	0
855410	0	5608554	0
855410	0	5723210	0
855410	0	5799774	0
855410	0	5962462	0
855410	0	6257436	0
855410	0	6385718	0
855410	0	6385724	0
855410	0	6481239	5
855410	0	6481240	0
855410	0	6522121	0
855410	0	6615899	0
855410	0	6647485	0
855410	0	681984	0
855410	0	681987	0
855410	0	681993	0
855410	0	7031506	0
855410	0	7099015	0
855410	0	71807	0
855410	0	7210777	0
855410	0	722968	0
855410	0	7340395	5
855410	0	7380061	0
855410	0	7548527	0
855410	0	7747483	0
855410	0	8157623	0
855410	0	8157624	0
855410	0	8157632	0
855410	0	8271172	0
855410	0	8543392	0
855410	0	862689	0
855410	0	862695	0
855410	0	8645167	0
855410	0	8651770	5
855410	0	8651771	5
855410	0	8651772	5
855410	0	8651773	5
855410	0	8651775	5
855410	0	8651776	5
855410	0	8651778	0
855410	0	8663507	0
855410	0	8671032	0
855410	0	8671033	0
855410	0	8720966	5
855410	0	8776516	0
855410	0	8776519	0
855410	0	8776520	0
855410	0	8792394	0
855410	0	884430	0
855410	0	889438	0
855410	0	902854	0
855410	0	936546	0
855410	0	944479	0
87181	0	1179100	1
87181	0	123547	1
87181	0	1950526	1
87181	0	1950532	1
87181	0	2530227	1
87181	0	2986227	1
87181	0	3216315	1
87181	0	3216319	1
87181	0	4190143	0
87181	0	4689523	1
87181	0	4689525	1
87181	0	47210	0
87181	0	4786305	1
87181	0	5103077	1
87181	0	5197130	0
87181	0	5197135	1
87181	0	5469038	1
87181	0	5497677	1
87181	0	6484575	1
87181	0	6484576	1
87181	0	6484578	1
87181	0	6521366	1
87181	0	6685092	5
87181	0	742425	1
87181	0	7666831	1
87181	0	8151926	1
87181	0	8332546	5
87181	0	8332547	1
87181	0	8332550	1
87181	0	8332555	1
87181	0	8499367	1
87181	0	8534129	1
87181	0	8534130	1
87181	0	8534134	5
87181	0	8565420	1
87181	0	8683178	0
87181	0	8683185	1
87452	0	1395625	0
87452	0	1395631	0
87452	0	1598547	3
87452	0	1749882	0
87452	0	186931	0
87452	0	186939	3
87452	0	2624886	3
87452	0	3242437	3
87452	0	4008486	0
87452	0	4634899	2
87452	0	4866237	2
87452	0	4872055	0
87452	0	4993648	0
87452	0	5180105	2
87452	0	5286924	3
87452	0	5296736	0
87452	0	5751686	0
87452	0	5851090	3
87452	0	5851095	0
87452	0	6018160	3
87452	0	6018162	2
87452	0	6018163	2
87452	0	6018164	2
87452	0	6018165	3
87452	0	6018166	0
87452	0	6018168	3
87452	0	7843984	0
87452	0	7965004	3
87452	0	7965005	3
87452	0	7965007	2
87452	0	7965008	3
87452	0	7965010	3
87452	0	8055167	0
87452	0	8152220	0
87452	0	8152222	3
87452	0	8213478	3
87452	0	8333912	3
87452	0	8333916	3
87452	0	8333917	3
87452	0	8333918	3
87452	0	8333919	0
87452	0	8333920	0
87452	0	8333921	3
87452	0	8436571	0
87452	0	8436578	0
87452	0	8436579	0
87452	0	861789	0
87452	0	8680815	3
87452	0	8819111	0
87452	0	8819112	2
87452	0	8819113	0
87452	0	8819116	0
915593	0	1396701	2
915593	0	1772930	3
915593	0	1972028	0
915593	0	2210592	3
915593	0	2210593	3
915593	0	275726	3
915593	0	2923496	0
915593	0	2923497	0
915593	0	3485338	0
915593	0	3523599	0
915593	0	3538160	5
915593	0	3538161	0
915593	0	3538163	3
915593	0	3538164	3
915593	0	3538166	2
915593	0	3538168	0
915593	0	4566816	2
915593	0	4566818	4
915593	0	4566819	2
915593	0	4566822	2
915593	0	4834226	0
915593	0	4998398	0
915593	0	5774009	0
915593	0	5931262	2
915593	0	5931266	0
915593	0	5931268	0
915593	0	5931269	3
915593	0	6181638	0
915593	0	6761341	3
915593	0	6761344	3
915593	0	6923052	0
915593	0	7709320	4
915593	0	7861749	0
915593	0	7861755	4
915593	0	8002855	2
915593	0	8029524	4
915593	0	8029525	4
915593	0	8029527	4
915593	0	8029531	0
915593	0	8029533	0
915593	0	8103065	0
915593	0	8103067	0
915593	0	8178996	3
915593	0	8178998	3
915593	0	82105	0
915593	0	82106	4
915593	0	82107	4
915593	0	82108	4
915593	0	82110	4
915593	0	82113	3
915593	0	8402969	2
915593	0	8402970	2
915593	0	8402971	4
915593	0	8402972	4
915593	0	8455304	4
962179	0	1645080	2
962179	0	1645086	0
962179	0	1645087	2
962179	0	2329697	4
962179	0	2329699	4
962179	0	2329701	2
962179	0	2978864	4
962179	0	2978866	4
962179	0	2978870	0
962179	0	302861	2
962179	0	3705165	4
962179	0	3896632	2
962179	0	4257873	0
962179	0	4309122	0
962179	0	4511499	4
962179	0	4511501	0
962179	0	4511503	2
962179	0	4511504	0
962179	0	4606386	4
962179	0	4606387	4
962179	0	534563	2
962179	0	536176	4
962179	0	5427063	0
962179	0	5653652	0
962179	0	5653659	4
962179	0	5773189	0
962179	0	5919340	4
962179	0	5919342	4
962179	0	6675259	2
962179	0	6898289	4
962179	0	6980697	4
962179	0	8689054	0
962179	0	8689056	0
962179	0	8689057	0
962179	0	8785367	2
962179	0	8785369	2
962179	0	8785371	4
962179	0	8785374	0
