1037798	0	2157450	0
1037798	0	2157456	1
1037798	0	2258765	0
1037798	0	2360247	0
1037798	0	2360252	0
1037798	0	2781960	1
1037798	0	2781965	2
1037798	0	2781966	2
1037798	0	2787508	1
1037798	0	3167284	3
1037798	0	3387556	4
1037798	0	3620983	5
1037798	0	3620986	5
1037798	0	3620991	4
1037798	0	3641634	5
1037798	0	3641640	4
1037798	0	4055260	2
1037798	0	4095286	4
1037798	0	4114288	4
1037798	0	4182093	4
1037798	0	4227882	1
1037798	0	4291373	1
1037798	0	4468467	4
1037798	0	4788864	2
1037798	0	4818124	4
1037798	0	4818129	4
1037798	0	4974552	4
1037798	0	5006527	2
1037798	0	5438881	4
1037798	0	6060285	4
1037798	0	6792682	0
1037798	0	6792685	4
1037798	0	6963992	4
1037798	0	720665	4
1037798	0	7466652	4
1037798	0	7822415	5
1037798	0	7961603	4
1037798	0	7967207	5
1037798	0	8224670	4
1037798	0	8537479	4
1037798	0	8760864	2
1037798	0	8760865	3
1037798	0	8760866	5
1037798	0	8760867	4
1037798	0	8760868	4
1037798	0	8760870	4
1037798	0	8760871	5
1037798	0	8760873	2
1037798	0	8780802	0
1037798	0	994978	4
104861	0	1017092	4
104861	0	1046334	5
104861	0	1046339	5
104861	0	1055594	4
104861	0	1304632	4
104861	0	1313687	5
104861	0	1357961	4
104861	0	1442348	5
104861	0	146170	5
104861	0	146174	5
104861	0	1567102	4
104861	0	171927	5
104861	0	1773805	5
104861	0	1773807	5
104861	0	1811410	4
104861	0	1948963	5
104861	0	2158194	4
104861	0	2294849	4
104861	0	2377050	4
104861	0	2497738	4
104861	0	2600385	0
104861	0	2611066	5
104861	0	3443173	4
104861	0	3443176	5
104861	0	3925933	5
104861	0	4017854	4
104861	0	4017856	4
104861	0	4017858	2
104861	0	409268	5
104861	0	4199743	5
104861	0	4350439	4
104861	0	4583548	5
104861	0	459675	5
104861	0	459676	4
104861	0	4717134	4
104861	0	5138467	5
104861	0	5138469	4
104861	0	5138471	5
104861	0	5138472	5
104861	0	5138473	5
104861	0	5138474	4
104861	0	5138476	5
104861	0	5150431	5
104861	0	5248340	4
104861	0	5248341	5
104861	0	5405670	4
104861	0	5667475	4
104861	0	5688415	5
104861	0	5688416	5
104861	0	5688417	5
104861	0	5688418	5
104861	0	5688420	5
104861	0	5703400	5
104861	0	5703401	5
104861	0	5801822	5
104861	0	5836442	5
104861	0	5864689	4
104861	0	5864693	4
104861	0	599604	5
104861	0	6156641	2
104861	0	6187055	5
104861	0	629273	5
104861	0	629274	5
104861	0	629276	5
104861	0	629277	5
104861	0	629278	5
104861	0	6351571	5
104861	0	6467577	5
104861	0	6467580	4
104861	0	6467581	4
104861	0	6585554	5
104861	0	6653674	5
104861	0	6653676	4
104861	0	6653677	4
104861	0	6653678	5
104861	0	6653679	4
104861	0	6658615	5
104861	0	6704672	5
104861	0	6904992	5
104861	0	7034375	5
104861	0	715676	4
104861	0	7462393	4
104861	0	7506029	5
104861	0	8259116	4
104861	0	8260035	4
104861	0	8349574	5
104861	0	8495099	5
104861	0	8546158	5
104861	0	8546162	5
1063750	0	1074552	4
1063750	0	118643	4
1063750	0	12266	4
1063750	0	1747827	0
1063750	0	1866486	5
1063750	0	1923499	4
1063750	0	1923500	4
1063750	0	1923506	4
1063750	0	2220585	4
1063750	0	2230089	4
1063750	0	2230090	3
1063750	0	2391456	4
1063750	0	2391457	2
1063750	0	2470328	4
1063750	0	2496767	2
1063750	0	2516	0
1063750	0	2768117	4
1063750	0	2768123	5
1063750	0	2868845	0
1063750	0	2881841	0
1063750	0	2997653	0
1063750	0	3076179	4
1063750	0	309313	4
1063750	0	3259884	4
1063750	0	3259889	4
1063750	0	3259892	4
1063750	0	330159	4
1063750	0	330165	4
1063750	0	3327051	2
1063750	0	3610446	4
1063750	0	3654231	2
1063750	0	3973418	4
1063750	0	3973423	4
1063750	0	4158202	2
1063750	0	4164404	0
1063750	0	4329899	0
1063750	0	4337526	4
1063750	0	4337527	5
1063750	0	4337529	4
1063750	0	4337532	4
1063750	0	4349323	0
1063750	0	4414266	0
1063750	0	4718159	4
1063750	0	4718161	4
1063750	0	4788295	4
1063750	0	4788296	2
1063750	0	4788297	2
1063750	0	4788299	0
1063750	0	4823168	0
1063750	0	4823169	2
1063750	0	4834969	4
1063750	0	4834974	4
1063750	0	5123011	0
1063750	0	5442711	5
1063750	0	5442717	2
1063750	0	5956099	4
1063750	0	5956102	4
1063750	0	6093904	0
1063750	0	6127389	4
1063750	0	6347205	4
1063750	0	6436703	0
1063750	0	6666451	2
1063750	0	7146781	4
1063750	0	7571423	5
1063750	0	7571428	4
1063750	0	7778351	2
1063750	0	7778354	4
1063750	0	7781460	2
1063750	0	7837936	4
1063750	0	7837938	4
1063750	0	7952964	4
1063750	0	7952965	4
1063750	0	7952966	4
1063750	0	7952971	5
1063750	0	8170640	4
1063750	0	819283	2
1063750	0	819284	2
1063750	0	8239876	4
1063750	0	8239877	4
1063750	0	8384979	4
1063750	0	8640242	4
1063750	0	8670789	0
1063750	0	8722081	4
1063750	0	8821734	4
1063750	0	8821735	4
1103812	0	1214791	0
1103812	0	1583317	3
1103812	0	1614303	5
1103812	0	1659850	4
1103812	0	1659852	2
1103812	0	2332189	5
1103812	0	2703108	0
1103812	0	2703111	0
1103812	0	2750961	5
1103812	0	2750965	5
1103812	0	2790080	0
1103812	0	3591090	0
1103812	0	3672737	0
1103812	0	3672744	0
1103812	0	3843263	2
1103812	0	3843267	3
1103812	0	3843269	2
1103812	0	3940091	2
1103812	0	4044289	0
1103812	0	4292848	3
1103812	0	4401695	5
1103812	0	4455026	0
1103812	0	4679037	0
1103812	0	4679038	0
1103812	0	4824831	0
1103812	0	4937953	0
1103812	0	5190505	0
1103812	0	5823139	0
1103812	0	5974245	0
1103812	0	6289840	3
1103812	0	6569474	0
1103812	0	7430771	0
1103812	0	7753287	0
1103812	0	8157968	3
1103812	0	8220081	2
1103812	0	8220085	4
1103812	0	8220086	5
1103812	0	8220087	4
1103812	0	8220088	4
1103812	0	8220089	3
1103812	0	8224175	0
1103812	0	8224183	3
1103812	0	8293805	2
1103812	0	955560	0
1103812	0	961775	0
1106007	0	1334328	5
1106007	0	1334330	5
1106007	0	1334334	5
1106007	0	1334335	5
1106007	0	1334336	5
1106007	0	1530299	2
1106007	0	2143418	4
1106007	0	2384069	5
1106007	0	2464375	5
1106007	0	2621981	2
1106007	0	2672601	5
1106007	0	2672608	5
1106007	0	2777113	5
1106007	0	2960558	5
1106007	0	2960561	5
1106007	0	2960563	5
1106007	0	2960566	5
1106007	0	3390428	5
1106007	0	3537614	4
1106007	0	4173709	5
1106007	0	4173712	5
1106007	0	4382105	2
1106007	0	5174765	4
1106007	0	5279699	4
1106007	0	5774818	5
1106007	0	5780388	5
1106007	0	5836920	4
1106007	0	6126194	5
1106007	0	6126197	5
1106007	0	6209484	5
1106007	0	7211746	4
1106007	0	746358	5
1106007	0	765663	4
1106007	0	7685383	5
1106007	0	7685384	5
1106007	0	7685385	5
1106007	0	7685388	5
1106007	0	7726655	4
1106007	0	8199521	5
1106007	0	8204457	5
1106007	0	8521673	5
1110199	0	167604	2
1110199	0	1901876	4
1110199	0	1901877	4
1110199	0	1901878	5
1110199	0	1901879	4
1110199	0	1901881	4
1110199	0	1901882	4
1110199	0	2218462	2
1110199	0	239444	4
1110199	0	2474406	4
1110199	0	2796199	4
1110199	0	2796830	2
1110199	0	3647394	4
1110199	0	3838638	5
1110199	0	3838645	2
1110199	0	398442	2
1110199	0	4053652	4
1110199	0	4057232	2
1110199	0	4489656	2
1110199	0	4504233	4
1110199	0	4511137	4
1110199	0	4511144	2
1110199	0	4588784	4
1110199	0	4949578	2
1110199	0	5172684	4
1110199	0	5172688	4
1110199	0	5218014	2
1110199	0	554521	0
1110199	0	5857921	4
1110199	0	6368887	4
1110199	0	6368891	4
1110199	0	6392463	4
1110199	0	6392469	2
1110199	0	7174098	4
1110199	0	7221366	4
1110199	0	7369955	4
1110199	0	7628031	2
1110199	0	7680811	4
1110199	0	8160518	5
1110199	0	8160519	4
1110199	0	8160520	5
1110199	0	8160523	4
1110199	0	8160524	0
1110199	0	8160527	4
1110199	0	8301971	3
1112341	0	1267520	0
1112341	0	1369482	2
1112341	0	1373651	1
1112341	0	1450347	2
1112341	0	2096427	0
1112341	0	2096429	0
1112341	0	2253155	2
1112341	0	2626927	4
1112341	0	2663365	2
1112341	0	2694630	2
1112341	0	2694636	3
1112341	0	2694637	2
1112341	0	2735215	1
1112341	0	2735219	1
1112341	0	3118343	2
1112341	0	3493341	4
1112341	0	3795887	1
1112341	0	3795896	1
1112341	0	4022846	2
1112341	0	4022849	4
1112341	0	4416075	1
1112341	0	4703755	2
1112341	0	4977768	0
1112341	0	5043405	0
1112341	0	524251	1
1112341	0	550571	0
1112341	0	6016292	0
1112341	0	6102033	1
1112341	0	6164791	3
1112341	0	6311795	3
1112341	0	6311801	2
1112341	0	6342847	2
1112341	0	6478665	1
1112341	0	6681382	1
1112341	0	6726340	4
1112341	0	6726341	4
1112341	0	6726342	2
1112341	0	6726344	4
1112341	0	6726345	4
1112341	0	6726346	1
1112341	0	6740558	0
1112341	0	6903063	2
1112341	0	7079776	3
1112341	0	7079779	2
1112341	0	7242813	0
1112341	0	8139249	2
1112341	0	8139250	0
1112341	0	8139251	1
1112341	0	8139253	2
1112341	0	8139255	4
1112341	0	8139256	4
1112341	0	8139257	3
1112341	0	8139258	4
1112341	0	8326588	1
1112341	0	8337125	2
1112341	0	8337129	2
1112341	0	8442178	2
1112341	0	8606160	2
1112341	0	8606161	2
1112341	0	90432	0
1113437	0	1066532	4
1113437	0	1066538	4
1113437	0	1280568	5
1113437	0	1280569	1
1113437	0	1454814	5
1113437	0	1768727	4
1113437	0	2001933	4
1113437	0	2001934	4
1113437	0	2226349	5
1113437	0	2354940	4
1113437	0	2354941	4
1113437	0	2354947	5
1113437	0	2595628	0
1113437	0	2884191	4
1113437	0	3125154	4
1113437	0	3518300	1
1113437	0	3880944	5
1113437	0	4016930	2
1113437	0	4016937	2
1113437	0	4367832	5
1113437	0	4473156	5
1113437	0	4473157	5
1113437	0	4498864	5
1113437	0	4498867	4
1113437	0	4751835	5
1113437	0	4751839	1
1113437	0	4981632	1
1113437	0	5188746	2
1113437	0	5188747	4
1113437	0	520325	1
1113437	0	5328098	5
1113437	0	5346404	5
1113437	0	5514586	5
1113437	0	5546288	5
1113437	0	5546289	4
1113437	0	5938418	1
1113437	0	5938425	4
1113437	0	5996691	5
1113437	0	5996693	4
1113437	0	6021898	4
1113437	0	6021902	4
1113437	0	6174328	5
1113437	0	6302495	0
1113437	0	631949	4
1113437	0	6455610	4
1113437	0	6486041	1
1113437	0	6593846	4
1113437	0	6597538	1
1113437	0	7377275	1
1113437	0	7377277	5
1113437	0	7385219	2
1113437	0	7385222	4
1113437	0	742037	4
1113437	0	742040	4
1113437	0	742044	4
1113437	0	7618564	0
1113437	0	8128790	4
1113437	0	8128793	2
1113437	0	8128794	4
1113437	0	8128796	4
1113437	0	8128798	4
1113437	0	8162984	2
1113437	0	8729219	5
1114646	0	1884059	4
1114646	0	2201127	5
1114646	0	2647994	5
1114646	0	266552	4
1114646	0	2911039	4
1114646	0	2911040	3
1114646	0	2931848	0
1114646	0	3056368	4
1114646	0	4332918	4
1114646	0	444374	5
1114646	0	444375	1
1114646	0	444377	4
1114646	0	444380	5
1114646	0	444382	0
1114646	0	5279567	5
1114646	0	5417949	4
1114646	0	5417952	5
1114646	0	5417953	5
1114646	0	5417954	5
1114646	0	5569142	5
1114646	0	5640859	4
1114646	0	579554	3
1114646	0	5959593	5
1114646	0	6704400	4
1114646	0	6704401	5
1114646	0	6711103	5
1114646	0	687064	4
1114646	0	7196961	4
1114646	0	771368	4
1114646	0	7984234	5
1114646	0	8117087	3
1114646	0	8117089	5
1114646	0	8117090	5
1114646	0	8117091	5
1114646	0	8117092	5
1114646	0	8117093	1
1114646	0	8117094	5
1114646	0	8117096	5
1114646	0	8665820	4
1114819	0	1248112	4
1114819	0	1302004	5
1114819	0	1315993	5
1114819	0	1315994	5
1114819	0	1315995	5
1114819	0	1315996	4
1114819	0	1315998	5
1114819	0	1625836	5
1114819	0	1724520	5
1114819	0	1724525	5
1114819	0	1724528	3
1114819	0	1738242	5
1114819	0	1738250	5
1114819	0	2136434	5
1114819	0	344350	5
1114819	0	3484458	4
1114819	0	3781418	5
1114819	0	3906954	4
1114819	0	3906959	5
1114819	0	4890560	4
1114819	0	5165249	4
1114819	0	534362	4
1114819	0	5521371	5
1114819	0	5521373	5
1114819	0	5628952	4
1114819	0	6900766	4
1114819	0	6900774	5
1114819	0	6941478	5
1114819	0	694737	4
1114819	0	785027	5
1114819	0	8022276	5
1114819	0	8022277	1
1114819	0	8022280	5
1114819	0	8115435	3
1114819	0	8115439	4
1114819	0	8115440	5
1114819	0	8336229	5
1114819	0	8336230	4
1114819	0	8508263	5
1114819	0	8625086	5
1114819	0	8754397	4
1114819	0	8754398	5
1114819	0	8754404	3
1114819	0	988370	5
1114819	0	988373	5
1114819	0	988376	5
1115776	0	1551024	0
1115776	0	1729576	1
1115776	0	2052730	2
1115776	0	2364285	2
1115776	0	3081626	2
1115776	0	3344355	3
1115776	0	3469357	4
1115776	0	4131485	2
1115776	0	4314169	2
1115776	0	4314170	2
1115776	0	4314171	1
1115776	0	4314172	4
1115776	0	4314173	4
1115776	0	4314174	2
1115776	0	4314175	2
1115776	0	4314176	4
1115776	0	4314178	2
1115776	0	4487937	2
1115776	0	5264931	2
1115776	0	5599692	2
1115776	0	5605159	0
1115776	0	5950738	2
1115776	0	600966	0
1115776	0	6989198	2
1115776	0	8106317	4
1115776	0	8106318	1
1115776	0	8106320	4
1115776	0	8106321	4
1115776	0	8106322	0
1115776	0	8106323	2
1115776	0	8106324	2
1115776	0	8495250	2
1115776	0	8673352	2
1117099	0	1068642	0
1117099	0	1123496	0
1117099	0	1389420	5
1117099	0	1445087	2
1117099	0	1798612	5
1117099	0	1798620	5
1117099	0	2715359	0
1117099	0	3104260	0
1117099	0	3349612	5
1117099	0	3522902	2
1117099	0	3543106	5
1117099	0	4131489	0
1117099	0	4441325	4
1117099	0	4458509	5
1117099	0	4458512	5
1117099	0	4573811	5
1117099	0	514314	0
1117099	0	5286535	4
1117099	0	5286538	5
1117099	0	5286539	5
1117099	0	6122720	4
1117099	0	6122721	4
1117099	0	6122722	5
1117099	0	6122723	5
1117099	0	6534818	4
1117099	0	6993942	4
1117099	0	714808	5
1117099	0	7163733	0
1117099	0	7407593	0
1117099	0	8019446	0
1117099	0	8093931	4
1117099	0	8093932	5
1117099	0	8093934	5
1117099	0	8446501	5
1117099	0	8446504	4
1117099	0	8446505	5
1117099	0	8446506	4
1117099	0	8838111	5
1121402	0	182366	4
1121402	0	182368	5
1121402	0	182369	5
1121402	0	182370	1
1121402	0	182372	5
1121402	0	182373	2
1121402	0	188211	3
1121402	0	188213	5
1121402	0	188214	3
1121402	0	188217	3
1121402	0	188218	3
1121402	0	3511789	5
1121402	0	3785308	4
1121402	0	3785309	2
1121402	0	4293064	0
1121402	0	5189913	5
1121402	0	7125980	5
1121402	0	7125981	5
1121402	0	7125983	5
1121402	0	7125987	5
1121402	0	7142994	5
1121402	0	8052617	4
1121402	0	8052620	5
1121402	0	8052621	5
1121402	0	8052622	5
1121402	0	8052623	5
1121402	0	8052624	5
1121402	0	8089444	5
1121709	0	1112487	0
1121709	0	1114393	0
1121709	0	1392360	0
1121709	0	1640511	0
1121709	0	16845	1
1121709	0	2051808	3
1121709	0	2517708	0
1121709	0	2615981	0
1121709	0	2662730	0
1121709	0	2851223	0
1121709	0	3030903	0
1121709	0	3064096	0
1121709	0	3381112	5
1121709	0	3423059	4
1121709	0	3423060	2
1121709	0	3423061	4
1121709	0	3423062	4
1121709	0	3423063	2
1121709	0	3423064	4
1121709	0	3423065	3
1121709	0	3423066	0
1121709	0	3423067	5
1121709	0	3446958	0
1121709	0	3552218	0
1121709	0	3691568	0
1121709	0	3833130	0
1121709	0	3875032	0
1121709	0	402054	0
1121709	0	4580131	0
1121709	0	4580133	0
1121709	0	4644464	1
1121709	0	4836900	0
1121709	0	5014378	0
1121709	0	511306	0
1121709	0	5264299	0
1121709	0	6007524	0
1121709	0	6600	3
1121709	0	6630430	0
1121709	0	669004	0
1121709	0	701349	0
1121709	0	7209949	0
1121709	0	7565881	4
1121709	0	8049577	3
1121709	0	8049578	4
1121709	0	8049579	3
1121709	0	8049580	3
1121709	0	8049582	3
1121709	0	8049583	5
1121709	0	8049584	3
1121709	0	8049585	3
1121709	0	8049586	2
1121709	0	8283424	0
1121709	0	8297863	0
1121709	0	8500135	0
1121709	0	862855	0
1121709	0	88402	0
1121709	0	950984	0
1124210	0	131190	5
1124210	0	1383617	0
1124210	0	1383624	0
1124210	0	1689639	5
1124210	0	1702009	0
1124210	0	181177	5
1124210	0	2070515	5
1124210	0	2089544	2
1124210	0	2258591	5
1124210	0	2258592	5
1124210	0	2258593	5
1124210	0	2258594	5
1124210	0	2258595	5
1124210	0	2258596	5
1124210	0	2258597	5
1124210	0	2433601	5
1124210	0	2433604	5
1124210	0	2461683	5
1124210	0	2494574	5
1124210	0	2494577	5
1124210	0	2650269	5
1124210	0	2685123	5
1124210	0	2728448	5
1124210	0	2753148	5
1124210	0	3162331	3
1124210	0	3289568	5
1124210	0	3466956	5
1124210	0	3517427	5
1124210	0	3520550	0
1124210	0	3520553	0
1124210	0	3546600	0
1124210	0	3573857	0
1124210	0	3680798	0
1124210	0	3680800	0
1124210	0	3680801	0
1124210	0	3680802	0
1124210	0	3859923	0
1124210	0	3937735	0
1124210	0	3944481	0
1124210	0	4074146	0
1124210	0	4074149	0
1124210	0	4425464	0
1124210	0	4648414	5
1124210	0	475041	0
1124210	0	4794725	0
1124210	0	4942992	5
1124210	0	4957842	0
1124210	0	4958358	0
1124210	0	5032711	5
1124210	0	5039696	0
1124210	0	5056100	0
1124210	0	5281846	0
1124210	0	546158	0
1124210	0	555792	0
1124210	0	5587711	5
1124210	0	5664148	5
1124210	0	5940134	0
1124210	0	5941717	5
1124210	0	607910	0
1124210	0	6146809	5
1124210	0	6233255	5
1124210	0	6255796	5
1124210	0	6498977	5
1124210	0	6541864	5
1124210	0	6541868	5
1124210	0	6814012	2
1124210	0	6814015	2
1124210	0	6814017	2
1124210	0	6992534	0
1124210	0	7203360	5
1124210	0	7205919	0
1124210	0	7205920	0
1124210	0	7224102	5
1124210	0	7234570	0
1124210	0	7278463	0
1124210	0	7443583	5
1124210	0	7443586	5
1124210	0	7695217	5
1124210	0	7756779	0
1124210	0	7806221	5
1124210	0	7806222	5
1124210	0	7851118	0
1124210	0	8026735	5
1124210	0	8026737	5
1124210	0	8026740	5
1124210	0	8026743	5
1124210	0	8087702	5
1124210	0	8355477	5
1124210	0	8492305	5
1124210	0	8547690	5
1124210	0	8650642	5
1124210	0	8802909	5
1124210	0	92049	5
1124210	0	931165	5
1129237	0	128982	5
1129237	0	128984	5
1129237	0	128989	5
1129237	0	1721142	0
1129237	0	2152821	5
1129237	0	2697746	5
1129237	0	2697752	5
1129237	0	3131122	5
1129237	0	3683096	5
1129237	0	3905055	5
1129237	0	3905057	5
1129237	0	3905802	5
1129237	0	4254811	5
1129237	0	4254815	5
1129237	0	4254816	5
1129237	0	4884964	5
1129237	0	5619502	5
1129237	0	5627214	5
1129237	0	5906130	5
1129237	0	6080460	5
1129237	0	6343520	3
1129237	0	7874566	0
1129237	0	7911557	5
1129237	0	806652	5
1129237	0	8203445	0
1129237	0	8450766	5
1129237	0	8588122	5
1129237	0	8588219	5
1129237	0	8588222	0
1129237	0	8588226	0
1129237	0	8588227	2
1129237	0	8682824	5
1129237	0	998748	5
1129237	0	998751	5
1133167	0	1379370	4
1133167	0	1824479	4
1133167	0	1824480	4
1133167	0	1824484	4
1133167	0	1824485	4
1133167	0	1824486	4
1133167	0	1824488	4
1133167	0	1883272	4
1133167	0	1883273	4
1133167	0	1883281	4
1133167	0	190803	4
1133167	0	190804	5
1133167	0	190806	4
1133167	0	190809	4
1133167	0	2010281	4
1133167	0	2276678	4
1133167	0	3023120	4
1133167	0	3023123	4
1133167	0	3074599	5
1133167	0	3355083	4
1133167	0	3421898	4
1133167	0	3421900	4
1133167	0	3421903	5
1133167	0	3421906	4
1133167	0	3953805	4
1133167	0	434120	4
1133167	0	434121	5
1133167	0	434124	4
1133167	0	434125	4
1133167	0	4443370	3
1133167	0	4443375	3
1133167	0	4498474	4
1133167	0	4498479	5
1133167	0	4550240	5
1133167	0	4550244	5
1133167	0	4712273	4
1133167	0	4712279	5
1133167	0	4922619	5
1133167	0	4926197	4
1133167	0	4926204	4
1133167	0	4973626	4
1133167	0	563738	5
1133167	0	5674622	5
1133167	0	5674623	4
1133167	0	5787117	4
1133167	0	6112586	5
1133167	0	6112587	4
1133167	0	6112590	5
1133167	0	6112592	4
1133167	0	6257038	4
1133167	0	6467518	5
1133167	0	6467522	4
1133167	0	6467523	4
1133167	0	6467524	4
1133167	0	7093509	4
1133167	0	7218012	4
1133167	0	7793408	4
1133167	0	7793409	4
1133167	0	8033644	4
1133167	0	8033645	4
1133167	0	8033650	4
1133167	0	8160224	4
1133167	0	8160230	2
1133167	0	8160241	4
1133167	0	8160243	4
1133167	0	823274	5
1133167	0	823275	4
1133167	0	8255705	4
1133167	0	8255706	5
130510	0	1110766	2
130510	0	1494930	4
130510	0	1494932	4
130510	0	1494934	5
130510	0	1494935	4
130510	0	1494936	5
130510	0	1494938	5
130510	0	1494939	5
130510	0	1972336	0
130510	0	203718	5
130510	0	2982053	4
130510	0	3155839	2
130510	0	3913773	0
130510	0	3913778	0
130510	0	4722583	0
130510	0	5148418	0
130510	0	5732822	0
130510	0	6835270	3
130510	0	7125238	2
130510	0	7125239	4
130510	0	7125241	4
130510	0	7501557	4
130510	0	7501558	5
130510	0	7501563	4
130510	0	799647	5
130510	0	8354778	0
130510	0	8612902	4
130510	0	8612903	5
130510	0	8612904	5
130510	0	8612905	4
130510	0	8612906	5
130510	0	8612909	5
130510	0	8612910	5
130510	0	996732	2
130510	0	996740	2
131843	0	2041693	4
131843	0	31718	0
131843	0	3432705	0
131843	0	348760	0
131843	0	3841396	2
131843	0	3937054	0
131843	0	4136087	0
131843	0	4338356	2
131843	0	4806979	3
131843	0	5715075	0
131843	0	6121785	0
131843	0	6629203	0
131843	0	6863389	0
131843	0	8305151	4
131843	0	8305152	5
131843	0	8305153	5
131843	0	8305154	5
131843	0	8305155	5
131843	0	8305156	5
131843	0	8305158	5
131843	0	8456964	0
131843	0	8456965	0
131843	0	8456967	0
131843	0	8456970	0
131843	0	8710812	1
131843	0	8710813	1
131843	0	935618	0
131843	0	935619	0
131843	0	935621	0
131843	0	935626	0
131843	0	985988	2
131843	0	985989	4
131843	0	985990	2
131843	0	985991	4
131843	0	985992	2
131843	0	985994	5
131843	0	985995	1
146187	0	2226093	4
146187	0	3615731	2
146187	0	4214925	2
146187	0	4741857	4
146187	0	4777144	5
146187	0	6015025	4
146187	0	6015026	4
146187	0	6430258	2
146187	0	744165	4
146187	0	744167	4
146187	0	76348	4
146187	0	8434617	5
146187	0	8434618	2
146187	0	8434619	5
146187	0	8434620	3
146187	0	8434621	5
146187	0	8434622	3
146187	0	8434623	5
146187	0	8434624	5
146187	0	8434625	5
146187	0	8434626	5
148538	0	1299824	4
148538	0	1311206	4
148538	0	1311209	4
148538	0	1384447	5
148538	0	1384448	4
148538	0	1828171	4
148538	0	1950974	4
148538	0	1950976	4
148538	0	1950979	4
148538	0	1950983	4
148538	0	1969519	3
148538	0	1969521	4
148538	0	1985491	4
148538	0	2033800	4
148538	0	208314	4
148538	0	231453	5
148538	0	231455	5
148538	0	2455774	4
148538	0	2455775	5
148538	0	2915327	4
148538	0	332400	3
148538	0	332401	4
148538	0	3353306	4
148538	0	3557943	4
148538	0	3918785	4
148538	0	398535	5
148538	0	4185812	4
148538	0	4264129	0
148538	0	4447598	3
148538	0	4447601	5
148538	0	4539654	4
148538	0	4539657	4
148538	0	4607263	4
148538	0	4959638	4
148538	0	5077704	4
148538	0	5077707	0
148538	0	5077709	2
148538	0	5171603	4
148538	0	615407	4
148538	0	6697437	4
148538	0	6846343	4
148538	0	6894608	4
148538	0	7407803	5
148538	0	7407812	4
148538	0	8283527	0
148538	0	8283530	4
148538	0	8283531	5
148538	0	8283532	4
148538	0	985488	1
148538	0	985490	4
148538	0	985491	5
148538	0	985494	4
156493	0	1034435	4
156493	0	1171595	1
156493	0	1277723	5
156493	0	1277725	5
156493	0	1277727	5
156493	0	1960255	5
156493	0	1960257	5
156493	0	1960259	5
156493	0	1960260	5
156493	0	2259183	5
156493	0	2317807	5
156493	0	2411918	5
156493	0	2598786	5
156493	0	2598787	5
156493	0	2612490	5
156493	0	2612491	5
156493	0	2612492	5
156493	0	2612493	5
156493	0	2717163	5
156493	0	2928702	5
156493	0	2928707	5
156493	0	2949801	5
156493	0	2949802	5
156493	0	3288595	5
156493	0	3288596	5
156493	0	3288597	5
156493	0	3288598	5
156493	0	3288600	5
156493	0	3288601	5
156493	0	3288603	5
156493	0	349638	5
156493	0	3603920	5
156493	0	4527706	4
156493	0	4583221	5
156493	0	5479187	2
156493	0	5530082	5
156493	0	6139382	5
156493	0	6139386	5
156493	0	6524746	5
156493	0	6775071	5
156493	0	7371077	5
156493	0	8182159	5
156493	0	8182160	5
156493	0	8182161	5
156493	0	8182162	5
156493	0	8182165	5
156493	0	8182166	5
156493	0	8273017	5
156493	0	8273019	5
156493	0	8393766	5
156493	0	8820526	5
156493	0	885944	5
156493	0	911790	2
156493	0	95512	5
156493	0	95514	5
156493	0	95517	5
156493	0	95518	5
156493	0	95521	5
168216	0	1183706	5
168216	0	1301465	5
168216	0	1301466	4
168216	0	1301467	5
168216	0	1301469	5
168216	0	1301471	5
168216	0	1301472	5
168216	0	1301474	5
168216	0	13499	5
168216	0	1381477	5
168216	0	1735358	5
168216	0	1735360	5
168216	0	1924796	5
168216	0	1924800	5
168216	0	2036279	5
168216	0	2069992	5
168216	0	2210775	5
168216	0	2210780	5
168216	0	2265769	5
168216	0	2659074	5
168216	0	2790904	5
168216	0	2806307	4
168216	0	290826	5
168216	0	3174840	5
168216	0	3198687	5
168216	0	3198689	5
168216	0	3344828	5
168216	0	3344837	5
168216	0	3399713	5
168216	0	3681095	5
168216	0	3830857	5
168216	0	3908773	5
168216	0	3908774	5
168216	0	3908776	5
168216	0	3908777	5
168216	0	4191395	5
168216	0	4324492	4
168216	0	4600607	4
168216	0	5024307	5
168216	0	5935476	5
168216	0	6061718	5
168216	0	6061722	5
168216	0	6213322	5
168216	0	6213325	5
168216	0	6264731	5
168216	0	6264733	5
168216	0	6282561	5
168216	0	6426632	5
168216	0	6426634	5
168216	0	6584042	5
168216	0	7337513	5
168216	0	7492753	5
168216	0	8185131	5
168216	0	8185135	5
168216	0	8185137	5
168216	0	8252763	5
168216	0	8639633	5
168216	0	8723467	5
168216	0	8731617	5
168216	0	8731621	5
168216	0	8731622	5
168216	0	8731623	5
168216	0	8731624	4
182539	0	1307235	3
182539	0	1638687	5
182539	0	1638689	2
182539	0	1638690	2
182539	0	1654895	4
182539	0	2092202	4
182539	0	2165968	4
182539	0	2909959	4
182539	0	2909960	3
182539	0	2909961	3
182539	0	3293878	4
182539	0	330179	4
182539	0	3389569	3
182539	0	3760957	3
182539	0	3883077	3
182539	0	3883081	4
182539	0	4448399	3
182539	0	4487755	3
182539	0	5567729	5
182539	0	5567732	3
182539	0	57443	4
182539	0	57444	3
182539	0	57447	5
182539	0	57448	3
182539	0	57449	5
182539	0	57452	5
182539	0	6097108	4
182539	0	6282909	5
182539	0	6783449	3
182539	0	6807900	5
182539	0	6816571	5
182539	0	6816572	4
182539	0	6816573	4
182539	0	6816576	4
182539	0	6980965	5
182539	0	7050579	4
182539	0	721170	3
182539	0	7371255	5
182539	0	7371257	3
182539	0	7371259	3
182539	0	7371261	3
182539	0	7371262	3
182539	0	7408022	4
182539	0	7527837	4
182539	0	7583024	5
182539	0	762792	5
182539	0	7690609	5
182539	0	7807063	4
182539	0	7883763	3
182539	0	8299659	3
182539	0	8299660	3
182539	0	8299668	3
182539	0	8515182	5
182539	0	8598792	4
182539	0	8757178	3
182539	0	8757179	4
182539	0	8757180	4
182539	0	8757181	3
182539	0	8757182	4
183378	0	1289489	5
183378	0	1289490	5
183378	0	1289492	5
183378	0	1289496	5
183378	0	1289497	5
183378	0	2089154	3
183378	0	2493332	5
183378	0	2533260	3
183378	0	3093215	5
183378	0	3185611	5
183378	0	4493914	5
183378	0	4493915	5
183378	0	4493916	5
183378	0	4493920	5
183378	0	4493921	4
183378	0	4803847	5
183378	0	4803848	5
183378	0	4803850	3
183378	0	4856305	2
183378	0	5534703	5
183378	0	5534707	5
183378	0	5534711	5
183378	0	5817927	5
183378	0	7398706	5
183378	0	7449744	5
183378	0	7449748	5
183378	0	7449752	5
183378	0	7677975	5
183378	0	7952865	3
183378	0	8121380	2
183378	0	8570256	5
183378	0	8570257	5
183378	0	8570258	5
183378	0	8577215	3
183378	0	8794302	4
183378	0	8794304	5
183378	0	8794308	4
19335	0	1143050	3
19335	0	1389478	3
19335	0	1389479	3
19335	0	1469573	4
19335	0	161606	3
19335	0	1717015	4
19335	0	1720387	4
19335	0	1720388	2
19335	0	1720389	3
19335	0	1720393	2
19335	0	1720394	4
19335	0	1720395	4
19335	0	1726	3
19335	0	1729	4
19335	0	1915754	3
19335	0	2020519	4
19335	0	2046505	3
19335	0	211275	4
19335	0	2250973	3
19335	0	2304005	2
19335	0	2437769	2
19335	0	2874497	4
19335	0	2874503	4
19335	0	3045567	3
19335	0	3175481	4
19335	0	3175484	4
19335	0	342431	3
19335	0	354219	2
19335	0	3615077	4
19335	0	3615079	4
19335	0	429851	3
19335	0	4480942	4
19335	0	4480943	4
19335	0	4480945	4
19335	0	478232	4
19335	0	4843828	4
19335	0	5078863	2
19335	0	527690	4
19335	0	527692	4
19335	0	527695	2
19335	0	527697	3
19335	0	5508122	3
19335	0	5732401	4
19335	0	584350	4
19335	0	6124004	3
19335	0	6294314	4
19335	0	6452949	3
19335	0	6510257	3
19335	0	6512137	4
19335	0	6512144	4
19335	0	6773977	4
19335	0	6902386	4
19335	0	6999135	2
19335	0	7042455	3
19335	0	7050803	2
19335	0	7122355	3
19335	0	7235457	4
19335	0	7267248	3
19335	0	7460273	4
19335	0	772225	4
19335	0	772234	4
19335	0	7856992	4
19335	0	8061829	4
19335	0	8151642	2
19335	0	8151650	2
19335	0	819168	3
19335	0	8412681	4
19335	0	8412682	3
19335	0	8412683	3
19335	0	8412684	4
19335	0	8412685	4
19335	0	8412687	4
19335	0	8635981	4
19335	0	8635984	4
19335	0	8786632	4
19335	0	93557	4
207786	0	1029962	4
207786	0	1392579	4
207786	0	1392585	4
207786	0	1667536	2
207786	0	2051020	4
207786	0	2763917	4
207786	0	2998723	0
207786	0	4218707	4
207786	0	4613065	4
207786	0	5175109	0
207786	0	6031630	4
207786	0	7510472	5
207786	0	7599318	4
207786	0	7639366	4
207786	0	7941579	4
207786	0	8185064	0
207786	0	8273754	4
207786	0	8273755	2
207786	0	8273757	4
207786	0	8273758	4
207786	0	8273759	4
207786	0	8273760	4
207786	0	8273761	4
207786	0	8273762	4
207786	0	8273763	4
207786	0	8367880	0
264014	0	1610706	5
264014	0	1610707	5
264014	0	1610711	3
264014	0	1610712	1
264014	0	1804644	5
264014	0	2223171	4
264014	0	2474346	5
264014	0	2572557	2
264014	0	2688537	2
264014	0	3338825	5
264014	0	3338827	4
264014	0	3338828	4
264014	0	3372501	4
264014	0	3396076	5
264014	0	3666584	2
264014	0	4239616	2
264014	0	447992	5
264014	0	4647186	5
264014	0	4687213	5
264014	0	4834547	5
264014	0	4834548	5
264014	0	528372	5
264014	0	528380	5
264014	0	5328095	4
264014	0	5611210	4
264014	0	5611219	4
264014	0	5635521	2
264014	0	5950718	5
264014	0	5950719	5
264014	0	5950721	5
264014	0	5950722	5
264014	0	5950723	4
264014	0	5950726	5
264014	0	6105566	5
264014	0	6105572	5
264014	0	6555322	5
264014	0	6641238	5
264014	0	6791760	5
264014	0	684616	5
264014	0	7326934	5
264014	0	8012101	5
264014	0	935825	5
264014	0	96851	5
264014	0	96852	4
264014	0	96854	3
264014	0	96855	4
264014	0	96857	5
264014	0	96858	5
359349	0	1394087	4
359349	0	15800	0
359349	0	1830517	5
359349	0	2293820	4
359349	0	2826510	4
359349	0	2826512	5
359349	0	3193824	4
359349	0	3223831	5
359349	0	3223833	4
359349	0	3900185	4
359349	0	4013723	4
359349	0	4020470	4
359349	0	4020477	4
359349	0	4463573	0
359349	0	457673	4
359349	0	5219977	0
359349	0	5615181	4
359349	0	576628	4
359349	0	576629	4
359349	0	6108721	5
359349	0	68647	5
359349	0	68648	5
359349	0	68649	5
359349	0	68653	4
359349	0	8058873	4
359349	0	943229	5
405717	0	1589738	5
405717	0	1849743	4
405717	0	1984962	4
405717	0	2125641	5
405717	0	2365659	4
405717	0	2365660	4
405717	0	2365661	4
405717	0	2365664	4
405717	0	2365665	4
405717	0	2514107	4
405717	0	2642838	4
405717	0	2702419	4
405717	0	2702423	4
405717	0	273851	5
405717	0	2747484	4
405717	0	2747485	4
405717	0	2747488	4
405717	0	2747492	4
405717	0	2879960	2
405717	0	3033900	4
405717	0	3274915	4
405717	0	3274918	4
405717	0	3803378	4
405717	0	3986303	4
405717	0	4432155	4
405717	0	4704973	4
405717	0	4704975	4
405717	0	4704978	4
405717	0	4828118	5
405717	0	5079482	4
405717	0	5274649	4
405717	0	5428443	4
405717	0	5638740	4
405717	0	576346	2
405717	0	6426483	4
405717	0	6442862	5
405717	0	6654653	4
405717	0	6654655	4
405717	0	6678050	4
405717	0	702391	4
405717	0	7170626	4
405717	0	7170630	5
405717	0	7288990	4
405717	0	7288996	4
405717	0	7447941	5
405717	0	7447943	5
405717	0	758582	4
405717	0	758586	4
405717	0	7728831	4
405717	0	7896211	4
405717	0	7965240	5
405717	0	8156519	4
405717	0	8433852	5
405717	0	8433854	4
405717	0	8433858	4
443396	0	1055834	4
443396	0	1305463	0
443396	0	1360104	0
443396	0	1465664	4
443396	0	1465667	4
443396	0	1525423	0
443396	0	1843486	0
443396	0	1852807	4
443396	0	1852813	4
443396	0	2007121	0
443396	0	2138579	0
443396	0	2143845	2
443396	0	2143847	0
443396	0	2143849	4
443396	0	215693	4
443396	0	2373504	4
443396	0	2490482	4
443396	0	2490486	3
443396	0	3007982	4
443396	0	3103988	4
443396	0	3103995	4
443396	0	3118073	0
443396	0	3256974	1
443396	0	3299623	4
443396	0	3323246	0
443396	0	3440850	4
443396	0	3526411	2
443396	0	355277	0
443396	0	3599520	4
443396	0	3617225	2
443396	0	368001	2
443396	0	3721948	4
443396	0	4041361	2
443396	0	4052112	4
443396	0	4052116	2
443396	0	4052118	1
443396	0	4052120	2
443396	0	415545	0
443396	0	4205261	4
443396	0	4205264	4
443396	0	4236355	4
443396	0	4271045	0
443396	0	4511531	4
443396	0	4526741	2
443396	0	4526744	4
443396	0	4526747	1
443396	0	453706	4
443396	0	456708	4
443396	0	456710	4
443396	0	458179	0
443396	0	4638554	0
443396	0	4676619	2
443396	0	4774806	3
443396	0	4792649	1
443396	0	4792650	4
443396	0	4792652	2
443396	0	4792653	0
443396	0	4792654	4
443396	0	4792655	0
443396	0	483935	0
443396	0	4896251	2
443396	0	4935430	0
443396	0	5048838	4
443396	0	5048839	4
443396	0	5053511	4
443396	0	5065439	0
443396	0	5644797	2
443396	0	6953654	2
443396	0	6974032	2
443396	0	7251120	2
443396	0	7422742	5
443396	0	7620278	0
443396	0	7620279	0
443396	0	8079039	2
443396	0	8079040	2
443396	0	8079043	4
443396	0	8079046	4
443396	0	8171402	2
443396	0	8188606	0
443396	0	8329279	2
443396	0	8348187	4
443396	0	8536118	4
443396	0	8536121	4
443396	0	8536122	4
443396	0	8536123	5
443396	0	8793491	4
451602	0	1094138	4
451602	0	127537	2
451602	0	1277289	2
451602	0	1277290	2
451602	0	1277293	4
451602	0	1302756	3
451602	0	1314129	4
451602	0	1626653	0
451602	0	1897982	2
451602	0	2176450	2
451602	0	2176453	2
451602	0	2176454	2
451602	0	2176455	2
451602	0	2176458	4
451602	0	2176459	4
451602	0	2244882	2
451602	0	2312864	2
451602	0	2618829	4
451602	0	2922145	0
451602	0	3090666	0
451602	0	3177691	4
451602	0	3177699	2
451602	0	3790251	4
451602	0	4176454	0
451602	0	4345752	2
451602	0	4453605	2
451602	0	4453608	4
451602	0	4874640	2
451602	0	4874641	4
451602	0	5000376	2
451602	0	5179251	4
451602	0	5475308	3
451602	0	5538936	4
451602	0	5538937	4
451602	0	5538938	3
451602	0	5538942	4
451602	0	5655693	2
451602	0	6286975	2
451602	0	6286977	2
451602	0	6286980	4
451602	0	6286981	2
451602	0	654120	4
451602	0	6719255	0
451602	0	7800959	5
451602	0	7804169	4
451602	0	7804170	4
451602	0	8019873	0
451602	0	8033470	2
451602	0	8214452	2
451602	0	8383461	2
451602	0	8390518	2
451602	0	8390525	2
451602	0	8540470	4
451602	0	8540473	4
451602	0	8621776	2
451602	0	8621784	2
451602	0	8787234	4
451602	0	998695	2
47923	0	1681332	5
47923	0	1681334	5
47923	0	1681336	5
47923	0	1681338	5
47923	0	1681339	5
47923	0	1868437	5
47923	0	3348834	5
47923	0	3348838	4
47923	0	3986046	4
47923	0	4297620	5
47923	0	473809	5
47923	0	5032362	5
47923	0	5147527	4
47923	0	5417580	4
47923	0	5417582	5
47923	0	618556	4
47923	0	6191	4
47923	0	6241147	5
47923	0	6241148	5
47923	0	6241150	5
47923	0	6241151	5
47923	0	6241152	5
47923	0	6241153	5
47923	0	6241154	5
47923	0	6643066	5
47923	0	6919836	4
47923	0	8348762	5
47923	0	8418681	5
47923	0	8418683	5
47923	0	8418686	5
47923	0	8641104	5
47923	0	8641106	5
47923	0	8641107	5
47923	0	913042	5
47923	0	986177	5
489204	0	1038489	2
489204	0	1051492	4
489204	0	1051494	4
489204	0	1051498	4
489204	0	113238	4
489204	0	1225589	4
489204	0	1225591	4
489204	0	1228655	4
489204	0	1231677	4
489204	0	1276947	4
489204	0	1310106	2
489204	0	1310107	2
489204	0	1310108	2
489204	0	1360627	4
489204	0	136257	4
489204	0	1430550	5
489204	0	1479542	4
489204	0	152948	2
489204	0	152954	4
489204	0	1538587	4
489204	0	1759354	4
489204	0	1777014	4
489204	0	1778458	4
489204	0	185678	4
489204	0	1950269	3
489204	0	2053095	4
489204	0	2163701	4
489204	0	216490	4
489204	0	216492	3
489204	0	2268651	4
489204	0	2268652	4
489204	0	2268657	2
489204	0	3438216	4
489204	0	35919	4
489204	0	3623668	4
489204	0	3728445	4
489204	0	385083	4
489204	0	3980126	4
489204	0	4088951	4
489204	0	4387756	3
489204	0	4586570	5
489204	0	46493	4
489204	0	4890939	3
489204	0	4917998	4
489204	0	4918005	4
489204	0	4927308	4
489204	0	5005765	5
489204	0	533017	4
489204	0	5519177	4
489204	0	5541650	4
489204	0	5583224	2
489204	0	5629373	4
489204	0	5815957	4
489204	0	5842847	4
489204	0	5842850	4
489204	0	5895917	4
489204	0	6084785	4
489204	0	6087666	4
489204	0	6087671	3
489204	0	6327174	4
489204	0	6327175	4
489204	0	6327177	4
489204	0	6327181	3
489204	0	6343845	5
489204	0	6536367	4
489204	0	6542578	4
489204	0	6581771	4
489204	0	6652052	4
489204	0	6665319	4
489204	0	678245	4
489204	0	6816322	3
489204	0	6894988	4
489204	0	7113153	3
489204	0	7116533	4
489204	0	753265	4
489204	0	7564977	3
489204	0	7564980	1
489204	0	7923800	4
489204	0	8054792	4
489204	0	8376905	4
489204	0	8376910	3
489204	0	8463820	5
489204	0	8463823	4
489204	0	852250	4
489204	0	852257	4
489204	0	855963	4
489204	0	855972	4
489204	0	8585816	4
489204	0	8594271	3
489204	0	8594272	4
489204	0	8594280	3
489204	0	872467	4
489204	0	872470	4
489204	0	8737051	4
489204	0	8737053	4
489204	0	8781574	3
489204	0	8781577	4
489204	0	890797	4
489204	0	973923	4
490595	0	1160847	4
490595	0	1288938	4
490595	0	1652460	5
490595	0	1929910	5
490595	0	1929911	4
490595	0	3572695	4
490595	0	3833407	4
490595	0	3937196	4
490595	0	3937197	4
490595	0	3937200	4
490595	0	3937203	4
490595	0	4082315	1
490595	0	4737059	4
490595	0	4737060	5
490595	0	4737061	4
490595	0	4737063	4
490595	0	4737064	4
490595	0	4737065	5
490595	0	4737066	5
490595	0	4737067	4
490595	0	4842889	4
490595	0	4842890	5
490595	0	4842891	5
490595	0	4842897	4
490595	0	5112294	4
490595	0	5247992	4
490595	0	5247999	4
490595	0	549465	4
490595	0	6045591	5
490595	0	6066626	4
490595	0	6742119	4
490595	0	7839904	4
490595	0	7839906	4
490595	0	805046	4
490595	0	805048	4
490595	0	805051	5
490595	0	8485139	4
490595	0	8485141	4
490595	0	903932	5
527433	0	1187918	2
527433	0	1217016	4
527433	0	1251475	1
527433	0	1379236	4
527433	0	1379237	3
527433	0	1379240	3
527433	0	1379245	2
527433	0	1511548	2
527433	0	1664518	2
527433	0	1664523	2
527433	0	1993691	2
527433	0	1993699	2
527433	0	2045580	3
527433	0	2331989	2
527433	0	2496224	2
527433	0	2565413	0
527433	0	269422	2
527433	0	269423	0
527433	0	269425	2
527433	0	269426	2
527433	0	269428	0
527433	0	269430	2
527433	0	2722036	2
527433	0	3093197	4
527433	0	3294599	2
527433	0	3425595	3
527433	0	3786813	2
527433	0	3835729	2
527433	0	3835731	3
527433	0	3835732	2
527433	0	3835736	2
527433	0	4046876	2
527433	0	4064455	3
527433	0	4351170	2
527433	0	4402992	2
527433	0	467601	4
527433	0	4903731	0
527433	0	4958697	2
527433	0	5466807	3
527433	0	5466810	1
527433	0	547444	2
527433	0	5603301	0
527433	0	5629888	2
527433	0	5672164	2
527433	0	5672170	3
527433	0	5690943	0
527433	0	6015377	2
527433	0	6038397	2
527433	0	6065675	3
527433	0	6186391	2
527433	0	6186393	2
527433	0	6215001	3
527433	0	6215002	2
527433	0	6398041	2
527433	0	6667279	2
527433	0	729489	2
527433	0	7357591	2
527433	0	7607669	3
527433	0	7799466	2
527433	0	8306449	2
527433	0	8306450	3
527433	0	8306451	2
527433	0	8322920	3
527433	0	8617271	5
527433	0	8617273	2
527433	0	8617274	2
527433	0	8617276	3
527433	0	8827925	4
527433	0	8827928	2
527433	0	975967	2
573724	0	1165129	5
573724	0	1509940	4
573724	0	1509942	5
573724	0	162151	5
573724	0	1816038	5
573724	0	2133806	4
573724	0	2417985	2
573724	0	2635262	5
573724	0	3146236	3
573724	0	3146238	4
573724	0	3365631	4
573724	0	3365633	4
573724	0	3365636	4
573724	0	3365638	5
573724	0	394136	5
573724	0	394139	3
573724	0	394142	5
573724	0	4017883	3
573724	0	5047796	5
573724	0	5310530	5
573724	0	5339620	5
573724	0	5721829	5
573724	0	6776717	5
573724	0	7104825	5
573724	0	7104826	5
573724	0	7199669	5
573724	0	7199673	4
573724	0	7384325	4
573724	0	7384332	4
573724	0	7609927	4
573724	0	7674859	5
573724	0	8441642	5
573724	0	87405	5
573724	0	8833192	5
573724	0	8833194	5
833860	0	115142	1
833860	0	1400521	0
833860	0	1524402	0
833860	0	1524406	0
833860	0	1579406	0
833860	0	1889863	4
833860	0	2022688	4
833860	0	2188108	2
833860	0	2206194	4
833860	0	2206195	4
833860	0	2206196	4
833860	0	2206197	4
833860	0	2206198	4
833860	0	2206200	4
833860	0	2386361	2
833860	0	2654110	0
833860	0	2702357	4
833860	0	3087481	2
833860	0	3337877	0
833860	0	3421947	4
833860	0	3437281	4
833860	0	3437284	2
833860	0	3437285	4
833860	0	3437286	4
833860	0	3437288	4
833860	0	3437289	2
833860	0	3437290	4
833860	0	3924121	0
833860	0	4086002	0
833860	0	4431446	4
833860	0	4565899	0
833860	0	4881965	4
833860	0	4983652	4
833860	0	5012386	4
833860	0	5167510	4
833860	0	5167512	2
833860	0	5167513	4
833860	0	5167518	4
833860	0	5652528	0
833860	0	5832657	4
833860	0	6209174	0
833860	0	6211801	2
833860	0	6218032	4
833860	0	6230220	4
833860	0	6230221	4
833860	0	6230222	4
833860	0	6230223	4
833860	0	6230225	4
833860	0	6230226	4
833860	0	6230227	3
833860	0	6230228	2
833860	0	6230229	2
833860	0	6297606	0
833860	0	6621549	0
833860	0	6875877	1
833860	0	7038170	4
833860	0	7140183	0
833860	0	7435480	0
833860	0	756921	2
833860	0	7706738	2
833860	0	771855	2
833860	0	8344031	4
833860	0	8683095	0
833860	0	8833502	4
833860	0	8833504	2
833860	0	8833506	4
833860	0	8833509	4
855410	0	103039	4
855410	0	1047903	0
855410	0	1094091	0
855410	0	1147809	0
855410	0	1147810	0
855410	0	1147811	0
855410	0	1186979	0
855410	0	133350	0
855410	0	1394855	5
855410	0	1441918	0
855410	0	1599285	0
855410	0	1685597	0
855410	0	1824277	0
855410	0	1824278	0
855410	0	1947769	4
855410	0	2117094	0
855410	0	212609	0
855410	0	2273664	0
855410	0	2350118	0
855410	0	2402680	0
855410	0	2499355	0
855410	0	2506511	0
855410	0	2890365	4
855410	0	2969826	0
855410	0	3530756	5
855410	0	3530757	5
855410	0	3530758	5
855410	0	3530762	0
855410	0	369516	0
855410	0	3723410	0
855410	0	3723411	0
855410	0	3723413	0
855410	0	3723415	0
855410	0	3920974	0
855410	0	3946561	0
855410	0	4084193	0
855410	0	4406031	0
855410	0	4616842	0
855410	0	4636144	0
855410	0	4708041	5
855410	0	4708042	0
855410	0	4708045	0
855410	0	4708046	5
855410	0	4708047	0
855410	0	4733967	0
855410	0	4980050	4
855410	0	5053555	0
855410	0	5053561	0
855410	0	5095701	0
855410	0	5095702	0
855410	0	5239970	0
855410	0	5465915	0
855410	0	5608554	0
855410	0	5723210	0
855410	0	5799774	0
855410	0	5962462	0
855410	0	6257436	0
855410	0	6385718	0
855410	0	6385724	0
855410	0	6481239	2
855410	0	6481240	0
855410	0	6522121	0
855410	0	6615899	0
855410	0	6647485	0
855410	0	681984	0
855410	0	681987	0
855410	0	681993	0
855410	0	7031506	0
855410	0	7099015	0
855410	0	71807	0
855410	0	7210777	0
855410	0	722968	0
855410	0	7340395	2
855410	0	7380061	0
855410	0	7548527	0
855410	0	7747483	0
855410	0	8157623	0
855410	0	8157624	0
855410	0	8157632	0
855410	0	8271172	0
855410	0	8543392	0
855410	0	862689	0
855410	0	862695	0
855410	0	8645167	0
855410	0	8651770	4
855410	0	8651771	4
855410	0	8651772	2
855410	0	8651773	5
855410	0	8651775	4
855410	0	8651776	2
855410	0	8651778	0
855410	0	8663507	0
855410	0	8671032	0
855410	0	8671033	0
855410	0	8720966	4
855410	0	8776516	0
855410	0	8776519	0
855410	0	8776520	0
855410	0	8792394	0
855410	0	884430	0
855410	0	889438	0
855410	0	902854	0
855410	0	936546	0
855410	0	944479	0
87181	0	1179100	4
87181	0	123547	2
87181	0	1950526	4
87181	0	1950532	4
87181	0	2530227	4
87181	0	2986227	4
87181	0	3216315	3
87181	0	3216319	4
87181	0	4190143	0
87181	0	4689523	4
87181	0	4689525	4
87181	0	47210	0
87181	0	4786305	4
87181	0	5103077	4
87181	0	5197130	0
87181	0	5197135	2
87181	0	5469038	4
87181	0	5497677	4
87181	0	6484575	4
87181	0	6484576	4
87181	0	6484578	1
87181	0	6521366	4
87181	0	6685092	5
87181	0	742425	4
87181	0	7666831	1
87181	0	8151926	4
87181	0	8332546	5
87181	0	8332547	4
87181	0	8332550	4
87181	0	8332555	4
87181	0	8499367	4
87181	0	8534129	4
87181	0	8534130	4
87181	0	8534134	5
87181	0	8565420	4
87181	0	8683178	0
87181	0	8683185	4
87452	0	1395625	2
87452	0	1395631	1
87452	0	1598547	4
87452	0	1749882	1
87452	0	186931	2
87452	0	186939	4
87452	0	2624886	4
87452	0	3242437	4
87452	0	4008486	2
87452	0	4634899	3
87452	0	4866237	3
87452	0	4872055	2
87452	0	4993648	2
87452	0	5180105	3
87452	0	5286924	4
87452	0	5296736	2
87452	0	5751686	2
87452	0	5851090	4
87452	0	5851095	2
87452	0	6018160	4
87452	0	6018162	3
87452	0	6018163	3
87452	0	6018164	3
87452	0	6018165	4
87452	0	6018166	2
87452	0	6018168	4
87452	0	7843984	2
87452	0	7965004	4
87452	0	7965005	4
87452	0	7965007	3
87452	0	7965008	4
87452	0	7965010	4
87452	0	8055167	2
87452	0	8152220	2
87452	0	8152222	4
87452	0	8213478	4
87452	0	8333912	4
87452	0	8333916	4
87452	0	8333917	4
87452	0	8333918	4
87452	0	8333919	1
87452	0	8333920	2
87452	0	8333921	4
87452	0	8436571	2
87452	0	8436578	2
87452	0	8436579	1
87452	0	861789	2
87452	0	8680815	4
87452	0	8819111	2
87452	0	8819112	3
87452	0	8819113	2
87452	0	8819116	2
915593	0	1396701	2
915593	0	1772930	3
915593	0	1972028	1
915593	0	2210592	3
915593	0	2210593	3
915593	0	275726	3
915593	0	2923496	1
915593	0	2923497	1
915593	0	3485338	1
915593	0	3523599	0
915593	0	3538160	5
915593	0	3538161	1
915593	0	3538163	3
915593	0	3538164	3
915593	0	3538166	2
915593	0	3538168	1
915593	0	4566816	2
915593	0	4566818	4
915593	0	4566819	2
915593	0	4566822	2
915593	0	4834226	1
915593	0	4998398	1
915593	0	5774009	1
915593	0	5931262	2
915593	0	5931266	1
915593	0	5931268	1
915593	0	5931269	3
915593	0	6181638	1
915593	0	6761341	3
915593	0	6761344	3
915593	0	6923052	1
915593	0	7709320	4
915593	0	7861749	1
915593	0	7861755	4
915593	0	8002855	2
915593	0	8029524	4
915593	0	8029525	4
915593	0	8029527	4
915593	0	8029531	1
915593	0	8029533	1
915593	0	8103065	1
915593	0	8103067	1
915593	0	8178996	3
915593	0	8178998	3
915593	0	82105	1
915593	0	82106	4
915593	0	82107	4
915593	0	82108	4
915593	0	82110	4
915593	0	82113	3
915593	0	8402969	2
915593	0	8402970	2
915593	0	8402971	4
915593	0	8402972	4
915593	0	8455304	4
962179	0	1645080	2
962179	0	1645086	0
962179	0	1645087	3
962179	0	2329697	5
962179	0	2329699	5
962179	0	2329701	2
962179	0	2978864	5
962179	0	2978866	5
962179	0	2978870	0
962179	0	302861	3
962179	0	3705165	5
962179	0	3896632	4
962179	0	4257873	0
962179	0	4309122	0
962179	0	4511499	5
962179	0	4511501	0
962179	0	4511503	4
962179	0	4511504	0
962179	0	4606386	5
962179	0	4606387	5
962179	0	534563	4
962179	0	536176	5
962179	0	5427063	0
962179	0	5653652	0
962179	0	5653659	5
962179	0	5773189	0
962179	0	5919340	5
962179	0	5919342	5
962179	0	6675259	4
962179	0	6898289	5
962179	0	6980697	5
962179	0	8689054	0
962179	0	8689056	0
962179	0	8689057	0
962179	0	8785367	4
962179	0	8785369	4
962179	0	8785371	5
962179	0	8785374	0
