1037798	0	2157450	2
1037798	0	2157456	2
1037798	0	2258765	0
1037798	0	2360247	1
1037798	0	2360252	2
1037798	0	2781960	2
1037798	0	2781965	1
1037798	0	2781966	1
1037798	0	2787508	2
1037798	0	3167284	4
1037798	0	3387556	5
1037798	0	3620983	4
1037798	0	3620986	4
1037798	0	3620991	3
1037798	0	3641634	5
1037798	0	3641640	5
1037798	0	4055260	1
1037798	0	4095286	5
1037798	0	4114288	0
1037798	0	4182093	1
1037798	0	4227882	2
1037798	0	4291373	0
1037798	0	4468467	2
1037798	0	4788864	1
1037798	0	4818124	2
1037798	0	4818129	2
1037798	0	4974552	5
1037798	0	5006527	0
1037798	0	5438881	5
1037798	0	6060285	5
1037798	0	6792682	1
1037798	0	6792685	0
1037798	0	6963992	2
1037798	0	720665	5
1037798	0	7466652	5
1037798	0	7822415	5
1037798	0	7961603	2
1037798	0	7967207	3
1037798	0	8224670	3
1037798	0	8537479	5
1037798	0	8760864	3
1037798	0	8760865	3
1037798	0	8760866	4
1037798	0	8760867	4
1037798	0	8760868	4
1037798	0	8760870	4
1037798	0	8760871	5
1037798	0	8760873	2
1037798	0	8780802	1
1037798	0	994978	4
104861	0	1017092	5
104861	0	1046334	5
104861	0	1046339	5
104861	0	1055594	0
104861	0	1304632	2
104861	0	1313687	5
104861	0	1357961	1
104861	0	1442348	2
104861	0	146170	5
104861	0	146174	2
104861	0	1567102	5
104861	0	171927	0
104861	0	1773805	4
104861	0	1773807	5
104861	0	1811410	2
104861	0	1948963	4
104861	0	2158194	0
104861	0	2294849	2
104861	0	2377050	4
104861	0	2497738	1
104861	0	2600385	0
104861	0	2611066	1
104861	0	3443173	4
104861	0	3443176	3
104861	0	3925933	4
104861	0	4017854	1
104861	0	4017856	1
104861	0	4017858	0
104861	0	409268	2
104861	0	4199743	4
104861	0	4350439	3
104861	0	4583548	2
104861	0	459675	2
104861	0	459676	4
104861	0	4717134	2
104861	0	5138467	2
104861	0	5138469	1
104861	0	5138471	4
104861	0	5138472	3
104861	0	5138473	5
104861	0	5138474	2
104861	0	5138476	2
104861	0	5150431	2
104861	0	5248340	4
104861	0	5248341	5
104861	0	5405670	0
104861	0	5667475	3
104861	0	5688415	5
104861	0	5688416	5
104861	0	5688417	5
104861	0	5688418	2
104861	0	5688420	2
104861	0	5703400	3
104861	0	5703401	5
104861	0	5801822	5
104861	0	5836442	3
104861	0	5864689	1
104861	0	5864693	2
104861	0	599604	5
104861	0	6156641	0
104861	0	6187055	5
104861	0	629273	1
104861	0	629274	5
104861	0	629276	5
104861	0	629277	3
104861	0	629278	3
104861	0	6351571	4
104861	0	6467577	4
104861	0	6467580	4
104861	0	6467581	2
104861	0	6585554	5
104861	0	6653674	5
104861	0	6653676	1
104861	0	6653677	2
104861	0	6653678	3
104861	0	6653679	1
104861	0	6658615	2
104861	0	6704672	5
104861	0	6904992	1
104861	0	7034375	1
104861	0	715676	1
104861	0	7462393	0
104861	0	7506029	1
104861	0	8259116	2
104861	0	8260035	2
104861	0	8349574	0
104861	0	8495099	5
104861	0	8546158	2
104861	0	8546162	4
1063750	0	1074552	4
1063750	0	118643	3
1063750	0	12266	2
1063750	0	1747827	0
1063750	0	1866486	5
1063750	0	1923499	2
1063750	0	1923500	3
1063750	0	1923506	5
1063750	0	2220585	5
1063750	0	2230089	4
1063750	0	2230090	4
1063750	0	2391456	5
1063750	0	2391457	3
1063750	0	2470328	2
1063750	0	2496767	0
1063750	0	2516	0
1063750	0	2768117	5
1063750	0	2768123	5
1063750	0	2868845	0
1063750	0	2881841	0
1063750	0	2997653	1
1063750	0	3076179	1
1063750	0	309313	2
1063750	0	3259884	4
1063750	0	3259889	5
1063750	0	3259892	5
1063750	0	330159	5
1063750	0	330165	2
1063750	0	3327051	3
1063750	0	3610446	4
1063750	0	3654231	2
1063750	0	3973418	3
1063750	0	3973423	3
1063750	0	4158202	1
1063750	0	4164404	0
1063750	0	4329899	1
1063750	0	4337526	5
1063750	0	4337527	5
1063750	0	4337529	5
1063750	0	4337532	5
1063750	0	4349323	0
1063750	0	4414266	0
1063750	0	4718159	1
1063750	0	4718161	5
1063750	0	4788295	4
1063750	0	4788296	1
1063750	0	4788297	2
1063750	0	4788299	2
1063750	0	4823168	1
1063750	0	4823169	1
1063750	0	4834969	2
1063750	0	4834974	2
1063750	0	5123011	1
1063750	0	5442711	5
1063750	0	5442717	2
1063750	0	5956099	5
1063750	0	5956102	4
1063750	0	6093904	2
1063750	0	6127389	5
1063750	0	6347205	4
1063750	0	6436703	2
1063750	0	6666451	1
1063750	0	7146781	1
1063750	0	7571423	5
1063750	0	7571428	1
1063750	0	7778351	3
1063750	0	7778354	5
1063750	0	7781460	1
1063750	0	7837936	4
1063750	0	7837938	3
1063750	0	7952964	2
1063750	0	7952965	4
1063750	0	7952966	2
1063750	0	7952971	5
1063750	0	8170640	4
1063750	0	819283	2
1063750	0	819284	2
1063750	0	8239876	4
1063750	0	8239877	5
1063750	0	8384979	2
1063750	0	8640242	2
1063750	0	8670789	0
1063750	0	8722081	2
1063750	0	8821734	4
1063750	0	8821735	2
1103812	0	1214791	0
1103812	0	1583317	2
1103812	0	1614303	5
1103812	0	1659850	3
1103812	0	1659852	3
1103812	0	2332189	5
1103812	0	2703108	2
1103812	0	2703111	2
1103812	0	2750961	5
1103812	0	2750965	5
1103812	0	2790080	1
1103812	0	3591090	2
1103812	0	3672737	2
1103812	0	3672744	1
1103812	0	3843263	3
1103812	0	3843267	5
1103812	0	3843269	4
1103812	0	3940091	3
1103812	0	4044289	1
1103812	0	4292848	4
1103812	0	4401695	5
1103812	0	4455026	0
1103812	0	4679037	0
1103812	0	4679038	0
1103812	0	4824831	2
1103812	0	4937953	1
1103812	0	5190505	2
1103812	0	5823139	0
1103812	0	5974245	1
1103812	0	6289840	4
1103812	0	6569474	1
1103812	0	7430771	2
1103812	0	7753287	2
1103812	0	8157968	4
1103812	0	8220081	4
1103812	0	8220085	5
1103812	0	8220086	5
1103812	0	8220087	5
1103812	0	8220088	5
1103812	0	8220089	5
1103812	0	8224175	2
1103812	0	8224183	4
1103812	0	8293805	4
1103812	0	955560	2
1103812	0	961775	1
1106007	0	1334328	5
1106007	0	1334330	4
1106007	0	1334334	4
1106007	0	1334335	5
1106007	0	1334336	5
1106007	0	1530299	0
1106007	0	2143418	1
1106007	0	2384069	2
1106007	0	2464375	5
1106007	0	2621981	0
1106007	0	2672601	4
1106007	0	2672608	4
1106007	0	2777113	2
1106007	0	2960558	5
1106007	0	2960561	4
1106007	0	2960563	5
1106007	0	2960566	5
1106007	0	3390428	1
1106007	0	3537614	0
1106007	0	4173709	5
1106007	0	4173712	5
1106007	0	4382105	0
1106007	0	5174765	2
1106007	0	5279699	1
1106007	0	5774818	2
1106007	0	5780388	3
1106007	0	5836920	1
1106007	0	6126194	2
1106007	0	6126197	2
1106007	0	6209484	2
1106007	0	7211746	0
1106007	0	746358	2
1106007	0	765663	1
1106007	0	7685383	2
1106007	0	7685384	2
1106007	0	7685385	4
1106007	0	7685388	3
1106007	0	7726655	1
1106007	0	8199521	3
1106007	0	8204457	3
1106007	0	8521673	5
1110199	0	167604	0
1110199	0	1901876	5
1110199	0	1901877	5
1110199	0	1901878	5
1110199	0	1901879	5
1110199	0	1901881	4
1110199	0	1901882	5
1110199	0	2218462	1
1110199	0	239444	2
1110199	0	2474406	2
1110199	0	2796199	2
1110199	0	2796830	0
1110199	0	3647394	4
1110199	0	3838638	5
1110199	0	3838645	3
1110199	0	398442	0
1110199	0	4053652	2
1110199	0	4057232	2
1110199	0	4489656	2
1110199	0	4504233	2
1110199	0	4511137	5
1110199	0	4511144	4
1110199	0	4588784	3
1110199	0	4949578	1
1110199	0	5172684	3
1110199	0	5172688	1
1110199	0	5218014	1
1110199	0	554521	0
1110199	0	5857921	5
1110199	0	6368887	3
1110199	0	6368891	4
1110199	0	6392463	4
1110199	0	6392469	1
1110199	0	7174098	2
1110199	0	7221366	4
1110199	0	7369955	1
1110199	0	7628031	2
1110199	0	7680811	1
1110199	0	8160518	5
1110199	0	8160519	5
1110199	0	8160520	5
1110199	0	8160523	2
1110199	0	8160524	2
1110199	0	8160527	4
1110199	0	8301971	0
1112341	0	1267520	1
1112341	0	1369482	2
1112341	0	1373651	2
1112341	0	1450347	3
1112341	0	2096427	1
1112341	0	2096429	2
1112341	0	2253155	5
1112341	0	2626927	4
1112341	0	2663365	3
1112341	0	2694630	2
1112341	0	2694636	4
1112341	0	2694637	5
1112341	0	2735215	2
1112341	0	2735219	1
1112341	0	3118343	4
1112341	0	3493341	4
1112341	0	3795887	2
1112341	0	3795896	2
1112341	0	4022846	3
1112341	0	4022849	3
1112341	0	4416075	0
1112341	0	4703755	2
1112341	0	4977768	1
1112341	0	5043405	1
1112341	0	524251	0
1112341	0	550571	2
1112341	0	6016292	0
1112341	0	6102033	0
1112341	0	6164791	4
1112341	0	6311795	5
1112341	0	6311801	1
1112341	0	6342847	3
1112341	0	6478665	0
1112341	0	6681382	0
1112341	0	6726340	5
1112341	0	6726341	5
1112341	0	6726342	2
1112341	0	6726344	5
1112341	0	6726345	5
1112341	0	6726346	2
1112341	0	6740558	2
1112341	0	6903063	3
1112341	0	7079776	5
1112341	0	7079779	2
1112341	0	7242813	1
1112341	0	8139249	5
1112341	0	8139250	2
1112341	0	8139251	4
1112341	0	8139253	4
1112341	0	8139255	5
1112341	0	8139256	5
1112341	0	8139257	5
1112341	0	8139258	5
1112341	0	8326588	1
1112341	0	8337125	5
1112341	0	8337129	5
1112341	0	8442178	2
1112341	0	8606160	4
1112341	0	8606161	4
1112341	0	90432	1
1113437	0	1066532	2
1113437	0	1066538	3
1113437	0	1280568	5
1113437	0	1280569	2
1113437	0	1454814	1
1113437	0	1768727	2
1113437	0	2001933	0
1113437	0	2001934	3
1113437	0	2226349	5
1113437	0	2354940	4
1113437	0	2354941	2
1113437	0	2354947	5
1113437	0	2595628	1
1113437	0	2884191	4
1113437	0	3125154	4
1113437	0	3518300	1
1113437	0	3880944	3
1113437	0	4016930	0
1113437	0	4016937	0
1113437	0	4367832	5
1113437	0	4473156	5
1113437	0	4473157	5
1113437	0	4498864	3
1113437	0	4498867	5
1113437	0	4751835	5
1113437	0	4751839	2
1113437	0	4981632	1
1113437	0	5188746	1
1113437	0	5188747	1
1113437	0	520325	1
1113437	0	5328098	4
1113437	0	5346404	2
1113437	0	5514586	5
1113437	0	5546288	4
1113437	0	5546289	2
1113437	0	5938418	2
1113437	0	5938425	5
1113437	0	5996691	4
1113437	0	5996693	2
1113437	0	6021898	2
1113437	0	6021902	2
1113437	0	6174328	5
1113437	0	6302495	0
1113437	0	631949	5
1113437	0	6455610	4
1113437	0	6486041	0
1113437	0	6593846	2
1113437	0	6597538	1
1113437	0	7377275	0
1113437	0	7377277	3
1113437	0	7385219	2
1113437	0	7385222	2
1113437	0	742037	5
1113437	0	742040	4
1113437	0	742044	4
1113437	0	7618564	0
1113437	0	8128790	5
1113437	0	8128793	2
1113437	0	8128794	5
1113437	0	8128796	4
1113437	0	8128798	3
1113437	0	8162984	2
1113437	0	8729219	1
1114646	0	1884059	2
1114646	0	2201127	2
1114646	0	2647994	5
1114646	0	266552	2
1114646	0	2911039	4
1114646	0	2911040	1
1114646	0	2931848	0
1114646	0	3056368	2
1114646	0	4332918	4
1114646	0	444374	5
1114646	0	444375	0
1114646	0	444377	4
1114646	0	444380	5
1114646	0	444382	0
1114646	0	5279567	5
1114646	0	5417949	1
1114646	0	5417952	2
1114646	0	5417953	2
1114646	0	5417954	2
1114646	0	5569142	3
1114646	0	5640859	3
1114646	0	579554	4
1114646	0	5959593	1
1114646	0	6704400	5
1114646	0	6704401	3
1114646	0	6711103	4
1114646	0	687064	2
1114646	0	7196961	1
1114646	0	771368	4
1114646	0	7984234	1
1114646	0	8117087	1
1114646	0	8117089	5
1114646	0	8117090	5
1114646	0	8117091	5
1114646	0	8117092	2
1114646	0	8117093	0
1114646	0	8117094	3
1114646	0	8117096	5
1114646	0	8665820	2
1114819	0	1248112	5
1114819	0	1302004	0
1114819	0	1315993	4
1114819	0	1315994	4
1114819	0	1315995	1
1114819	0	1315996	5
1114819	0	1315998	2
1114819	0	1625836	1
1114819	0	1724520	5
1114819	0	1724525	2
1114819	0	1724528	0
1114819	0	1738242	2
1114819	0	1738250	3
1114819	0	2136434	2
1114819	0	344350	4
1114819	0	3484458	5
1114819	0	3781418	5
1114819	0	3906954	0
1114819	0	3906959	5
1114819	0	4890560	3
1114819	0	5165249	2
1114819	0	534362	3
1114819	0	5521371	3
1114819	0	5521373	2
1114819	0	5628952	5
1114819	0	6900766	1
1114819	0	6900774	4
1114819	0	6941478	5
1114819	0	694737	2
1114819	0	785027	5
1114819	0	8022276	4
1114819	0	8022277	0
1114819	0	8022280	5
1114819	0	8115435	2
1114819	0	8115439	2
1114819	0	8115440	2
1114819	0	8336229	1
1114819	0	8336230	3
1114819	0	8508263	1
1114819	0	8625086	2
1114819	0	8754397	1
1114819	0	8754398	1
1114819	0	8754404	0
1114819	0	988370	5
1114819	0	988373	4
1114819	0	988376	4
1115776	0	1551024	0
1115776	0	1729576	2
1115776	0	2052730	0
1115776	0	2364285	3
1115776	0	3081626	0
1115776	0	3344355	2
1115776	0	3469357	5
1115776	0	4131485	2
1115776	0	4314169	4
1115776	0	4314170	5
1115776	0	4314171	1
1115776	0	4314172	4
1115776	0	4314173	5
1115776	0	4314174	4
1115776	0	4314175	5
1115776	0	4314176	5
1115776	0	4314178	4
1115776	0	4487937	3
1115776	0	5264931	3
1115776	0	5599692	2
1115776	0	5605159	1
1115776	0	5950738	1
1115776	0	600966	0
1115776	0	6989198	2
1115776	0	8106317	5
1115776	0	8106318	2
1115776	0	8106320	5
1115776	0	8106321	5
1115776	0	8106322	1
1115776	0	8106323	2
1115776	0	8106324	4
1115776	0	8495250	2
1115776	0	8673352	1
1117099	0	1068642	0
1117099	0	1123496	0
1117099	0	1389420	2
1117099	0	1445087	2
1117099	0	1798612	3
1117099	0	1798620	5
1117099	0	2715359	1
1117099	0	3104260	1
1117099	0	3349612	5
1117099	0	3522902	1
1117099	0	3543106	5
1117099	0	4131489	0
1117099	0	4441325	2
1117099	0	4458509	3
1117099	0	4458512	5
1117099	0	4573811	2
1117099	0	514314	1
1117099	0	5286535	2
1117099	0	5286538	3
1117099	0	5286539	4
1117099	0	6122720	4
1117099	0	6122721	2
1117099	0	6122722	3
1117099	0	6122723	4
1117099	0	6534818	2
1117099	0	6993942	4
1117099	0	714808	2
1117099	0	7163733	0
1117099	0	7407593	1
1117099	0	8019446	1
1117099	0	8093931	5
1117099	0	8093932	2
1117099	0	8093934	5
1117099	0	8446501	5
1117099	0	8446504	4
1117099	0	8446505	5
1117099	0	8446506	5
1117099	0	8838111	4
1121402	0	182366	2
1121402	0	182368	2
1121402	0	182369	5
1121402	0	182370	0
1121402	0	182372	5
1121402	0	182373	0
1121402	0	188211	1
1121402	0	188213	5
1121402	0	188214	1
1121402	0	188217	1
1121402	0	188218	1
1121402	0	3511789	2
1121402	0	3785308	3
1121402	0	3785309	2
1121402	0	4293064	0
1121402	0	5189913	5
1121402	0	7125980	4
1121402	0	7125981	4
1121402	0	7125983	5
1121402	0	7125987	3
1121402	0	7142994	2
1121402	0	8052617	3
1121402	0	8052620	5
1121402	0	8052621	4
1121402	0	8052622	2
1121402	0	8052623	4
1121402	0	8052624	5
1121402	0	8089444	2
1121709	0	1112487	1
1121709	0	1114393	2
1121709	0	1392360	2
1121709	0	1640511	2
1121709	0	16845	2
1121709	0	2051808	2
1121709	0	2517708	2
1121709	0	2615981	3
1121709	0	2662730	1
1121709	0	2851223	0
1121709	0	3030903	1
1121709	0	3064096	3
1121709	0	3381112	4
1121709	0	3423059	5
1121709	0	3423060	4
1121709	0	3423061	5
1121709	0	3423062	5
1121709	0	3423063	5
1121709	0	3423064	5
1121709	0	3423065	5
1121709	0	3423066	4
1121709	0	3423067	5
1121709	0	3446958	2
1121709	0	3552218	2
1121709	0	3691568	2
1121709	0	3833130	1
1121709	0	3875032	1
1121709	0	402054	0
1121709	0	4580131	3
1121709	0	4580133	3
1121709	0	4644464	1
1121709	0	4836900	3
1121709	0	5014378	0
1121709	0	511306	1
1121709	0	5264299	2
1121709	0	6007524	2
1121709	0	6600	2
1121709	0	6630430	4
1121709	0	669004	2
1121709	0	701349	0
1121709	0	7209949	3
1121709	0	7565881	4
1121709	0	8049577	5
1121709	0	8049578	5
1121709	0	8049579	5
1121709	0	8049580	5
1121709	0	8049582	4
1121709	0	8049583	5
1121709	0	8049584	5
1121709	0	8049585	5
1121709	0	8049586	4
1121709	0	8283424	0
1121709	0	8297863	0
1121709	0	8500135	4
1121709	0	862855	1
1121709	0	88402	1
1121709	0	950984	2
1124210	0	131190	4
1124210	0	1383617	2
1124210	0	1383624	4
1124210	0	1689639	5
1124210	0	1702009	0
1124210	0	181177	5
1124210	0	2070515	5
1124210	0	2089544	4
1124210	0	2258591	5
1124210	0	2258592	5
1124210	0	2258593	3
1124210	0	2258594	4
1124210	0	2258595	5
1124210	0	2258596	5
1124210	0	2258597	5
1124210	0	2433601	1
1124210	0	2433604	2
1124210	0	2461683	3
1124210	0	2494574	4
1124210	0	2494577	5
1124210	0	2650269	5
1124210	0	2685123	2
1124210	0	2728448	5
1124210	0	2753148	1
1124210	0	3162331	4
1124210	0	3289568	5
1124210	0	3466956	3
1124210	0	3517427	2
1124210	0	3520550	0
1124210	0	3520553	2
1124210	0	3546600	2
1124210	0	3573857	1
1124210	0	3680798	2
1124210	0	3680800	2
1124210	0	3680801	2
1124210	0	3680802	1
1124210	0	3859923	1
1124210	0	3937735	3
1124210	0	3944481	1
1124210	0	4074146	1
1124210	0	4074149	1
1124210	0	4425464	2
1124210	0	4648414	5
1124210	0	475041	0
1124210	0	4794725	2
1124210	0	4942992	2
1124210	0	4957842	0
1124210	0	4958358	3
1124210	0	5032711	5
1124210	0	5039696	0
1124210	0	5056100	1
1124210	0	5281846	2
1124210	0	546158	3
1124210	0	555792	4
1124210	0	5587711	3
1124210	0	5664148	2
1124210	0	5940134	0
1124210	0	5941717	1
1124210	0	607910	2
1124210	0	6146809	2
1124210	0	6233255	1
1124210	0	6255796	5
1124210	0	6498977	2
1124210	0	6541864	3
1124210	0	6541868	4
1124210	0	6814012	2
1124210	0	6814015	0
1124210	0	6814017	1
1124210	0	6992534	1
1124210	0	7203360	5
1124210	0	7205919	2
1124210	0	7205920	0
1124210	0	7224102	2
1124210	0	7234570	0
1124210	0	7278463	1
1124210	0	7443583	4
1124210	0	7443586	5
1124210	0	7695217	3
1124210	0	7756779	0
1124210	0	7806221	4
1124210	0	7806222	2
1124210	0	7851118	2
1124210	0	8026735	4
1124210	0	8026737	5
1124210	0	8026740	4
1124210	0	8026743	5
1124210	0	8087702	4
1124210	0	8355477	5
1124210	0	8492305	4
1124210	0	8547690	5
1124210	0	8650642	5
1124210	0	8802909	5
1124210	0	92049	2
1124210	0	931165	3
1129237	0	128982	5
1129237	0	128984	5
1129237	0	128989	5
1129237	0	1721142	0
1129237	0	2152821	2
1129237	0	2697746	2
1129237	0	2697752	4
1129237	0	3131122	1
1129237	0	3683096	2
1129237	0	3905055	3
1129237	0	3905057	4
1129237	0	3905802	5
1129237	0	4254811	5
1129237	0	4254815	5
1129237	0	4254816	3
1129237	0	4884964	2
1129237	0	5619502	2
1129237	0	5627214	2
1129237	0	5906130	3
1129237	0	6080460	5
1129237	0	6343520	0
1129237	0	7874566	0
1129237	0	7911557	4
1129237	0	806652	1
1129237	0	8203445	0
1129237	0	8450766	2
1129237	0	8588122	4
1129237	0	8588219	4
1129237	0	8588222	1
1129237	0	8588226	1
1129237	0	8588227	1
1129237	0	8682824	3
1129237	0	998748	2
1129237	0	998751	5
1133167	0	1379370	2
1133167	0	1824479	5
1133167	0	1824480	5
1133167	0	1824484	0
1133167	0	1824485	5
1133167	0	1824486	4
1133167	0	1824488	5
1133167	0	1883272	2
1133167	0	1883273	2
1133167	0	1883281	2
1133167	0	190803	4
1133167	0	190804	5
1133167	0	190806	5
1133167	0	190809	2
1133167	0	2010281	1
1133167	0	2276678	4
1133167	0	3023120	0
1133167	0	3023123	4
1133167	0	3074599	5
1133167	0	3355083	2
1133167	0	3421898	0
1133167	0	3421900	3
1133167	0	3421903	1
1133167	0	3421906	2
1133167	0	3953805	2
1133167	0	434120	4
1133167	0	434121	5
1133167	0	434124	1
1133167	0	434125	5
1133167	0	4443370	0
1133167	0	4443375	2
1133167	0	4498474	5
1133167	0	4498479	5
1133167	0	4550240	5
1133167	0	4550244	3
1133167	0	4712273	1
1133167	0	4712279	2
1133167	0	4922619	5
1133167	0	4926197	4
1133167	0	4926204	3
1133167	0	4973626	5
1133167	0	563738	2
1133167	0	5674622	4
1133167	0	5674623	1
1133167	0	5787117	4
1133167	0	6112586	4
1133167	0	6112587	3
1133167	0	6112590	5
1133167	0	6112592	1
1133167	0	6257038	0
1133167	0	6467518	5
1133167	0	6467522	2
1133167	0	6467523	1
1133167	0	6467524	1
1133167	0	7093509	3
1133167	0	7218012	2
1133167	0	7793408	1
1133167	0	7793409	1
1133167	0	8033644	2
1133167	0	8033645	2
1133167	0	8033650	4
1133167	0	8160224	1
1133167	0	8160230	0
1133167	0	8160241	3
1133167	0	8160243	2
1133167	0	823274	2
1133167	0	823275	0
1133167	0	8255705	3
1133167	0	8255706	5
130510	0	1110766	2
130510	0	1494930	4
130510	0	1494932	2
130510	0	1494934	4
130510	0	1494935	2
130510	0	1494936	5
130510	0	1494938	4
130510	0	1494939	4
130510	0	1972336	0
130510	0	203718	2
130510	0	2982053	4
130510	0	3155839	1
130510	0	3913773	1
130510	0	3913778	1
130510	0	4722583	1
130510	0	5148418	0
130510	0	5732822	0
130510	0	6835270	1
130510	0	7125238	0
130510	0	7125239	3
130510	0	7125241	2
130510	0	7501557	3
130510	0	7501558	5
130510	0	7501563	3
130510	0	799647	5
130510	0	8354778	2
130510	0	8612902	5
130510	0	8612903	5
130510	0	8612904	4
130510	0	8612905	2
130510	0	8612906	5
130510	0	8612909	5
130510	0	8612910	5
130510	0	996732	2
130510	0	996740	2
131843	0	2041693	3
131843	0	31718	2
131843	0	3432705	2
131843	0	348760	1
131843	0	3841396	4
131843	0	3937054	2
131843	0	4136087	2
131843	0	4338356	2
131843	0	4806979	0
131843	0	5715075	0
131843	0	6121785	1
131843	0	6629203	1
131843	0	6863389	1
131843	0	8305151	4
131843	0	8305152	5
131843	0	8305153	5
131843	0	8305154	5
131843	0	8305155	5
131843	0	8305156	5
131843	0	8305158	5
131843	0	8456964	2
131843	0	8456965	2
131843	0	8456967	2
131843	0	8456970	2
131843	0	8710812	4
131843	0	8710813	3
131843	0	935618	1
131843	0	935619	0
131843	0	935621	0
131843	0	935626	1
131843	0	985988	4
131843	0	985989	5
131843	0	985990	4
131843	0	985991	3
131843	0	985992	5
131843	0	985994	5
131843	0	985995	3
146187	0	2226093	1
146187	0	3615731	2
146187	0	4214925	2
146187	0	4741857	3
146187	0	4777144	4
146187	0	6015025	0
146187	0	6015026	0
146187	0	6430258	0
146187	0	744165	2
146187	0	744167	1
146187	0	76348	1
146187	0	8434617	4
146187	0	8434618	3
146187	0	8434619	5
146187	0	8434620	2
146187	0	8434621	4
146187	0	8434622	2
146187	0	8434623	5
146187	0	8434624	5
146187	0	8434625	5
146187	0	8434626	5
148538	0	1299824	4
148538	0	1311206	2
148538	0	1311209	0
148538	0	1384447	5
148538	0	1384448	1
148538	0	1828171	1
148538	0	1950974	2
148538	0	1950976	2
148538	0	1950979	2
148538	0	1950983	2
148538	0	1969519	3
148538	0	1969521	2
148538	0	1985491	5
148538	0	2033800	1
148538	0	208314	1
148538	0	231453	5
148538	0	231455	5
148538	0	2455774	3
148538	0	2455775	1
148538	0	2915327	4
148538	0	332400	3
148538	0	332401	4
148538	0	3353306	3
148538	0	3557943	2
148538	0	3918785	3
148538	0	398535	1
148538	0	4185812	2
148538	0	4264129	2
148538	0	4447598	4
148538	0	4447601	4
148538	0	4539654	5
148538	0	4539657	2
148538	0	4607263	5
148538	0	4959638	2
148538	0	5077704	0
148538	0	5077707	0
148538	0	5077709	4
148538	0	5171603	0
148538	0	615407	4
148538	0	6697437	3
148538	0	6846343	1
148538	0	6894608	2
148538	0	7407803	5
148538	0	7407812	5
148538	0	8283527	0
148538	0	8283530	0
148538	0	8283531	5
148538	0	8283532	5
148538	0	985488	2
148538	0	985490	5
148538	0	985491	5
148538	0	985494	5
156493	0	1034435	0
156493	0	1171595	0
156493	0	1277723	2
156493	0	1277725	4
156493	0	1277727	4
156493	0	1960255	5
156493	0	1960257	4
156493	0	1960259	3
156493	0	1960260	2
156493	0	2259183	1
156493	0	2317807	2
156493	0	2411918	5
156493	0	2598786	2
156493	0	2598787	2
156493	0	2612490	1
156493	0	2612491	5
156493	0	2612492	0
156493	0	2612493	5
156493	0	2717163	4
156493	0	2928702	5
156493	0	2928707	5
156493	0	2949801	2
156493	0	2949802	3
156493	0	3288595	1
156493	0	3288596	2
156493	0	3288597	4
156493	0	3288598	1
156493	0	3288600	4
156493	0	3288601	2
156493	0	3288603	1
156493	0	349638	1
156493	0	3603920	2
156493	0	4527706	1
156493	0	4583221	3
156493	0	5479187	0
156493	0	5530082	4
156493	0	6139382	2
156493	0	6139386	5
156493	0	6524746	5
156493	0	6775071	1
156493	0	7371077	4
156493	0	8182159	4
156493	0	8182160	1
156493	0	8182161	5
156493	0	8182162	5
156493	0	8182165	5
156493	0	8182166	3
156493	0	8273017	5
156493	0	8273019	2
156493	0	8393766	0
156493	0	8820526	2
156493	0	885944	3
156493	0	911790	0
156493	0	95512	5
156493	0	95514	5
156493	0	95517	2
156493	0	95518	3
156493	0	95521	2
168216	0	1183706	0
168216	0	1301465	5
168216	0	1301466	2
168216	0	1301467	5
168216	0	1301469	5
168216	0	1301471	4
168216	0	1301472	5
168216	0	1301474	5
168216	0	13499	2
168216	0	1381477	4
168216	0	1735358	1
168216	0	1735360	2
168216	0	1924796	1
168216	0	1924800	0
168216	0	2036279	4
168216	0	2069992	1
168216	0	2210775	2
168216	0	2210780	3
168216	0	2265769	2
168216	0	2659074	0
168216	0	2790904	4
168216	0	2806307	0
168216	0	290826	0
168216	0	3174840	1
168216	0	3198687	3
168216	0	3198689	3
168216	0	3344828	5
168216	0	3344837	2
168216	0	3399713	2
168216	0	3681095	5
168216	0	3830857	4
168216	0	3908773	5
168216	0	3908774	3
168216	0	3908776	4
168216	0	3908777	5
168216	0	4191395	2
168216	0	4324492	4
168216	0	4600607	2
168216	0	5024307	2
168216	0	5935476	4
168216	0	6061718	2
168216	0	6061722	2
168216	0	6213322	5
168216	0	6213325	2
168216	0	6264731	4
168216	0	6264733	1
168216	0	6282561	1
168216	0	6426632	5
168216	0	6426634	3
168216	0	6584042	1
168216	0	7337513	2
168216	0	7492753	2
168216	0	8185131	5
168216	0	8185135	5
168216	0	8185137	5
168216	0	8252763	0
168216	0	8639633	0
168216	0	8723467	1
168216	0	8731617	2
168216	0	8731621	4
168216	0	8731622	3
168216	0	8731623	5
168216	0	8731624	1
182539	0	1307235	5
182539	0	1638687	2
182539	0	1638689	1
182539	0	1638690	0
182539	0	1654895	2
182539	0	2092202	2
182539	0	2165968	2
182539	0	2909959	1
182539	0	2909960	4
182539	0	2909961	5
182539	0	3293878	0
182539	0	330179	0
182539	0	3389569	1
182539	0	3760957	1
182539	0	3883077	5
182539	0	3883081	4
182539	0	4448399	2
182539	0	4487755	3
182539	0	5567729	5
182539	0	5567732	4
182539	0	57443	5
182539	0	57444	4
182539	0	57447	5
182539	0	57448	1
182539	0	57449	4
182539	0	57452	4
182539	0	6097108	2
182539	0	6282909	2
182539	0	6783449	2
182539	0	6807900	1
182539	0	6816571	2
182539	0	6816572	2
182539	0	6816573	1
182539	0	6816576	1
182539	0	6980965	5
182539	0	7050579	3
182539	0	721170	2
182539	0	7371255	5
182539	0	7371257	4
182539	0	7371259	5
182539	0	7371261	2
182539	0	7371262	4
182539	0	7408022	0
182539	0	7527837	3
182539	0	7583024	5
182539	0	762792	3
182539	0	7690609	2
182539	0	7807063	0
182539	0	7883763	2
182539	0	8299659	5
182539	0	8299660	0
182539	0	8299668	4
182539	0	8515182	5
182539	0	8598792	3
182539	0	8757178	5
182539	0	8757179	1
182539	0	8757180	3
182539	0	8757181	5
182539	0	8757182	2
183378	0	1289489	4
183378	0	1289490	4
183378	0	1289492	4
183378	0	1289496	4
183378	0	1289497	5
183378	0	2089154	0
183378	0	2493332	1
183378	0	2533260	1
183378	0	3093215	2
183378	0	3185611	3
183378	0	4493914	2
183378	0	4493915	4
183378	0	4493916	2
183378	0	4493920	2
183378	0	4493921	2
183378	0	4803847	5
183378	0	4803848	5
183378	0	4803850	1
183378	0	4856305	0
183378	0	5534703	1
183378	0	5534707	5
183378	0	5534711	2
183378	0	5817927	3
183378	0	7398706	3
183378	0	7449744	5
183378	0	7449748	5
183378	0	7449752	5
183378	0	7677975	2
183378	0	7952865	1
183378	0	8121380	0
183378	0	8570256	2
183378	0	8570257	5
183378	0	8570258	5
183378	0	8577215	0
183378	0	8794302	1
183378	0	8794304	3
183378	0	8794308	2
19335	0	1143050	3
19335	0	1389478	3
19335	0	1389479	2
19335	0	1469573	2
19335	0	161606	2
19335	0	1717015	1
19335	0	1720387	5
19335	0	1720388	0
19335	0	1720389	3
19335	0	1720393	2
19335	0	1720394	5
19335	0	1720395	5
19335	0	1726	4
19335	0	1729	4
19335	0	1915754	2
19335	0	2020519	4
19335	0	2046505	4
19335	0	211275	5
19335	0	2250973	3
19335	0	2304005	2
19335	0	2437769	2
19335	0	2874497	1
19335	0	2874503	1
19335	0	3045567	5
19335	0	3175481	4
19335	0	3175484	5
19335	0	342431	5
19335	0	354219	1
19335	0	3615077	2
19335	0	3615079	1
19335	0	429851	2
19335	0	4480942	1
19335	0	4480943	2
19335	0	4480945	0
19335	0	478232	3
19335	0	4843828	3
19335	0	5078863	2
19335	0	527690	4
19335	0	527692	5
19335	0	527695	0
19335	0	527697	4
19335	0	5508122	3
19335	0	5732401	0
19335	0	584350	2
19335	0	6124004	1
19335	0	6294314	2
19335	0	6452949	4
19335	0	6510257	1
19335	0	6512137	5
19335	0	6512144	5
19335	0	6773977	0
19335	0	6902386	2
19335	0	6999135	0
19335	0	7042455	2
19335	0	7050803	3
19335	0	7122355	5
19335	0	7235457	0
19335	0	7267248	4
19335	0	7460273	1
19335	0	772225	2
19335	0	772234	2
19335	0	7856992	1
19335	0	8061829	5
19335	0	8151642	0
19335	0	8151650	1
19335	0	819168	4
19335	0	8412681	5
19335	0	8412682	5
19335	0	8412683	5
19335	0	8412684	5
19335	0	8412685	5
19335	0	8412687	4
19335	0	8635981	5
19335	0	8635984	5
19335	0	8786632	2
19335	0	93557	2
207786	0	1029962	3
207786	0	1392579	5
207786	0	1392585	5
207786	0	1667536	0
207786	0	2051020	2
207786	0	2763917	2
207786	0	2998723	1
207786	0	4218707	3
207786	0	4613065	2
207786	0	5175109	0
207786	0	6031630	4
207786	0	7510472	5
207786	0	7599318	4
207786	0	7639366	2
207786	0	7941579	4
207786	0	8185064	1
207786	0	8273754	5
207786	0	8273755	1
207786	0	8273757	2
207786	0	8273758	4
207786	0	8273759	3
207786	0	8273760	2
207786	0	8273761	5
207786	0	8273762	5
207786	0	8273763	1
207786	0	8367880	0
264014	0	1610706	4
264014	0	1610707	2
264014	0	1610711	2
264014	0	1610712	0
264014	0	1804644	2
264014	0	2223171	4
264014	0	2474346	2
264014	0	2572557	0
264014	0	2688537	0
264014	0	3338825	5
264014	0	3338827	4
264014	0	3338828	1
264014	0	3372501	2
264014	0	3396076	5
264014	0	3666584	0
264014	0	4239616	0
264014	0	447992	4
264014	0	4647186	3
264014	0	4687213	4
264014	0	4834547	5
264014	0	4834548	1
264014	0	528372	2
264014	0	528380	3
264014	0	5328095	4
264014	0	5611210	1
264014	0	5611219	2
264014	0	5635521	1
264014	0	5950718	3
264014	0	5950719	5
264014	0	5950721	4
264014	0	5950722	5
264014	0	5950723	2
264014	0	5950726	3
264014	0	6105566	2
264014	0	6105572	5
264014	0	6555322	1
264014	0	6641238	5
264014	0	6791760	5
264014	0	684616	2
264014	0	7326934	2
264014	0	8012101	5
264014	0	935825	2
264014	0	96851	5
264014	0	96852	1
264014	0	96854	1
264014	0	96855	5
264014	0	96857	5
264014	0	96858	3
359349	0	1394087	2
359349	0	15800	0
359349	0	1830517	5
359349	0	2293820	4
359349	0	2826510	3
359349	0	2826512	1
359349	0	3193824	5
359349	0	3223831	5
359349	0	3223833	2
359349	0	3900185	2
359349	0	4013723	4
359349	0	4020470	2
359349	0	4020477	2
359349	0	4463573	0
359349	0	457673	2
359349	0	5219977	0
359349	0	5615181	1
359349	0	576628	3
359349	0	576629	5
359349	0	6108721	1
359349	0	68647	4
359349	0	68648	3
359349	0	68649	5
359349	0	68653	1
359349	0	8058873	4
359349	0	943229	5
405717	0	1589738	2
405717	0	1849743	1
405717	0	1984962	4
405717	0	2125641	2
405717	0	2365659	3
405717	0	2365660	1
405717	0	2365661	4
405717	0	2365664	0
405717	0	2365665	2
405717	0	2514107	5
405717	0	2642838	5
405717	0	2702419	5
405717	0	2702423	4
405717	0	273851	2
405717	0	2747484	2
405717	0	2747485	2
405717	0	2747488	2
405717	0	2747492	2
405717	0	2879960	2
405717	0	3033900	4
405717	0	3274915	0
405717	0	3274918	1
405717	0	3803378	0
405717	0	3986303	1
405717	0	4432155	1
405717	0	4704973	2
405717	0	4704975	4
405717	0	4704978	3
405717	0	4828118	4
405717	0	5079482	4
405717	0	5274649	0
405717	0	5428443	5
405717	0	5638740	1
405717	0	576346	0
405717	0	6426483	0
405717	0	6442862	3
405717	0	6654653	5
405717	0	6654655	1
405717	0	6678050	5
405717	0	702391	5
405717	0	7170626	5
405717	0	7170630	5
405717	0	7288990	5
405717	0	7288996	5
405717	0	7447941	2
405717	0	7447943	3
405717	0	758582	2
405717	0	758586	2
405717	0	7728831	5
405717	0	7896211	4
405717	0	7965240	1
405717	0	8156519	4
405717	0	8433852	3
405717	0	8433854	5
405717	0	8433858	2
443396	0	1055834	2
443396	0	1305463	1
443396	0	1360104	1
443396	0	1465664	5
443396	0	1465667	4
443396	0	1525423	0
443396	0	1843486	0
443396	0	1852807	5
443396	0	1852813	4
443396	0	2007121	5
443396	0	2138579	0
443396	0	2143845	2
443396	0	2143847	5
443396	0	2143849	4
443396	0	215693	4
443396	0	2373504	2
443396	0	2490482	5
443396	0	2490486	2
443396	0	3007982	2
443396	0	3103988	5
443396	0	3103995	4
443396	0	3118073	0
443396	0	3256974	0
443396	0	3299623	2
443396	0	3323246	2
443396	0	3440850	4
443396	0	3526411	0
443396	0	355277	2
443396	0	3599520	2
443396	0	3617225	4
443396	0	368001	1
443396	0	3721948	4
443396	0	4041361	1
443396	0	4052112	5
443396	0	4052116	3
443396	0	4052118	2
443396	0	4052120	2
443396	0	415545	2
443396	0	4205261	2
443396	0	4205264	5
443396	0	4236355	4
443396	0	4271045	1
443396	0	4511531	2
443396	0	4526741	2
443396	0	4526744	3
443396	0	4526747	5
443396	0	453706	3
443396	0	456708	5
443396	0	456710	5
443396	0	458179	1
443396	0	4638554	1
443396	0	4676619	2
443396	0	4774806	5
443396	0	4792649	3
443396	0	4792650	3
443396	0	4792652	3
443396	0	4792653	0
443396	0	4792654	2
443396	0	4792655	2
443396	0	483935	1
443396	0	4896251	3
443396	0	4935430	1
443396	0	5048838	1
443396	0	5048839	1
443396	0	5053511	5
443396	0	5065439	2
443396	0	5644797	1
443396	0	6953654	5
443396	0	6974032	3
443396	0	7251120	2
443396	0	7422742	3
443396	0	7620278	0
443396	0	7620279	0
443396	0	8079039	5
443396	0	8079040	2
443396	0	8079043	4
443396	0	8079046	4
443396	0	8171402	4
443396	0	8188606	4
443396	0	8329279	5
443396	0	8348187	1
443396	0	8536118	5
443396	0	8536121	5
443396	0	8536122	5
443396	0	8536123	5
443396	0	8793491	5
451602	0	1094138	2
451602	0	127537	1
451602	0	1277289	2
451602	0	1277290	5
451602	0	1277293	2
451602	0	1302756	1
451602	0	1314129	0
451602	0	1626653	1
451602	0	1897982	1
451602	0	2176450	5
451602	0	2176453	5
451602	0	2176454	2
451602	0	2176455	4
451602	0	2176458	5
451602	0	2176459	5
451602	0	2244882	1
451602	0	2312864	5
451602	0	2618829	3
451602	0	2922145	2
451602	0	3090666	1
451602	0	3177691	5
451602	0	3177699	3
451602	0	3790251	2
451602	0	4176454	0
451602	0	4345752	5
451602	0	4453605	5
451602	0	4453608	3
451602	0	4874640	5
451602	0	4874641	3
451602	0	5000376	3
451602	0	5179251	4
451602	0	5475308	4
451602	0	5538936	2
451602	0	5538937	4
451602	0	5538938	4
451602	0	5538942	2
451602	0	5655693	2
451602	0	6286975	4
451602	0	6286977	5
451602	0	6286980	2
451602	0	6286981	1
451602	0	654120	1
451602	0	6719255	0
451602	0	7800959	4
451602	0	7804169	5
451602	0	7804170	4
451602	0	8019873	0
451602	0	8033470	0
451602	0	8214452	4
451602	0	8383461	5
451602	0	8390518	5
451602	0	8390525	3
451602	0	8540470	2
451602	0	8540473	2
451602	0	8621776	2
451602	0	8621784	0
451602	0	8787234	2
451602	0	998695	1
47923	0	1681332	5
47923	0	1681334	2
47923	0	1681336	5
47923	0	1681338	0
47923	0	1681339	3
47923	0	1868437	1
47923	0	3348834	1
47923	0	3348838	0
47923	0	3986046	0
47923	0	4297620	5
47923	0	473809	2
47923	0	5032362	3
47923	0	5147527	1
47923	0	5417580	0
47923	0	5417582	5
47923	0	618556	2
47923	0	6191	2
47923	0	6241147	5
47923	0	6241148	4
47923	0	6241150	5
47923	0	6241151	5
47923	0	6241152	2
47923	0	6241153	4
47923	0	6241154	4
47923	0	6643066	2
47923	0	6919836	2
47923	0	8348762	2
47923	0	8418681	5
47923	0	8418683	2
47923	0	8418686	4
47923	0	8641104	1
47923	0	8641106	1
47923	0	8641107	3
47923	0	913042	4
47923	0	986177	4
489204	0	1038489	2
489204	0	1051492	2
489204	0	1051494	2
489204	0	1051498	4
489204	0	113238	2
489204	0	1225589	5
489204	0	1225591	4
489204	0	1228655	1
489204	0	1231677	4
489204	0	1276947	5
489204	0	1310106	0
489204	0	1310107	0
489204	0	1310108	0
489204	0	1360627	3
489204	0	136257	1
489204	0	1430550	5
489204	0	1479542	5
489204	0	152948	5
489204	0	152954	5
489204	0	1538587	4
489204	0	1759354	2
489204	0	1777014	4
489204	0	1778458	4
489204	0	185678	1
489204	0	1950269	3
489204	0	2053095	1
489204	0	2163701	4
489204	0	216490	2
489204	0	216492	2
489204	0	2268651	3
489204	0	2268652	2
489204	0	2268657	2
489204	0	3438216	2
489204	0	35919	0
489204	0	3623668	4
489204	0	3728445	5
489204	0	385083	2
489204	0	3980126	0
489204	0	4088951	2
489204	0	4387756	2
489204	0	4586570	5
489204	0	46493	4
489204	0	4890939	1
489204	0	4917998	5
489204	0	4918005	0
489204	0	4927308	4
489204	0	5005765	5
489204	0	533017	5
489204	0	5519177	1
489204	0	5541650	5
489204	0	5583224	0
489204	0	5629373	4
489204	0	5815957	3
489204	0	5842847	2
489204	0	5842850	5
489204	0	5895917	5
489204	0	6084785	2
489204	0	6087666	3
489204	0	6087671	1
489204	0	6327174	5
489204	0	6327175	3
489204	0	6327177	3
489204	0	6327181	2
489204	0	6343845	4
489204	0	6536367	4
489204	0	6542578	5
489204	0	6581771	1
489204	0	6652052	5
489204	0	6665319	1
489204	0	678245	5
489204	0	6816322	2
489204	0	6894988	1
489204	0	7113153	2
489204	0	7116533	3
489204	0	753265	0
489204	0	7564977	2
489204	0	7564980	3
489204	0	7923800	1
489204	0	8054792	1
489204	0	8376905	2
489204	0	8376910	2
489204	0	8463820	5
489204	0	8463823	5
489204	0	852250	0
489204	0	852257	4
489204	0	855963	2
489204	0	855972	5
489204	0	8585816	1
489204	0	8594271	0
489204	0	8594272	5
489204	0	8594280	2
489204	0	872467	3
489204	0	872470	4
489204	0	8737051	5
489204	0	8737053	1
489204	0	8781574	2
489204	0	8781577	1
489204	0	890797	2
489204	0	973923	5
490595	0	1160847	2
490595	0	1288938	2
490595	0	1652460	2
490595	0	1929910	5
490595	0	1929911	1
490595	0	3572695	2
490595	0	3833407	2
490595	0	3937196	1
490595	0	3937197	5
490595	0	3937200	1
490595	0	3937203	3
490595	0	4082315	0
490595	0	4737059	3
490595	0	4737060	5
490595	0	4737061	4
490595	0	4737063	5
490595	0	4737064	2
490595	0	4737065	2
490595	0	4737066	2
490595	0	4737067	1
490595	0	4842889	3
490595	0	4842890	5
490595	0	4842891	5
490595	0	4842897	5
490595	0	5112294	0
490595	0	5247992	5
490595	0	5247999	4
490595	0	549465	4
490595	0	6045591	0
490595	0	6066626	1
490595	0	6742119	3
490595	0	7839904	2
490595	0	7839906	1
490595	0	805046	4
490595	0	805048	5
490595	0	805051	4
490595	0	8485139	4
490595	0	8485141	2
490595	0	903932	0
527433	0	1187918	5
527433	0	1217016	4
527433	0	1251475	2
527433	0	1379236	5
527433	0	1379237	5
527433	0	1379240	5
527433	0	1379245	5
527433	0	1511548	2
527433	0	1664518	4
527433	0	1664523	5
527433	0	1993691	0
527433	0	1993699	0
527433	0	2045580	5
527433	0	2331989	2
527433	0	2496224	0
527433	0	2565413	1
527433	0	269422	1
527433	0	269423	1
527433	0	269425	1
527433	0	269426	1
527433	0	269428	3
527433	0	269430	2
527433	0	2722036	2
527433	0	3093197	3
527433	0	3294599	2
527433	0	3425595	3
527433	0	3786813	2
527433	0	3835729	4
527433	0	3835731	5
527433	0	3835732	4
527433	0	3835736	5
527433	0	4046876	3
527433	0	4064455	4
527433	0	4351170	1
527433	0	4402992	2
527433	0	467601	5
527433	0	4903731	1
527433	0	4958697	1
527433	0	5466807	5
527433	0	5466810	5
527433	0	547444	2
527433	0	5603301	0
527433	0	5629888	0
527433	0	5672164	1
527433	0	5672170	2
527433	0	5690943	0
527433	0	6015377	4
527433	0	6038397	2
527433	0	6065675	4
527433	0	6186391	5
527433	0	6186393	2
527433	0	6215001	5
527433	0	6215002	3
527433	0	6398041	4
527433	0	6667279	0
527433	0	729489	2
527433	0	7357591	5
527433	0	7607669	5
527433	0	7799466	2
527433	0	8306449	2
527433	0	8306450	1
527433	0	8306451	4
527433	0	8322920	2
527433	0	8617271	5
527433	0	8617273	3
527433	0	8617274	2
527433	0	8617276	1
527433	0	8827925	4
527433	0	8827928	3
527433	0	975967	4
573724	0	1165129	5
573724	0	1509940	2
573724	0	1509942	5
573724	0	162151	2
573724	0	1816038	4
573724	0	2133806	2
573724	0	2417985	0
573724	0	2635262	3
573724	0	3146236	1
573724	0	3146238	2
573724	0	3365631	1
573724	0	3365633	1
573724	0	3365636	1
573724	0	3365638	5
573724	0	394136	5
573724	0	394139	2
573724	0	394142	4
573724	0	4017883	0
573724	0	5047796	3
573724	0	5310530	2
573724	0	5339620	5
573724	0	5721829	5
573724	0	6776717	4
573724	0	7104825	2
573724	0	7104826	0
573724	0	7199669	5
573724	0	7199673	3
573724	0	7384325	0
573724	0	7384332	2
573724	0	7609927	1
573724	0	7674859	4
573724	0	8441642	4
573724	0	87405	4
573724	0	8833192	5
573724	0	8833194	2
833860	0	115142	2
833860	0	1400521	1
833860	0	1524402	0
833860	0	1524406	0
833860	0	1579406	1
833860	0	1889863	4
833860	0	2022688	2
833860	0	2188108	1
833860	0	2206194	5
833860	0	2206195	5
833860	0	2206196	5
833860	0	2206197	2
833860	0	2206198	2
833860	0	2206200	2
833860	0	2386361	2
833860	0	2654110	0
833860	0	2702357	3
833860	0	3087481	2
833860	0	3337877	1
833860	0	3421947	2
833860	0	3437281	5
833860	0	3437284	5
833860	0	3437285	2
833860	0	3437286	5
833860	0	3437288	5
833860	0	3437289	2
833860	0	3437290	3
833860	0	3924121	0
833860	0	4086002	1
833860	0	4431446	3
833860	0	4565899	0
833860	0	4881965	5
833860	0	4983652	1
833860	0	5012386	2
833860	0	5167510	5
833860	0	5167512	2
833860	0	5167513	5
833860	0	5167518	5
833860	0	5652528	1
833860	0	5832657	3
833860	0	6209174	0
833860	0	6211801	4
833860	0	6218032	4
833860	0	6230220	5
833860	0	6230221	5
833860	0	6230222	5
833860	0	6230223	3
833860	0	6230225	3
833860	0	6230226	5
833860	0	6230227	5
833860	0	6230228	4
833860	0	6230229	4
833860	0	6297606	0
833860	0	6621549	1
833860	0	6875877	2
833860	0	7038170	2
833860	0	7140183	1
833860	0	7435480	1
833860	0	756921	2
833860	0	7706738	4
833860	0	771855	3
833860	0	8344031	4
833860	0	8683095	2
833860	0	8833502	2
833860	0	8833504	4
833860	0	8833506	4
833860	0	8833509	4
855410	0	103039	5
855410	0	1047903	2
855410	0	1094091	2
855410	0	1147809	4
855410	0	1147810	4
855410	0	1147811	4
855410	0	1186979	4
855410	0	133350	0
855410	0	1394855	5
855410	0	1441918	2
855410	0	1599285	4
855410	0	1685597	4
855410	0	1824277	2
855410	0	1824278	0
855410	0	1947769	5
855410	0	2117094	0
855410	0	212609	2
855410	0	2273664	2
855410	0	2350118	1
855410	0	2402680	1
855410	0	2499355	0
855410	0	2506511	0
855410	0	2890365	5
855410	0	2969826	2
855410	0	3530756	5
855410	0	3530757	5
855410	0	3530758	5
855410	0	3530762	5
855410	0	369516	3
855410	0	3723410	3
855410	0	3723411	5
855410	0	3723413	5
855410	0	3723415	2
855410	0	3920974	0
855410	0	3946561	1
855410	0	4084193	0
855410	0	4406031	4
855410	0	4616842	0
855410	0	4636144	1
855410	0	4708041	5
855410	0	4708042	5
855410	0	4708045	5
855410	0	4708046	5
855410	0	4708047	5
855410	0	4733967	2
855410	0	4980050	4
855410	0	5053555	1
855410	0	5053561	1
855410	0	5095701	4
855410	0	5095702	4
855410	0	5239970	2
855410	0	5465915	2
855410	0	5608554	2
855410	0	5723210	3
855410	0	5799774	2
855410	0	5962462	3
855410	0	6257436	1
855410	0	6385718	2
855410	0	6385724	2
855410	0	6481239	5
855410	0	6481240	3
855410	0	6522121	1
855410	0	6615899	1
855410	0	6647485	2
855410	0	681984	3
855410	0	681987	1
855410	0	681993	5
855410	0	7031506	2
855410	0	7099015	2
855410	0	71807	2
855410	0	7210777	1
855410	0	722968	0
855410	0	7340395	4
855410	0	7380061	2
855410	0	7548527	2
855410	0	7747483	1
855410	0	8157623	4
855410	0	8157624	2
855410	0	8157632	4
855410	0	8271172	0
855410	0	8543392	2
855410	0	862689	3
855410	0	862695	4
855410	0	8645167	1
855410	0	8651770	5
855410	0	8651771	5
855410	0	8651772	5
855410	0	8651773	5
855410	0	8651775	5
855410	0	8651776	5
855410	0	8651778	5
855410	0	8663507	2
855410	0	8671032	3
855410	0	8671033	3
855410	0	8720966	5
855410	0	8776516	5
855410	0	8776519	3
855410	0	8776520	2
855410	0	8792394	1
855410	0	884430	0
855410	0	889438	3
855410	0	902854	4
855410	0	936546	2
855410	0	944479	1
87181	0	1179100	2
87181	0	123547	1
87181	0	1950526	2
87181	0	1950532	4
87181	0	2530227	2
87181	0	2986227	4
87181	0	3216315	2
87181	0	3216319	4
87181	0	4190143	0
87181	0	4689523	5
87181	0	4689525	3
87181	0	47210	0
87181	0	4786305	4
87181	0	5103077	1
87181	0	5197130	0
87181	0	5197135	1
87181	0	5469038	2
87181	0	5497677	2
87181	0	6484575	5
87181	0	6484576	5
87181	0	6484578	1
87181	0	6521366	5
87181	0	6685092	5
87181	0	742425	4
87181	0	7666831	0
87181	0	8151926	2
87181	0	8332546	5
87181	0	8332547	5
87181	0	8332550	3
87181	0	8332555	2
87181	0	8499367	1
87181	0	8534129	2
87181	0	8534130	3
87181	0	8534134	5
87181	0	8565420	3
87181	0	8683178	1
87181	0	8683185	5
87452	0	1395625	1
87452	0	1395631	1
87452	0	1598547	2
87452	0	1749882	0
87452	0	186931	2
87452	0	186939	5
87452	0	2624886	5
87452	0	3242437	4
87452	0	4008486	2
87452	0	4634899	1
87452	0	4866237	2
87452	0	4872055	4
87452	0	4993648	5
87452	0	5180105	5
87452	0	5286924	5
87452	0	5296736	1
87452	0	5751686	2
87452	0	5851090	2
87452	0	5851095	0
87452	0	6018160	5
87452	0	6018162	5
87452	0	6018163	4
87452	0	6018164	5
87452	0	6018165	5
87452	0	6018166	3
87452	0	6018168	5
87452	0	7843984	2
87452	0	7965004	3
87452	0	7965005	4
87452	0	7965007	0
87452	0	7965008	0
87452	0	7965010	0
87452	0	8055167	2
87452	0	8152220	1
87452	0	8152222	1
87452	0	8213478	4
87452	0	8333912	5
87452	0	8333916	4
87452	0	8333917	5
87452	0	8333918	2
87452	0	8333919	3
87452	0	8333920	2
87452	0	8333921	2
87452	0	8436571	3
87452	0	8436578	2
87452	0	8436579	1
87452	0	861789	0
87452	0	8680815	4
87452	0	8819111	3
87452	0	8819112	5
87452	0	8819113	2
87452	0	8819116	3
915593	0	1396701	1
915593	0	1772930	2
915593	0	1972028	1
915593	0	2210592	1
915593	0	2210593	3
915593	0	275726	4
915593	0	2923496	1
915593	0	2923497	2
915593	0	3485338	5
915593	0	3523599	0
915593	0	3538160	5
915593	0	3538161	2
915593	0	3538163	5
915593	0	3538164	2
915593	0	3538166	0
915593	0	3538168	5
915593	0	4566816	1
915593	0	4566818	4
915593	0	4566819	1
915593	0	4566822	0
915593	0	4834226	1
915593	0	4998398	5
915593	0	5774009	2
915593	0	5931262	5
915593	0	5931266	2
915593	0	5931268	4
915593	0	5931269	5
915593	0	6181638	3
915593	0	6761341	1
915593	0	6761344	3
915593	0	6923052	2
915593	0	7709320	3
915593	0	7861749	2
915593	0	7861755	5
915593	0	8002855	2
915593	0	8029524	4
915593	0	8029525	2
915593	0	8029527	5
915593	0	8029531	2
915593	0	8029533	0
915593	0	8103065	4
915593	0	8103067	5
915593	0	8178996	2
915593	0	8178998	3
915593	0	82105	0
915593	0	82106	5
915593	0	82107	5
915593	0	82108	5
915593	0	82110	4
915593	0	82113	2
915593	0	8402969	0
915593	0	8402970	2
915593	0	8402971	4
915593	0	8402972	4
915593	0	8455304	4
962179	0	1645080	3
962179	0	1645086	2
962179	0	1645087	1
962179	0	2329697	3
962179	0	2329699	5
962179	0	2329701	4
962179	0	2978864	5
962179	0	2978866	5
962179	0	2978870	2
962179	0	302861	2
962179	0	3705165	2
962179	0	3896632	4
962179	0	4257873	2
962179	0	4309122	1
962179	0	4511499	5
962179	0	4511501	0
962179	0	4511503	2
962179	0	4511504	0
962179	0	4606386	5
962179	0	4606387	4
962179	0	534563	2
962179	0	536176	5
962179	0	5427063	1
962179	0	5653652	1
962179	0	5653659	5
962179	0	5773189	0
962179	0	5919340	4
962179	0	5919342	4
962179	0	6675259	2
962179	0	6898289	5
962179	0	6980697	3
962179	0	8689054	0
962179	0	8689056	1
962179	0	8689057	1
962179	0	8785367	4
962179	0	8785369	2
962179	0	8785371	5
962179	0	8785374	3
