1037798	0	1513331	0
1037798	0	1721695	0
1037798	0	2032698	0
1037798	0	2140944	0
1037798	0	2157450	0
1037798	0	2258762	3
1037798	0	2258763	0
1037798	0	2258765	0
1037798	0	2360245	0
1037798	0	2360247	0
1037798	0	2360251	0
1037798	0	2360252	0
1037798	0	2371320	5
1037798	0	2475414	0
1037798	0	2589019	5
1037798	0	2608688	5
1037798	0	2698086	4
1037798	0	2781960	3
1037798	0	2781962	0
1037798	0	2781965	4
1037798	0	2781966	3
1037798	0	2787508	3
1037798	0	2868737	0
1037798	0	2914156	3
1037798	0	2970891	0
1037798	0	2970892	0
1037798	0	2970895	0
1037798	0	2970896	0
1037798	0	2970897	0
1037798	0	3055262	4
1037798	0	3187018	0
1037798	0	3247266	0
1037798	0	3310851	0
1037798	0	3310854	0
1037798	0	3310855	0
1037798	0	3520700	0
1037798	0	3620983	5
1037798	0	3620986	5
1037798	0	3620991	5
1037798	0	3641634	5
1037798	0	3679721	0
1037798	0	3805294	3
1037798	0	3881172	0
1037798	0	3914692	0
1037798	0	3926211	0
1037798	0	4055260	4
1037798	0	4114353	0
1037798	0	4227882	3
1037798	0	4452513	3
1037798	0	4468467	5
1037798	0	46336	4
1037798	0	4763648	0
1037798	0	4788864	4
1037798	0	4818124	5
1037798	0	4818129	5
1037798	0	4948777	0
1037798	0	4974552	5
1037798	0	5006521	4
1037798	0	5099520	4
1037798	0	5338404	3
1037798	0	5385710	0
1037798	0	6202756	3
1037798	0	6202758	3
1037798	0	6709846	0
1037798	0	6792680	0
1037798	0	6792681	0
1037798	0	6792682	0
1037798	0	6792683	0
1037798	0	6792684	3
1037798	0	6792687	5
1037798	0	6966724	0
1037798	0	7208741	4
1037798	0	7505181	0
1037798	0	7604812	0
1037798	0	7822415	5
1037798	0	7827292	0
1037798	0	7827293	0
1037798	0	7943228	3
1037798	0	7961603	5
1037798	0	8208397	3
1037798	0	8224670	5
1037798	0	8362738	3
1037798	0	8398820	0
1037798	0	8537479	5
1037798	0	8735281	0
1037798	0	8760864	4
1037798	0	8760866	5
1037798	0	8760867	5
1037798	0	8760868	5
1037798	0	8760870	5
1037798	0	8760871	5
1037798	0	8760873	4
1037798	0	8780801	0
1037798	0	8780802	0
1037798	0	8780804	0
1037798	0	8780806	0
1037798	0	8780808	0
1037798	0	8780809	0
1037798	0	8780810	0
1037798	0	994978	5
104861	0	1017092	0
104861	0	1046334	2
104861	0	1046339	2
104861	0	1055594	0
104861	0	1304632	0
104861	0	1313687	2
104861	0	146170	2
104861	0	146174	2
104861	0	1567102	0
104861	0	1675509	0
104861	0	1767224	0
104861	0	1773805	2
104861	0	1773807	2
104861	0	1811410	0
104861	0	1948963	2
104861	0	2202682	0
104861	0	2285415	0
104861	0	2294849	0
104861	0	2377050	0
104861	0	2916631	2
104861	0	3009632	0
104861	0	335342	0
104861	0	3443173	0
104861	0	3443176	2
104861	0	3471756	0
104861	0	3925933	2
104861	0	4017854	0
104861	0	4017855	0
104861	0	4017856	0
104861	0	4017858	0
104861	0	4199743	2
104861	0	4223386	0
104861	0	4230213	0
104861	0	4350439	0
104861	0	459675	2
104861	0	459676	2
104861	0	5138467	2
104861	0	5138468	2
104861	0	5138469	0
104861	0	5138471	2
104861	0	5138472	2
104861	0	5138473	2
104861	0	5138474	0
104861	0	5138476	2
104861	0	5150431	2
104861	0	5248341	2
104861	0	5248342	2
104861	0	5340890	0
104861	0	5340891	0
104861	0	5347273	0
104861	0	5394110	0
104861	0	5394112	0
104861	0	5438821	0
104861	0	5483490	0
104861	0	5667475	0
104861	0	5688415	2
104861	0	5688416	2
104861	0	5688417	2
104861	0	5688418	2
104861	0	5688421	0
104861	0	5703400	2
104861	0	5703401	2
104861	0	5776561	0
104861	0	5801822	2
104861	0	5836442	2
104861	0	599604	2
104861	0	6056676	0
104861	0	6187055	2
104861	0	6187057	0
104861	0	6187058	0
104861	0	6241793	0
104861	0	629270	2
104861	0	629273	2
104861	0	629274	2
104861	0	629276	2
104861	0	629277	2
104861	0	629278	2
104861	0	6351571	2
104861	0	6467577	2
104861	0	6467578	2
104861	0	6467579	0
104861	0	6467580	0
104861	0	6467581	0
104861	0	6585554	2
104861	0	6653674	2
104861	0	6653675	2
104861	0	6653677	0
104861	0	6653678	2
104861	0	6653679	0
104861	0	6658615	2
104861	0	6704672	2
104861	0	6904992	2
104861	0	6904999	0
104861	0	7034375	2
104861	0	715676	0
104861	0	7204477	0
104861	0	7462393	0
104861	0	8069848	0
104861	0	8297146	0
104861	0	8495099	2
1063750	0	1074552	2
1063750	0	1098173	0
1063750	0	1098174	0
1063750	0	1098175	0
1063750	0	118643	2
1063750	0	12266	2
1063750	0	1580962	0
1063750	0	1580964	0
1063750	0	1866482	2
1063750	0	1866486	5
1063750	0	1923499	2
1063750	0	1923500	2
1063750	0	1923506	2
1063750	0	2220585	2
1063750	0	2230089	2
1063750	0	2230090	2
1063750	0	2230091	2
1063750	0	2230095	2
1063750	0	2391460	0
1063750	0	2470328	2
1063750	0	2569813	2
1063750	0	2569816	2
1063750	0	2768117	2
1063750	0	2768123	5
1063750	0	2784782	2
1063750	0	2784784	0
1063750	0	2997842	0
1063750	0	309313	2
1063750	0	3259889	2
1063750	0	3259892	2
1063750	0	330159	2
1063750	0	330165	2
1063750	0	3327045	2
1063750	0	3327046	2
1063750	0	3327047	2
1063750	0	3327048	0
1063750	0	3327050	0
1063750	0	3327052	2
1063750	0	3477418	2
1063750	0	3633198	0
1063750	0	3654234	2
1063750	0	3965092	0
1063750	0	3973418	2
1063750	0	3973423	2
1063750	0	4158202	0
1063750	0	4158205	0
1063750	0	4337526	2
1063750	0	4337527	5
1063750	0	4337528	2
1063750	0	4337530	2
1063750	0	4337532	2
1063750	0	4487118	2
1063750	0	4559130	2
1063750	0	4588654	2
1063750	0	4718161	2
1063750	0	4788295	2
1063750	0	4795722	0
1063750	0	4795723	0
1063750	0	4802036	0
1063750	0	4834969	2
1063750	0	4834974	2
1063750	0	4844348	0
1063750	0	5237507	2
1063750	0	5412858	2
1063750	0	5442711	5
1063750	0	5590581	2
1063750	0	5956099	2
1063750	0	5956102	2
1063750	0	5956106	2
1063750	0	6127389	2
1063750	0	6347205	2
1063750	0	7146781	2
1063750	0	7247264	2
1063750	0	7304887	0
1063750	0	7571423	5
1063750	0	7571424	2
1063750	0	7571428	2
1063750	0	7778354	2
1063750	0	7781459	0
1063750	0	7781460	0
1063750	0	7837936	2
1063750	0	7837937	0
1063750	0	7837938	2
1063750	0	7952964	2
1063750	0	7952965	2
1063750	0	7952966	2
1063750	0	7952967	2
1063750	0	7952971	5
1063750	0	8170640	2
1063750	0	819283	0
1063750	0	819284	0
1063750	0	8239876	2
1063750	0	8239877	2
1063750	0	8384971	0
1063750	0	8384979	2
1063750	0	8640242	2
1063750	0	8722081	2
1063750	0	8821734	2
1063750	0	8821735	2
1063750	0	8821736	2
1103812	0	1214791	0
1103812	0	1294072	0
1103812	0	1434482	0
1103812	0	1614303	5
1103812	0	2060346	0
1103812	0	2332189	5
1103812	0	2473598	0
1103812	0	2535841	0
1103812	0	2541847	0
1103812	0	2581166	0
1103812	0	2586283	0
1103812	0	2703108	0
1103812	0	2703114	0
1103812	0	2720842	0
1103812	0	2730105	0
1103812	0	2750961	5
1103812	0	2750965	5
1103812	0	2790080	0
1103812	0	292716	0
1103812	0	3122425	0
1103812	0	3131753	0
1103812	0	3529443	0
1103812	0	3564774	0
1103812	0	3591090	0
1103812	0	3591092	0
1103812	0	3591094	0
1103812	0	36163	0
1103812	0	3650015	0
1103812	0	3672737	0
1103812	0	3672738	0
1103812	0	3672744	0
1103812	0	3843263	5
1103812	0	3843266	5
1103812	0	3843267	5
1103812	0	3843270	5
1103812	0	3843271	5
1103812	0	3940091	5
1103812	0	3990418	0
1103812	0	4044288	0
1103812	0	4044289	0
1103812	0	4191304	0
1103812	0	4322057	0
1103812	0	4322058	0
1103812	0	4331707	0
1103812	0	4444626	0
1103812	0	4492200	0
1103812	0	4584679	0
1103812	0	4657154	0
1103812	0	4824831	0
1103812	0	4824833	0
1103812	0	4963038	0
1103812	0	4991318	0
1103812	0	5062706	0
1103812	0	5190505	0
1103812	0	5201198	0
1103812	0	5372063	0
1103812	0	5372066	5
1103812	0	5372067	0
1103812	0	5449649	0
1103812	0	5823139	0
1103812	0	5974245	0
1103812	0	5976811	0
1103812	0	6103245	0
1103812	0	6127923	0
1103812	0	6141957	0
1103812	0	621213	0
1103812	0	645467	0
1103812	0	6569474	0
1103812	0	6604321	0
1103812	0	6604326	0
1103812	0	6799729	0
1103812	0	6924733	0
1103812	0	6939499	0
1103812	0	711271	0
1103812	0	7231343	0
1103812	0	7242599	0
1103812	0	7280671	5
1103812	0	7280672	0
1103812	0	7293191	0
1103812	0	7491609	0
1103812	0	7753287	0
1103812	0	7760621	0
1103812	0	7965773	0
1103812	0	8084238	0
1103812	0	8157968	5
1103812	0	8220081	5
1103812	0	8220085	5
1103812	0	8220086	5
1103812	0	8220087	5
1103812	0	8220088	5
1103812	0	8220089	5
1103812	0	8224175	0
1103812	0	8224183	5
1103812	0	8402961	0
1103812	0	865879	0
1103812	0	868008	0
1103812	0	8755009	0
1103812	0	8789820	0
1103812	0	896505	0
1103812	0	961775	0
1106007	0	1266234	0
1106007	0	1294320	0
1106007	0	1334328	4
1106007	0	1334330	4
1106007	0	1334331	4
1106007	0	1334334	4
1106007	0	1334335	4
1106007	0	1334336	4
1106007	0	1560243	0
1106007	0	1700769	0
1106007	0	1892454	0
1106007	0	2186171	0
1106007	0	2384065	0
1106007	0	2464373	0
1106007	0	2464374	4
1106007	0	2464375	4
1106007	0	2464376	0
1106007	0	2464378	0
1106007	0	2464379	0
1106007	0	2513606	0
1106007	0	2513608	0
1106007	0	2513609	0
1106007	0	2672601	4
1106007	0	2672608	4
1106007	0	2777111	0
1106007	0	2798876	0
1106007	0	2866627	4
1106007	0	2866630	4
1106007	0	2866634	0
1106007	0	2960558	4
1106007	0	2960561	4
1106007	0	2960563	4
1106007	0	2960564	0
1106007	0	2960566	4
1106007	0	3058529	0
1106007	0	3058967	0
1106007	0	3184240	4
1106007	0	3390428	4
1106007	0	3530025	0
1106007	0	3537611	0
1106007	0	3759894	0
1106007	0	3859263	0
1106007	0	4004169	0
1106007	0	4004170	0
1106007	0	4004173	0
1106007	0	4173707	0
1106007	0	4173709	4
1106007	0	4173712	4
1106007	0	420111	0
1106007	0	4781863	0
1106007	0	4781867	0
1106007	0	4912192	0
1106007	0	5204536	0
1106007	0	5204537	0
1106007	0	5204538	4
1106007	0	5204539	0
1106007	0	5204540	0
1106007	0	5204544	0
1106007	0	5279697	0
1106007	0	5279699	0
1106007	0	5279702	0
1106007	0	5279704	0
1106007	0	5311662	0
1106007	0	550999	4
1106007	0	551007	0
1106007	0	5571602	0
1106007	0	5571606	0
1106007	0	5774818	4
1106007	0	5780388	4
1106007	0	600704	0
1106007	0	6182968	0
1106007	0	6282108	0
1106007	0	6282110	0
1106007	0	6963994	4
1106007	0	701605	0
1106007	0	7211746	0
1106007	0	746358	4
1106007	0	7685380	4
1106007	0	7685381	4
1106007	0	7685382	0
1106007	0	7685383	4
1106007	0	7685384	4
1106007	0	7685385	4
1106007	0	7685386	4
1106007	0	7685387	0
1106007	0	7685388	4
1106007	0	8141089	0
1106007	0	8199519	4
1106007	0	8199521	4
1106007	0	8204457	4
1106007	0	832999	0
1106007	0	8398353	0
1106007	0	8521668	0
1106007	0	8521673	4
1106007	0	8521674	0
1106007	0	899461	0
1106007	0	899465	0
1106007	0	899467	0
1106007	0	899468	0
1106007	0	904504	0
1110199	0	1123090	4
1110199	0	1144986	0
1110199	0	1144987	4
1110199	0	1321205	0
1110199	0	1592475	0
1110199	0	1592477	0
1110199	0	1809288	0
1110199	0	1890810	0
1110199	0	1901876	4
1110199	0	1901877	4
1110199	0	1901878	5
1110199	0	1901879	4
1110199	0	1901881	4
1110199	0	1901882	4
1110199	0	2301113	0
1110199	0	2301115	0
1110199	0	2301117	0
1110199	0	2301118	0
1110199	0	239443	0
1110199	0	239444	4
1110199	0	2474406	4
1110199	0	2655843	4
1110199	0	2655848	4
1110199	0	2655849	4
1110199	0	2796204	0
1110199	0	2854609	0
1110199	0	2958762	0
1110199	0	3110637	0
1110199	0	313193	0
1110199	0	3135733	4
1110199	0	3230845	0
1110199	0	3270582	0
1110199	0	3270584	0
1110199	0	3272911	0
1110199	0	3272914	0
1110199	0	3515650	0
1110199	0	3519482	0
1110199	0	3838638	5
1110199	0	3838645	0
1110199	0	4057232	0
1110199	0	4489656	0
1110199	0	4496260	0
1110199	0	4504233	4
1110199	0	4511137	4
1110199	0	4511144	0
1110199	0	4558057	0
1110199	0	4588784	4
1110199	0	4624021	0
1110199	0	4674430	0
1110199	0	4800726	0
1110199	0	4800727	0
1110199	0	4800728	0
1110199	0	4800732	0
1110199	0	5049363	4
1110199	0	5074861	0
1110199	0	5172684	4
1110199	0	5387204	0
1110199	0	5387205	0
1110199	0	5479	0
1110199	0	5516092	0
1110199	0	5627957	4
1110199	0	5641717	4
1110199	0	5641718	0
1110199	0	5701621	0
1110199	0	5857920	4
1110199	0	5857921	4
1110199	0	5857923	0
1110199	0	5857924	0
1110199	0	5857925	0
1110199	0	5857927	0
1110199	0	6056861	0
1110199	0	618109	0
1110199	0	627298	0
1110199	0	6368887	4
1110199	0	6368891	4
1110199	0	6382102	0
1110199	0	6392463	4
1110199	0	6573362	0
1110199	0	6594551	0
1110199	0	6594555	0
1110199	0	712232	0
1110199	0	712235	0
1110199	0	7344200	0
1110199	0	7344201	0
1110199	0	7628033	0
1110199	0	7628037	0
1110199	0	7840255	0
1110199	0	789712	0
1110199	0	8160518	5
1110199	0	8160519	4
1110199	0	8160520	5
1110199	0	8160521	0
1110199	0	8160522	0
1110199	0	8160524	0
1110199	0	8160526	0
1110199	0	8160527	4
1110199	0	8404306	0
1110199	0	8404307	0
1110199	0	955120	0
1110199	0	986780	0
1112341	0	1087925	2
1112341	0	1087926	2
1112341	0	1087928	4
1112341	0	1253949	0
1112341	0	1288918	0
1112341	0	1373648	0
1112341	0	1450347	4
1112341	0	2095998	2
1112341	0	2173822	2
1112341	0	2517481	0
1112341	0	2596431	0
1112341	0	2596432	2
1112341	0	2694630	4
1112341	0	2694631	4
1112341	0	2694632	4
1112341	0	2694633	2
1112341	0	2694635	4
1112341	0	2694636	5
1112341	0	2735219	2
1112341	0	2835596	2
1112341	0	3118339	2
1112341	0	3118342	2
1112341	0	3252208	2
1112341	0	3274664	4
1112341	0	3291145	2
1112341	0	3291146	2
1112341	0	3291151	2
1112341	0	3408230	0
1112341	0	3493341	5
1112341	0	3519877	0
1112341	0	3524227	2
1112341	0	3666606	2
1112341	0	3795887	2
1112341	0	3795889	2
1112341	0	4022849	5
1112341	0	4390804	0
1112341	0	4461904	0
1112341	0	4703755	4
1112341	0	4704992	2
1112341	0	4833308	0
1112341	0	4833309	0
1112341	0	4833311	2
1112341	0	4833312	0
1112341	0	4977768	0
1112341	0	5043405	0
1112341	0	508019	2
1112341	0	508020	2
1112341	0	5133283	0
1112341	0	5133287	0
1112341	0	524251	2
1112341	0	5491786	0
1112341	0	550571	0
1112341	0	6164791	5
1112341	0	6227266	2
1112341	0	6303183	0
1112341	0	6311794	4
1112341	0	6311795	5
1112341	0	6311799	4
1112341	0	6311801	4
1112341	0	6339381	2
1112341	0	6459590	4
1112341	0	6478665	2
1112341	0	6715183	2
1112341	0	6715187	0
1112341	0	6726337	2
1112341	0	6726338	4
1112341	0	6726340	5
1112341	0	6726341	5
1112341	0	6726342	4
1112341	0	6726344	5
1112341	0	6726346	2
1112341	0	6873574	0
1112341	0	6947368	0
1112341	0	7079776	5
1112341	0	7615749	4
1112341	0	7708623	4
1112341	0	8134792	4
1112341	0	8139250	0
1112341	0	8139255	5
1112341	0	8139256	5
1112341	0	8139257	5
1112341	0	8139258	5
1112341	0	8326587	4
1112341	0	8326588	2
1112341	0	8337125	4
1112341	0	8337129	4
1112341	0	8442173	4
1112341	0	8442174	2
1112341	0	8442176	4
1112341	0	8442177	2
1112341	0	8442178	4
1112341	0	8442180	2
1112341	0	8606160	4
1112341	0	8606161	4
1112341	0	8651336	2
1112341	0	8700906	4
1112341	0	875123	4
1112341	0	8764445	0
1112341	0	90432	0
1112341	0	90433	2
1113437	0	1066538	2
1113437	0	1280567	0
1113437	0	1280568	5
1113437	0	1280569	0
1113437	0	1280571	0
1113437	0	1454814	5
1113437	0	1681785	2
1113437	0	1768727	2
1113437	0	1896939	2
1113437	0	1896943	5
1113437	0	2001933	2
1113437	0	2001934	2
1113437	0	2001936	2
1113437	0	2226349	5
1113437	0	2354941	2
1113437	0	2354947	5
1113437	0	2595622	2
1113437	0	2595628	0
1113437	0	3026984	2
1113437	0	3089474	0
1113437	0	3125154	2
1113437	0	3125155	2
1113437	0	3325381	2
1113437	0	3687620	2
1113437	0	3880944	5
1113437	0	4016930	2
1113437	0	4016933	2
1113437	0	4016934	0
1113437	0	4016937	2
1113437	0	4016938	2
1113437	0	4216336	0
1113437	0	4367832	5
1113437	0	4412234	2
1113437	0	4473156	5
1113437	0	4473157	5
1113437	0	4498867	2
1113437	0	4751835	5
1113437	0	4751839	0
1113437	0	4981632	0
1113437	0	5188747	2
1113437	0	520325	0
1113437	0	5514586	5
1113437	0	5514592	2
1113437	0	5514594	0
1113437	0	5546288	5
1113437	0	5591647	0
1113437	0	5863434	2
1113437	0	5938418	0
1113437	0	5938419	2
1113437	0	5938421	2
1113437	0	5938425	2
1113437	0	5996691	5
1113437	0	6021902	2
1113437	0	6148219	0
1113437	0	6174328	5
1113437	0	6174329	2
1113437	0	631946	0
1113437	0	631949	2
1113437	0	6593841	2
1113437	0	6593846	2
1113437	0	6597538	0
1113437	0	6688843	2
1113437	0	6688848	2
1113437	0	6792385	2
1113437	0	7263162	0
1113437	0	7263163	0
1113437	0	7377278	2
1113437	0	7385215	2
1113437	0	7385217	0
1113437	0	7385219	2
1113437	0	7385221	2
1113437	0	7385222	2
1113437	0	742037	2
1113437	0	742039	0
1113437	0	742044	2
1113437	0	7890527	0
1113437	0	8128790	2
1113437	0	8128792	2
1113437	0	8128793	2
1113437	0	8128794	2
1113437	0	8128795	2
1113437	0	8128796	2
1113437	0	8128798	2
1113437	0	8162984	2
1113437	0	8361680	0
1113437	0	8503446	2
1113437	0	8503447	2
1113437	0	8503449	0
1113437	0	8503450	2
1113437	0	8503451	0
1113437	0	8503452	0
1113437	0	8503453	0
1113437	0	8503455	0
1113437	0	8729210	2
1113437	0	8729212	2
1113437	0	8729214	0
1113437	0	8729215	2
1113437	0	8729216	2
1113437	0	8729218	2
1113437	0	8729219	5
1114646	0	1203975	0
1114646	0	1320853	0
1114646	0	1320856	0
1114646	0	1713662	0
1114646	0	1884059	3
1114646	0	1919864	0
1114646	0	2003060	0
1114646	0	2201127	5
1114646	0	2245935	0
1114646	0	2245938	0
1114646	0	2312898	0
1114646	0	238332	0
1114646	0	2524143	0
1114646	0	2647994	5
1114646	0	266552	3
1114646	0	2676807	3
1114646	0	2695584	0
1114646	0	288448	0
1114646	0	2911035	3
1114646	0	2911039	3
1114646	0	2911040	3
1114646	0	3056368	3
1114646	0	3184850	2
1114646	0	3184851	3
1114646	0	3249944	2
1114646	0	3467665	3
1114646	0	3480746	0
1114646	0	3480748	0
1114646	0	3996005	0
1114646	0	4145526	0
1114646	0	4329469	0
1114646	0	4332918	3
1114646	0	444374	5
1114646	0	444375	2
1114646	0	444377	3
1114646	0	444380	5
1114646	0	444382	0
1114646	0	4512955	0
1114646	0	4512958	0
1114646	0	4541939	0
1114646	0	4762665	0
1114646	0	4771285	2
1114646	0	4774522	0
1114646	0	482778	0
1114646	0	4919404	0
1114646	0	492400	0
1114646	0	4969553	0
1114646	0	5041692	3
1114646	0	5126393	0
1114646	0	5127880	0
1114646	0	5127884	0
1114646	0	5217702	3
1114646	0	5229617	3
1114646	0	5279567	5
1114646	0	529083	0
1114646	0	5376819	0
1114646	0	5417949	3
1114646	0	5417952	5
1114646	0	5417953	5
1114646	0	5417954	5
1114646	0	54346	0
1114646	0	5533216	0
1114646	0	5640856	3
1114646	0	5640859	3
1114646	0	5661838	3
1114646	0	579554	3
1114646	0	5836029	3
1114646	0	6124144	0
1114646	0	6124145	0
1114646	0	6124147	0
1114646	0	6348309	5
1114646	0	6704400	3
1114646	0	6704401	5
1114646	0	6711103	5
1114646	0	687064	3
1114646	0	6886644	0
1114646	0	7065010	3
1114646	0	7196956	3
1114646	0	7196961	3
1114646	0	771368	3
1114646	0	7726514	0
1114646	0	7762609	0
1114646	0	8117087	3
1114646	0	8117088	2
1114646	0	8117089	5
1114646	0	8117090	5
1114646	0	8117091	5
1114646	0	8117092	5
1114646	0	8117094	5
1114646	0	8117095	3
1114646	0	8117096	5
1114646	0	8327369	3
1114646	0	8329774	0
1114646	0	8363267	0
1114646	0	8363271	0
1114646	0	8385147	0
1114646	0	857788	3
1114646	0	857789	3
1114646	0	857796	0
1114646	0	8665820	3
1114819	0	1009500	0
1114819	0	1248112	2
1114819	0	1302004	4
1114819	0	1302007	4
1114819	0	1315993	4
1114819	0	1315994	4
1114819	0	1315995	4
1114819	0	1315996	2
1114819	0	1315998	4
1114819	0	1316000	2
1114819	0	1419798	1
1114819	0	1419801	0
1114819	0	1625836	4
1114819	0	1724520	4
1114819	0	1724525	4
1114819	0	1724526	0
1114819	0	1735443	0
1114819	0	1738242	4
1114819	0	1738243	2
1114819	0	1738250	4
1114819	0	1816958	0
1114819	0	1852066	1
1114819	0	2008577	2
1114819	0	2136434	4
1114819	0	2212059	2
1114819	0	2477692	2
1114819	0	2590453	1
1114819	0	2590454	2
1114819	0	2590455	1
1114819	0	2831393	0
1114819	0	2879085	2
1114819	0	344350	4
1114819	0	344351	2
1114819	0	3484458	2
1114819	0	3781418	4
1114819	0	3781422	0
1114819	0	3906952	2
1114819	0	3906954	2
1114819	0	3906959	4
1114819	0	4890560	2
1114819	0	5019832	2
1114819	0	5019839	2
1114819	0	5156171	0
1114819	0	5165249	2
1114819	0	534362	2
1114819	0	5521371	4
1114819	0	5521373	4
1114819	0	5628950	0
1114819	0	5628952	2
1114819	0	5628955	0
1114819	0	5718417	0
1114819	0	6202321	0
1114819	0	6820823	2
1114819	0	6900766	2
1114819	0	6900767	2
1114819	0	6900769	1
1114819	0	6900773	2
1114819	0	6900774	4
1114819	0	6941478	4
1114819	0	694735	0
1114819	0	694737	2
1114819	0	7132894	0
1114819	0	7132895	0
1114819	0	750446	0
1114819	0	7588045	2
1114819	0	7803435	2
1114819	0	785027	4
1114819	0	8022276	4
1114819	0	8022280	4
1114819	0	8024890	4
1114819	0	8027206	2
1114819	0	8088111	0
1114819	0	8096817	2
1114819	0	8096824	2
1114819	0	8115435	2
1114819	0	8115439	2
1114819	0	8115440	4
1114819	0	8115700	0
1114819	0	8115701	0
1114819	0	8115705	0
1114819	0	8336225	2
1114819	0	8336229	4
1114819	0	8336230	2
1114819	0	8336232	1
1114819	0	8480574	2
1114819	0	8508255	2
1114819	0	8508259	2
1114819	0	8508263	4
1114819	0	8579835	0
1114819	0	8625086	4
1114819	0	8736056	2
1114819	0	8754397	2
1114819	0	8754398	4
1114819	0	8754404	1
1114819	0	8768742	4
1114819	0	988370	4
1114819	0	988373	4
1114819	0	988374	0
1114819	0	988376	4
1114819	0	988378	1
1115776	0	1024554	4
1115776	0	1036904	4
1115776	0	1131734	0
1115776	0	1470410	0
1115776	0	1551024	0
1115776	0	1583930	0
1115776	0	1593001	0
1115776	0	1593006	4
1115776	0	1729572	4
1115776	0	1729576	4
1115776	0	1931035	0
1115776	0	2052727	4
1115776	0	2052728	4
1115776	0	2052730	4
1115776	0	2054815	4
1115776	0	2054819	4
1115776	0	2364285	4
1115776	0	2379497	0
1115776	0	2463576	0
1115776	0	2514462	0
1115776	0	266655	0
1115776	0	266658	0
1115776	0	266660	4
1115776	0	3344075	0
1115776	0	3411245	0
1115776	0	3469357	5
1115776	0	3626857	0
1115776	0	3626866	0
1115776	0	388122	0
1115776	0	3972605	4
1115776	0	3972606	0
1115776	0	4051141	0
1115776	0	4051145	0
1115776	0	4131485	4
1115776	0	4314169	4
1115776	0	4314171	4
1115776	0	4314172	5
1115776	0	4314174	4
1115776	0	4314175	4
1115776	0	4314176	5
1115776	0	4314178	4
1115776	0	4487937	4
1115776	0	4673198	0
1115776	0	4875857	0
1115776	0	4875858	0
1115776	0	492332	0
1115776	0	499309	0
1115776	0	5264931	4
1115776	0	5366585	0
1115776	0	5442399	0
1115776	0	5605159	0
1115776	0	5605160	0
1115776	0	5741317	0
1115776	0	5741321	0
1115776	0	5741322	0
1115776	0	5756364	0
1115776	0	5756367	0
1115776	0	5817439	0
1115776	0	5950738	4
1115776	0	5992104	0
1115776	0	6064471	0
1115776	0	622467	0
1115776	0	6318781	0
1115776	0	6326329	0
1115776	0	6564290	0
1115776	0	6564291	0
1115776	0	6692795	0
1115776	0	6718802	4
1115776	0	6934010	4
1115776	0	6973128	0
1115776	0	6973131	0
1115776	0	6989198	4
1115776	0	7015926	0
1115776	0	7140932	0
1115776	0	7183516	4
1115776	0	7271776	0
1115776	0	8099693	0
1115776	0	8099694	0
1115776	0	8099695	0
1115776	0	8099698	0
1115776	0	8106317	5
1115776	0	8106318	4
1115776	0	8106320	5
1115776	0	8106321	5
1115776	0	8106322	0
1115776	0	8106323	4
1115776	0	8106324	4
1115776	0	8108813	0
1115776	0	8177307	0
1115776	0	8177308	4
1115776	0	8177309	0
1115776	0	8177313	0
1115776	0	8382248	0
1115776	0	8417615	0
1115776	0	843572	0
1115776	0	8495250	4
1115776	0	8496317	0
1115776	0	8621766	0
1115776	0	8621772	0
1115776	0	900808	0
1117099	0	1123494	0
1117099	0	1123496	0
1117099	0	1252737	0
1117099	0	1389420	5
1117099	0	1445087	3
1117099	0	1542026	0
1117099	0	1798612	5
1117099	0	1798619	4
1117099	0	1798620	5
1117099	0	1986011	0
1117099	0	2109699	0
1117099	0	2128238	0
1117099	0	2128240	0
1117099	0	2157566	0
1117099	0	2867222	0
1117099	0	3019325	0
1117099	0	3104260	0
1117099	0	3104262	0
1117099	0	3104266	3
1117099	0	3128108	0
1117099	0	3128111	0
1117099	0	3128114	0
1117099	0	334615	4
1117099	0	3349612	5
1117099	0	3522902	3
1117099	0	3543106	5
1117099	0	3633442	0
1117099	0	375965	0
1117099	0	3921953	0
1117099	0	3973311	0
1117099	0	3973315	0
1117099	0	4268796	0
1117099	0	4268798	0
1117099	0	4441325	4
1117099	0	4458509	5
1117099	0	4458510	4
1117099	0	4458512	5
1117099	0	4759491	0
1117099	0	4759493	0
1117099	0	4759494	0
1117099	0	4759495	0
1117099	0	4759497	0
1117099	0	514309	3
1117099	0	514314	0
1117099	0	5149273	0
1117099	0	5258462	4
1117099	0	5286535	4
1117099	0	5286538	5
1117099	0	5286539	5
1117099	0	5377585	0
1117099	0	5699286	0
1117099	0	5752877	3
1117099	0	5795852	0
1117099	0	5817484	0
1117099	0	5874016	0
1117099	0	5874017	0
1117099	0	59312	0
1117099	0	5950904	0
1117099	0	5950907	0
1117099	0	5950908	0
1117099	0	5979210	0
1117099	0	5979211	0
1117099	0	6122720	4
1117099	0	6122721	4
1117099	0	6122722	5
1117099	0	6122723	5
1117099	0	6122724	4
1117099	0	6534818	4
1117099	0	6579664	3
1117099	0	6776508	0
1117099	0	6936935	3
1117099	0	6940557	0
1117099	0	6940558	0
1117099	0	6993942	4
1117099	0	700495	0
1117099	0	700497	0
1117099	0	7135561	0
1117099	0	714808	5
1117099	0	7313639	0
1117099	0	7313643	0
1117099	0	7408505	0
1117099	0	74528	0
1117099	0	7610604	0
1117099	0	8019446	0
1117099	0	8072928	0
1117099	0	8072932	0
1117099	0	8093927	4
1117099	0	8093931	4
1117099	0	8093932	5
1117099	0	8093933	4
1117099	0	8093934	5
1117099	0	8144478	0
1117099	0	8208315	4
1117099	0	8446501	5
1117099	0	8446502	4
1117099	0	8446504	4
1117099	0	8446505	5
1117099	0	8446506	4
1117099	0	8714082	4
1117099	0	8838111	5
1121402	0	1249687	2
1121402	0	1323047	2
1121402	0	1323048	2
1121402	0	1429447	2
1121402	0	1429448	2
1121402	0	182364	2
1121402	0	182365	4
1121402	0	182366	4
1121402	0	182367	4
1121402	0	182368	5
1121402	0	182369	5
1121402	0	182370	2
1121402	0	182371	4
1121402	0	182372	5
1121402	0	182373	2
1121402	0	188209	4
1121402	0	188210	4
1121402	0	188211	2
1121402	0	188213	5
1121402	0	188214	2
1121402	0	188215	2
1121402	0	188216	2
1121402	0	188217	2
1121402	0	188218	2
1121402	0	2042119	2
1121402	0	2070714	2
1121402	0	2070717	0
1121402	0	2191941	2
1121402	0	252277	0
1121402	0	2633464	2
1121402	0	2681041	0
1121402	0	2681042	2
1121402	0	2681043	2
1121402	0	2681045	2
1121402	0	2681046	0
1121402	0	2681048	2
1121402	0	3412904	2
1121402	0	3412909	2
1121402	0	3511789	5
1121402	0	3511795	0
1121402	0	3674181	2
1121402	0	3674187	2
1121402	0	3785307	2
1121402	0	3785308	4
1121402	0	3785309	2
1121402	0	3785310	2
1121402	0	4098073	0
1121402	0	4293064	0
1121402	0	43770	2
1121402	0	4449258	5
1121402	0	4449267	5
1121402	0	4486893	0
1121402	0	4616915	0
1121402	0	4620827	2
1121402	0	465101	0
1121402	0	465103	0
1121402	0	4893517	0
1121402	0	4893520	2
1121402	0	5048803	2
1121402	0	5103865	0
1121402	0	5189913	5
1121402	0	5189915	2
1121402	0	5189916	0
1121402	0	53696	0
1121402	0	5662150	0
1121402	0	6001847	2
1121402	0	7011506	4
1121402	0	7059621	2
1121402	0	7125978	2
1121402	0	7125980	5
1121402	0	7125981	5
1121402	0	7125982	4
1121402	0	7125983	5
1121402	0	7125985	2
1121402	0	7125987	5
1121402	0	7142994	5
1121402	0	7144703	2
1121402	0	7144705	0
1121402	0	7144708	2
1121402	0	7144709	2
1121402	0	7244820	2
1121402	0	7350653	0
1121402	0	7489485	2
1121402	0	7489487	2
1121402	0	7489488	0
1121402	0	7489490	0
1121402	0	7922814	0
1121402	0	8052617	4
1121402	0	8052619	4
1121402	0	8052620	5
1121402	0	8052621	5
1121402	0	8052622	5
1121402	0	8052623	5
1121402	0	8052624	5
1121402	0	8089444	5
1121402	0	8235730	2
1121402	0	8301689	0
1121402	0	8710743	0
1121402	0	8710746	0
1121402	0	8710749	0
1121709	0	1019579	0
1121709	0	1130925	0
1121709	0	1282652	0
1121709	0	1337300	0
1121709	0	1392335	0
1121709	0	1428558	0
1121709	0	1544063	0
1121709	0	1752809	0
1121709	0	1752813	0
1121709	0	181615	0
1121709	0	1937668	0
1121709	0	2051808	5
1121709	0	2254681	0
1121709	0	2450177	0
1121709	0	2678200	0
1121709	0	2706639	0
1121709	0	2706640	0
1121709	0	2706641	0
1121709	0	2706644	0
1121709	0	2706645	0
1121709	0	2706646	0
1121709	0	2736650	0
1121709	0	2862716	0
1121709	0	2862721	0
1121709	0	2909240	0
1121709	0	3093171	0
1121709	0	3151648	0
1121709	0	3158258	0
1121709	0	3165925	0
1121709	0	3239097	0
1121709	0	3310721	0
1121709	0	3423059	5
1121709	0	3423060	5
1121709	0	3423061	5
1121709	0	3423062	5
1121709	0	3423063	5
1121709	0	3423066	0
1121709	0	3423067	5
1121709	0	3445593	0
1121709	0	3593845	0
1121709	0	3631771	0
1121709	0	3632519	0
1121709	0	3734255	0
1121709	0	3861963	0
1121709	0	3891393	0
1121709	0	4156464	0
1121709	0	4205676	0
1121709	0	4463685	0
1121709	0	4507184	0
1121709	0	4566164	0
1121709	0	4832967	0
1121709	0	4884996	0
1121709	0	4928911	0
1121709	0	5101496	0
1121709	0	5198518	0
1121709	0	5266215	0
1121709	0	5719061	0
1121709	0	5719086	0
1121709	0	5777842	0
1121709	0	5781689	0
1121709	0	5829861	0
1121709	0	602393	0
1121709	0	6025896	0
1121709	0	6238758	0
1121709	0	6336517	0
1121709	0	6359259	0
1121709	0	6442070	0
1121709	0	6506760	0
1121709	0	6630430	0
1121709	0	700135	0
1121709	0	7050867	0
1121709	0	7313132	0
1121709	0	7397910	0
1121709	0	7473134	0
1121709	0	7473136	0
1121709	0	7473137	0
1121709	0	7473140	0
1121709	0	7656406	0
1121709	0	7741960	0
1121709	0	7783796	0
1121709	0	7996835	0
1121709	0	7996837	0
1121709	0	8024819	0
1121709	0	8049577	5
1121709	0	8049578	5
1121709	0	8049579	5
1121709	0	8049580	5
1121709	0	8049582	5
1121709	0	8049583	5
1121709	0	8049584	5
1121709	0	8049585	5
1121709	0	8049586	5
1121709	0	8392389	0
1121709	0	8621380	0
1121709	0	8655465	0
1121709	0	8655470	0
1121709	0	8784093	0
1121709	0	8798729	0
1121709	0	8811020	0
1121709	0	918204	5
1124210	0	1194682	0
1124210	0	131190	5
1124210	0	1362721	0
1124210	0	1383615	0
1124210	0	1383617	0
1124210	0	1383618	0
1124210	0	1383624	0
1124210	0	148318	0
1124210	0	1689639	5
1124210	0	1701417	0
1124210	0	1702008	0
1124210	0	181177	5
1124210	0	2070279	0
1124210	0	2200000	0
1124210	0	2200002	0
1124210	0	2258591	5
1124210	0	2258592	5
1124210	0	2258595	5
1124210	0	2258596	5
1124210	0	2303835	0
1124210	0	2303836	0
1124210	0	2303838	0
1124210	0	2494577	5
1124210	0	2632284	0
1124210	0	2728448	5
1124210	0	273566	0
1124210	0	3031380	0
1124210	0	3162331	5
1124210	0	3446170	0
1124210	0	3520552	0
1124210	0	3520553	0
1124210	0	3680798	0
1124210	0	3680799	0
1124210	0	3680800	0
1124210	0	3680801	0
1124210	0	3680802	0
1124210	0	3680805	0
1124210	0	371352	0
1124210	0	371357	0
1124210	0	3750823	0
1124210	0	3750824	0
1124210	0	3907021	0
1124210	0	4057442	0
1124210	0	4074148	0
1124210	0	4074149	0
1124210	0	4191083	0
1124210	0	4232134	0
1124210	0	4232139	0
1124210	0	4241350	0
1124210	0	4425464	0
1124210	0	475041	0
1124210	0	4794725	0
1124210	0	4794729	0
1124210	0	4840515	0
1124210	0	4957842	0
1124210	0	4958356	0
1124210	0	502337	0
1124210	0	5056100	0
1124210	0	5125015	0
1124210	0	5281849	0
1124210	0	5303910	0
1124210	0	5366909	0
1124210	0	5366913	0
1124210	0	546154	0
1124210	0	546155	0
1124210	0	546157	0
1124210	0	546158	0
1124210	0	5512675	0
1124210	0	5940130	0
1124210	0	5940134	0
1124210	0	607910	0
1124210	0	6172881	0
1124210	0	6213217	0
1124210	0	6263923	0
1124210	0	6552719	0
1124210	0	6704887	0
1124210	0	6992534	0
1124210	0	7205586	0
1124210	0	7205919	0
1124210	0	7205920	0
1124210	0	7205923	0
1124210	0	7208694	0
1124210	0	7229021	0
1124210	0	7234569	0
1124210	0	7278459	0
1124210	0	7278463	0
1124210	0	729893	0
1124210	0	7443586	5
1124210	0	7526587	0
1124210	0	7566672	0
1124210	0	7566674	0
1124210	0	7566675	0
1124210	0	7581155	0
1124210	0	7746535	0
1124210	0	7756780	0
1124210	0	7756781	0
1124210	0	7832730	0
1124210	0	7851118	0
1124210	0	8026737	5
1124210	0	841738	0
1129237	0	1080294	0
1129237	0	1160807	0
1129237	0	1169297	0
1129237	0	1169301	0
1129237	0	128982	4
1129237	0	128984	4
1129237	0	128989	4
1129237	0	1770027	0
1129237	0	1896189	0
1129237	0	1959030	0
1129237	0	2152821	4
1129237	0	2152828	0
1129237	0	2176863	0
1129237	0	2202086	0
1129237	0	2453794	4
1129237	0	2580204	3
1129237	0	2696926	4
1129237	0	2697746	4
1129237	0	2697752	4
1129237	0	2972916	0
1129237	0	3097761	0
1129237	0	3131122	4
1129237	0	3156016	0
1129237	0	321226	0
1129237	0	3247727	0
1129237	0	3285056	0
1129237	0	3352740	0
1129237	0	3456618	0
1129237	0	3641168	0
1129237	0	3683096	4
1129237	0	3905055	4
1129237	0	3905057	4
1129237	0	3905799	4
1129237	0	3905802	4
1129237	0	3932424	0
1129237	0	3950048	4
1129237	0	4141012	4
1129237	0	4254811	4
1129237	0	4254813	4
1129237	0	4254815	4
1129237	0	4254816	4
1129237	0	4449295	0
1129237	0	4569648	0
1129237	0	461835	0
1129237	0	4773351	0
1129237	0	4787274	0
1129237	0	483367	0
1129237	0	4915547	0
1129237	0	4924434	0
1129237	0	5032115	0
1129237	0	5619502	4
1129237	0	5627214	4
1129237	0	568162	0
1129237	0	5831781	4
1129237	0	5831788	4
1129237	0	5894033	0
1129237	0	5906130	4
1129237	0	5916672	0
1129237	0	6080460	4
1129237	0	6165827	0
1129237	0	6194649	0
1129237	0	6343520	4
1129237	0	6343521	4
1129237	0	6366866	0
1129237	0	6575091	0
1129237	0	6640165	0
1129237	0	6646337	0
1129237	0	6771711	4
1129237	0	6956014	4
1129237	0	7050921	0
1129237	0	7092638	0
1129237	0	7132886	0
1129237	0	7208025	0
1129237	0	7273363	0
1129237	0	7337950	0
1129237	0	7350325	0
1129237	0	7673289	0
1129237	0	767822	0
1129237	0	7688471	0
1129237	0	7874563	0
1129237	0	7874566	0
1129237	0	7911557	4
1129237	0	8033081	0
1129237	0	806652	4
1129237	0	824966	3
1129237	0	8450766	4
1129237	0	8469257	4
1129237	0	8588219	4
1129237	0	8588222	0
1129237	0	8588226	0
1129237	0	8588227	4
1129237	0	8596875	0
1129237	0	8658472	0
1129237	0	8682824	4
1129237	0	8712732	0
1129237	0	895802	0
1129237	0	931707	0
1129237	0	998747	0
1129237	0	998748	4
1129237	0	998751	4
1133167	0	1379370	0
1133167	0	1824479	0
1133167	0	1824480	0
1133167	0	1824481	0
1133167	0	1824484	0
1133167	0	1824485	0
1133167	0	1824486	0
1133167	0	1824487	0
1133167	0	1824488	0
1133167	0	1883272	0
1133167	0	1883273	0
1133167	0	1883276	0
1133167	0	1883280	0
1133167	0	1883281	0
1133167	0	190802	0
1133167	0	190803	0
1133167	0	190804	5
1133167	0	190805	0
1133167	0	190806	0
1133167	0	190808	0
1133167	0	190810	0
1133167	0	190811	0
1133167	0	2070087	0
1133167	0	2276678	0
1133167	0	2419498	0
1133167	0	2613291	0
1133167	0	2613296	0
1133167	0	3023120	0
1133167	0	3023123	0
1133167	0	3074599	5
1133167	0	3355083	0
1133167	0	3391439	0
1133167	0	3944276	0
1133167	0	3944277	0
1133167	0	3953805	0
1133167	0	3953807	0
1133167	0	434119	0
1133167	0	434120	0
1133167	0	434121	5
1133167	0	434123	0
1133167	0	434124	0
1133167	0	434125	0
1133167	0	434126	0
1133167	0	4443375	0
1133167	0	4498473	0
1133167	0	4498474	0
1133167	0	4498476	0
1133167	0	4498477	0
1133167	0	4498478	0
1133167	0	4498479	5
1133167	0	4550240	5
1133167	0	4550243	0
1133167	0	4550244	5
1133167	0	4712279	5
1133167	0	4922619	5
1133167	0	4926197	0
1133167	0	4973626	0
1133167	0	5674623	0
1133167	0	5787117	0
1133167	0	6112586	5
1133167	0	6112587	0
1133167	0	6112590	5
1133167	0	6142	0
1133167	0	6257034	0
1133167	0	6299572	0
1133167	0	6299576	0
1133167	0	6467517	0
1133167	0	6467518	5
1133167	0	6467523	0
1133167	0	6467524	0
1133167	0	7093509	0
1133167	0	7093510	0
1133167	0	7093511	0
1133167	0	7217705	0
1133167	0	7218012	0
1133167	0	7218015	0
1133167	0	7486594	0
1133167	0	7486602	0
1133167	0	7762240	0
1133167	0	7793408	0
1133167	0	7793411	0
1133167	0	8003301	0
1133167	0	8033644	0
1133167	0	8033645	0
1133167	0	8033647	0
1133167	0	8033648	0
1133167	0	8033650	0
1133167	0	8160224	0
1133167	0	8160241	0
1133167	0	8160243	0
1133167	0	823272	0
1133167	0	823274	5
1133167	0	823275	0
1133167	0	823277	0
1133167	0	823280	0
1133167	0	8250498	0
1133167	0	8255704	0
1133167	0	8255705	0
1133167	0	8255706	5
1133167	0	8415743	0
130510	0	1110766	3
130510	0	1159414	4
130510	0	1494930	4
130510	0	1494931	4
130510	0	1494932	4
130510	0	1494933	3
130510	0	1494935	4
130510	0	1494936	5
130510	0	1494938	5
130510	0	1494939	5
130510	0	179622	0
130510	0	179623	0
130510	0	1799013	0
130510	0	1972340	0
130510	0	2079377	2
130510	0	2346969	3
130510	0	2490145	0
130510	0	2490146	3
130510	0	2490150	0
130510	0	2490154	3
130510	0	2839082	0
130510	0	2862515	3
130510	0	2862518	3
130510	0	2862522	3
130510	0	2982053	4
130510	0	3163980	4
130510	0	3525026	0
130510	0	3913770	4
130510	0	3913772	0
130510	0	3913773	0
130510	0	3913774	0
130510	0	3913775	0
130510	0	3913776	0
130510	0	3913778	0
130510	0	3913779	0
130510	0	3995677	3
130510	0	4022904	4
130510	0	417583	2
130510	0	4189500	4
130510	0	4528804	0
130510	0	4528806	0
130510	0	4528807	0
130510	0	4528808	2
130510	0	4528809	0
130510	0	4528810	2
130510	0	4528811	2
130510	0	4528812	0
130510	0	4528813	2
130510	0	4804307	4
130510	0	5685704	0
130510	0	5685705	0
130510	0	5685706	2
130510	0	5685707	0
130510	0	5685708	0
130510	0	5685711	0
130510	0	5930009	2
130510	0	5930010	0
130510	0	5930011	0
130510	0	5930012	2
130510	0	5930013	0
130510	0	5930014	0
130510	0	5930018	0
130510	0	6035035	3
130510	0	6183638	3
130510	0	6229727	4
130510	0	6229732	0
130510	0	6229733	0
130510	0	6486232	3
130510	0	6575500	3
130510	0	6621100	3
130510	0	6677359	0
130510	0	6763277	3
130510	0	6815300	4
130510	0	6881818	2
130510	0	6881820	0
130510	0	7125239	4
130510	0	7203252	3
130510	0	7479905	4
130510	0	7501557	4
130510	0	7501558	5
130510	0	7501563	4
130510	0	7779650	0
130510	0	783657	3
130510	0	783658	0
130510	0	783662	0
130510	0	783664	0
130510	0	783665	0
130510	0	799647	5
130510	0	8083814	4
130510	0	8094068	0
130510	0	8514425	3
130510	0	8612902	4
130510	0	8612903	5
130510	0	8612904	5
130510	0	8612905	4
130510	0	8612906	5
130510	0	8612909	5
130510	0	8612910	5
130510	0	996732	3
130510	0	996740	3
131843	0	1019934	0
131843	0	1019935	0
131843	0	1019936	0
131843	0	1019938	0
131843	0	1101587	0
131843	0	1133058	0
131843	0	1222339	0
131843	0	1429616	0
131843	0	1597975	0
131843	0	1600913	0
131843	0	1621724	0
131843	0	1781040	0
131843	0	1830509	0
131843	0	1895120	0
131843	0	2103970	0
131843	0	2104933	0
131843	0	2126682	0
131843	0	2170725	0
131843	0	2286036	0
131843	0	2378491	0
131843	0	2526491	0
131843	0	2623607	0
131843	0	2623616	0
131843	0	2683747	5
131843	0	2914687	0
131843	0	31718	0
131843	0	3368900	0
131843	0	3432705	0
131843	0	352863	0
131843	0	3564032	0
131843	0	3841396	5
131843	0	3937054	0
131843	0	3937056	0
131843	0	4036688	0
131843	0	4036689	0
131843	0	4036690	0
131843	0	4036695	0
131843	0	4235202	0
131843	0	4235204	0
131843	0	4440568	0
131843	0	4440571	0
131843	0	4461384	0
131843	0	4695186	0
131843	0	5074688	0
131843	0	5124823	0
131843	0	5297238	0
131843	0	5319115	0
131843	0	5324710	0
131843	0	5325671	0
131843	0	5325672	0
131843	0	5325675	0
131843	0	5325677	0
131843	0	5685851	0
131843	0	6028399	0
131843	0	6028403	0
131843	0	6086584	0
131843	0	6086587	0
131843	0	6121785	0
131843	0	6121787	0
131843	0	6335670	0
131843	0	6487859	0
131843	0	6533880	0
131843	0	6779775	0
131843	0	7269086	0
131843	0	7269088	0
131843	0	7269089	0
131843	0	7269092	0
131843	0	7269095	0
131843	0	7759230	0
131843	0	7880471	0
131843	0	8305151	5
131843	0	8305152	5
131843	0	8305153	5
131843	0	8305154	5
131843	0	8305155	5
131843	0	8305156	5
131843	0	8305158	5
131843	0	8382296	0
131843	0	8456963	0
131843	0	8456964	0
131843	0	8456965	0
131843	0	8456966	0
131843	0	8456967	0
131843	0	8456970	0
131843	0	8573227	0
131843	0	8598786	0
131843	0	8598788	0
131843	0	8600961	0
131843	0	8690086	0
131843	0	8710813	5
131843	0	884231	0
131843	0	884234	0
131843	0	895362	0
131843	0	985988	5
131843	0	985989	5
131843	0	985990	5
131843	0	985991	5
131843	0	985992	5
131843	0	985994	5
131843	0	985995	5
146187	0	1077549	0
146187	0	1138801	0
146187	0	1230566	3
146187	0	1254157	3
146187	0	1367167	3
146187	0	1369239	0
146187	0	1493345	0
146187	0	1493352	0
146187	0	1972078	0
146187	0	1995994	0
146187	0	2040185	0
146187	0	2226090	3
146187	0	2226093	5
146187	0	2226094	3
146187	0	2257806	3
146187	0	315525	3
146187	0	3523051	0
146187	0	3615731	3
146187	0	3758956	3
146187	0	3963187	3
146187	0	3963189	3
146187	0	4026486	0
146187	0	4214923	3
146187	0	4214925	3
146187	0	4216895	3
146187	0	4216897	0
146187	0	4216901	0
146187	0	4216902	0
146187	0	4306847	5
146187	0	4631167	0
146187	0	4741857	5
146187	0	4777144	5
146187	0	4921740	0
146187	0	4921741	0
146187	0	5217815	0
146187	0	5238589	0
146187	0	5251981	0
146187	0	5548652	3
146187	0	5548655	0
146187	0	5566562	0
146187	0	5590506	3
146187	0	5746033	0
146187	0	5836454	0
146187	0	5844996	0
146187	0	5929430	5
146187	0	5999108	0
146187	0	6015024	3
146187	0	6015026	5
146187	0	6015027	3
146187	0	6417741	0
146187	0	6430257	0
146187	0	6430258	3
146187	0	6430259	0
146187	0	6430260	3
146187	0	6483699	0
146187	0	6620285	0
146187	0	6929047	0
146187	0	7093332	0
146187	0	7093334	0
146187	0	7096817	0
146187	0	7096819	0
146187	0	7096823	0
146187	0	7126360	0
146187	0	7405002	5
146187	0	744165	5
146187	0	744167	5
146187	0	744171	0
146187	0	7601871	0
146187	0	76342	5
146187	0	76344	3
146187	0	76348	5
146187	0	7704674	0
146187	0	7704676	0
146187	0	7704679	0
146187	0	7772761	0
146187	0	7782525	0
146187	0	7782529	0
146187	0	7836294	0
146187	0	7836296	0
146187	0	7836297	0
146187	0	7956019	0
146187	0	8042965	0
146187	0	8042968	0
146187	0	8042969	0
146187	0	8113798	0
146187	0	8361899	0
146187	0	8361901	0
146187	0	8361902	0
146187	0	8361905	0
146187	0	8434617	5
146187	0	8434618	3
146187	0	8434619	5
146187	0	8434620	5
146187	0	8434621	5
146187	0	8434622	5
146187	0	8434623	5
146187	0	8434624	5
146187	0	8434625	5
146187	0	8434626	5
146187	0	8795490	0
148538	0	1147038	1
148538	0	1147044	1
148538	0	1147046	1
148538	0	1299823	1
148538	0	1299824	1
148538	0	1299830	1
148538	0	1311206	1
148538	0	1311209	1
148538	0	1314489	1
148538	0	1384447	5
148538	0	1384448	1
148538	0	1736918	1
148538	0	1828171	1
148538	0	1950974	1
148538	0	1950976	1
148538	0	1950983	1
148538	0	1969519	1
148538	0	1969521	1
148538	0	1985490	1
148538	0	1985491	1
148538	0	2033795	1
148538	0	2033800	1
148538	0	2177849	1
148538	0	231453	5
148538	0	231455	5
148538	0	23586	0
148538	0	2368188	1
148538	0	2368189	1
148538	0	245016	0
148538	0	2455774	1
148538	0	2455779	1
148538	0	2564821	1
148538	0	2643562	1
148538	0	2915322	1
148538	0	2915323	1
148538	0	332398	0
148538	0	332400	1
148538	0	332401	1
148538	0	332406	1
148538	0	332407	0
148538	0	3353306	1
148538	0	3393970	0
148538	0	3557943	1
148538	0	3588269	1
148538	0	3631449	0
148538	0	3918785	1
148538	0	3918789	1
148538	0	4185812	1
148538	0	4225978	0
148538	0	4264121	1
148538	0	4264123	1
148538	0	4264124	1
148538	0	4447598	1
148538	0	4447601	5
148538	0	4539654	1
148538	0	4539657	1
148538	0	4539663	0
148538	0	4607262	1
148538	0	4607263	1
148538	0	4660637	1
148538	0	4959633	1
148538	0	4959637	1
148538	0	4959638	1
148538	0	5077704	1
148538	0	5077709	0
148538	0	5171599	1
148538	0	5171603	1
148538	0	5171605	1
148538	0	5606202	1
148538	0	581145	1
148538	0	615402	1
148538	0	615407	1
148538	0	6234125	0
148538	0	6377902	1
148538	0	6543862	1
148538	0	6600519	1
148538	0	6697437	1
148538	0	6704661	1
148538	0	6846343	1
148538	0	6894608	1
148538	0	7407803	5
148538	0	7407811	1
148538	0	7407812	1
148538	0	7496116	1
148538	0	753805	1
148538	0	7543015	0
148538	0	784460	1
148538	0	7858769	0
148538	0	8283530	1
148538	0	8283531	5
148538	0	8283532	1
148538	0	8283533	1
148538	0	8388795	1
148538	0	8618875	1
148538	0	985488	0
148538	0	985489	1
148538	0	985490	1
148538	0	985491	5
148538	0	985494	1
148538	0	986845	0
156493	0	1101607	1
156493	0	1277723	1
156493	0	1277725	1
156493	0	1277726	1
156493	0	1277727	1
156493	0	1347266	1
156493	0	1643747	0
156493	0	1939298	0
156493	0	1960255	1
156493	0	1960257	1
156493	0	1960259	1
156493	0	1960260	1
156493	0	1960261	1
156493	0	2123395	1
156493	0	2259179	1
156493	0	2259182	1
156493	0	2259183	1
156493	0	2317807	1
156493	0	2378078	0
156493	0	2378079	0
156493	0	2411918	1
156493	0	2598786	1
156493	0	2598787	1
156493	0	2612486	1
156493	0	2612488	1
156493	0	2612490	1
156493	0	2612491	1
156493	0	2612492	1
156493	0	2612493	1
156493	0	2717163	1
156493	0	2928700	1
156493	0	2928702	1
156493	0	2928704	1
156493	0	2928705	1
156493	0	2928707	1
156493	0	2949801	1
156493	0	2949802	1
156493	0	3218251	1
156493	0	3288595	1
156493	0	3288596	1
156493	0	3288597	1
156493	0	3288598	1
156493	0	3288599	1
156493	0	3288600	1
156493	0	3288601	1
156493	0	3288603	1
156493	0	349638	1
156493	0	349643	1
156493	0	3603920	1
156493	0	3603922	1
156493	0	3603923	1
156493	0	4219345	0
156493	0	4396054	0
156493	0	4400814	1
156493	0	4465044	1
156493	0	4527706	1
156493	0	4542584	1
156493	0	4583221	1
156493	0	4940228	1
156493	0	4940232	0
156493	0	5122747	0
156493	0	5326286	0
156493	0	5346660	1
156493	0	5530082	1
156493	0	6129968	1
156493	0	6139382	1
156493	0	6139386	1
156493	0	6267258	1
156493	0	6524746	1
156493	0	6775071	1
156493	0	6983821	1
156493	0	7371077	1
156493	0	7371078	1
156493	0	7371079	1
156493	0	750111	1
156493	0	8182159	1
156493	0	8182160	1
156493	0	8182161	1
156493	0	8182162	1
156493	0	8182163	1
156493	0	8182165	1
156493	0	8182166	1
156493	0	8245444	1
156493	0	8273011	1
156493	0	8273017	1
156493	0	8273018	0
156493	0	8273019	1
156493	0	8725864	0
156493	0	8820526	1
156493	0	8820527	1
156493	0	8820531	0
156493	0	885944	1
156493	0	892007	0
156493	0	95512	1
156493	0	95514	1
156493	0	95515	1
156493	0	95517	1
156493	0	95518	1
156493	0	95521	1
156493	0	994486	1
168216	0	1090089	0
168216	0	1301465	1
168216	0	1301467	1
168216	0	1301469	1
168216	0	1301472	1
168216	0	1301473	0
168216	0	1301474	1
168216	0	13499	1
168216	0	1381477	1
168216	0	1735358	1
168216	0	1735360	1
168216	0	1860843	0
168216	0	1924796	1
168216	0	1924800	1
168216	0	2036279	1
168216	0	2069992	1
168216	0	2069995	1
168216	0	2210775	1
168216	0	2210780	1
168216	0	2265769	1
168216	0	2659074	1
168216	0	2790904	1
168216	0	2806307	0
168216	0	290826	1
168216	0	3033359	1
168216	0	3174840	1
168216	0	3198687	1
168216	0	3198689	1
168216	0	3344828	1
168216	0	3344834	1
168216	0	3399712	1
168216	0	3399713	1
168216	0	3399715	1
168216	0	3399718	0
168216	0	3463556	1
168216	0	3681095	1
168216	0	3681097	1
168216	0	3830857	1
168216	0	3908773	1
168216	0	3908774	1
168216	0	3908776	1
168216	0	3908777	1
168216	0	4119829	1
168216	0	4191395	1
168216	0	4245218	0
168216	0	4324490	0
168216	0	4324491	1
168216	0	4324492	0
168216	0	4600607	0
168216	0	4600610	0
168216	0	4741403	0
168216	0	4741406	0
168216	0	4792582	1
168216	0	4792583	1
168216	0	5024307	1
168216	0	5024311	0
168216	0	5024313	0
168216	0	5114458	0
168216	0	5293614	1
168216	0	5771045	1
168216	0	5935474	1
168216	0	5935476	1
168216	0	6012600	0
168216	0	6061718	1
168216	0	6061722	1
168216	0	6213322	1
168216	0	6213325	1
168216	0	6219118	0
168216	0	6249512	1
168216	0	6264731	1
168216	0	6264732	1
168216	0	6264734	1
168216	0	6264735	0
168216	0	6282560	1
168216	0	6282561	1
168216	0	6282562	1
168216	0	6282567	1
168216	0	6329932	0
168216	0	6426632	1
168216	0	6426634	1
168216	0	6426638	1
168216	0	6584042	1
168216	0	7337513	1
168216	0	7492755	1
168216	0	7595684	0
168216	0	8048968	0
168216	0	8185131	1
168216	0	8185135	1
168216	0	8185137	1
168216	0	8252763	1
168216	0	8319213	0
168216	0	8639627	1
168216	0	8639630	1
168216	0	8723467	1
168216	0	8731617	1
168216	0	8731618	1
168216	0	8731621	1
168216	0	8731622	1
168216	0	8731623	1
168216	0	8731625	1
182539	0	1094157	2
182539	0	1229197	0
182539	0	1307232	2
182539	0	1307234	3
182539	0	1307235	3
182539	0	146695	0
182539	0	1497952	0
182539	0	1512198	0
182539	0	1638687	5
182539	0	1638689	2
182539	0	1638690	2
182539	0	1638691	2
182539	0	1638694	3
182539	0	1664297	2
182539	0	176563	0
182539	0	1798203	2
182539	0	1956775	2
182539	0	1996675	0
182539	0	1996680	0
182539	0	2009617	2
182539	0	2041085	0
182539	0	2092202	5
182539	0	2165968	5
182539	0	2234015	0
182539	0	2273384	0
182539	0	2787602	3
182539	0	2801795	0
182539	0	2909954	5
182539	0	2909960	3
182539	0	2909961	3
182539	0	3009872	0
182539	0	3009878	0
182539	0	330179	5
182539	0	3760957	3
182539	0	3760964	2
182539	0	3777193	0
182539	0	3858310	0
182539	0	3883077	3
182539	0	3883081	5
182539	0	4370020	2
182539	0	4438902	5
182539	0	4468612	0
182539	0	4730803	3
182539	0	4776378	0
182539	0	4985182	0
182539	0	503147	0
182539	0	5567729	5
182539	0	5567732	3
182539	0	57443	5
182539	0	57444	3
182539	0	57447	5
182539	0	57448	3
182539	0	57449	5
182539	0	57450	2
182539	0	57452	5
182539	0	5756776	0
182539	0	6037973	2
182539	0	6097108	5
182539	0	6135907	2
182539	0	6282906	3
182539	0	6283812	0
182539	0	646260	3
182539	0	6596440	5
182539	0	6783449	3
182539	0	6816574	5
182539	0	6965540	2
182539	0	6980965	5
182539	0	6995118	0
182539	0	7034196	0
182539	0	7085056	0
182539	0	7085057	0
182539	0	7088372	2
182539	0	7291427	0
182539	0	7371255	5
182539	0	7371257	3
182539	0	7371259	3
182539	0	7371261	3
182539	0	7371262	3
182539	0	7439970	0
182539	0	7527837	5
182539	0	7579347	3
182539	0	7583024	5
182539	0	7730613	0
182539	0	7745556	0
182539	0	8299659	3
182539	0	8299661	3
182539	0	8299665	0
182539	0	8299668	3
182539	0	830471	2
182539	0	8349147	0
182539	0	8470381	3
182539	0	8515182	5
182539	0	8636665	0
182539	0	8757178	3
182539	0	8757179	5
182539	0	8757180	5
182539	0	8757181	3
182539	0	8757182	5
182539	0	8757183	2
182539	0	8757184	5
183378	0	1050571	0
183378	0	1239964	2
183378	0	1289489	2
183378	0	1289490	2
183378	0	1289492	2
183378	0	1289493	2
183378	0	1289494	0
183378	0	1289495	1
183378	0	1289496	2
183378	0	1289497	2
183378	0	1666386	0
183378	0	1678836	0
183378	0	2040104	0
183378	0	2040106	0
183378	0	2040111	0
183378	0	2352713	1
183378	0	2352716	2
183378	0	2533259	0
183378	0	2533260	1
183378	0	2533262	0
183378	0	2874543	2
183378	0	3009378	2
183378	0	3093214	2
183378	0	3093217	2
183378	0	3093218	1
183378	0	3185607	2
183378	0	3185611	2
183378	0	327908	2
183378	0	3389578	2
183378	0	3389579	2
183378	0	3389581	2
183378	0	3389582	1
183378	0	3389584	2
183378	0	3867604	1
183378	0	3928768	2
183378	0	3987911	1
183378	0	4493913	2
183378	0	4493914	2
183378	0	4493915	2
183378	0	4493916	2
183378	0	4493917	2
183378	0	4493918	1
183378	0	4493919	1
183378	0	4493920	2
183378	0	4493921	1
183378	0	4493922	1
183378	0	4727412	1
183378	0	4727417	2
183378	0	4727418	2
183378	0	4803847	2
183378	0	4803848	2
183378	0	5391354	1
183378	0	5460939	2
183378	0	5460941	1
183378	0	5534703	2
183378	0	5534707	2
183378	0	5534710	2
183378	0	5534711	2
183378	0	5817927	2
183378	0	6109461	2
183378	0	6150907	0
183378	0	6182925	0
183378	0	6182927	0
183378	0	6548233	0
183378	0	6548235	1
183378	0	7014328	0
183378	0	7398706	2
183378	0	7448291	1
183378	0	7449744	2
183378	0	7449747	1
183378	0	7449748	2
183378	0	7449750	2
183378	0	7449751	2
183378	0	7449752	2
183378	0	749542	2
183378	0	7677975	2
183378	0	7678696	2
183378	0	7718047	2
183378	0	7952868	0
183378	0	8121375	2
183378	0	8121377	1
183378	0	8121380	0
183378	0	823211	2
183378	0	8507874	1
183378	0	8570255	1
183378	0	8570257	2
183378	0	8570258	2
183378	0	8570260	2
183378	0	8570261	2
183378	0	8577213	0
183378	0	8577215	1
183378	0	8767239	2
183378	0	8767240	1
183378	0	8767241	0
183378	0	8794302	1
183378	0	8794303	1
183378	0	8794304	2
183378	0	8794306	2
183378	0	8794307	2
183378	0	8794308	1
19335	0	1143050	2
19335	0	1434829	2
19335	0	1504746	0
19335	0	1504747	0
19335	0	1504748	2
19335	0	161606	2
19335	0	161608	4
19335	0	1717015	4
19335	0	1720387	4
19335	0	1720388	0
19335	0	1720389	2
19335	0	1720391	2
19335	0	1720394	4
19335	0	1720395	4
19335	0	1905037	0
19335	0	2046505	2
19335	0	211275	4
19335	0	2250973	2
19335	0	2303999	4
19335	0	2304004	0
19335	0	2304005	0
19335	0	2459779	2
19335	0	2459780	0
19335	0	2459784	2
19335	0	2594902	0
19335	0	284841	0
19335	0	2874496	0
19335	0	2874497	4
19335	0	2874503	4
19335	0	3045565	2
19335	0	3045567	2
19335	0	3064703	2
19335	0	342431	2
19335	0	3559593	0
19335	0	3559596	0
19335	0	359174	0
19335	0	3615074	0
19335	0	3615077	4
19335	0	3615078	0
19335	0	3615079	4
19335	0	3615080	0
19335	0	3615083	2
19335	0	3709463	0
19335	0	429851	2
19335	0	4480943	4
19335	0	4480945	4
19335	0	4480948	0
19335	0	4937589	0
19335	0	503739	4
19335	0	5078863	0
19335	0	527690	4
19335	0	527692	4
19335	0	527695	0
19335	0	527697	2
19335	0	5508122	2
19335	0	5711211	2
19335	0	5732401	4
19335	0	5732406	2
19335	0	5806604	0
19335	0	5870000	0
19335	0	5920775	0
19335	0	6069804	0
19335	0	6069805	0
19335	0	6452949	2
19335	0	6512137	4
19335	0	6512138	0
19335	0	6512144	4
19335	0	6568704	0
19335	0	6773977	4
19335	0	6902384	0
19335	0	6902386	4
19335	0	6902389	2
19335	0	7050803	0
19335	0	7122355	2
19335	0	7122361	4
19335	0	7267248	2
19335	0	7367410	0
19335	0	7367411	0
19335	0	7454464	0
19335	0	7460276	4
19335	0	7464793	2
19335	0	763108	2
19335	0	763110	2
19335	0	763113	0
19335	0	763117	0
19335	0	7644151	4
19335	0	772227	2
19335	0	772234	4
19335	0	7856992	4
19335	0	7961905	0
19335	0	7961908	2
19335	0	8231218	0
19335	0	8412681	4
19335	0	8412682	2
19335	0	8412683	2
19335	0	8412684	2
19335	0	8633126	2
19335	0	8828697	0
19335	0	8828698	0
19335	0	93557	4
207786	0	1025057	0
207786	0	1029962	5
207786	0	1071464	3
207786	0	1085406	0
207786	0	1335084	5
207786	0	1392579	5
207786	0	1392585	5
207786	0	1432530	0
207786	0	1667536	3
207786	0	1667544	3
207786	0	1731873	0
207786	0	1759929	5
207786	0	201711	0
207786	0	2051015	0
207786	0	2051020	5
207786	0	2051023	0
207786	0	2174683	0
207786	0	2457540	0
207786	0	2457541	0
207786	0	2457542	0
207786	0	2557234	0
207786	0	2658594	0
207786	0	2763917	5
207786	0	2763922	3
207786	0	2775837	0
207786	0	2877168	3
207786	0	2998723	0
207786	0	3103885	0
207786	0	3322527	0
207786	0	3322529	0
207786	0	3352521	0
207786	0	3522830	0
207786	0	3600016	5
207786	0	3632499	3
207786	0	3773663	3
207786	0	3914510	0
207786	0	3931757	0
207786	0	3945573	0
207786	0	4042362	0
207786	0	4218707	5
207786	0	4257473	0
207786	0	4342505	0
207786	0	4393128	0
207786	0	4613065	5
207786	0	4754014	0
207786	0	4759180	3
207786	0	4759183	0
207786	0	4823377	3
207786	0	4900224	3
207786	0	493413	0
207786	0	5170147	0
207786	0	5175108	3
207786	0	5175113	3
207786	0	524445	0
207786	0	524450	3
207786	0	5266140	0
207786	0	5297035	0
207786	0	5297036	5
207786	0	5321444	0
207786	0	5365946	0
207786	0	6031630	5
207786	0	6060398	0
207786	0	6133373	0
207786	0	6145822	0
207786	0	6226369	3
207786	0	6474685	5
207786	0	6584630	0
207786	0	6822431	0
207786	0	6964232	0
207786	0	7016165	0
207786	0	7124120	3
207786	0	7229816	0
207786	0	7229822	0
207786	0	737802	0
207786	0	7510472	5
207786	0	7599318	5
207786	0	7639366	5
207786	0	7643812	3
207786	0	7643819	3
207786	0	7777862	3
207786	0	7777867	3
207786	0	7941579	5
207786	0	7969232	0
207786	0	8053029	3
207786	0	8185061	3
207786	0	8185063	0
207786	0	8185064	0
207786	0	8265334	0
207786	0	8273754	5
207786	0	8273755	3
207786	0	8273756	3
207786	0	8273757	5
207786	0	8273758	5
207786	0	8273759	5
207786	0	8273760	5
207786	0	8273761	5
207786	0	8273762	5
207786	0	8273763	5
207786	0	8316281	0
207786	0	8785524	0
264014	0	1610706	4
264014	0	1610707	4
264014	0	1610711	1
264014	0	1804644	4
264014	0	2223171	1
264014	0	2420367	1
264014	0	2474340	1
264014	0	2474341	1
264014	0	2474342	1
264014	0	2474346	4
264014	0	2498165	0
264014	0	2498169	1
264014	0	331929	1
264014	0	331931	1
264014	0	331932	1
264014	0	331934	1
264014	0	3338821	1
264014	0	3338825	4
264014	0	3338827	1
264014	0	3338828	1
264014	0	3396076	4
264014	0	3577338	0
264014	0	3577341	1
264014	0	3577342	0
264014	0	3577343	1
264014	0	3577344	0
264014	0	3577345	1
264014	0	3577347	1
264014	0	3835935	1
264014	0	3841908	1
264014	0	4259227	1
264014	0	447992	4
264014	0	4647186	4
264014	0	4687213	4
264014	0	4790255	1
264014	0	4834543	1
264014	0	4834547	4
264014	0	4834548	4
264014	0	5151339	4
264014	0	5269173	0
264014	0	528372	4
264014	0	528375	1
264014	0	528379	1
264014	0	528380	4
264014	0	5328095	1
264014	0	5506564	1
264014	0	5611210	1
264014	0	5611211	4
264014	0	5611212	4
264014	0	5611214	1
264014	0	5611218	1
264014	0	5611219	1
264014	0	5635515	4
264014	0	5635519	1
264014	0	5635521	0
264014	0	5816473	0
264014	0	5819142	1
264014	0	5819145	4
264014	0	58386	1
264014	0	5849268	1
264014	0	5849270	0
264014	0	5849711	1
264014	0	5950718	4
264014	0	5950719	4
264014	0	5950720	0
264014	0	5950721	4
264014	0	5950722	4
264014	0	5950723	1
264014	0	5950725	0
264014	0	5950726	4
264014	0	6105566	4
264014	0	6105569	1
264014	0	6105571	1
264014	0	6105572	4
264014	0	6333839	1
264014	0	6334964	0
264014	0	6337909	1
264014	0	6555321	1
264014	0	6555322	4
264014	0	6641238	4
264014	0	667686	1
264014	0	6791755	0
264014	0	6791757	0
264014	0	6791760	4
264014	0	684616	4
264014	0	684618	1
264014	0	7323467	1
264014	0	7326932	4
264014	0	7326934	4
264014	0	7326936	4
264014	0	8012101	4
264014	0	8801661	4
264014	0	935825	4
264014	0	96851	4
264014	0	96852	1
264014	0	96855	1
264014	0	96856	0
264014	0	96857	4
264014	0	96858	4
264014	0	96859	0
359349	0	1394087	4
359349	0	15799	0
359349	0	15800	0
359349	0	15801	0
359349	0	15802	0
359349	0	15803	0
359349	0	15804	0
359349	0	15805	0
359349	0	15806	0
359349	0	15808	0
359349	0	1622452	2
359349	0	1830509	2
359349	0	1830512	4
359349	0	1830516	4
359349	0	1830517	5
359349	0	1979833	2
359349	0	2293820	4
359349	0	2434861	0
359349	0	2444689	2
359349	0	2826510	4
359349	0	2826512	5
359349	0	3126802	4
359349	0	3176539	4
359349	0	3176540	0
359349	0	3176548	0
359349	0	3193824	4
359349	0	3223831	5
359349	0	3223833	4
359349	0	3739664	4
359349	0	3739666	4
359349	0	3900185	4
359349	0	4013723	4
359349	0	4020470	4
359349	0	4020471	2
359349	0	4020472	2
359349	0	4020474	4
359349	0	4020475	4
359349	0	4020477	4
359349	0	4020478	2
359349	0	4020479	2
359349	0	4087265	2
359349	0	4344093	0
359349	0	4344099	2
359349	0	4344100	2
359349	0	4344101	0
359349	0	4474866	2
359349	0	4474870	0
359349	0	4474872	2
359349	0	457673	4
359349	0	4624153	4
359349	0	5155586	0
359349	0	5219970	0
359349	0	5219971	0
359349	0	5219976	2
359349	0	5219977	0
359349	0	5248756	2
359349	0	5345720	4
359349	0	5414623	2
359349	0	5414625	2
359349	0	5615181	4
359349	0	576627	4
359349	0	576628	4
359349	0	576629	4
359349	0	576632	2
359349	0	576635	0
359349	0	5773713	2
359349	0	5773714	0
359349	0	5773715	0
359349	0	5773716	0
359349	0	5773717	0
359349	0	5773719	0
359349	0	5806113	0
359349	0	6108721	5
359349	0	6113313	0
359349	0	6213658	0
359349	0	6226412	2
359349	0	6226414	0
359349	0	6412425	2
359349	0	6440028	2
359349	0	6440029	2
359349	0	6779501	2
359349	0	68647	5
359349	0	68648	5
359349	0	68649	5
359349	0	68650	4
359349	0	68653	4
359349	0	68656	2
359349	0	7062671	4
359349	0	7277971	2
359349	0	7544504	2
359349	0	7579883	4
359349	0	7857633	2
359349	0	7857634	0
359349	0	7857635	0
359349	0	8058867	4
359349	0	8058868	2
359349	0	8058873	4
359349	0	8167113	2
359349	0	8584521	4
359349	0	943229	5
405717	0	1619423	1
405717	0	1849743	1
405717	0	1976406	0
405717	0	2125641	5
405717	0	234955	1
405717	0	2365659	1
405717	0	2365660	1
405717	0	2365661	1
405717	0	2365662	1
405717	0	2365663	1
405717	0	2365664	1
405717	0	2365665	1
405717	0	2616168	0
405717	0	2642838	1
405717	0	2702419	1
405717	0	2702423	1
405717	0	273851	5
405717	0	2747484	1
405717	0	2747485	1
405717	0	2747486	1
405717	0	2747488	1
405717	0	2747489	1
405717	0	2747491	1
405717	0	2747492	1
405717	0	2768521	1
405717	0	28368	1
405717	0	28372	1
405717	0	2879960	0
405717	0	3033900	1
405717	0	3033903	1
405717	0	3033904	1
405717	0	3033905	0
405717	0	3040883	1
405717	0	3274915	1
405717	0	3274918	1
405717	0	3514259	1
405717	0	3986303	1
405717	0	3986305	1
405717	0	3986306	0
405717	0	3986307	1
405717	0	3986308	1
405717	0	3986309	0
405717	0	4232833	1
405717	0	4489661	1
405717	0	4489666	0
405717	0	4577231	0
405717	0	4704973	1
405717	0	4704975	1
405717	0	4704978	1
405717	0	4776928	1
405717	0	4828118	5
405717	0	5079482	1
405717	0	5274649	1
405717	0	5615458	1
405717	0	5638740	1
405717	0	5668741	1
405717	0	5690233	1
405717	0	5690234	1
405717	0	5690237	1
405717	0	576346	0
405717	0	5857570	1
405717	0	6419725	1
405717	0	6426483	1
405717	0	6442862	5
405717	0	6654652	0
405717	0	6654655	1
405717	0	6654658	1
405717	0	6654660	1
405717	0	6741362	1
405717	0	6786304	1
405717	0	702383	1
405717	0	702386	1
405717	0	7170624	0
405717	0	7170625	1
405717	0	7170626	1
405717	0	7170629	1
405717	0	7170630	5
405717	0	7170631	1
405717	0	7201359	0
405717	0	7201361	0
405717	0	7288991	1
405717	0	7288996	1
405717	0	7447941	1
405717	0	7447942	1
405717	0	7447943	5
405717	0	758581	1
405717	0	758582	1
405717	0	758585	1
405717	0	758586	1
405717	0	7589975	1
405717	0	7728831	1
405717	0	7896211	1
405717	0	7896212	1
405717	0	8156519	1
405717	0	8433852	5
405717	0	8433854	1
405717	0	8433856	1
405717	0	8433858	1
405717	0	846414	0
405717	0	931517	1
443396	0	1062726	0
443396	0	1089146	0
443396	0	1091614	0
443396	0	1133058	0
443396	0	119472	0
443396	0	1269427	0
443396	0	1360104	0
443396	0	1525423	0
443396	0	1533746	0
443396	0	1552106	0
443396	0	1608504	0
443396	0	1645100	5
443396	0	1660562	0
443396	0	1913399	0
443396	0	2007121	0
443396	0	2138579	0
443396	0	2316507	0
443396	0	2320326	0
443396	0	2490486	5
443396	0	2498237	0
443396	0	2528057	0
443396	0	257389	0
443396	0	2745552	0
443396	0	2976738	0
443396	0	2976740	0
443396	0	2976741	0
443396	0	3118073	0
443396	0	3131746	0
443396	0	3231289	0
443396	0	3323246	0
443396	0	3440850	5
443396	0	355277	0
443396	0	3617225	5
443396	0	3712489	0
443396	0	3721948	5
443396	0	3834027	0
443396	0	4025397	0
443396	0	4052112	5
443396	0	4060727	0
443396	0	415545	0
443396	0	415552	0
443396	0	4205264	5
443396	0	4271045	0
443396	0	4281721	0
443396	0	4415869	0
443396	0	4433173	0
443396	0	4526747	5
443396	0	453706	5
443396	0	4544490	0
443396	0	456710	5
443396	0	458179	0
443396	0	4792653	0
443396	0	4830647	0
443396	0	4851110	0
443396	0	5048837	0
443396	0	5053511	5
443396	0	5065439	0
443396	0	5073515	0
443396	0	510377	0
443396	0	5202178	0
443396	0	5315644	5
443396	0	5644797	0
443396	0	5836687	0
443396	0	5890955	0
443396	0	5922987	0
443396	0	6411588	0
443396	0	6471278	0
443396	0	6471285	5
443396	0	6863144	0
443396	0	6863145	0
443396	0	691944	0
443396	0	6998055	0
443396	0	7143882	0
443396	0	7188675	0
443396	0	7230688	0
443396	0	7489164	0
443396	0	7722259	0
443396	0	7734655	0
443396	0	7749375	0
443396	0	7810275	0
443396	0	7824761	0
443396	0	7844096	0
443396	0	788091	0
443396	0	7890878	0
443396	0	7890882	0
443396	0	8079039	5
443396	0	8079040	5
443396	0	8083065	0
443396	0	8219243	0
443396	0	8337676	0
443396	0	8383775	0
443396	0	8421784	0
443396	0	843370	0
443396	0	8536118	5
443396	0	8536121	5
443396	0	8536122	5
443396	0	8536123	5
443396	0	8578323	0
443396	0	8613216	0
443396	0	8793491	5
451602	0	1078132	2
451602	0	1078134	0
451602	0	1078138	2
451602	0	1094131	2
451602	0	1094139	5
451602	0	127537	2
451602	0	1277286	2
451602	0	1277290	2
451602	0	1277293	2
451602	0	1277294	0
451602	0	1314129	5
451602	0	1715030	2
451602	0	2084909	2
451602	0	2154597	0
451602	0	2176450	2
451602	0	2176453	2
451602	0	2176455	2
451602	0	2176458	5
451602	0	2176459	5
451602	0	2244874	2
451602	0	2244875	2
451602	0	2244882	2
451602	0	2618829	5
451602	0	2756872	2
451602	0	2922145	0
451602	0	3090664	0
451602	0	3090665	0
451602	0	3090666	0
451602	0	3090667	2
451602	0	3090670	0
451602	0	3090671	0
451602	0	3090672	0
451602	0	3119124	0
451602	0	3177691	5
451602	0	3177694	0
451602	0	3177696	2
451602	0	3177699	2
451602	0	3177700	2
451602	0	3214501	0
451602	0	3371386	2
451602	0	3493825	2
451602	0	370081	2
451602	0	3746406	0
451602	0	4345752	2
451602	0	4453605	2
451602	0	4453606	5
451602	0	4487179	2
451602	0	4874640	2
451602	0	4874641	5
451602	0	4874644	2
451602	0	4874645	2
451602	0	5000376	2
451602	0	5008865	0
451602	0	5053852	2
451602	0	5179245	2
451602	0	5179250	2
451602	0	5179251	5
451602	0	5211036	2
451602	0	5475308	5
451602	0	5475312	2
451602	0	5538936	5
451602	0	5538937	5
451602	0	5538938	5
451602	0	5538942	5
451602	0	5916874	0
451602	0	6132119	0
451602	0	6286973	2
451602	0	6286974	2
451602	0	6286975	2
451602	0	6286976	0
451602	0	6286977	2
451602	0	6286978	0
451602	0	6286979	2
451602	0	6286980	5
451602	0	6286981	2
451602	0	6286982	2
451602	0	6618756	2
451602	0	6775287	0
451602	0	7792100	2
451602	0	7800959	5
451602	0	7800962	2
451602	0	8019873	0
451602	0	8033471	0
451602	0	8214451	0
451602	0	8214452	2
451602	0	8383461	2
451602	0	8383462	0
451602	0	8383463	2
451602	0	8383465	2
451602	0	8390518	2
451602	0	8390525	2
451602	0	8485136	0
451602	0	8540470	5
451602	0	8540473	5
451602	0	8621776	2
451602	0	8742537	2
451602	0	8786896	0
451602	0	930490	2
451602	0	96222	2
451602	0	96229	2
47923	0	129219	0
47923	0	1346412	0
47923	0	1488918	0
47923	0	1488919	0
47923	0	1681331	4
47923	0	1681332	4
47923	0	1681333	4
47923	0	1681334	4
47923	0	1681336	4
47923	0	1681337	0
47923	0	1681338	4
47923	0	1681339	4
47923	0	1681340	4
47923	0	1827449	0
47923	0	1827452	0
47923	0	1868437	4
47923	0	1868438	0
47923	0	1868442	0
47923	0	2044900	4
47923	0	2135499	0
47923	0	2284128	0
47923	0	2284134	0
47923	0	2408264	0
47923	0	2508227	0
47923	0	2699736	0
47923	0	2831042	0
47923	0	291219	0
47923	0	3348834	4
47923	0	3348838	0
47923	0	3630935	0
47923	0	3688361	0
47923	0	4064327	0
47923	0	4064328	0
47923	0	4119528	0
47923	0	4257344	0
47923	0	4257345	0
47923	0	4297620	4
47923	0	4523464	0
47923	0	4652795	4
47923	0	473807	4
47923	0	473809	4
47923	0	5032362	4
47923	0	5032364	0
47923	0	5147526	0
47923	0	5147527	0
47923	0	5147529	0
47923	0	525507	0
47923	0	525511	0
47923	0	525513	0
47923	0	5282403	0
47923	0	5310902	0
47923	0	5417578	0
47923	0	5417580	0
47923	0	5417581	0
47923	0	5417582	4
47923	0	5417584	0
47923	0	5595916	0
47923	0	5898845	0
47923	0	5898846	0
47923	0	5936354	0
47923	0	5966643	0
47923	0	6111296	0
47923	0	618556	0
47923	0	6191	0
47923	0	6210760	0
47923	0	6222131	0
47923	0	6241147	4
47923	0	6241148	4
47923	0	6241150	4
47923	0	6241151	4
47923	0	6241152	4
47923	0	6241153	4
47923	0	6241154	4
47923	0	6272906	0
47923	0	6643066	4
47923	0	6919836	0
47923	0	6919841	4
47923	0	7038128	0
47923	0	7071695	0
47923	0	7137895	0
47923	0	7417276	0
47923	0	7747055	0
47923	0	7902936	0
47923	0	7936847	0
47923	0	8110288	0
47923	0	8110289	0
47923	0	8216702	0
47923	0	829484	0
47923	0	8327407	4
47923	0	8348762	4
47923	0	8418678	0
47923	0	8418681	4
47923	0	8418683	4
47923	0	8418686	4
47923	0	8421421	0
47923	0	8641104	4
47923	0	8641106	4
47923	0	8641107	4
47923	0	913042	4
47923	0	986177	4
489204	0	114148	2
489204	0	1167659	2
489204	0	1225589	2
489204	0	1225591	2
489204	0	1228655	2
489204	0	1231677	2
489204	0	1276947	2
489204	0	1319513	1
489204	0	1418931	1
489204	0	1418933	2
489204	0	1418935	2
489204	0	1418937	2
489204	0	1430550	5
489204	0	152948	0
489204	0	152954	2
489204	0	1538587	2
489204	0	173119	2
489204	0	1759354	2
489204	0	1759357	1
489204	0	1759360	2
489204	0	1778458	2
489204	0	185678	2
489204	0	185679	1
489204	0	1950273	1
489204	0	216490	2
489204	0	216492	1
489204	0	2268651	2
489204	0	2268652	2
489204	0	2268656	1
489204	0	2268657	0
489204	0	3053137	2
489204	0	3053140	2
489204	0	3608627	2
489204	0	3728441	1
489204	0	3728445	2
489204	0	4029846	1
489204	0	4142348	0
489204	0	416864	2
489204	0	4279451	1
489204	0	4387756	1
489204	0	4586570	5
489204	0	4890939	2
489204	0	4917998	2
489204	0	5005765	5
489204	0	5107817	2
489204	0	5107824	1
489204	0	533017	2
489204	0	5541650	2
489204	0	5629373	2
489204	0	5815957	2
489204	0	5842847	2
489204	0	5842850	2
489204	0	5895917	2
489204	0	6087663	2
489204	0	6087666	2
489204	0	6087671	1
489204	0	6327174	2
489204	0	6327175	2
489204	0	6327177	2
489204	0	6327181	1
489204	0	6327182	1
489204	0	6343845	5
489204	0	6362205	2
489204	0	6542578	1
489204	0	66437	2
489204	0	6652051	2
489204	0	6652052	2
489204	0	6661536	2
489204	0	6665318	2
489204	0	6665319	2
489204	0	6665321	0
489204	0	678245	2
489204	0	6894988	2
489204	0	6952550	2
489204	0	6964307	0
489204	0	7113153	1
489204	0	7116533	2
489204	0	753265	2
489204	0	7734612	0
489204	0	8376905	2
489204	0	8376907	2
489204	0	8376910	1
489204	0	8463820	5
489204	0	8463823	2
489204	0	855963	2
489204	0	855967	0
489204	0	855969	0
489204	0	855972	2
489204	0	8594271	1
489204	0	8594272	2
489204	0	8594273	2
489204	0	8594276	0
489204	0	8594277	0
489204	0	8594280	1
489204	0	8737051	2
489204	0	8737053	2
489204	0	8781574	1
489204	0	8781575	2
489204	0	890797	2
489204	0	973923	2
490595	0	1044147	1
490595	0	1160847	1
490595	0	1194055	0
490595	0	1194060	1
490595	0	1288938	1
490595	0	1288942	1
490595	0	1288943	1
490595	0	1288946	1
490595	0	1473259	1
490595	0	1554695	1
490595	0	1620438	1
490595	0	1652460	5
490595	0	1814180	1
490595	0	1929910	5
490595	0	1929911	1
490595	0	2433509	0
490595	0	2668007	0
490595	0	3497870	0
490595	0	3833407	1
490595	0	3833409	0
490595	0	3833413	1
490595	0	3833414	1
490595	0	3937195	1
490595	0	3937196	1
490595	0	3937197	1
490595	0	3937199	0
490595	0	3937200	1
490595	0	3937201	1
490595	0	3937202	0
490595	0	3937203	1
490595	0	3937204	1
490595	0	4082315	0
490595	0	4082319	0
490595	0	4292443	1
490595	0	4737059	1
490595	0	4737060	5
490595	0	4737061	1
490595	0	4737062	1
490595	0	4737063	1
490595	0	4737064	1
490595	0	4737065	5
490595	0	4737066	5
490595	0	4737067	1
490595	0	4737068	1
490595	0	4763066	1
490595	0	4763068	1
490595	0	4763070	0
490595	0	4771671	0
490595	0	4842889	1
490595	0	4842890	5
490595	0	4842891	5
490595	0	4842894	1
490595	0	4842895	0
490595	0	4842896	1
490595	0	4842897	1
490595	0	4865130	1
490595	0	5112294	1
490595	0	5128293	0
490595	0	5247992	1
490595	0	5247999	1
490595	0	5248000	1
490595	0	526093	1
490595	0	5359208	1
490595	0	5359212	1
490595	0	5359213	1
490595	0	549465	1
490595	0	549466	1
490595	0	5633627	1
490595	0	5633631	1
490595	0	6045591	5
490595	0	6045596	0
490595	0	6066623	1
490595	0	6412650	1
490595	0	6686784	1
490595	0	6742119	1
490595	0	6971306	0
490595	0	6976956	0
490595	0	6976960	0
490595	0	7045861	0
490595	0	7065739	0
490595	0	7340532	1
490595	0	7422680	0
490595	0	7698191	0
490595	0	777201	0
490595	0	7839903	1
490595	0	7839904	1
490595	0	7839906	1
490595	0	7968900	0
490595	0	805046	1
490595	0	805047	1
490595	0	805048	1
490595	0	805050	1
490595	0	805051	5
490595	0	805052	1
490595	0	8485139	5
490595	0	8485140	1
490595	0	8485141	1
490595	0	8485142	1
490595	0	8709994	1
490595	0	903932	5
527433	0	1000485	2
527433	0	1101466	5
527433	0	1125933	0
527433	0	1187918	2
527433	0	1212783	2
527433	0	1251475	2
527433	0	1251480	0
527433	0	126710	0
527433	0	1379237	5
527433	0	1379238	2
527433	0	1379239	2
527433	0	1379240	5
527433	0	1379245	2
527433	0	1511548	2
527433	0	1511549	0
527433	0	1511551	2
527433	0	1511553	2
527433	0	1511556	2
527433	0	1664523	2
527433	0	1753604	2
527433	0	1753981	2
527433	0	2496224	2
527433	0	2496227	2
527433	0	2565413	0
527433	0	269422	2
527433	0	269423	0
527433	0	269424	0
527433	0	269425	2
527433	0	269426	2
527433	0	269428	0
527433	0	269430	2
527433	0	2722036	2
527433	0	286501	0
527433	0	291606	0
527433	0	3093197	5
527433	0	3124961	0
527433	0	3136618	0
527433	0	3224400	0
527433	0	3294599	2
527433	0	3294600	2
527433	0	3774360	2
527433	0	3786813	2
527433	0	3835729	2
527433	0	3835731	5
527433	0	3835736	2
527433	0	4046875	0
527433	0	4046876	2
527433	0	4351170	2
527433	0	4351179	0
527433	0	4402992	2
527433	0	4402995	2
527433	0	467601	5
527433	0	4958697	2
527433	0	5466807	5
527433	0	5466809	0
527433	0	5466810	2
527433	0	5479497	2
527433	0	5479502	0
527433	0	5603305	0
527433	0	5672164	2
527433	0	5690943	0
527433	0	6038397	2
527433	0	6038403	2
527433	0	6038404	2
527433	0	6038411	2
527433	0	6065683	2
527433	0	6186391	2
527433	0	6186393	2
527433	0	6186394	0
527433	0	6186395	2
527433	0	6214994	2
527433	0	6214995	0
527433	0	6215001	5
527433	0	6394981	0
527433	0	6398041	2
527433	0	6498113	0
527433	0	653101	2
527433	0	6595634	2
527433	0	6735245	2
527433	0	7514088	0
527433	0	7514090	0
527433	0	7607669	5
527433	0	7748145	2
527433	0	7748146	2
527433	0	8306449	2
527433	0	8306450	5
527433	0	8306451	2
527433	0	8371764	2
527433	0	8617267	2
527433	0	8617269	2
527433	0	8617270	0
527433	0	8617271	5
527433	0	8617272	2
527433	0	8617273	2
527433	0	8617274	2
527433	0	8617276	5
527433	0	8761458	0
527433	0	8827925	5
527433	0	8827928	2
527433	0	953162	2
573724	0	1005335	0
573724	0	1005338	0
573724	0	1005341	1
573724	0	104856	0
573724	0	1165128	2
573724	0	1165129	5
573724	0	1293333	1
573724	0	1509939	0
573724	0	1509940	2
573724	0	1509942	5
573724	0	1509943	2
573724	0	1509944	2
573724	0	162145	0
573724	0	162151	5
573724	0	1816038	5
573724	0	2133806	2
573724	0	2417985	0
573724	0	2635262	5
573724	0	3059590	2
573724	0	3059593	2
573724	0	3146236	1
573724	0	3146238	2
573724	0	3146240	2
573724	0	3365631	2
573724	0	3365632	2
573724	0	3365633	2
573724	0	3365635	2
573724	0	3365636	2
573724	0	3365637	1
573724	0	3365638	5
573724	0	3365639	2
573724	0	340830	2
573724	0	3412325	0
573724	0	3492364	1
573724	0	3617636	1
573724	0	394136	5
573724	0	394138	1
573724	0	394139	1
573724	0	394141	1
573724	0	394142	5
573724	0	4017883	1
573724	0	4041520	1
573724	0	4360246	1
573724	0	5047796	5
573724	0	5185664	2
573724	0	5185671	1
573724	0	5310530	5
573724	0	5339620	5
573724	0	5384308	0
573724	0	5721829	5
573724	0	5721831	2
573724	0	5962420	0
573724	0	5962423	2
573724	0	5962424	0
573724	0	5962425	0
573724	0	5962426	1
573724	0	5962427	1
573724	0	5962428	2
573724	0	6113247	0
573724	0	6496777	2
573724	0	6776717	5
573724	0	7104825	5
573724	0	7104826	5
573724	0	7104827	0
573724	0	7199667	1
573724	0	7199669	5
573724	0	7199672	2
573724	0	7199673	2
573724	0	7199674	0
573724	0	7199675	0
573724	0	7275118	0
573724	0	7384329	1
573724	0	7384331	2
573724	0	7384332	2
573724	0	7384333	1
573724	0	7530702	1
573724	0	7609926	2
573724	0	7609927	2
573724	0	7609928	2
573724	0	7609929	1
573724	0	7609930	2
573724	0	7609932	2
573724	0	7609933	0
573724	0	7674858	1
573724	0	7674859	5
573724	0	7964601	2
573724	0	8047166	1
573724	0	8318905	1
573724	0	8441637	2
573724	0	8441642	5
573724	0	8444726	0
573724	0	8444727	1
573724	0	8444728	2
573724	0	87400	1
573724	0	87404	1
573724	0	87405	5
573724	0	87409	2
573724	0	8833192	5
573724	0	8833194	5
573724	0	8833199	0
833860	0	1187661	1
833860	0	1327051	0
833860	0	1361867	1
833860	0	1501736	3
833860	0	1524399	0
833860	0	1799624	0
833860	0	1889863	3
833860	0	2022685	3
833860	0	2022688	3
833860	0	2022689	1
833860	0	2037474	1
833860	0	2206194	3
833860	0	2206195	3
833860	0	2206196	3
833860	0	2206197	3
833860	0	2206198	3
833860	0	2206200	3
833860	0	223308	0
833860	0	2672510	0
833860	0	2702357	3
833860	0	2792242	1
833860	0	3087477	1
833860	0	3087479	3
833860	0	3087481	1
833860	0	3087483	1
833860	0	3320119	1
833860	0	3394881	0
833860	0	3394884	0
833860	0	3437281	3
833860	0	3437283	1
833860	0	3437284	1
833860	0	3437285	3
833860	0	3437286	3
833860	0	3437288	3
833860	0	3437289	1
833860	0	3437290	3
833860	0	3767859	1
833860	0	4046122	1
833860	0	4431446	3
833860	0	4461904	3
833860	0	474455	1
833860	0	4881965	3
833860	0	4983652	3
833860	0	5167510	3
833860	0	5167512	1
833860	0	5167513	3
833860	0	5167518	3
833860	0	5196182	1
833860	0	5268870	1
833860	0	5268871	1
833860	0	5407712	1
833860	0	5417403	0
833860	0	5652528	0
833860	0	5832657	3
833860	0	5832662	1
833860	0	5832665	3
833860	0	596153	3
833860	0	6083481	1
833860	0	6182014	0
833860	0	6211800	3
833860	0	6211801	1
833860	0	6218032	3
833860	0	6218035	3
833860	0	6218036	1
833860	0	6218040	3
833860	0	6230220	3
833860	0	6230221	3
833860	0	6230222	3
833860	0	6230223	3
833860	0	6230224	1
833860	0	6230225	3
833860	0	6230226	3
833860	0	6230227	3
833860	0	6230228	3
833860	0	6230229	1
833860	0	6301693	3
833860	0	6672273	1
833860	0	6812180	1
833860	0	6875877	1
833860	0	6943598	1
833860	0	6943600	1
833860	0	6943602	1
833860	0	7038170	3
833860	0	7061642	1
833860	0	7140183	0
833860	0	7526106	3
833860	0	767542	1
833860	0	7706738	1
833860	0	771855	1
833860	0	7831470	1
833860	0	7944293	1
833860	0	8344031	3
833860	0	8697642	1
833860	0	8813242	3
833860	0	8833502	3
833860	0	8833504	1
833860	0	8833506	3
833860	0	8833507	3
833860	0	8833509	3
833860	0	918663	3
855410	0	1047903	0
855410	0	107007	0
855410	0	1094085	0
855410	0	1147838	0
855410	0	1186979	0
855410	0	1265640	0
855410	0	1375118	0
855410	0	1601632	0
855410	0	1601633	0
855410	0	1819434	0
855410	0	1823202	0
855410	0	1865662	0
855410	0	1943019	0
855410	0	2077825	0
855410	0	2273664	0
855410	0	2320432	0
855410	0	235313	0
855410	0	2499353	0
855410	0	2531712	0
855410	0	2699630	0
855410	0	2699633	0
855410	0	2890365	5
855410	0	290393	0
855410	0	290399	0
855410	0	2956083	0
855410	0	2956088	0
855410	0	3029131	0
855410	0	3395167	0
855410	0	3616245	0
855410	0	3723413	0
855410	0	3723415	0
855410	0	3899594	0
855410	0	3946565	0
855410	0	3950388	0
855410	0	4280787	0
855410	0	4280789	0
855410	0	4492814	0
855410	0	4492820	0
855410	0	4544524	0
855410	0	4550443	0
855410	0	4550444	0
855410	0	4554616	0
855410	0	4806059	0
855410	0	4806060	0
855410	0	4806061	0
855410	0	4905096	0
855410	0	4949888	0
855410	0	4949892	0
855410	0	5053555	0
855410	0	5053561	0
855410	0	5054952	0
855410	0	5054953	0
855410	0	5170091	0
855410	0	5227585	0
855410	0	5238596	0
855410	0	5501406	0
855410	0	5501411	0
855410	0	5886095	0
855410	0	5980107	0
855410	0	6206276	0
855410	0	6257436	0
855410	0	6385718	0
855410	0	6385723	0
855410	0	6385724	0
855410	0	6438956	0
855410	0	6468667	0
855410	0	6522121	0
855410	0	6658891	0
855410	0	6792307	0
855410	0	681984	0
855410	0	681993	0
855410	0	6897274	0
855410	0	6933293	0
855410	0	7380061	0
855410	0	7835607	0
855410	0	8157623	0
855410	0	8157631	0
855410	0	8157632	0
855410	0	8442441	0
855410	0	8442446	0
855410	0	8458402	0
855410	0	8543388	0
855410	0	8543392	0
855410	0	8543394	0
855410	0	8596531	0
855410	0	8645167	0
855410	0	8647049	0
855410	0	8647051	0
855410	0	8651770	5
855410	0	8651771	5
855410	0	8651772	5
855410	0	8651773	5
855410	0	8651775	5
855410	0	8651776	5
855410	0	8711527	0
855410	0	8792394	0
855410	0	902854	0
855410	0	944479	0
855410	0	995377	0
855410	0	995381	0
87181	0	1059517	2
87181	0	123547	2
87181	0	1700168	3
87181	0	1766470	1
87181	0	1950526	3
87181	0	1950532	3
87181	0	1961300	2
87181	0	1992881	3
87181	0	2024860	3
87181	0	2307974	3
87181	0	2307979	2
87181	0	2530227	3
87181	0	2530252	0
87181	0	2530257	3
87181	0	2556144	1
87181	0	2556149	0
87181	0	2556150	1
87181	0	2556151	3
87181	0	2556153	3
87181	0	2986227	3
87181	0	3216315	2
87181	0	3216319	3
87181	0	3914970	3
87181	0	4632251	3
87181	0	4639455	3
87181	0	4689523	3
87181	0	4689524	1
87181	0	4689525	3
87181	0	47203	0
87181	0	47204	3
87181	0	47206	0
87181	0	47207	2
87181	0	47210	0
87181	0	47211	1
87181	0	47212	1
87181	0	4786305	3
87181	0	5103077	3
87181	0	5103082	3
87181	0	5103083	3
87181	0	5197130	0
87181	0	5197133	1
87181	0	5197135	2
87181	0	5197138	0
87181	0	5469038	3
87181	0	5497677	3
87181	0	5503697	2
87181	0	5753301	3
87181	0	5758954	3
87181	0	5899049	3
87181	0	6129695	2
87181	0	6482229	3
87181	0	6484575	3
87181	0	6484576	3
87181	0	6484577	3
87181	0	6484578	1
87181	0	6521360	1
87181	0	6521365	2
87181	0	6521366	3
87181	0	6521367	3
87181	0	6685092	5
87181	0	6747685	2
87181	0	6774305	2
87181	0	6969187	3
87181	0	7057928	2
87181	0	742425	3
87181	0	7504775	0
87181	0	753721	3
87181	0	7586365	3
87181	0	7666828	0
87181	0	7666831	1
87181	0	8037179	2
87181	0	8049855	3
87181	0	8151921	2
87181	0	8151922	2
87181	0	8151926	3
87181	0	8165400	0
87181	0	8165401	3
87181	0	8165403	0
87181	0	8165404	2
87181	0	8332546	5
87181	0	8332547	3
87181	0	8332551	2
87181	0	8332555	3
87181	0	8356380	2
87181	0	8499367	3
87181	0	8522403	2
87181	0	8534130	3
87181	0	8534133	1
87181	0	8534134	5
87181	0	8534135	2
87181	0	8534136	2
87181	0	8565420	3
87181	0	8614359	1
87181	0	8614360	1
87181	0	8664069	0
87181	0	8683178	0
87181	0	8683181	1
87181	0	8683183	2
87181	0	8683185	3
87181	0	8738510	3
87452	0	110898	1
87452	0	119524	0
87452	0	119526	0
87452	0	1395625	1
87452	0	1395631	0
87452	0	1395633	1
87452	0	1518500	1
87452	0	1533416	1
87452	0	1598547	5
87452	0	1749882	0
87452	0	186931	1
87452	0	186939	5
87452	0	1890452	1
87452	0	2026774	0
87452	0	2026777	0
87452	0	2127122	1
87452	0	2205470	0
87452	0	2624886	5
87452	0	2771908	1
87452	0	3732121	0
87452	0	3809020	0
87452	0	4008486	1
87452	0	4307932	5
87452	0	4307935	1
87452	0	4307936	1
87452	0	4307938	1
87452	0	4307941	1
87452	0	4496461	0
87452	0	4557554	1
87452	0	4634899	5
87452	0	4846191	1
87452	0	4846192	1
87452	0	4846194	1
87452	0	4846197	5
87452	0	4846198	1
87452	0	4866237	5
87452	0	4866238	1
87452	0	4872055	1
87452	0	4993648	1
87452	0	5180105	5
87452	0	5219890	1
87452	0	5286924	5
87452	0	5500606	1
87452	0	5746165	0
87452	0	5746167	1
87452	0	5751686	1
87452	0	5851090	5
87452	0	5851095	1
87452	0	6018160	5
87452	0	6018161	1
87452	0	6018162	5
87452	0	6018163	5
87452	0	6018164	5
87452	0	6018165	5
87452	0	6018166	1
87452	0	6018167	1
87452	0	6018168	5
87452	0	6018169	1
87452	0	6159692	1
87452	0	7166743	0
87452	0	7166746	0
87452	0	7166749	1
87452	0	7166751	0
87452	0	7261521	1
87452	0	7261524	1
87452	0	7304545	1
87452	0	7641652	1
87452	0	7843982	1
87452	0	7843984	1
87452	0	7965004	5
87452	0	7965011	1
87452	0	8055174	5
87452	0	8081930	0
87452	0	8081937	0
87452	0	8126315	1
87452	0	8152220	1
87452	0	8152222	5
87452	0	8152225	1
87452	0	8213478	5
87452	0	8213486	0
87452	0	8333912	5
87452	0	8333913	1
87452	0	8333917	5
87452	0	8333919	0
87452	0	8333920	1
87452	0	8333921	5
87452	0	8436571	1
87452	0	8436572	0
87452	0	8436573	1
87452	0	8436574	0
87452	0	8436575	0
87452	0	8436576	1
87452	0	8436578	1
87452	0	8436579	0
87452	0	8436580	1
87452	0	8819111	1
87452	0	8819112	5
87452	0	8819113	1
87452	0	8819114	0
87452	0	8819116	1
915593	0	1396701	2
915593	0	1396705	0
915593	0	1396708	2
915593	0	1772930	5
915593	0	1972028	0
915593	0	2210590	0
915593	0	2210591	2
915593	0	2210592	5
915593	0	2210593	5
915593	0	2210594	2
915593	0	2210595	2
915593	0	2210596	2
915593	0	2210597	2
915593	0	2588143	2
915593	0	2744909	0
915593	0	2915475	2
915593	0	3069424	0
915593	0	3143377	0
915593	0	3375966	0
915593	0	3485338	0
915593	0	3523602	0
915593	0	3538160	5
915593	0	3538161	0
915593	0	3538163	5
915593	0	3538164	5
915593	0	3538166	2
915593	0	3538168	0
915593	0	3573473	2
915593	0	3573477	2
915593	0	3573478	0
915593	0	3573479	2
915593	0	3890492	0
915593	0	3930156	0
915593	0	3991910	0
915593	0	4566815	0
915593	0	4566816	2
915593	0	4566817	2
915593	0	4566818	5
915593	0	4566819	2
915593	0	4566822	2
915593	0	4566823	0
915593	0	4691129	2
915593	0	4834226	0
915593	0	4998398	0
915593	0	5931262	2
915593	0	5931553	2
915593	0	649106	0
915593	0	6546464	0
915593	0	6761340	2
915593	0	6761341	5
915593	0	6761344	5
915593	0	6761346	0
915593	0	6761348	0
915593	0	6849965	2
915593	0	6923052	0
915593	0	6923054	0
915593	0	698385	0
915593	0	7709320	5
915593	0	7715653	0
915593	0	7715657	0
915593	0	7742098	2
915593	0	7837084	2
915593	0	7837086	0
915593	0	7861751	2
915593	0	8002852	2
915593	0	8029524	5
915593	0	8029525	5
915593	0	8029527	5
915593	0	8029532	0
915593	0	8029533	0
915593	0	8103065	0
915593	0	8103067	0
915593	0	8103068	0
915593	0	8178996	5
915593	0	8178998	5
915593	0	8178999	0
915593	0	8179005	0
915593	0	82105	0
915593	0	82106	5
915593	0	82107	5
915593	0	82108	5
915593	0	82109	0
915593	0	82110	5
915593	0	82111	2
915593	0	82113	5
915593	0	82114	0
915593	0	8275207	2
915593	0	8402968	5
915593	0	8402969	2
915593	0	8402970	2
915593	0	8402971	5
915593	0	8402972	5
915593	0	8402973	2
915593	0	8402974	2
915593	0	8420020	2
915593	0	8455303	2
915593	0	8455304	5
915593	0	8455306	2
915593	0	8681775	0
915593	0	8835904	0
962179	0	1645080	3
962179	0	1882903	3
962179	0	2017001	3
962179	0	2017003	3
962179	0	2131895	0
962179	0	2131896	3
962179	0	2186434	0
962179	0	220191	0
962179	0	2329692	4
962179	0	2329693	3
962179	0	2329694	3
962179	0	2329695	3
962179	0	2329696	4
962179	0	2329697	4
962179	0	2329699	5
962179	0	2329700	0
962179	0	2329701	3
962179	0	2589902	3
962179	0	2589904	3
962179	0	2589905	3
962179	0	2632688	0
962179	0	2697161	0
962179	0	2697162	4
962179	0	2781435	0
962179	0	2978863	0
962179	0	2978864	5
962179	0	2978865	4
962179	0	2978866	5
962179	0	2978867	0
962179	0	2978868	0
962179	0	2978869	0
962179	0	2978870	0
962179	0	2978871	0
962179	0	302861	4
962179	0	302867	0
962179	0	3033200	0
962179	0	3046926	0
962179	0	3111420	0
962179	0	3173623	0
962179	0	3173625	0
962179	0	3422319	0
962179	0	3705165	5
962179	0	3896629	0
962179	0	3896632	4
962179	0	4209397	0
962179	0	4257871	4
962179	0	4257872	0
962179	0	4257873	0
962179	0	4511499	5
962179	0	4511503	4
962179	0	4606386	5
962179	0	4606387	5
962179	0	4606388	0
962179	0	4610583	0
962179	0	5105844	0
962179	0	5268432	0
962179	0	529450	0
962179	0	5329867	0
962179	0	534563	4
962179	0	536176	5
962179	0	536177	0
962179	0	536178	0
962179	0	5653655	0
962179	0	5653656	0
962179	0	5653657	0
962179	0	5653659	5
962179	0	5919340	5
962179	0	5919342	5
962179	0	5931179	0
962179	0	6186348	0
962179	0	6675259	4
962179	0	6675260	4
962179	0	6675262	3
962179	0	6675264	3
962179	0	6898289	5
962179	0	6898293	0
962179	0	6901240	3
962179	0	6904860	0
962179	0	6904861	0
962179	0	6904862	0
962179	0	6904863	0
962179	0	6980697	5
962179	0	7126025	0
962179	0	7428149	3
962179	0	7733807	3
962179	0	7733810	3
962179	0	8032264	0
962179	0	8739706	0
962179	0	8768354	3
962179	0	8785367	4
962179	0	8785368	0
962179	0	8785369	4
962179	0	8785370	0
962179	0	8785371	5
962179	0	8785372	0
962179	0	8785373	0
962179	0	8785374	0
962179	0	8785375	0
962179	0	8811422	0
962179	0	963708	3
