1037798	0	1513331	0
1037798	0	1721695	0
1037798	0	2032698	0
1037798	0	2140944	0
1037798	0	2157450	0
1037798	0	2258762	0
1037798	0	2258763	0
1037798	0	2258765	0
1037798	0	2360245	0
1037798	0	2360247	0
1037798	0	2360251	0
1037798	0	2360252	0
1037798	0	2371320	1
1037798	0	2475414	0
1037798	0	2589019	1
1037798	0	2608688	1
1037798	0	2698086	1
1037798	0	2781960	0
1037798	0	2781962	0
1037798	0	2781965	1
1037798	0	2781966	0
1037798	0	2787508	0
1037798	0	2868737	0
1037798	0	2914156	0
1037798	0	2970891	0
1037798	0	2970892	0
1037798	0	2970895	0
1037798	0	2970896	0
1037798	0	2970897	0
1037798	0	3055262	1
1037798	0	3187018	0
1037798	0	3247266	0
1037798	0	3310851	0
1037798	0	3310854	0
1037798	0	3310855	0
1037798	0	3520700	0
1037798	0	3620983	1
1037798	0	3620986	1
1037798	0	3620991	1
1037798	0	3641634	1
1037798	0	3679721	0
1037798	0	3805294	0
1037798	0	3881172	0
1037798	0	3914692	0
1037798	0	3926211	0
1037798	0	4055260	1
1037798	0	4114353	0
1037798	0	4227882	0
1037798	0	4452513	0
1037798	0	4468467	1
1037798	0	46336	1
1037798	0	4763648	0
1037798	0	4788864	1
1037798	0	4818124	1
1037798	0	4818129	1
1037798	0	4948777	0
1037798	0	4974552	1
1037798	0	5006521	1
1037798	0	5099520	1
1037798	0	5338404	0
1037798	0	5385710	0
1037798	0	6202756	0
1037798	0	6202758	0
1037798	0	6709846	0
1037798	0	6792680	0
1037798	0	6792681	0
1037798	0	6792682	0
1037798	0	6792683	0
1037798	0	6792684	0
1037798	0	6792687	1
1037798	0	6966724	0
1037798	0	7208741	1
1037798	0	7505181	0
1037798	0	7604812	0
1037798	0	7822415	1
1037798	0	7827292	0
1037798	0	7827293	0
1037798	0	7943228	0
1037798	0	7961603	1
1037798	0	8208397	0
1037798	0	8224670	1
1037798	0	8362738	0
1037798	0	8398820	0
1037798	0	8537479	1
1037798	0	8735281	0
1037798	0	8760864	1
1037798	0	8760866	1
1037798	0	8760867	1
1037798	0	8760868	1
1037798	0	8760870	1
1037798	0	8760871	1
1037798	0	8760873	1
1037798	0	8780801	0
1037798	0	8780802	0
1037798	0	8780804	0
1037798	0	8780806	0
1037798	0	8780808	0
1037798	0	8780809	0
1037798	0	8780810	0
1037798	0	994978	1
104861	0	1017092	0
104861	0	1046334	1
104861	0	1046339	1
104861	0	1055594	0
104861	0	1304632	0
104861	0	1313687	1
104861	0	146170	1
104861	0	146174	1
104861	0	1567102	0
104861	0	1675509	0
104861	0	1767224	0
104861	0	1773805	1
104861	0	1773807	1
104861	0	1811410	0
104861	0	1948963	1
104861	0	2202682	0
104861	0	2285415	0
104861	0	2294849	0
104861	0	2377050	0
104861	0	2916631	1
104861	0	3009632	0
104861	0	335342	0
104861	0	3443173	0
104861	0	3443176	1
104861	0	3471756	0
104861	0	3925933	1
104861	0	4017854	0
104861	0	4017855	0
104861	0	4017856	0
104861	0	4017858	0
104861	0	4199743	1
104861	0	4223386	0
104861	0	4230213	0
104861	0	4350439	0
104861	0	459675	1
104861	0	459676	1
104861	0	5138467	1
104861	0	5138468	1
104861	0	5138469	0
104861	0	5138471	1
104861	0	5138472	1
104861	0	5138473	1
104861	0	5138474	0
104861	0	5138476	1
104861	0	5150431	1
104861	0	5248341	1
104861	0	5248342	1
104861	0	5340890	0
104861	0	5340891	0
104861	0	5347273	0
104861	0	5394110	0
104861	0	5394112	0
104861	0	5438821	0
104861	0	5483490	0
104861	0	5667475	0
104861	0	5688415	1
104861	0	5688416	1
104861	0	5688417	1
104861	0	5688418	1
104861	0	5688421	0
104861	0	5703400	1
104861	0	5703401	1
104861	0	5776561	0
104861	0	5801822	1
104861	0	5836442	1
104861	0	599604	1
104861	0	6056676	0
104861	0	6187055	1
104861	0	6187057	0
104861	0	6187058	0
104861	0	6241793	0
104861	0	629270	1
104861	0	629273	1
104861	0	629274	1
104861	0	629276	1
104861	0	629277	1
104861	0	629278	1
104861	0	6351571	1
104861	0	6467577	1
104861	0	6467578	1
104861	0	6467579	0
104861	0	6467580	0
104861	0	6467581	0
104861	0	6585554	1
104861	0	6653674	1
104861	0	6653675	1
104861	0	6653677	0
104861	0	6653678	1
104861	0	6653679	0
104861	0	6658615	1
104861	0	6704672	1
104861	0	6904992	1
104861	0	6904999	0
104861	0	7034375	1
104861	0	715676	0
104861	0	7204477	0
104861	0	7462393	0
104861	0	8069848	0
104861	0	8297146	0
104861	0	8495099	1
1063750	0	1074552	1
1063750	0	1098173	0
1063750	0	1098174	0
1063750	0	1098175	0
1063750	0	118643	1
1063750	0	12266	1
1063750	0	1580962	0
1063750	0	1580964	0
1063750	0	1866482	1
1063750	0	1866486	1
1063750	0	1923499	1
1063750	0	1923500	1
1063750	0	1923506	1
1063750	0	2220585	1
1063750	0	2230089	1
1063750	0	2230090	0
1063750	0	2230091	0
1063750	0	2230095	1
1063750	0	2391460	0
1063750	0	2470328	1
1063750	0	2569813	1
1063750	0	2569816	1
1063750	0	2768117	1
1063750	0	2768123	1
1063750	0	2784782	1
1063750	0	2784784	0
1063750	0	2997842	0
1063750	0	309313	1
1063750	0	3259889	1
1063750	0	3259892	1
1063750	0	330159	1
1063750	0	330165	1
1063750	0	3327045	1
1063750	0	3327046	1
1063750	0	3327047	1
1063750	0	3327048	0
1063750	0	3327050	0
1063750	0	3327052	1
1063750	0	3477418	0
1063750	0	3633198	0
1063750	0	3654234	1
1063750	0	3965092	0
1063750	0	3973418	1
1063750	0	3973423	1
1063750	0	4158202	0
1063750	0	4158205	0
1063750	0	4337526	1
1063750	0	4337527	1
1063750	0	4337528	1
1063750	0	4337530	1
1063750	0	4337532	1
1063750	0	4487118	1
1063750	0	4559130	1
1063750	0	4588654	1
1063750	0	4718161	1
1063750	0	4788295	1
1063750	0	4795722	0
1063750	0	4795723	0
1063750	0	4802036	0
1063750	0	4834969	1
1063750	0	4834974	1
1063750	0	4844348	0
1063750	0	5237507	1
1063750	0	5412858	1
1063750	0	5442711	1
1063750	0	5590581	1
1063750	0	5956099	1
1063750	0	5956102	1
1063750	0	5956106	1
1063750	0	6127389	1
1063750	0	6347205	1
1063750	0	7146781	1
1063750	0	7247264	1
1063750	0	7304887	0
1063750	0	7571423	1
1063750	0	7571424	1
1063750	0	7571428	1
1063750	0	7778354	1
1063750	0	7781459	0
1063750	0	7781460	0
1063750	0	7837936	1
1063750	0	7837937	0
1063750	0	7837938	1
1063750	0	7952964	1
1063750	0	7952965	1
1063750	0	7952966	1
1063750	0	7952967	1
1063750	0	7952971	1
1063750	0	8170640	1
1063750	0	819283	0
1063750	0	819284	0
1063750	0	8239876	1
1063750	0	8239877	1
1063750	0	8384971	0
1063750	0	8384979	1
1063750	0	8640242	1
1063750	0	8722081	1
1063750	0	8821734	1
1063750	0	8821735	1
1063750	0	8821736	1
1103812	0	1214791	1
1103812	0	1294072	1
1103812	0	1434482	1
1103812	0	1614303	1
1103812	0	2060346	1
1103812	0	2332189	1
1103812	0	2473598	1
1103812	0	2535841	1
1103812	0	2541847	1
1103812	0	2581166	1
1103812	0	2586283	1
1103812	0	2703108	1
1103812	0	2703114	1
1103812	0	2720842	1
1103812	0	2730105	1
1103812	0	2750961	1
1103812	0	2750965	1
1103812	0	2790080	1
1103812	0	292716	1
1103812	0	3122425	1
1103812	0	3131753	1
1103812	0	3529443	1
1103812	0	3564774	1
1103812	0	3591090	1
1103812	0	3591092	1
1103812	0	3591094	1
1103812	0	36163	1
1103812	0	3650015	1
1103812	0	3672737	1
1103812	0	3672738	1
1103812	0	3672744	1
1103812	0	3843263	1
1103812	0	3843266	1
1103812	0	3843267	1
1103812	0	3843270	1
1103812	0	3843271	1
1103812	0	3940091	1
1103812	0	3990418	1
1103812	0	4044288	1
1103812	0	4044289	1
1103812	0	4191304	1
1103812	0	4322057	1
1103812	0	4322058	1
1103812	0	4331707	1
1103812	0	4444626	1
1103812	0	4492200	1
1103812	0	4584679	1
1103812	0	4657154	1
1103812	0	4824831	1
1103812	0	4824833	1
1103812	0	4963038	1
1103812	0	4991318	1
1103812	0	5062706	1
1103812	0	5190505	1
1103812	0	5201198	1
1103812	0	5372063	1
1103812	0	5372066	1
1103812	0	5372067	1
1103812	0	5449649	1
1103812	0	5823139	1
1103812	0	5974245	1
1103812	0	5976811	1
1103812	0	6103245	1
1103812	0	6127923	1
1103812	0	6141957	1
1103812	0	621213	1
1103812	0	645467	1
1103812	0	6569474	1
1103812	0	6604321	1
1103812	0	6604326	1
1103812	0	6799729	1
1103812	0	6924733	1
1103812	0	6939499	1
1103812	0	711271	1
1103812	0	7231343	1
1103812	0	7242599	1
1103812	0	7280671	1
1103812	0	7280672	1
1103812	0	7293191	1
1103812	0	7491609	1
1103812	0	7753287	1
1103812	0	7760621	1
1103812	0	7965773	1
1103812	0	8084238	1
1103812	0	8157968	1
1103812	0	8220081	1
1103812	0	8220085	1
1103812	0	8220086	1
1103812	0	8220087	1
1103812	0	8220088	1
1103812	0	8220089	1
1103812	0	8224175	1
1103812	0	8224183	1
1103812	0	8402961	1
1103812	0	865879	1
1103812	0	868008	1
1103812	0	8755009	1
1103812	0	8789820	1
1103812	0	896505	1
1103812	0	961775	1
1106007	0	1266234	0
1106007	0	1294320	0
1106007	0	1334328	1
1106007	0	1334330	1
1106007	0	1334331	1
1106007	0	1334334	1
1106007	0	1334335	1
1106007	0	1334336	1
1106007	0	1560243	0
1106007	0	1700769	0
1106007	0	1892454	0
1106007	0	2186171	0
1106007	0	2384065	0
1106007	0	2464373	0
1106007	0	2464374	1
1106007	0	2464375	1
1106007	0	2464376	0
1106007	0	2464378	0
1106007	0	2464379	0
1106007	0	2513606	0
1106007	0	2513608	0
1106007	0	2513609	0
1106007	0	2672601	1
1106007	0	2672608	1
1106007	0	2777111	0
1106007	0	2798876	0
1106007	0	2866627	1
1106007	0	2866630	1
1106007	0	2866634	0
1106007	0	2960558	1
1106007	0	2960561	1
1106007	0	2960563	1
1106007	0	2960564	0
1106007	0	2960566	1
1106007	0	3058529	0
1106007	0	3058967	0
1106007	0	3184240	1
1106007	0	3390428	1
1106007	0	3530025	0
1106007	0	3537611	0
1106007	0	3759894	0
1106007	0	3859263	0
1106007	0	4004169	0
1106007	0	4004170	0
1106007	0	4004173	0
1106007	0	4173707	0
1106007	0	4173709	1
1106007	0	4173712	1
1106007	0	420111	0
1106007	0	4781863	0
1106007	0	4781867	0
1106007	0	4912192	0
1106007	0	5204536	0
1106007	0	5204537	0
1106007	0	5204538	1
1106007	0	5204539	0
1106007	0	5204540	0
1106007	0	5204544	0
1106007	0	5279697	0
1106007	0	5279699	0
1106007	0	5279702	0
1106007	0	5279704	0
1106007	0	5311662	0
1106007	0	550999	1
1106007	0	551007	0
1106007	0	5571602	0
1106007	0	5571606	0
1106007	0	5774818	1
1106007	0	5780388	1
1106007	0	600704	0
1106007	0	6182968	0
1106007	0	6282108	0
1106007	0	6282110	0
1106007	0	6963994	1
1106007	0	701605	0
1106007	0	7211746	0
1106007	0	746358	1
1106007	0	7685380	1
1106007	0	7685381	1
1106007	0	7685382	0
1106007	0	7685383	1
1106007	0	7685384	1
1106007	0	7685385	1
1106007	0	7685386	1
1106007	0	7685387	0
1106007	0	7685388	1
1106007	0	8141089	0
1106007	0	8199519	1
1106007	0	8199521	1
1106007	0	8204457	1
1106007	0	832999	0
1106007	0	8398353	0
1106007	0	8521668	0
1106007	0	8521673	1
1106007	0	8521674	0
1106007	0	899461	0
1106007	0	899465	0
1106007	0	899467	0
1106007	0	899468	0
1106007	0	904504	0
1110199	0	1123090	1
1110199	0	1144986	0
1110199	0	1144987	1
1110199	0	1321205	0
1110199	0	1592475	0
1110199	0	1592477	0
1110199	0	1809288	0
1110199	0	1890810	0
1110199	0	1901876	1
1110199	0	1901877	1
1110199	0	1901878	1
1110199	0	1901879	1
1110199	0	1901881	1
1110199	0	1901882	1
1110199	0	2301113	0
1110199	0	2301115	0
1110199	0	2301117	0
1110199	0	2301118	0
1110199	0	239443	0
1110199	0	239444	1
1110199	0	2474406	1
1110199	0	2655843	1
1110199	0	2655848	1
1110199	0	2655849	0
1110199	0	2796204	0
1110199	0	2854609	0
1110199	0	2958762	0
1110199	0	3110637	0
1110199	0	313193	0
1110199	0	3135733	0
1110199	0	3230845	0
1110199	0	3270582	0
1110199	0	3270584	0
1110199	0	3272911	0
1110199	0	3272914	0
1110199	0	3515650	0
1110199	0	3519482	0
1110199	0	3838638	1
1110199	0	3838645	0
1110199	0	4057232	0
1110199	0	4489656	0
1110199	0	4496260	0
1110199	0	4504233	1
1110199	0	4511137	1
1110199	0	4511144	0
1110199	0	4558057	0
1110199	0	4588784	1
1110199	0	4624021	0
1110199	0	4674430	0
1110199	0	4800726	0
1110199	0	4800727	0
1110199	0	4800728	0
1110199	0	4800732	0
1110199	0	5049363	0
1110199	0	5074861	0
1110199	0	5172684	1
1110199	0	5387204	0
1110199	0	5387205	0
1110199	0	5479	0
1110199	0	5516092	0
1110199	0	5627957	1
1110199	0	5641717	1
1110199	0	5641718	0
1110199	0	5701621	0
1110199	0	5857920	1
1110199	0	5857921	1
1110199	0	5857923	0
1110199	0	5857924	0
1110199	0	5857925	0
1110199	0	5857927	0
1110199	0	6056861	0
1110199	0	618109	0
1110199	0	627298	0
1110199	0	6368887	1
1110199	0	6368891	1
1110199	0	6382102	0
1110199	0	6392463	1
1110199	0	6573362	0
1110199	0	6594551	0
1110199	0	6594555	0
1110199	0	712232	0
1110199	0	712235	0
1110199	0	7344200	0
1110199	0	7344201	0
1110199	0	7628033	0
1110199	0	7628037	0
1110199	0	7840255	0
1110199	0	789712	0
1110199	0	8160518	1
1110199	0	8160519	1
1110199	0	8160520	1
1110199	0	8160521	0
1110199	0	8160522	0
1110199	0	8160524	0
1110199	0	8160526	0
1110199	0	8160527	1
1110199	0	8404306	0
1110199	0	8404307	0
1110199	0	955120	0
1110199	0	986780	0
1112341	0	1087925	0
1112341	0	1087926	0
1112341	0	1087928	1
1112341	0	1253949	0
1112341	0	1288918	0
1112341	0	1373648	0
1112341	0	1450347	1
1112341	0	2095998	0
1112341	0	2173822	0
1112341	0	2517481	0
1112341	0	2596431	0
1112341	0	2596432	0
1112341	0	2694630	1
1112341	0	2694631	1
1112341	0	2694632	1
1112341	0	2694633	0
1112341	0	2694635	1
1112341	0	2694636	1
1112341	0	2735219	0
1112341	0	2835596	0
1112341	0	3118339	0
1112341	0	3118342	0
1112341	0	3252208	0
1112341	0	3274664	1
1112341	0	3291145	0
1112341	0	3291146	0
1112341	0	3291151	0
1112341	0	3408230	0
1112341	0	3493341	1
1112341	0	3519877	0
1112341	0	3524227	0
1112341	0	3666606	0
1112341	0	3795887	0
1112341	0	3795889	0
1112341	0	4022849	1
1112341	0	4390804	0
1112341	0	4461904	0
1112341	0	4703755	1
1112341	0	4704992	0
1112341	0	4833308	0
1112341	0	4833309	0
1112341	0	4833311	0
1112341	0	4833312	0
1112341	0	4977768	0
1112341	0	5043405	0
1112341	0	508019	0
1112341	0	508020	0
1112341	0	5133283	0
1112341	0	5133287	0
1112341	0	524251	0
1112341	0	5491786	0
1112341	0	550571	0
1112341	0	6164791	1
1112341	0	6227266	0
1112341	0	6303183	0
1112341	0	6311794	1
1112341	0	6311795	1
1112341	0	6311799	1
1112341	0	6311801	1
1112341	0	6339381	0
1112341	0	6459590	1
1112341	0	6478665	0
1112341	0	6715183	0
1112341	0	6715187	0
1112341	0	6726337	0
1112341	0	6726338	1
1112341	0	6726340	1
1112341	0	6726341	1
1112341	0	6726342	1
1112341	0	6726344	1
1112341	0	6726346	0
1112341	0	6873574	0
1112341	0	6947368	0
1112341	0	7079776	1
1112341	0	7615749	1
1112341	0	7708623	1
1112341	0	8134792	1
1112341	0	8139250	0
1112341	0	8139255	1
1112341	0	8139256	1
1112341	0	8139257	1
1112341	0	8139258	1
1112341	0	8326587	1
1112341	0	8326588	0
1112341	0	8337125	1
1112341	0	8337129	1
1112341	0	8442173	1
1112341	0	8442174	0
1112341	0	8442176	1
1112341	0	8442177	0
1112341	0	8442178	1
1112341	0	8442180	0
1112341	0	8606160	1
1112341	0	8606161	1
1112341	0	8651336	0
1112341	0	8700906	1
1112341	0	875123	1
1112341	0	8764445	0
1112341	0	90432	0
1112341	0	90433	0
1113437	0	1066538	1
1113437	0	1280567	0
1113437	0	1280568	1
1113437	0	1280569	0
1113437	0	1280571	0
1113437	0	1454814	1
1113437	0	1681785	1
1113437	0	1768727	1
1113437	0	1896939	1
1113437	0	1896943	1
1113437	0	2001933	1
1113437	0	2001934	1
1113437	0	2001936	1
1113437	0	2226349	1
1113437	0	2354941	1
1113437	0	2354947	1
1113437	0	2595622	0
1113437	0	2595628	0
1113437	0	3026984	0
1113437	0	3089474	0
1113437	0	3125154	1
1113437	0	3125155	1
1113437	0	3325381	1
1113437	0	3687620	0
1113437	0	3880944	1
1113437	0	4016930	0
1113437	0	4016933	1
1113437	0	4016934	0
1113437	0	4016937	0
1113437	0	4016938	1
1113437	0	4216336	0
1113437	0	4367832	1
1113437	0	4412234	1
1113437	0	4473156	1
1113437	0	4473157	1
1113437	0	4498867	1
1113437	0	4751835	1
1113437	0	4751839	0
1113437	0	4981632	0
1113437	0	5188747	1
1113437	0	520325	0
1113437	0	5514586	1
1113437	0	5514592	0
1113437	0	5514594	0
1113437	0	5546288	1
1113437	0	5591647	0
1113437	0	5863434	1
1113437	0	5938418	0
1113437	0	5938419	0
1113437	0	5938421	0
1113437	0	5938425	1
1113437	0	5996691	1
1113437	0	6021902	1
1113437	0	6148219	0
1113437	0	6174328	1
1113437	0	6174329	1
1113437	0	631946	0
1113437	0	631949	1
1113437	0	6593841	1
1113437	0	6593846	1
1113437	0	6597538	0
1113437	0	6688843	1
1113437	0	6688848	0
1113437	0	6792385	0
1113437	0	7263162	0
1113437	0	7263163	0
1113437	0	7377278	1
1113437	0	7385215	0
1113437	0	7385217	0
1113437	0	7385219	0
1113437	0	7385221	1
1113437	0	7385222	1
1113437	0	742037	1
1113437	0	742039	0
1113437	0	742044	1
1113437	0	7890527	0
1113437	0	8128790	1
1113437	0	8128792	0
1113437	0	8128793	0
1113437	0	8128794	1
1113437	0	8128795	1
1113437	0	8128796	1
1113437	0	8128798	1
1113437	0	8162984	0
1113437	0	8361680	0
1113437	0	8503446	1
1113437	0	8503447	0
1113437	0	8503449	0
1113437	0	8503450	1
1113437	0	8503451	0
1113437	0	8503452	0
1113437	0	8503453	0
1113437	0	8503455	0
1113437	0	8729210	0
1113437	0	8729212	0
1113437	0	8729214	0
1113437	0	8729215	0
1113437	0	8729216	0
1113437	0	8729218	0
1113437	0	8729219	1
1114646	0	1203975	0
1114646	0	1320853	0
1114646	0	1320856	0
1114646	0	1713662	0
1114646	0	1884059	1
1114646	0	1919864	0
1114646	0	2003060	0
1114646	0	2201127	1
1114646	0	2245935	0
1114646	0	2245938	0
1114646	0	2312898	0
1114646	0	238332	0
1114646	0	2524143	0
1114646	0	2647994	1
1114646	0	266552	1
1114646	0	2676807	1
1114646	0	2695584	0
1114646	0	288448	0
1114646	0	2911035	0
1114646	0	2911039	1
1114646	0	2911040	0
1114646	0	3056368	1
1114646	0	3184850	0
1114646	0	3184851	0
1114646	0	3249944	0
1114646	0	3467665	1
1114646	0	3480746	0
1114646	0	3480748	0
1114646	0	3996005	0
1114646	0	4145526	0
1114646	0	4329469	0
1114646	0	4332918	1
1114646	0	444374	1
1114646	0	444375	0
1114646	0	444377	1
1114646	0	444380	1
1114646	0	444382	0
1114646	0	4512955	0
1114646	0	4512958	0
1114646	0	4541939	0
1114646	0	4762665	0
1114646	0	4771285	0
1114646	0	4774522	0
1114646	0	482778	0
1114646	0	4919404	0
1114646	0	492400	0
1114646	0	4969553	0
1114646	0	5041692	1
1114646	0	5126393	0
1114646	0	5127880	0
1114646	0	5127884	0
1114646	0	5217702	1
1114646	0	5229617	1
1114646	0	5279567	1
1114646	0	529083	0
1114646	0	5376819	0
1114646	0	5417949	1
1114646	0	5417952	1
1114646	0	5417953	1
1114646	0	5417954	1
1114646	0	54346	0
1114646	0	5533216	0
1114646	0	5640856	0
1114646	0	5640859	1
1114646	0	5661838	1
1114646	0	579554	0
1114646	0	5836029	0
1114646	0	6124144	0
1114646	0	6124145	0
1114646	0	6124147	0
1114646	0	6348309	1
1114646	0	6704400	1
1114646	0	6704401	1
1114646	0	6711103	1
1114646	0	687064	1
1114646	0	6886644	0
1114646	0	7065010	1
1114646	0	7196956	1
1114646	0	7196961	1
1114646	0	771368	1
1114646	0	7726514	0
1114646	0	7762609	0
1114646	0	8117087	0
1114646	0	8117088	0
1114646	0	8117089	1
1114646	0	8117090	1
1114646	0	8117091	1
1114646	0	8117092	1
1114646	0	8117094	1
1114646	0	8117095	1
1114646	0	8117096	1
1114646	0	8327369	1
1114646	0	8329774	0
1114646	0	8363267	0
1114646	0	8363271	0
1114646	0	8385147	0
1114646	0	857788	1
1114646	0	857789	1
1114646	0	857796	0
1114646	0	8665820	1
1114819	0	1009500	0
1114819	0	1248112	0
1114819	0	1302004	1
1114819	0	1302007	1
1114819	0	1315993	1
1114819	0	1315994	1
1114819	0	1315995	1
1114819	0	1315996	0
1114819	0	1315998	1
1114819	0	1316000	0
1114819	0	1419798	0
1114819	0	1419801	0
1114819	0	1625836	1
1114819	0	1724520	1
1114819	0	1724525	1
1114819	0	1724526	0
1114819	0	1735443	0
1114819	0	1738242	1
1114819	0	1738243	0
1114819	0	1738250	1
1114819	0	1816958	0
1114819	0	1852066	0
1114819	0	2008577	0
1114819	0	2136434	1
1114819	0	2212059	0
1114819	0	2477692	0
1114819	0	2590453	0
1114819	0	2590454	0
1114819	0	2590455	0
1114819	0	2831393	0
1114819	0	2879085	0
1114819	0	344350	1
1114819	0	344351	0
1114819	0	3484458	0
1114819	0	3781418	1
1114819	0	3781422	0
1114819	0	3906952	0
1114819	0	3906954	0
1114819	0	3906959	1
1114819	0	4890560	0
1114819	0	5019832	0
1114819	0	5019839	0
1114819	0	5156171	0
1114819	0	5165249	0
1114819	0	534362	0
1114819	0	5521371	1
1114819	0	5521373	1
1114819	0	5628950	0
1114819	0	5628952	0
1114819	0	5628955	0
1114819	0	5718417	0
1114819	0	6202321	0
1114819	0	6820823	0
1114819	0	6900766	0
1114819	0	6900767	0
1114819	0	6900769	0
1114819	0	6900773	0
1114819	0	6900774	1
1114819	0	6941478	1
1114819	0	694735	0
1114819	0	694737	0
1114819	0	7132894	0
1114819	0	7132895	0
1114819	0	750446	0
1114819	0	7588045	0
1114819	0	7803435	0
1114819	0	785027	1
1114819	0	8022276	1
1114819	0	8022280	1
1114819	0	8024890	1
1114819	0	8027206	0
1114819	0	8088111	0
1114819	0	8096817	0
1114819	0	8096824	0
1114819	0	8115435	0
1114819	0	8115439	0
1114819	0	8115440	1
1114819	0	8115700	0
1114819	0	8115701	0
1114819	0	8115705	0
1114819	0	8336225	0
1114819	0	8336229	1
1114819	0	8336230	0
1114819	0	8336232	0
1114819	0	8480574	0
1114819	0	8508255	0
1114819	0	8508259	0
1114819	0	8508263	1
1114819	0	8579835	0
1114819	0	8625086	1
1114819	0	8736056	0
1114819	0	8754397	0
1114819	0	8754398	1
1114819	0	8754404	0
1114819	0	8768742	1
1114819	0	988370	1
1114819	0	988373	1
1114819	0	988374	0
1114819	0	988376	1
1114819	0	988378	0
1115776	0	1024554	1
1115776	0	1036904	1
1115776	0	1131734	0
1115776	0	1470410	0
1115776	0	1551024	0
1115776	0	1583930	0
1115776	0	1593001	0
1115776	0	1593006	1
1115776	0	1729572	1
1115776	0	1729576	0
1115776	0	1931035	0
1115776	0	2052727	1
1115776	0	2052728	1
1115776	0	2052730	0
1115776	0	2054815	1
1115776	0	2054819	1
1115776	0	2364285	1
1115776	0	2379497	0
1115776	0	2463576	0
1115776	0	2514462	0
1115776	0	266655	0
1115776	0	266658	0
1115776	0	266660	1
1115776	0	3344075	0
1115776	0	3411245	0
1115776	0	3469357	1
1115776	0	3626857	0
1115776	0	3626866	0
1115776	0	388122	0
1115776	0	3972605	0
1115776	0	3972606	0
1115776	0	4051141	0
1115776	0	4051145	0
1115776	0	4131485	1
1115776	0	4314169	1
1115776	0	4314171	0
1115776	0	4314172	1
1115776	0	4314174	1
1115776	0	4314175	1
1115776	0	4314176	1
1115776	0	4314178	1
1115776	0	4487937	1
1115776	0	4673198	0
1115776	0	4875857	0
1115776	0	4875858	0
1115776	0	492332	0
1115776	0	499309	0
1115776	0	5264931	1
1115776	0	5366585	0
1115776	0	5442399	0
1115776	0	5605159	0
1115776	0	5605160	0
1115776	0	5741317	0
1115776	0	5741321	0
1115776	0	5741322	0
1115776	0	5756364	0
1115776	0	5756367	0
1115776	0	5817439	0
1115776	0	5950738	1
1115776	0	5992104	0
1115776	0	6064471	0
1115776	0	622467	0
1115776	0	6318781	0
1115776	0	6326329	0
1115776	0	6564290	0
1115776	0	6564291	0
1115776	0	6692795	0
1115776	0	6718802	1
1115776	0	6934010	1
1115776	0	6973128	0
1115776	0	6973131	0
1115776	0	6989198	1
1115776	0	7015926	0
1115776	0	7140932	0
1115776	0	7183516	1
1115776	0	7271776	0
1115776	0	8099693	0
1115776	0	8099694	0
1115776	0	8099695	0
1115776	0	8099698	0
1115776	0	8106317	1
1115776	0	8106318	0
1115776	0	8106320	1
1115776	0	8106321	1
1115776	0	8106322	0
1115776	0	8106323	1
1115776	0	8106324	1
1115776	0	8108813	0
1115776	0	8177307	0
1115776	0	8177308	0
1115776	0	8177309	0
1115776	0	8177313	0
1115776	0	8382248	0
1115776	0	8417615	0
1115776	0	843572	0
1115776	0	8495250	1
1115776	0	8496317	0
1115776	0	8621766	0
1115776	0	8621772	0
1115776	0	900808	0
1117099	0	1123494	0
1117099	0	1123496	0
1117099	0	1252737	0
1117099	0	1389420	1
1117099	0	1445087	0
1117099	0	1542026	0
1117099	0	1798612	1
1117099	0	1798619	1
1117099	0	1798620	1
1117099	0	1986011	0
1117099	0	2109699	0
1117099	0	2128238	0
1117099	0	2128240	0
1117099	0	2157566	0
1117099	0	2867222	0
1117099	0	3019325	0
1117099	0	3104260	0
1117099	0	3104262	0
1117099	0	3104266	0
1117099	0	3128108	0
1117099	0	3128111	0
1117099	0	3128114	0
1117099	0	334615	0
1117099	0	3349612	1
1117099	0	3522902	0
1117099	0	3543106	1
1117099	0	3633442	0
1117099	0	375965	0
1117099	0	3921953	0
1117099	0	3973311	0
1117099	0	3973315	0
1117099	0	4268796	0
1117099	0	4268798	0
1117099	0	4441325	1
1117099	0	4458509	1
1117099	0	4458510	1
1117099	0	4458512	1
1117099	0	4759491	0
1117099	0	4759493	0
1117099	0	4759494	0
1117099	0	4759495	0
1117099	0	4759497	0
1117099	0	514309	0
1117099	0	514314	0
1117099	0	5149273	0
1117099	0	5258462	1
1117099	0	5286535	1
1117099	0	5286538	1
1117099	0	5286539	1
1117099	0	5377585	0
1117099	0	5699286	0
1117099	0	5752877	0
1117099	0	5795852	0
1117099	0	5817484	0
1117099	0	5874016	0
1117099	0	5874017	0
1117099	0	59312	0
1117099	0	5950904	0
1117099	0	5950907	0
1117099	0	5950908	0
1117099	0	5979210	0
1117099	0	5979211	0
1117099	0	6122720	1
1117099	0	6122721	1
1117099	0	6122722	1
1117099	0	6122723	1
1117099	0	6122724	1
1117099	0	6534818	1
1117099	0	6579664	0
1117099	0	6776508	0
1117099	0	6936935	0
1117099	0	6940557	0
1117099	0	6940558	0
1117099	0	6993942	1
1117099	0	700495	0
1117099	0	700497	0
1117099	0	7135561	0
1117099	0	714808	1
1117099	0	7313639	0
1117099	0	7313643	0
1117099	0	7408505	0
1117099	0	74528	0
1117099	0	7610604	0
1117099	0	8019446	0
1117099	0	8072928	0
1117099	0	8072932	0
1117099	0	8093927	0
1117099	0	8093931	1
1117099	0	8093932	1
1117099	0	8093933	0
1117099	0	8093934	1
1117099	0	8144478	0
1117099	0	8208315	1
1117099	0	8446501	1
1117099	0	8446502	1
1117099	0	8446504	1
1117099	0	8446505	1
1117099	0	8446506	1
1117099	0	8714082	1
1117099	0	8838111	1
1121402	0	1249687	0
1121402	0	1323047	0
1121402	0	1323048	0
1121402	0	1429447	0
1121402	0	1429448	0
1121402	0	182364	0
1121402	0	182365	1
1121402	0	182366	1
1121402	0	182367	1
1121402	0	182368	1
1121402	0	182369	1
1121402	0	182370	0
1121402	0	182371	1
1121402	0	182372	1
1121402	0	182373	0
1121402	0	188209	1
1121402	0	188210	1
1121402	0	188211	0
1121402	0	188213	1
1121402	0	188214	0
1121402	0	188215	0
1121402	0	188216	0
1121402	0	188217	0
1121402	0	188218	0
1121402	0	2042119	0
1121402	0	2070714	0
1121402	0	2070717	0
1121402	0	2191941	0
1121402	0	252277	0
1121402	0	2633464	0
1121402	0	2681041	0
1121402	0	2681042	0
1121402	0	2681043	0
1121402	0	2681045	0
1121402	0	2681046	0
1121402	0	2681048	0
1121402	0	3412904	0
1121402	0	3412909	0
1121402	0	3511789	1
1121402	0	3511795	0
1121402	0	3674181	0
1121402	0	3674187	0
1121402	0	3785307	0
1121402	0	3785308	1
1121402	0	3785309	0
1121402	0	3785310	0
1121402	0	4098073	0
1121402	0	4293064	0
1121402	0	43770	0
1121402	0	4449258	1
1121402	0	4449267	1
1121402	0	4486893	0
1121402	0	4616915	0
1121402	0	4620827	0
1121402	0	465101	0
1121402	0	465103	0
1121402	0	4893517	0
1121402	0	4893520	0
1121402	0	5048803	0
1121402	0	5103865	0
1121402	0	5189913	1
1121402	0	5189915	0
1121402	0	5189916	0
1121402	0	53696	0
1121402	0	5662150	0
1121402	0	6001847	0
1121402	0	7011506	1
1121402	0	7059621	0
1121402	0	7125978	0
1121402	0	7125980	1
1121402	0	7125981	1
1121402	0	7125982	1
1121402	0	7125983	1
1121402	0	7125985	0
1121402	0	7125987	1
1121402	0	7142994	1
1121402	0	7144703	0
1121402	0	7144705	0
1121402	0	7144708	0
1121402	0	7144709	0
1121402	0	7244820	0
1121402	0	7350653	0
1121402	0	7489485	0
1121402	0	7489487	0
1121402	0	7489488	0
1121402	0	7489490	0
1121402	0	7922814	0
1121402	0	8052617	1
1121402	0	8052619	1
1121402	0	8052620	1
1121402	0	8052621	1
1121402	0	8052622	1
1121402	0	8052623	1
1121402	0	8052624	1
1121402	0	8089444	1
1121402	0	8235730	0
1121402	0	8301689	0
1121402	0	8710743	0
1121402	0	8710746	0
1121402	0	8710749	0
1121709	0	1019579	1
1121709	0	1130925	1
1121709	0	1282652	1
1121709	0	1337300	1
1121709	0	1392335	1
1121709	0	1428558	1
1121709	0	1544063	1
1121709	0	1752809	1
1121709	0	1752813	1
1121709	0	181615	1
1121709	0	1937668	1
1121709	0	2051808	1
1121709	0	2254681	1
1121709	0	2450177	1
1121709	0	2678200	1
1121709	0	2706639	1
1121709	0	2706640	1
1121709	0	2706641	1
1121709	0	2706644	1
1121709	0	2706645	1
1121709	0	2706646	1
1121709	0	2736650	1
1121709	0	2862716	1
1121709	0	2862721	1
1121709	0	2909240	1
1121709	0	3093171	1
1121709	0	3151648	1
1121709	0	3158258	1
1121709	0	3165925	1
1121709	0	3239097	1
1121709	0	3310721	1
1121709	0	3423059	1
1121709	0	3423060	1
1121709	0	3423061	1
1121709	0	3423062	1
1121709	0	3423063	1
1121709	0	3423066	1
1121709	0	3423067	1
1121709	0	3445593	1
1121709	0	3593845	1
1121709	0	3631771	1
1121709	0	3632519	1
1121709	0	3734255	1
1121709	0	3861963	1
1121709	0	3891393	1
1121709	0	4156464	1
1121709	0	4205676	1
1121709	0	4463685	1
1121709	0	4507184	1
1121709	0	4566164	1
1121709	0	4832967	1
1121709	0	4884996	1
1121709	0	4928911	1
1121709	0	5101496	1
1121709	0	5198518	1
1121709	0	5266215	1
1121709	0	5719061	1
1121709	0	5719086	1
1121709	0	5777842	1
1121709	0	5781689	1
1121709	0	5829861	1
1121709	0	602393	1
1121709	0	6025896	1
1121709	0	6238758	1
1121709	0	6336517	1
1121709	0	6359259	1
1121709	0	6442070	1
1121709	0	6506760	1
1121709	0	6630430	1
1121709	0	700135	1
1121709	0	7050867	1
1121709	0	7313132	1
1121709	0	7397910	1
1121709	0	7473134	1
1121709	0	7473136	1
1121709	0	7473137	1
1121709	0	7473140	1
1121709	0	7656406	1
1121709	0	7741960	1
1121709	0	7783796	1
1121709	0	7996835	1
1121709	0	7996837	1
1121709	0	8024819	1
1121709	0	8049577	1
1121709	0	8049578	1
1121709	0	8049579	1
1121709	0	8049580	1
1121709	0	8049582	1
1121709	0	8049583	1
1121709	0	8049584	1
1121709	0	8049585	1
1121709	0	8049586	1
1121709	0	8392389	1
1121709	0	8621380	1
1121709	0	8655465	1
1121709	0	8655470	1
1121709	0	8784093	1
1121709	0	8798729	1
1121709	0	8811020	1
1121709	0	918204	1
1124210	0	1194682	1
1124210	0	131190	1
1124210	0	1362721	1
1124210	0	1383615	1
1124210	0	1383617	1
1124210	0	1383618	1
1124210	0	1383624	1
1124210	0	148318	1
1124210	0	1689639	1
1124210	0	1701417	1
1124210	0	1702008	1
1124210	0	181177	1
1124210	0	2070279	1
1124210	0	2200000	1
1124210	0	2200002	1
1124210	0	2258591	1
1124210	0	2258592	1
1124210	0	2258595	1
1124210	0	2258596	1
1124210	0	2303835	1
1124210	0	2303836	1
1124210	0	2303838	1
1124210	0	2494577	1
1124210	0	2632284	1
1124210	0	2728448	1
1124210	0	273566	1
1124210	0	3031380	1
1124210	0	3162331	1
1124210	0	3446170	1
1124210	0	3520552	1
1124210	0	3520553	1
1124210	0	3680798	1
1124210	0	3680799	1
1124210	0	3680800	1
1124210	0	3680801	1
1124210	0	3680802	1
1124210	0	3680805	1
1124210	0	371352	1
1124210	0	371357	1
1124210	0	3750823	1
1124210	0	3750824	1
1124210	0	3907021	1
1124210	0	4057442	1
1124210	0	4074148	1
1124210	0	4074149	1
1124210	0	4191083	1
1124210	0	4232134	1
1124210	0	4232139	1
1124210	0	4241350	1
1124210	0	4425464	1
1124210	0	475041	1
1124210	0	4794725	1
1124210	0	4794729	1
1124210	0	4840515	1
1124210	0	4957842	1
1124210	0	4958356	1
1124210	0	502337	1
1124210	0	5056100	1
1124210	0	5125015	1
1124210	0	5281849	1
1124210	0	5303910	1
1124210	0	5366909	1
1124210	0	5366913	1
1124210	0	546154	1
1124210	0	546155	1
1124210	0	546157	1
1124210	0	546158	1
1124210	0	5512675	1
1124210	0	5940130	1
1124210	0	5940134	1
1124210	0	607910	1
1124210	0	6172881	1
1124210	0	6213217	1
1124210	0	6263923	1
1124210	0	6552719	1
1124210	0	6704887	1
1124210	0	6992534	1
1124210	0	7205586	1
1124210	0	7205919	1
1124210	0	7205920	1
1124210	0	7205923	1
1124210	0	7208694	1
1124210	0	7229021	1
1124210	0	7234569	1
1124210	0	7278459	1
1124210	0	7278463	1
1124210	0	729893	1
1124210	0	7443586	1
1124210	0	7526587	1
1124210	0	7566672	1
1124210	0	7566674	1
1124210	0	7566675	1
1124210	0	7581155	1
1124210	0	7746535	1
1124210	0	7756780	1
1124210	0	7756781	1
1124210	0	7832730	1
1124210	0	7851118	1
1124210	0	8026737	1
1124210	0	841738	1
1129237	0	1080294	0
1129237	0	1160807	0
1129237	0	1169297	0
1129237	0	1169301	0
1129237	0	128982	1
1129237	0	128984	1
1129237	0	128989	1
1129237	0	1770027	0
1129237	0	1896189	0
1129237	0	1959030	0
1129237	0	2152821	1
1129237	0	2152828	0
1129237	0	2176863	0
1129237	0	2202086	0
1129237	0	2453794	0
1129237	0	2580204	0
1129237	0	2696926	0
1129237	0	2697746	1
1129237	0	2697752	1
1129237	0	2972916	0
1129237	0	3097761	0
1129237	0	3131122	1
1129237	0	3156016	0
1129237	0	321226	0
1129237	0	3247727	0
1129237	0	3285056	0
1129237	0	3352740	0
1129237	0	3456618	0
1129237	0	3641168	0
1129237	0	3683096	1
1129237	0	3905055	1
1129237	0	3905057	1
1129237	0	3905799	0
1129237	0	3905802	1
1129237	0	3932424	0
1129237	0	3950048	0
1129237	0	4141012	0
1129237	0	4254811	1
1129237	0	4254813	0
1129237	0	4254815	1
1129237	0	4254816	1
1129237	0	4449295	0
1129237	0	4569648	0
1129237	0	461835	0
1129237	0	4773351	0
1129237	0	4787274	0
1129237	0	483367	0
1129237	0	4915547	0
1129237	0	4924434	0
1129237	0	5032115	0
1129237	0	5619502	1
1129237	0	5627214	1
1129237	0	568162	0
1129237	0	5831781	0
1129237	0	5831788	1
1129237	0	5894033	0
1129237	0	5906130	1
1129237	0	5916672	0
1129237	0	6080460	1
1129237	0	6165827	0
1129237	0	6194649	0
1129237	0	6343520	0
1129237	0	6343521	0
1129237	0	6366866	0
1129237	0	6575091	0
1129237	0	6640165	0
1129237	0	6646337	0
1129237	0	6771711	1
1129237	0	6956014	0
1129237	0	7050921	0
1129237	0	7092638	0
1129237	0	7132886	0
1129237	0	7208025	0
1129237	0	7273363	0
1129237	0	7337950	0
1129237	0	7350325	0
1129237	0	7673289	0
1129237	0	767822	0
1129237	0	7688471	0
1129237	0	7874563	0
1129237	0	7874566	0
1129237	0	7911557	1
1129237	0	8033081	0
1129237	0	806652	1
1129237	0	824966	0
1129237	0	8450766	1
1129237	0	8469257	1
1129237	0	8588219	1
1129237	0	8588222	0
1129237	0	8588226	0
1129237	0	8588227	0
1129237	0	8596875	0
1129237	0	8658472	0
1129237	0	8682824	1
1129237	0	8712732	0
1129237	0	895802	0
1129237	0	931707	0
1129237	0	998747	0
1129237	0	998748	1
1129237	0	998751	1
1133167	0	1379370	1
1133167	0	1824479	1
1133167	0	1824480	1
1133167	0	1824481	1
1133167	0	1824484	1
1133167	0	1824485	1
1133167	0	1824486	1
1133167	0	1824487	1
1133167	0	1824488	1
1133167	0	1883272	1
1133167	0	1883273	1
1133167	0	1883276	1
1133167	0	1883280	0
1133167	0	1883281	1
1133167	0	190802	1
1133167	0	190803	1
1133167	0	190804	1
1133167	0	190805	1
1133167	0	190806	1
1133167	0	190808	1
1133167	0	190810	1
1133167	0	190811	1
1133167	0	2070087	1
1133167	0	2276678	1
1133167	0	2419498	1
1133167	0	2613291	1
1133167	0	2613296	1
1133167	0	3023120	1
1133167	0	3023123	1
1133167	0	3074599	1
1133167	0	3355083	1
1133167	0	3391439	1
1133167	0	3944276	1
1133167	0	3944277	1
1133167	0	3953805	1
1133167	0	3953807	1
1133167	0	434119	1
1133167	0	434120	1
1133167	0	434121	1
1133167	0	434123	1
1133167	0	434124	1
1133167	0	434125	1
1133167	0	434126	0
1133167	0	4443375	0
1133167	0	4498473	1
1133167	0	4498474	1
1133167	0	4498476	1
1133167	0	4498477	1
1133167	0	4498478	1
1133167	0	4498479	1
1133167	0	4550240	1
1133167	0	4550243	1
1133167	0	4550244	1
1133167	0	4712279	1
1133167	0	4922619	1
1133167	0	4926197	1
1133167	0	4973626	1
1133167	0	5674623	1
1133167	0	5787117	1
1133167	0	6112586	1
1133167	0	6112587	1
1133167	0	6112590	1
1133167	0	6142	1
1133167	0	6257034	1
1133167	0	6299572	1
1133167	0	6299576	1
1133167	0	6467517	1
1133167	0	6467518	1
1133167	0	6467523	1
1133167	0	6467524	1
1133167	0	7093509	1
1133167	0	7093510	1
1133167	0	7093511	1
1133167	0	7217705	1
1133167	0	7218012	1
1133167	0	7218015	1
1133167	0	7486594	0
1133167	0	7486602	1
1133167	0	7762240	1
1133167	0	7793408	1
1133167	0	7793411	1
1133167	0	8003301	1
1133167	0	8033644	1
1133167	0	8033645	1
1133167	0	8033647	1
1133167	0	8033648	1
1133167	0	8033650	1
1133167	0	8160224	1
1133167	0	8160241	1
1133167	0	8160243	1
1133167	0	823272	1
1133167	0	823274	1
1133167	0	823275	1
1133167	0	823277	1
1133167	0	823280	1
1133167	0	8250498	1
1133167	0	8255704	1
1133167	0	8255705	1
1133167	0	8255706	1
1133167	0	8415743	1
130510	0	1110766	0
130510	0	1159414	1
130510	0	1494930	1
130510	0	1494931	1
130510	0	1494932	1
130510	0	1494933	0
130510	0	1494935	1
130510	0	1494936	1
130510	0	1494938	1
130510	0	1494939	1
130510	0	179622	0
130510	0	179623	0
130510	0	1799013	0
130510	0	1972340	0
130510	0	2079377	0
130510	0	2346969	0
130510	0	2490145	0
130510	0	2490146	0
130510	0	2490150	0
130510	0	2490154	0
130510	0	2839082	0
130510	0	2862515	0
130510	0	2862518	0
130510	0	2862522	0
130510	0	2982053	1
130510	0	3163980	1
130510	0	3525026	0
130510	0	3913770	1
130510	0	3913772	0
130510	0	3913773	0
130510	0	3913774	0
130510	0	3913775	0
130510	0	3913776	0
130510	0	3913778	0
130510	0	3913779	0
130510	0	3995677	0
130510	0	4022904	0
130510	0	417583	0
130510	0	4189500	1
130510	0	4528804	0
130510	0	4528806	0
130510	0	4528807	0
130510	0	4528808	0
130510	0	4528809	0
130510	0	4528810	0
130510	0	4528811	0
130510	0	4528812	0
130510	0	4528813	0
130510	0	4804307	1
130510	0	5685704	0
130510	0	5685705	0
130510	0	5685706	0
130510	0	5685707	0
130510	0	5685708	0
130510	0	5685711	0
130510	0	5930009	0
130510	0	5930010	0
130510	0	5930011	0
130510	0	5930012	0
130510	0	5930013	0
130510	0	5930014	0
130510	0	5930018	0
130510	0	6035035	0
130510	0	6183638	0
130510	0	6229727	1
130510	0	6229732	0
130510	0	6229733	0
130510	0	6486232	0
130510	0	6575500	0
130510	0	6621100	0
130510	0	6677359	0
130510	0	6763277	0
130510	0	6815300	1
130510	0	6881818	0
130510	0	6881820	0
130510	0	7125239	1
130510	0	7203252	0
130510	0	7479905	1
130510	0	7501557	1
130510	0	7501558	1
130510	0	7501563	1
130510	0	7779650	0
130510	0	783657	0
130510	0	783658	0
130510	0	783662	0
130510	0	783664	0
130510	0	783665	0
130510	0	799647	1
130510	0	8083814	1
130510	0	8094068	0
130510	0	8514425	0
130510	0	8612902	1
130510	0	8612903	1
130510	0	8612904	1
130510	0	8612905	1
130510	0	8612906	1
130510	0	8612909	1
130510	0	8612910	1
130510	0	996732	0
130510	0	996740	0
131843	0	1019934	1
131843	0	1019935	1
131843	0	1019936	1
131843	0	1019938	1
131843	0	1101587	1
131843	0	1133058	1
131843	0	1222339	1
131843	0	1429616	1
131843	0	1597975	1
131843	0	1600913	1
131843	0	1621724	1
131843	0	1781040	1
131843	0	1830509	1
131843	0	1895120	1
131843	0	2103970	1
131843	0	2104933	1
131843	0	2126682	1
131843	0	2170725	1
131843	0	2286036	1
131843	0	2378491	1
131843	0	2526491	1
131843	0	2623607	1
131843	0	2623616	1
131843	0	2683747	1
131843	0	2914687	1
131843	0	31718	1
131843	0	3368900	1
131843	0	3432705	1
131843	0	352863	1
131843	0	3564032	1
131843	0	3841396	1
131843	0	3937054	1
131843	0	3937056	1
131843	0	4036688	1
131843	0	4036689	1
131843	0	4036690	1
131843	0	4036695	1
131843	0	4235202	1
131843	0	4235204	1
131843	0	4440568	1
131843	0	4440571	1
131843	0	4461384	1
131843	0	4695186	1
131843	0	5074688	1
131843	0	5124823	1
131843	0	5297238	1
131843	0	5319115	1
131843	0	5324710	1
131843	0	5325671	1
131843	0	5325672	1
131843	0	5325675	1
131843	0	5325677	1
131843	0	5685851	1
131843	0	6028399	1
131843	0	6028403	1
131843	0	6086584	1
131843	0	6086587	1
131843	0	6121785	1
131843	0	6121787	1
131843	0	6335670	1
131843	0	6487859	1
131843	0	6533880	1
131843	0	6779775	1
131843	0	7269086	1
131843	0	7269088	1
131843	0	7269089	1
131843	0	7269092	1
131843	0	7269095	1
131843	0	7759230	1
131843	0	7880471	1
131843	0	8305151	1
131843	0	8305152	1
131843	0	8305153	1
131843	0	8305154	1
131843	0	8305155	1
131843	0	8305156	1
131843	0	8305158	1
131843	0	8382296	1
131843	0	8456963	1
131843	0	8456964	1
131843	0	8456965	1
131843	0	8456966	1
131843	0	8456967	1
131843	0	8456970	1
131843	0	8573227	1
131843	0	8598786	1
131843	0	8598788	1
131843	0	8600961	1
131843	0	8690086	1
131843	0	8710813	1
131843	0	884231	1
131843	0	884234	1
131843	0	895362	1
131843	0	985988	1
131843	0	985989	1
131843	0	985990	1
131843	0	985991	1
131843	0	985992	1
131843	0	985994	1
131843	0	985995	1
146187	0	1077549	0
146187	0	1138801	0
146187	0	1230566	1
146187	0	1254157	1
146187	0	1367167	1
146187	0	1369239	0
146187	0	1493345	0
146187	0	1493352	0
146187	0	1972078	0
146187	0	1995994	0
146187	0	2040185	0
146187	0	2226090	1
146187	0	2226093	1
146187	0	2226094	1
146187	0	2257806	1
146187	0	315525	1
146187	0	3523051	0
146187	0	3615731	1
146187	0	3758956	1
146187	0	3963187	1
146187	0	3963189	1
146187	0	4026486	0
146187	0	4214923	1
146187	0	4214925	1
146187	0	4216895	1
146187	0	4216897	0
146187	0	4216901	0
146187	0	4216902	0
146187	0	4306847	1
146187	0	4631167	0
146187	0	4741857	1
146187	0	4777144	1
146187	0	4921740	0
146187	0	4921741	0
146187	0	5217815	0
146187	0	5238589	0
146187	0	5251981	0
146187	0	5548652	1
146187	0	5548655	0
146187	0	5566562	0
146187	0	5590506	1
146187	0	5746033	0
146187	0	5836454	0
146187	0	5844996	0
146187	0	5929430	1
146187	0	5999108	0
146187	0	6015024	1
146187	0	6015026	1
146187	0	6015027	1
146187	0	6417741	0
146187	0	6430257	0
146187	0	6430258	1
146187	0	6430259	0
146187	0	6430260	1
146187	0	6483699	0
146187	0	6620285	0
146187	0	6929047	0
146187	0	7093332	0
146187	0	7093334	0
146187	0	7096817	0
146187	0	7096819	0
146187	0	7096823	0
146187	0	7126360	0
146187	0	7405002	1
146187	0	744165	1
146187	0	744167	1
146187	0	744171	0
146187	0	7601871	0
146187	0	76342	1
146187	0	76344	1
146187	0	76348	1
146187	0	7704674	0
146187	0	7704676	0
146187	0	7704679	0
146187	0	7772761	0
146187	0	7782525	0
146187	0	7782529	0
146187	0	7836294	0
146187	0	7836296	0
146187	0	7836297	0
146187	0	7956019	0
146187	0	8042965	0
146187	0	8042968	0
146187	0	8042969	0
146187	0	8113798	0
146187	0	8361899	0
146187	0	8361901	0
146187	0	8361902	0
146187	0	8361905	0
146187	0	8434617	1
146187	0	8434618	1
146187	0	8434619	1
146187	0	8434620	1
146187	0	8434621	1
146187	0	8434622	1
146187	0	8434623	1
146187	0	8434624	1
146187	0	8434625	1
146187	0	8434626	1
146187	0	8795490	0
148538	0	1147038	1
148538	0	1147044	1
148538	0	1147046	1
148538	0	1299823	1
148538	0	1299824	1
148538	0	1299830	1
148538	0	1311206	1
148538	0	1311209	1
148538	0	1314489	1
148538	0	1384447	1
148538	0	1384448	1
148538	0	1736918	1
148538	0	1828171	1
148538	0	1950974	1
148538	0	1950976	1
148538	0	1950983	1
148538	0	1969519	0
148538	0	1969521	1
148538	0	1985490	1
148538	0	1985491	1
148538	0	2033795	1
148538	0	2033800	1
148538	0	2177849	1
148538	0	231453	1
148538	0	231455	1
148538	0	23586	0
148538	0	2368188	1
148538	0	2368189	1
148538	0	245016	0
148538	0	2455774	1
148538	0	2455779	1
148538	0	2564821	1
148538	0	2643562	1
148538	0	2915322	0
148538	0	2915323	0
148538	0	332398	0
148538	0	332400	0
148538	0	332401	1
148538	0	332406	1
148538	0	332407	0
148538	0	3353306	1
148538	0	3393970	0
148538	0	3557943	1
148538	0	3588269	1
148538	0	3631449	0
148538	0	3918785	1
148538	0	3918789	1
148538	0	4185812	1
148538	0	4225978	0
148538	0	4264121	1
148538	0	4264123	1
148538	0	4264124	1
148538	0	4447598	0
148538	0	4447601	1
148538	0	4539654	1
148538	0	4539657	1
148538	0	4539663	0
148538	0	4607262	1
148538	0	4607263	1
148538	0	4660637	1
148538	0	4959633	1
148538	0	4959637	1
148538	0	4959638	1
148538	0	5077704	1
148538	0	5077709	0
148538	0	5171599	1
148538	0	5171603	1
148538	0	5171605	1
148538	0	5606202	1
148538	0	581145	1
148538	0	615402	1
148538	0	615407	1
148538	0	6234125	0
148538	0	6377902	1
148538	0	6543862	1
148538	0	6600519	1
148538	0	6697437	1
148538	0	6704661	1
148538	0	6846343	1
148538	0	6894608	1
148538	0	7407803	1
148538	0	7407811	1
148538	0	7407812	1
148538	0	7496116	0
148538	0	753805	1
148538	0	7543015	0
148538	0	784460	1
148538	0	7858769	0
148538	0	8283530	1
148538	0	8283531	1
148538	0	8283532	1
148538	0	8283533	1
148538	0	8388795	1
148538	0	8618875	1
148538	0	985488	0
148538	0	985489	1
148538	0	985490	1
148538	0	985491	1
148538	0	985494	1
148538	0	986845	0
156493	0	1101607	1
156493	0	1277723	1
156493	0	1277725	1
156493	0	1277726	1
156493	0	1277727	1
156493	0	1347266	0
156493	0	1643747	0
156493	0	1939298	0
156493	0	1960255	1
156493	0	1960257	1
156493	0	1960259	1
156493	0	1960260	1
156493	0	1960261	1
156493	0	2123395	1
156493	0	2259179	1
156493	0	2259182	1
156493	0	2259183	1
156493	0	2317807	1
156493	0	2378078	0
156493	0	2378079	0
156493	0	2411918	1
156493	0	2598786	1
156493	0	2598787	1
156493	0	2612486	1
156493	0	2612488	1
156493	0	2612490	1
156493	0	2612491	1
156493	0	2612492	1
156493	0	2612493	1
156493	0	2717163	1
156493	0	2928700	1
156493	0	2928702	1
156493	0	2928704	1
156493	0	2928705	1
156493	0	2928707	1
156493	0	2949801	1
156493	0	2949802	1
156493	0	3218251	0
156493	0	3288595	1
156493	0	3288596	1
156493	0	3288597	1
156493	0	3288598	1
156493	0	3288599	1
156493	0	3288600	1
156493	0	3288601	1
156493	0	3288603	1
156493	0	349638	1
156493	0	349643	1
156493	0	3603920	1
156493	0	3603922	1
156493	0	3603923	1
156493	0	4219345	0
156493	0	4396054	0
156493	0	4400814	0
156493	0	4465044	0
156493	0	4527706	0
156493	0	4542584	1
156493	0	4583221	1
156493	0	4940228	1
156493	0	4940232	0
156493	0	5122747	0
156493	0	5326286	0
156493	0	5346660	1
156493	0	5530082	1
156493	0	6129968	0
156493	0	6139382	1
156493	0	6139386	1
156493	0	6267258	0
156493	0	6524746	1
156493	0	6775071	1
156493	0	6983821	1
156493	0	7371077	1
156493	0	7371078	1
156493	0	7371079	1
156493	0	750111	1
156493	0	8182159	1
156493	0	8182160	1
156493	0	8182161	1
156493	0	8182162	1
156493	0	8182163	1
156493	0	8182165	1
156493	0	8182166	1
156493	0	8245444	1
156493	0	8273011	1
156493	0	8273017	1
156493	0	8273018	0
156493	0	8273019	1
156493	0	8725864	0
156493	0	8820526	1
156493	0	8820527	1
156493	0	8820531	0
156493	0	885944	1
156493	0	892007	0
156493	0	95512	1
156493	0	95514	1
156493	0	95515	1
156493	0	95517	1
156493	0	95518	1
156493	0	95521	1
156493	0	994486	1
168216	0	1090089	0
168216	0	1301465	1
168216	0	1301467	1
168216	0	1301469	1
168216	0	1301472	1
168216	0	1301473	0
168216	0	1301474	1
168216	0	13499	1
168216	0	1381477	1
168216	0	1735358	1
168216	0	1735360	1
168216	0	1860843	0
168216	0	1924796	1
168216	0	1924800	1
168216	0	2036279	1
168216	0	2069992	1
168216	0	2069995	1
168216	0	2210775	1
168216	0	2210780	1
168216	0	2265769	1
168216	0	2659074	1
168216	0	2790904	1
168216	0	2806307	0
168216	0	290826	1
168216	0	3033359	1
168216	0	3174840	1
168216	0	3198687	1
168216	0	3198689	1
168216	0	3344828	1
168216	0	3344834	1
168216	0	3399712	1
168216	0	3399713	1
168216	0	3399715	1
168216	0	3399718	0
168216	0	3463556	1
168216	0	3681095	1
168216	0	3681097	1
168216	0	3830857	1
168216	0	3908773	1
168216	0	3908774	1
168216	0	3908776	1
168216	0	3908777	1
168216	0	4119829	1
168216	0	4191395	1
168216	0	4245218	0
168216	0	4324490	0
168216	0	4324491	1
168216	0	4324492	0
168216	0	4600607	0
168216	0	4600610	0
168216	0	4741403	0
168216	0	4741406	0
168216	0	4792582	1
168216	0	4792583	1
168216	0	5024307	1
168216	0	5024311	0
168216	0	5024313	0
168216	0	5114458	0
168216	0	5293614	1
168216	0	5771045	1
168216	0	5935474	1
168216	0	5935476	1
168216	0	6012600	0
168216	0	6061718	1
168216	0	6061722	1
168216	0	6213322	1
168216	0	6213325	1
168216	0	6219118	0
168216	0	6249512	1
168216	0	6264731	1
168216	0	6264732	1
168216	0	6264734	1
168216	0	6264735	0
168216	0	6282560	1
168216	0	6282561	1
168216	0	6282562	1
168216	0	6282567	1
168216	0	6329932	0
168216	0	6426632	1
168216	0	6426634	1
168216	0	6426638	1
168216	0	6584042	1
168216	0	7337513	1
168216	0	7492755	1
168216	0	7595684	0
168216	0	8048968	0
168216	0	8185131	1
168216	0	8185135	1
168216	0	8185137	1
168216	0	8252763	1
168216	0	8319213	0
168216	0	8639627	1
168216	0	8639630	1
168216	0	8723467	1
168216	0	8731617	1
168216	0	8731618	1
168216	0	8731621	1
168216	0	8731622	1
168216	0	8731623	1
168216	0	8731625	1
182539	0	1094157	0
182539	0	1229197	0
182539	0	1307232	0
182539	0	1307234	1
182539	0	1307235	1
182539	0	146695	0
182539	0	1497952	0
182539	0	1512198	0
182539	0	1638687	1
182539	0	1638689	0
182539	0	1638690	0
182539	0	1638691	0
182539	0	1638694	1
182539	0	1664297	0
182539	0	176563	0
182539	0	1798203	0
182539	0	1956775	0
182539	0	1996675	0
182539	0	1996680	0
182539	0	2009617	0
182539	0	2041085	0
182539	0	2092202	1
182539	0	2165968	1
182539	0	2234015	0
182539	0	2273384	0
182539	0	2787602	1
182539	0	2801795	0
182539	0	2909954	1
182539	0	2909960	1
182539	0	2909961	1
182539	0	3009872	0
182539	0	3009878	0
182539	0	330179	1
182539	0	3760957	1
182539	0	3760964	0
182539	0	3777193	0
182539	0	3858310	0
182539	0	3883077	1
182539	0	3883081	1
182539	0	4370020	0
182539	0	4438902	1
182539	0	4468612	0
182539	0	4730803	1
182539	0	4776378	0
182539	0	4985182	0
182539	0	503147	0
182539	0	5567729	1
182539	0	5567732	1
182539	0	57443	1
182539	0	57444	1
182539	0	57447	1
182539	0	57448	1
182539	0	57449	1
182539	0	57450	0
182539	0	57452	1
182539	0	5756776	0
182539	0	6037973	0
182539	0	6097108	1
182539	0	6135907	0
182539	0	6282906	1
182539	0	6283812	0
182539	0	646260	1
182539	0	6596440	1
182539	0	6783449	1
182539	0	6816574	1
182539	0	6965540	0
182539	0	6980965	1
182539	0	6995118	0
182539	0	7034196	0
182539	0	7085056	0
182539	0	7085057	0
182539	0	7088372	0
182539	0	7291427	0
182539	0	7371255	1
182539	0	7371257	1
182539	0	7371259	1
182539	0	7371261	1
182539	0	7371262	1
182539	0	7439970	0
182539	0	7527837	1
182539	0	7579347	1
182539	0	7583024	1
182539	0	7730613	0
182539	0	7745556	0
182539	0	8299659	1
182539	0	8299661	1
182539	0	8299665	0
182539	0	8299668	1
182539	0	830471	0
182539	0	8349147	0
182539	0	8470381	1
182539	0	8515182	1
182539	0	8636665	0
182539	0	8757178	1
182539	0	8757179	1
182539	0	8757180	1
182539	0	8757181	1
182539	0	8757182	1
182539	0	8757183	0
182539	0	8757184	1
183378	0	1050571	0
183378	0	1239964	1
183378	0	1289489	1
183378	0	1289490	1
183378	0	1289492	1
183378	0	1289493	1
183378	0	1289494	0
183378	0	1289495	0
183378	0	1289496	1
183378	0	1289497	1
183378	0	1666386	0
183378	0	1678836	0
183378	0	2040104	0
183378	0	2040106	0
183378	0	2040111	0
183378	0	2352713	0
183378	0	2352716	1
183378	0	2533259	0
183378	0	2533260	0
183378	0	2533262	0
183378	0	2874543	1
183378	0	3009378	1
183378	0	3093214	1
183378	0	3093217	1
183378	0	3093218	0
183378	0	3185607	1
183378	0	3185611	1
183378	0	327908	1
183378	0	3389578	1
183378	0	3389579	1
183378	0	3389581	1
183378	0	3389582	0
183378	0	3389584	1
183378	0	3867604	0
183378	0	3928768	1
183378	0	3987911	0
183378	0	4493913	1
183378	0	4493914	1
183378	0	4493915	1
183378	0	4493916	1
183378	0	4493917	1
183378	0	4493918	0
183378	0	4493919	0
183378	0	4493920	1
183378	0	4493921	0
183378	0	4493922	0
183378	0	4727412	0
183378	0	4727417	1
183378	0	4727418	1
183378	0	4803847	1
183378	0	4803848	1
183378	0	5391354	0
183378	0	5460939	1
183378	0	5460941	0
183378	0	5534703	1
183378	0	5534707	1
183378	0	5534710	1
183378	0	5534711	1
183378	0	5817927	1
183378	0	6109461	1
183378	0	6150907	0
183378	0	6182925	0
183378	0	6182927	0
183378	0	6548233	0
183378	0	6548235	0
183378	0	7014328	0
183378	0	7398706	1
183378	0	7448291	0
183378	0	7449744	1
183378	0	7449747	0
183378	0	7449748	1
183378	0	7449750	1
183378	0	7449751	1
183378	0	7449752	1
183378	0	749542	1
183378	0	7677975	1
183378	0	7678696	1
183378	0	7718047	1
183378	0	7952868	0
183378	0	8121375	1
183378	0	8121377	0
183378	0	8121380	0
183378	0	823211	1
183378	0	8507874	0
183378	0	8570255	0
183378	0	8570257	1
183378	0	8570258	1
183378	0	8570260	1
183378	0	8570261	1
183378	0	8577213	0
183378	0	8577215	0
183378	0	8767239	1
183378	0	8767240	0
183378	0	8767241	0
183378	0	8794302	0
183378	0	8794303	0
183378	0	8794304	1
183378	0	8794306	1
183378	0	8794307	1
183378	0	8794308	0
19335	0	1143050	0
19335	0	1434829	0
19335	0	1504746	0
19335	0	1504747	0
19335	0	1504748	0
19335	0	161606	0
19335	0	161608	1
19335	0	1717015	1
19335	0	1720387	1
19335	0	1720388	0
19335	0	1720389	0
19335	0	1720391	0
19335	0	1720394	1
19335	0	1720395	1
19335	0	1905037	0
19335	0	2046505	0
19335	0	211275	1
19335	0	2250973	0
19335	0	2303999	1
19335	0	2304004	0
19335	0	2304005	0
19335	0	2459779	0
19335	0	2459780	0
19335	0	2459784	0
19335	0	2594902	0
19335	0	284841	0
19335	0	2874496	0
19335	0	2874497	1
19335	0	2874503	1
19335	0	3045565	0
19335	0	3045567	0
19335	0	3064703	0
19335	0	342431	0
19335	0	3559593	0
19335	0	3559596	0
19335	0	359174	0
19335	0	3615074	0
19335	0	3615077	1
19335	0	3615078	0
19335	0	3615079	1
19335	0	3615080	0
19335	0	3615083	0
19335	0	3709463	0
19335	0	429851	0
19335	0	4480943	1
19335	0	4480945	1
19335	0	4480948	0
19335	0	4937589	0
19335	0	503739	1
19335	0	5078863	0
19335	0	527690	1
19335	0	527692	1
19335	0	527695	0
19335	0	527697	0
19335	0	5508122	0
19335	0	5711211	0
19335	0	5732401	1
19335	0	5732406	0
19335	0	5806604	0
19335	0	5870000	0
19335	0	5920775	0
19335	0	6069804	0
19335	0	6069805	0
19335	0	6452949	0
19335	0	6512137	1
19335	0	6512138	0
19335	0	6512144	1
19335	0	6568704	0
19335	0	6773977	1
19335	0	6902384	0
19335	0	6902386	1
19335	0	6902389	0
19335	0	7050803	0
19335	0	7122355	0
19335	0	7122361	1
19335	0	7267248	0
19335	0	7367410	0
19335	0	7367411	0
19335	0	7454464	0
19335	0	7460276	1
19335	0	7464793	0
19335	0	763108	0
19335	0	763110	0
19335	0	763113	0
19335	0	763117	0
19335	0	7644151	1
19335	0	772227	0
19335	0	772234	1
19335	0	7856992	1
19335	0	7961905	0
19335	0	7961908	0
19335	0	8231218	0
19335	0	8412681	1
19335	0	8412682	0
19335	0	8412683	0
19335	0	8412684	0
19335	0	8633126	0
19335	0	8828697	0
19335	0	8828698	0
19335	0	93557	1
207786	0	1025057	0
207786	0	1029962	1
207786	0	1071464	0
207786	0	1085406	0
207786	0	1335084	1
207786	0	1392579	1
207786	0	1392585	1
207786	0	1432530	0
207786	0	1667536	0
207786	0	1667544	0
207786	0	1731873	0
207786	0	1759929	1
207786	0	201711	0
207786	0	2051015	0
207786	0	2051020	1
207786	0	2051023	0
207786	0	2174683	0
207786	0	2457540	0
207786	0	2457541	0
207786	0	2457542	0
207786	0	2557234	0
207786	0	2658594	0
207786	0	2763917	1
207786	0	2763922	0
207786	0	2775837	0
207786	0	2877168	0
207786	0	2998723	0
207786	0	3103885	0
207786	0	3322527	0
207786	0	3322529	0
207786	0	3352521	0
207786	0	3522830	0
207786	0	3600016	1
207786	0	3632499	0
207786	0	3773663	0
207786	0	3914510	0
207786	0	3931757	0
207786	0	3945573	0
207786	0	4042362	0
207786	0	4218707	1
207786	0	4257473	0
207786	0	4342505	0
207786	0	4393128	0
207786	0	4613065	1
207786	0	4754014	0
207786	0	4759180	0
207786	0	4759183	0
207786	0	4823377	0
207786	0	4900224	0
207786	0	493413	0
207786	0	5170147	0
207786	0	5175108	0
207786	0	5175113	0
207786	0	524445	0
207786	0	524450	0
207786	0	5266140	0
207786	0	5297035	0
207786	0	5297036	1
207786	0	5321444	0
207786	0	5365946	0
207786	0	6031630	1
207786	0	6060398	0
207786	0	6133373	0
207786	0	6145822	0
207786	0	6226369	0
207786	0	6474685	1
207786	0	6584630	0
207786	0	6822431	0
207786	0	6964232	0
207786	0	7016165	0
207786	0	7124120	0
207786	0	7229816	0
207786	0	7229822	0
207786	0	737802	0
207786	0	7510472	1
207786	0	7599318	1
207786	0	7639366	1
207786	0	7643812	0
207786	0	7643819	0
207786	0	7777862	0
207786	0	7777867	0
207786	0	7941579	1
207786	0	7969232	0
207786	0	8053029	0
207786	0	8185061	0
207786	0	8185063	0
207786	0	8185064	0
207786	0	8265334	0
207786	0	8273754	1
207786	0	8273755	0
207786	0	8273756	0
207786	0	8273757	1
207786	0	8273758	1
207786	0	8273759	1
207786	0	8273760	1
207786	0	8273761	1
207786	0	8273762	1
207786	0	8273763	1
207786	0	8316281	0
207786	0	8785524	0
264014	0	1610706	1
264014	0	1610707	1
264014	0	1610711	0
264014	0	1804644	1
264014	0	2223171	0
264014	0	2420367	0
264014	0	2474340	0
264014	0	2474341	0
264014	0	2474342	0
264014	0	2474346	1
264014	0	2498165	0
264014	0	2498169	0
264014	0	331929	0
264014	0	331931	0
264014	0	331932	0
264014	0	331934	0
264014	0	3338821	0
264014	0	3338825	1
264014	0	3338827	0
264014	0	3338828	0
264014	0	3396076	1
264014	0	3577338	0
264014	0	3577341	0
264014	0	3577342	0
264014	0	3577343	0
264014	0	3577344	0
264014	0	3577345	0
264014	0	3577347	0
264014	0	3835935	0
264014	0	3841908	0
264014	0	4259227	0
264014	0	447992	1
264014	0	4647186	1
264014	0	4687213	1
264014	0	4790255	0
264014	0	4834543	0
264014	0	4834547	1
264014	0	4834548	1
264014	0	5151339	1
264014	0	5269173	0
264014	0	528372	1
264014	0	528375	0
264014	0	528379	0
264014	0	528380	1
264014	0	5328095	0
264014	0	5506564	0
264014	0	5611210	0
264014	0	5611211	1
264014	0	5611212	1
264014	0	5611214	0
264014	0	5611218	0
264014	0	5611219	0
264014	0	5635515	1
264014	0	5635519	0
264014	0	5635521	0
264014	0	5816473	0
264014	0	5819142	0
264014	0	5819145	1
264014	0	58386	0
264014	0	5849268	0
264014	0	5849270	0
264014	0	5849711	0
264014	0	5950718	1
264014	0	5950719	1
264014	0	5950720	0
264014	0	5950721	1
264014	0	5950722	1
264014	0	5950723	0
264014	0	5950725	0
264014	0	5950726	1
264014	0	6105566	1
264014	0	6105569	0
264014	0	6105571	0
264014	0	6105572	1
264014	0	6333839	0
264014	0	6334964	0
264014	0	6337909	0
264014	0	6555321	0
264014	0	6555322	1
264014	0	6641238	1
264014	0	667686	0
264014	0	6791755	0
264014	0	6791757	0
264014	0	6791760	1
264014	0	684616	1
264014	0	684618	0
264014	0	7323467	0
264014	0	7326932	1
264014	0	7326934	1
264014	0	7326936	1
264014	0	8012101	1
264014	0	8801661	1
264014	0	935825	1
264014	0	96851	1
264014	0	96852	0
264014	0	96855	0
264014	0	96856	0
264014	0	96857	1
264014	0	96858	1
264014	0	96859	0
359349	0	1394087	1
359349	0	15799	0
359349	0	15800	0
359349	0	15801	0
359349	0	15802	0
359349	0	15803	0
359349	0	15804	0
359349	0	15805	0
359349	0	15806	0
359349	0	15808	0
359349	0	1622452	0
359349	0	1830509	0
359349	0	1830512	1
359349	0	1830516	1
359349	0	1830517	1
359349	0	1979833	0
359349	0	2293820	1
359349	0	2434861	0
359349	0	2444689	0
359349	0	2826510	1
359349	0	2826512	1
359349	0	3126802	0
359349	0	3176539	0
359349	0	3176540	0
359349	0	3176548	0
359349	0	3193824	1
359349	0	3223831	1
359349	0	3223833	1
359349	0	3739664	0
359349	0	3739666	0
359349	0	3900185	1
359349	0	4013723	1
359349	0	4020470	1
359349	0	4020471	0
359349	0	4020472	0
359349	0	4020474	1
359349	0	4020475	1
359349	0	4020477	1
359349	0	4020478	0
359349	0	4020479	0
359349	0	4087265	0
359349	0	4344093	0
359349	0	4344099	0
359349	0	4344100	0
359349	0	4344101	0
359349	0	4474866	0
359349	0	4474870	0
359349	0	4474872	0
359349	0	457673	1
359349	0	4624153	0
359349	0	5155586	0
359349	0	5219970	0
359349	0	5219971	0
359349	0	5219976	0
359349	0	5219977	0
359349	0	5248756	0
359349	0	5345720	0
359349	0	5414623	0
359349	0	5414625	0
359349	0	5615181	1
359349	0	576627	1
359349	0	576628	1
359349	0	576629	1
359349	0	576632	0
359349	0	576635	0
359349	0	5773713	0
359349	0	5773714	0
359349	0	5773715	0
359349	0	5773716	0
359349	0	5773717	0
359349	0	5773719	0
359349	0	5806113	0
359349	0	6108721	1
359349	0	6113313	0
359349	0	6213658	0
359349	0	6226412	0
359349	0	6226414	0
359349	0	6412425	0
359349	0	6440028	0
359349	0	6440029	0
359349	0	6779501	0
359349	0	68647	1
359349	0	68648	1
359349	0	68649	1
359349	0	68650	0
359349	0	68653	1
359349	0	68656	0
359349	0	7062671	0
359349	0	7277971	0
359349	0	7544504	0
359349	0	7579883	0
359349	0	7857633	0
359349	0	7857634	0
359349	0	7857635	0
359349	0	8058867	0
359349	0	8058868	0
359349	0	8058873	1
359349	0	8167113	0
359349	0	8584521	0
359349	0	943229	1
405717	0	1619423	1
405717	0	1849743	1
405717	0	1976406	0
405717	0	2125641	1
405717	0	234955	1
405717	0	2365659	1
405717	0	2365660	1
405717	0	2365661	1
405717	0	2365662	1
405717	0	2365663	1
405717	0	2365664	1
405717	0	2365665	1
405717	0	2616168	0
405717	0	2642838	1
405717	0	2702419	1
405717	0	2702423	1
405717	0	273851	1
405717	0	2747484	1
405717	0	2747485	1
405717	0	2747486	1
405717	0	2747488	1
405717	0	2747489	1
405717	0	2747491	1
405717	0	2747492	1
405717	0	2768521	1
405717	0	28368	1
405717	0	28372	1
405717	0	2879960	0
405717	0	3033900	1
405717	0	3033903	1
405717	0	3033904	1
405717	0	3033905	0
405717	0	3040883	0
405717	0	3274915	1
405717	0	3274918	1
405717	0	3514259	1
405717	0	3986303	1
405717	0	3986305	1
405717	0	3986306	0
405717	0	3986307	1
405717	0	3986308	0
405717	0	3986309	0
405717	0	4232833	1
405717	0	4489661	1
405717	0	4489666	0
405717	0	4577231	0
405717	0	4704973	1
405717	0	4704975	1
405717	0	4704978	1
405717	0	4776928	1
405717	0	4828118	1
405717	0	5079482	1
405717	0	5274649	1
405717	0	5615458	1
405717	0	5638740	1
405717	0	5668741	1
405717	0	5690233	1
405717	0	5690234	1
405717	0	5690237	1
405717	0	576346	0
405717	0	5857570	1
405717	0	6419725	1
405717	0	6426483	1
405717	0	6442862	1
405717	0	6654652	0
405717	0	6654655	1
405717	0	6654658	1
405717	0	6654660	1
405717	0	6741362	1
405717	0	6786304	1
405717	0	702383	1
405717	0	702386	1
405717	0	7170624	0
405717	0	7170625	0
405717	0	7170626	1
405717	0	7170629	1
405717	0	7170630	1
405717	0	7170631	1
405717	0	7201359	0
405717	0	7201361	0
405717	0	7288991	1
405717	0	7288996	1
405717	0	7447941	1
405717	0	7447942	1
405717	0	7447943	1
405717	0	758581	1
405717	0	758582	1
405717	0	758585	1
405717	0	758586	1
405717	0	7589975	1
405717	0	7728831	1
405717	0	7896211	1
405717	0	7896212	1
405717	0	8156519	1
405717	0	8433852	1
405717	0	8433854	1
405717	0	8433856	1
405717	0	8433858	1
405717	0	846414	0
405717	0	931517	1
443396	0	1062726	1
443396	0	1089146	1
443396	0	1091614	1
443396	0	1133058	1
443396	0	119472	1
443396	0	1269427	1
443396	0	1360104	1
443396	0	1525423	1
443396	0	1533746	1
443396	0	1552106	1
443396	0	1608504	1
443396	0	1645100	1
443396	0	1660562	1
443396	0	1913399	1
443396	0	2007121	1
443396	0	2138579	1
443396	0	2316507	1
443396	0	2320326	1
443396	0	2490486	1
443396	0	2498237	1
443396	0	2528057	1
443396	0	257389	1
443396	0	2745552	1
443396	0	2976738	1
443396	0	2976740	1
443396	0	2976741	1
443396	0	3118073	1
443396	0	3131746	1
443396	0	3231289	1
443396	0	3323246	1
443396	0	3440850	1
443396	0	355277	1
443396	0	3617225	1
443396	0	3712489	1
443396	0	3721948	1
443396	0	3834027	1
443396	0	4025397	1
443396	0	4052112	1
443396	0	4060727	1
443396	0	415545	1
443396	0	415552	1
443396	0	4205264	1
443396	0	4271045	1
443396	0	4281721	1
443396	0	4415869	1
443396	0	4433173	1
443396	0	4526747	1
443396	0	453706	1
443396	0	4544490	1
443396	0	456710	1
443396	0	458179	1
443396	0	4792653	1
443396	0	4830647	1
443396	0	4851110	1
443396	0	5048837	1
443396	0	5053511	1
443396	0	5065439	1
443396	0	5073515	1
443396	0	510377	1
443396	0	5202178	1
443396	0	5315644	1
443396	0	5644797	1
443396	0	5836687	1
443396	0	5890955	1
443396	0	5922987	1
443396	0	6411588	1
443396	0	6471278	1
443396	0	6471285	1
443396	0	6863144	1
443396	0	6863145	1
443396	0	691944	1
443396	0	6998055	1
443396	0	7143882	1
443396	0	7188675	1
443396	0	7230688	1
443396	0	7489164	1
443396	0	7722259	1
443396	0	7734655	1
443396	0	7749375	1
443396	0	7810275	1
443396	0	7824761	1
443396	0	7844096	1
443396	0	788091	1
443396	0	7890878	1
443396	0	7890882	1
443396	0	8079039	1
443396	0	8079040	1
443396	0	8083065	1
443396	0	8219243	1
443396	0	8337676	1
443396	0	8383775	1
443396	0	8421784	1
443396	0	843370	1
443396	0	8536118	1
443396	0	8536121	1
443396	0	8536122	1
443396	0	8536123	1
443396	0	8578323	1
443396	0	8613216	1
443396	0	8793491	1
451602	0	1078132	1
451602	0	1078134	0
451602	0	1078138	1
451602	0	1094131	1
451602	0	1094139	1
451602	0	127537	1
451602	0	1277286	1
451602	0	1277290	1
451602	0	1277293	1
451602	0	1277294	0
451602	0	1314129	1
451602	0	1715030	1
451602	0	2084909	1
451602	0	2154597	0
451602	0	2176450	1
451602	0	2176453	1
451602	0	2176455	1
451602	0	2176458	1
451602	0	2176459	1
451602	0	2244874	1
451602	0	2244875	0
451602	0	2244882	1
451602	0	2618829	1
451602	0	2756872	1
451602	0	2922145	0
451602	0	3090664	0
451602	0	3090665	0
451602	0	3090666	0
451602	0	3090667	1
451602	0	3090670	0
451602	0	3090671	0
451602	0	3090672	0
451602	0	3119124	0
451602	0	3177691	1
451602	0	3177694	0
451602	0	3177696	1
451602	0	3177699	1
451602	0	3177700	1
451602	0	3214501	0
451602	0	3371386	1
451602	0	3493825	1
451602	0	370081	1
451602	0	3746406	0
451602	0	4345752	1
451602	0	4453605	1
451602	0	4453606	1
451602	0	4487179	1
451602	0	4874640	1
451602	0	4874641	1
451602	0	4874644	1
451602	0	4874645	1
451602	0	5000376	1
451602	0	5008865	0
451602	0	5053852	1
451602	0	5179245	1
451602	0	5179250	1
451602	0	5179251	1
451602	0	5211036	1
451602	0	5475308	1
451602	0	5475312	1
451602	0	5538936	1
451602	0	5538937	1
451602	0	5538938	1
451602	0	5538942	1
451602	0	5916874	0
451602	0	6132119	0
451602	0	6286973	1
451602	0	6286974	1
451602	0	6286975	1
451602	0	6286976	0
451602	0	6286977	1
451602	0	6286978	0
451602	0	6286979	1
451602	0	6286980	1
451602	0	6286981	1
451602	0	6286982	1
451602	0	6618756	1
451602	0	6775287	0
451602	0	7792100	1
451602	0	7800959	1
451602	0	7800962	1
451602	0	8019873	0
451602	0	8033471	0
451602	0	8214451	0
451602	0	8214452	1
451602	0	8383461	1
451602	0	8383462	0
451602	0	8383463	1
451602	0	8383465	1
451602	0	8390518	1
451602	0	8390525	1
451602	0	8485136	0
451602	0	8540470	1
451602	0	8540473	1
451602	0	8621776	1
451602	0	8742537	1
451602	0	8786896	0
451602	0	930490	1
451602	0	96222	1
451602	0	96229	1
47923	0	129219	0
47923	0	1346412	0
47923	0	1488918	0
47923	0	1488919	0
47923	0	1681331	1
47923	0	1681332	1
47923	0	1681333	1
47923	0	1681334	1
47923	0	1681336	1
47923	0	1681337	0
47923	0	1681338	1
47923	0	1681339	1
47923	0	1681340	1
47923	0	1827449	0
47923	0	1827452	0
47923	0	1868437	1
47923	0	1868438	0
47923	0	1868442	0
47923	0	2044900	1
47923	0	2135499	0
47923	0	2284128	0
47923	0	2284134	0
47923	0	2408264	0
47923	0	2508227	0
47923	0	2699736	0
47923	0	2831042	0
47923	0	291219	0
47923	0	3348834	1
47923	0	3348838	0
47923	0	3630935	0
47923	0	3688361	0
47923	0	4064327	0
47923	0	4064328	0
47923	0	4119528	0
47923	0	4257344	0
47923	0	4257345	0
47923	0	4297620	1
47923	0	4523464	0
47923	0	4652795	1
47923	0	473807	1
47923	0	473809	1
47923	0	5032362	1
47923	0	5032364	0
47923	0	5147526	0
47923	0	5147527	0
47923	0	5147529	0
47923	0	525507	0
47923	0	525511	0
47923	0	525513	0
47923	0	5282403	0
47923	0	5310902	0
47923	0	5417578	0
47923	0	5417580	0
47923	0	5417581	0
47923	0	5417582	1
47923	0	5417584	0
47923	0	5595916	0
47923	0	5898845	0
47923	0	5898846	0
47923	0	5936354	0
47923	0	5966643	0
47923	0	6111296	0
47923	0	618556	0
47923	0	6191	0
47923	0	6210760	0
47923	0	6222131	0
47923	0	6241147	1
47923	0	6241148	1
47923	0	6241150	1
47923	0	6241151	1
47923	0	6241152	1
47923	0	6241153	1
47923	0	6241154	1
47923	0	6272906	0
47923	0	6643066	1
47923	0	6919836	0
47923	0	6919841	1
47923	0	7038128	0
47923	0	7071695	0
47923	0	7137895	0
47923	0	7417276	0
47923	0	7747055	0
47923	0	7902936	0
47923	0	7936847	0
47923	0	8110288	0
47923	0	8110289	0
47923	0	8216702	0
47923	0	829484	0
47923	0	8327407	1
47923	0	8348762	1
47923	0	8418678	0
47923	0	8418681	1
47923	0	8418683	1
47923	0	8418686	1
47923	0	8421421	0
47923	0	8641104	1
47923	0	8641106	1
47923	0	8641107	1
47923	0	913042	1
47923	0	986177	1
489204	0	114148	1
489204	0	1167659	1
489204	0	1225589	1
489204	0	1225591	1
489204	0	1228655	1
489204	0	1231677	1
489204	0	1276947	1
489204	0	1319513	0
489204	0	1418931	0
489204	0	1418933	1
489204	0	1418935	1
489204	0	1418937	1
489204	0	1430550	1
489204	0	152948	0
489204	0	152954	1
489204	0	1538587	1
489204	0	173119	1
489204	0	1759354	1
489204	0	1759357	0
489204	0	1759360	1
489204	0	1778458	1
489204	0	185678	1
489204	0	185679	0
489204	0	1950273	0
489204	0	216490	1
489204	0	216492	0
489204	0	2268651	1
489204	0	2268652	1
489204	0	2268656	0
489204	0	2268657	0
489204	0	3053137	1
489204	0	3053140	1
489204	0	3608627	1
489204	0	3728441	0
489204	0	3728445	1
489204	0	4029846	0
489204	0	4142348	0
489204	0	416864	1
489204	0	4279451	0
489204	0	4387756	0
489204	0	4586570	1
489204	0	4890939	1
489204	0	4917998	1
489204	0	5005765	1
489204	0	5107817	1
489204	0	5107824	0
489204	0	533017	1
489204	0	5541650	1
489204	0	5629373	1
489204	0	5815957	1
489204	0	5842847	1
489204	0	5842850	1
489204	0	5895917	1
489204	0	6087663	1
489204	0	6087666	1
489204	0	6087671	0
489204	0	6327174	1
489204	0	6327175	1
489204	0	6327177	1
489204	0	6327181	0
489204	0	6327182	0
489204	0	6343845	1
489204	0	6362205	1
489204	0	6542578	0
489204	0	66437	1
489204	0	6652051	1
489204	0	6652052	1
489204	0	6661536	1
489204	0	6665318	1
489204	0	6665319	1
489204	0	6665321	0
489204	0	678245	1
489204	0	6894988	1
489204	0	6952550	1
489204	0	6964307	0
489204	0	7113153	0
489204	0	7116533	1
489204	0	753265	1
489204	0	7734612	0
489204	0	8376905	1
489204	0	8376907	1
489204	0	8376910	0
489204	0	8463820	1
489204	0	8463823	1
489204	0	855963	1
489204	0	855967	0
489204	0	855969	0
489204	0	855972	1
489204	0	8594271	0
489204	0	8594272	1
489204	0	8594273	1
489204	0	8594276	0
489204	0	8594277	0
489204	0	8594280	0
489204	0	8737051	1
489204	0	8737053	1
489204	0	8781574	0
489204	0	8781575	1
489204	0	890797	1
489204	0	973923	1
490595	0	1044147	1
490595	0	1160847	1
490595	0	1194055	0
490595	0	1194060	1
490595	0	1288938	1
490595	0	1288942	1
490595	0	1288943	1
490595	0	1288946	1
490595	0	1473259	1
490595	0	1554695	1
490595	0	1620438	1
490595	0	1652460	1
490595	0	1814180	1
490595	0	1929910	1
490595	0	1929911	1
490595	0	2433509	0
490595	0	2668007	0
490595	0	3497870	0
490595	0	3833407	1
490595	0	3833409	0
490595	0	3833413	1
490595	0	3833414	1
490595	0	3937195	1
490595	0	3937196	1
490595	0	3937197	1
490595	0	3937199	0
490595	0	3937200	1
490595	0	3937201	1
490595	0	3937202	0
490595	0	3937203	1
490595	0	3937204	1
490595	0	4082315	0
490595	0	4082319	0
490595	0	4292443	1
490595	0	4737059	1
490595	0	4737060	1
490595	0	4737061	1
490595	0	4737062	1
490595	0	4737063	1
490595	0	4737064	1
490595	0	4737065	1
490595	0	4737066	1
490595	0	4737067	1
490595	0	4737068	1
490595	0	4763066	1
490595	0	4763068	1
490595	0	4763070	0
490595	0	4771671	0
490595	0	4842889	1
490595	0	4842890	1
490595	0	4842891	1
490595	0	4842894	1
490595	0	4842895	0
490595	0	4842896	1
490595	0	4842897	1
490595	0	4865130	1
490595	0	5112294	1
490595	0	5128293	0
490595	0	5247992	1
490595	0	5247999	1
490595	0	5248000	1
490595	0	526093	1
490595	0	5359208	1
490595	0	5359212	1
490595	0	5359213	1
490595	0	549465	1
490595	0	549466	1
490595	0	5633627	1
490595	0	5633631	1
490595	0	6045591	1
490595	0	6045596	0
490595	0	6066623	1
490595	0	6412650	1
490595	0	6686784	1
490595	0	6742119	1
490595	0	6971306	0
490595	0	6976956	0
490595	0	6976960	0
490595	0	7045861	0
490595	0	7065739	0
490595	0	7340532	1
490595	0	7422680	0
490595	0	7698191	0
490595	0	777201	0
490595	0	7839903	1
490595	0	7839904	1
490595	0	7839906	1
490595	0	7968900	0
490595	0	805046	1
490595	0	805047	1
490595	0	805048	1
490595	0	805050	1
490595	0	805051	1
490595	0	805052	1
490595	0	8485139	1
490595	0	8485140	1
490595	0	8485141	1
490595	0	8485142	1
490595	0	8709994	1
490595	0	903932	1
527433	0	1000485	1
527433	0	1101466	1
527433	0	1125933	0
527433	0	1187918	1
527433	0	1212783	0
527433	0	1251475	0
527433	0	1251480	0
527433	0	126710	0
527433	0	1379237	1
527433	0	1379238	1
527433	0	1379239	1
527433	0	1379240	1
527433	0	1379245	1
527433	0	1511548	1
527433	0	1511549	0
527433	0	1511551	1
527433	0	1511553	1
527433	0	1511556	1
527433	0	1664523	1
527433	0	1753604	0
527433	0	1753981	0
527433	0	2496224	1
527433	0	2496227	1
527433	0	2565413	0
527433	0	269422	1
527433	0	269423	0
527433	0	269424	0
527433	0	269425	1
527433	0	269426	1
527433	0	269428	0
527433	0	269430	1
527433	0	2722036	1
527433	0	286501	0
527433	0	291606	0
527433	0	3093197	1
527433	0	3124961	0
527433	0	3136618	0
527433	0	3224400	0
527433	0	3294599	1
527433	0	3294600	1
527433	0	3774360	1
527433	0	3786813	1
527433	0	3835729	1
527433	0	3835731	1
527433	0	3835736	1
527433	0	4046875	0
527433	0	4046876	1
527433	0	4351170	1
527433	0	4351179	0
527433	0	4402992	1
527433	0	4402995	1
527433	0	467601	1
527433	0	4958697	0
527433	0	5466807	1
527433	0	5466809	0
527433	0	5466810	0
527433	0	5479497	1
527433	0	5479502	0
527433	0	5603305	0
527433	0	5672164	1
527433	0	5690943	0
527433	0	6038397	1
527433	0	6038403	0
527433	0	6038404	1
527433	0	6038411	1
527433	0	6065683	1
527433	0	6186391	1
527433	0	6186393	1
527433	0	6186394	0
527433	0	6186395	1
527433	0	6214994	0
527433	0	6214995	0
527433	0	6215001	1
527433	0	6394981	0
527433	0	6398041	1
527433	0	6498113	0
527433	0	653101	1
527433	0	6595634	1
527433	0	6735245	1
527433	0	7514088	0
527433	0	7514090	0
527433	0	7607669	1
527433	0	7748145	1
527433	0	7748146	1
527433	0	8306449	1
527433	0	8306450	1
527433	0	8306451	1
527433	0	8371764	1
527433	0	8617267	1
527433	0	8617269	1
527433	0	8617270	0
527433	0	8617271	1
527433	0	8617272	1
527433	0	8617273	1
527433	0	8617274	1
527433	0	8617276	1
527433	0	8761458	0
527433	0	8827925	1
527433	0	8827928	1
527433	0	953162	1
573724	0	1005335	0
573724	0	1005338	0
573724	0	1005341	0
573724	0	104856	0
573724	0	1165128	1
573724	0	1165129	1
573724	0	1293333	0
573724	0	1509939	0
573724	0	1509940	1
573724	0	1509942	1
573724	0	1509943	1
573724	0	1509944	1
573724	0	162145	0
573724	0	162151	1
573724	0	1816038	1
573724	0	2133806	1
573724	0	2417985	0
573724	0	2635262	1
573724	0	3059590	1
573724	0	3059593	1
573724	0	3146236	0
573724	0	3146238	1
573724	0	3146240	1
573724	0	3365631	1
573724	0	3365632	1
573724	0	3365633	1
573724	0	3365635	1
573724	0	3365636	1
573724	0	3365637	0
573724	0	3365638	1
573724	0	3365639	1
573724	0	340830	1
573724	0	3412325	0
573724	0	3492364	0
573724	0	3617636	0
573724	0	394136	1
573724	0	394138	0
573724	0	394139	0
573724	0	394141	0
573724	0	394142	1
573724	0	4017883	0
573724	0	4041520	0
573724	0	4360246	0
573724	0	5047796	1
573724	0	5185664	1
573724	0	5185671	0
573724	0	5310530	1
573724	0	5339620	1
573724	0	5384308	0
573724	0	5721829	1
573724	0	5721831	1
573724	0	5962420	0
573724	0	5962423	1
573724	0	5962424	0
573724	0	5962425	0
573724	0	5962426	0
573724	0	5962427	0
573724	0	5962428	1
573724	0	6113247	0
573724	0	6496777	1
573724	0	6776717	1
573724	0	7104825	1
573724	0	7104826	1
573724	0	7104827	0
573724	0	7199667	0
573724	0	7199669	1
573724	0	7199672	1
573724	0	7199673	1
573724	0	7199674	0
573724	0	7199675	0
573724	0	7275118	0
573724	0	7384329	0
573724	0	7384331	1
573724	0	7384332	1
573724	0	7384333	0
573724	0	7530702	0
573724	0	7609926	1
573724	0	7609927	1
573724	0	7609928	1
573724	0	7609929	0
573724	0	7609930	1
573724	0	7609932	1
573724	0	7609933	0
573724	0	7674858	0
573724	0	7674859	1
573724	0	7964601	1
573724	0	8047166	0
573724	0	8318905	0
573724	0	8441637	1
573724	0	8441642	1
573724	0	8444726	0
573724	0	8444727	0
573724	0	8444728	1
573724	0	87400	0
573724	0	87404	0
573724	0	87405	1
573724	0	87409	1
573724	0	8833192	1
573724	0	8833194	1
573724	0	8833199	0
833860	0	1187661	0
833860	0	1327051	0
833860	0	1361867	0
833860	0	1501736	1
833860	0	1524399	0
833860	0	1799624	0
833860	0	1889863	1
833860	0	2022685	1
833860	0	2022688	1
833860	0	2022689	0
833860	0	2037474	0
833860	0	2206194	1
833860	0	2206195	1
833860	0	2206196	1
833860	0	2206197	1
833860	0	2206198	1
833860	0	2206200	1
833860	0	223308	0
833860	0	2672510	0
833860	0	2702357	1
833860	0	2792242	0
833860	0	3087477	0
833860	0	3087479	0
833860	0	3087481	0
833860	0	3087483	0
833860	0	3320119	0
833860	0	3394881	0
833860	0	3394884	0
833860	0	3437281	1
833860	0	3437283	0
833860	0	3437284	0
833860	0	3437285	1
833860	0	3437286	1
833860	0	3437288	1
833860	0	3437289	0
833860	0	3437290	1
833860	0	3767859	0
833860	0	4046122	0
833860	0	4431446	1
833860	0	4461904	0
833860	0	474455	0
833860	0	4881965	1
833860	0	4983652	1
833860	0	5167510	1
833860	0	5167512	0
833860	0	5167513	1
833860	0	5167518	1
833860	0	5196182	0
833860	0	5268870	0
833860	0	5268871	0
833860	0	5407712	0
833860	0	5417403	0
833860	0	5652528	0
833860	0	5832657	1
833860	0	5832662	0
833860	0	5832665	1
833860	0	596153	1
833860	0	6083481	0
833860	0	6182014	0
833860	0	6211800	1
833860	0	6211801	0
833860	0	6218032	1
833860	0	6218035	1
833860	0	6218036	0
833860	0	6218040	1
833860	0	6230220	1
833860	0	6230221	1
833860	0	6230222	1
833860	0	6230223	1
833860	0	6230224	0
833860	0	6230225	1
833860	0	6230226	1
833860	0	6230227	0
833860	0	6230228	0
833860	0	6230229	0
833860	0	6301693	1
833860	0	6672273	0
833860	0	6812180	0
833860	0	6875877	0
833860	0	6943598	0
833860	0	6943600	0
833860	0	6943602	0
833860	0	7038170	1
833860	0	7061642	0
833860	0	7140183	0
833860	0	7526106	1
833860	0	767542	0
833860	0	7706738	0
833860	0	771855	0
833860	0	7831470	0
833860	0	7944293	0
833860	0	8344031	1
833860	0	8697642	0
833860	0	8813242	1
833860	0	8833502	1
833860	0	8833504	0
833860	0	8833506	1
833860	0	8833507	0
833860	0	8833509	1
833860	0	918663	1
855410	0	1047903	1
855410	0	107007	1
855410	0	1094085	1
855410	0	1147838	1
855410	0	1186979	1
855410	0	1265640	1
855410	0	1375118	1
855410	0	1601632	1
855410	0	1601633	1
855410	0	1819434	1
855410	0	1823202	1
855410	0	1865662	1
855410	0	1943019	1
855410	0	2077825	1
855410	0	2273664	1
855410	0	2320432	1
855410	0	235313	1
855410	0	2499353	1
855410	0	2531712	1
855410	0	2699630	1
855410	0	2699633	1
855410	0	2890365	1
855410	0	290393	1
855410	0	290399	1
855410	0	2956083	1
855410	0	2956088	1
855410	0	3029131	1
855410	0	3395167	1
855410	0	3616245	1
855410	0	3723413	1
855410	0	3723415	1
855410	0	3899594	1
855410	0	3946565	1
855410	0	3950388	1
855410	0	4280787	1
855410	0	4280789	1
855410	0	4492814	1
855410	0	4492820	1
855410	0	4544524	1
855410	0	4550443	1
855410	0	4550444	1
855410	0	4554616	1
855410	0	4806059	1
855410	0	4806060	1
855410	0	4806061	1
855410	0	4905096	1
855410	0	4949888	1
855410	0	4949892	1
855410	0	5053555	1
855410	0	5053561	1
855410	0	5054952	1
855410	0	5054953	1
855410	0	5170091	1
855410	0	5227585	1
855410	0	5238596	1
855410	0	5501406	1
855410	0	5501411	1
855410	0	5886095	1
855410	0	5980107	1
855410	0	6206276	1
855410	0	6257436	1
855410	0	6385718	1
855410	0	6385723	1
855410	0	6385724	1
855410	0	6438956	1
855410	0	6468667	1
855410	0	6522121	1
855410	0	6658891	1
855410	0	6792307	1
855410	0	681984	1
855410	0	681993	1
855410	0	6897274	1
855410	0	6933293	1
855410	0	7380061	1
855410	0	7835607	1
855410	0	8157623	1
855410	0	8157631	1
855410	0	8157632	1
855410	0	8442441	1
855410	0	8442446	1
855410	0	8458402	1
855410	0	8543388	1
855410	0	8543392	1
855410	0	8543394	1
855410	0	8596531	1
855410	0	8645167	1
855410	0	8647049	1
855410	0	8647051	1
855410	0	8651770	1
855410	0	8651771	1
855410	0	8651772	1
855410	0	8651773	1
855410	0	8651775	1
855410	0	8651776	1
855410	0	8711527	1
855410	0	8792394	1
855410	0	902854	1
855410	0	944479	1
855410	0	995377	1
855410	0	995381	1
87181	0	1059517	0
87181	0	123547	0
87181	0	1700168	1
87181	0	1766470	0
87181	0	1950526	1
87181	0	1950532	1
87181	0	1961300	0
87181	0	1992881	1
87181	0	2024860	1
87181	0	2307974	1
87181	0	2307979	0
87181	0	2530227	1
87181	0	2530252	0
87181	0	2530257	1
87181	0	2556144	0
87181	0	2556149	0
87181	0	2556150	0
87181	0	2556151	1
87181	0	2556153	1
87181	0	2986227	1
87181	0	3216315	0
87181	0	3216319	1
87181	0	3914970	1
87181	0	4632251	1
87181	0	4639455	1
87181	0	4689523	1
87181	0	4689524	0
87181	0	4689525	1
87181	0	47203	0
87181	0	47204	1
87181	0	47206	0
87181	0	47207	0
87181	0	47210	0
87181	0	47211	0
87181	0	47212	0
87181	0	4786305	1
87181	0	5103077	1
87181	0	5103082	1
87181	0	5103083	1
87181	0	5197130	0
87181	0	5197133	0
87181	0	5197135	0
87181	0	5197138	0
87181	0	5469038	1
87181	0	5497677	1
87181	0	5503697	0
87181	0	5753301	1
87181	0	5758954	1
87181	0	5899049	1
87181	0	6129695	0
87181	0	6482229	1
87181	0	6484575	1
87181	0	6484576	1
87181	0	6484577	1
87181	0	6484578	0
87181	0	6521360	0
87181	0	6521365	0
87181	0	6521366	1
87181	0	6521367	1
87181	0	6685092	1
87181	0	6747685	0
87181	0	6774305	0
87181	0	6969187	1
87181	0	7057928	0
87181	0	742425	1
87181	0	7504775	0
87181	0	753721	1
87181	0	7586365	1
87181	0	7666828	0
87181	0	7666831	0
87181	0	8037179	0
87181	0	8049855	1
87181	0	8151921	0
87181	0	8151922	0
87181	0	8151926	1
87181	0	8165400	0
87181	0	8165401	1
87181	0	8165403	0
87181	0	8165404	0
87181	0	8332546	1
87181	0	8332547	1
87181	0	8332551	0
87181	0	8332555	1
87181	0	8356380	0
87181	0	8499367	1
87181	0	8522403	0
87181	0	8534130	1
87181	0	8534133	0
87181	0	8534134	1
87181	0	8534135	0
87181	0	8534136	0
87181	0	8565420	1
87181	0	8614359	0
87181	0	8614360	0
87181	0	8664069	0
87181	0	8683178	0
87181	0	8683181	0
87181	0	8683183	0
87181	0	8683185	1
87181	0	8738510	1
87452	0	110898	1
87452	0	119524	0
87452	0	119526	0
87452	0	1395625	1
87452	0	1395631	0
87452	0	1395633	1
87452	0	1518500	1
87452	0	1533416	1
87452	0	1598547	1
87452	0	1749882	0
87452	0	186931	1
87452	0	186939	1
87452	0	1890452	1
87452	0	2026774	0
87452	0	2026777	0
87452	0	2127122	1
87452	0	2205470	0
87452	0	2624886	1
87452	0	2771908	1
87452	0	3732121	0
87452	0	3809020	0
87452	0	4008486	1
87452	0	4307932	1
87452	0	4307935	1
87452	0	4307936	1
87452	0	4307938	1
87452	0	4307941	1
87452	0	4496461	0
87452	0	4557554	1
87452	0	4634899	1
87452	0	4846191	1
87452	0	4846192	1
87452	0	4846194	1
87452	0	4846197	1
87452	0	4846198	1
87452	0	4866237	1
87452	0	4866238	1
87452	0	4872055	1
87452	0	4993648	1
87452	0	5180105	1
87452	0	5219890	1
87452	0	5286924	1
87452	0	5500606	1
87452	0	5746165	0
87452	0	5746167	1
87452	0	5751686	1
87452	0	5851090	1
87452	0	5851095	1
87452	0	6018160	1
87452	0	6018161	1
87452	0	6018162	1
87452	0	6018163	1
87452	0	6018164	1
87452	0	6018165	1
87452	0	6018166	1
87452	0	6018167	1
87452	0	6018168	1
87452	0	6018169	1
87452	0	6159692	1
87452	0	7166743	0
87452	0	7166746	0
87452	0	7166749	1
87452	0	7166751	0
87452	0	7261521	1
87452	0	7261524	1
87452	0	7304545	1
87452	0	7641652	1
87452	0	7843982	1
87452	0	7843984	1
87452	0	7965004	1
87452	0	7965011	1
87452	0	8055174	1
87452	0	8081930	0
87452	0	8081937	0
87452	0	8126315	1
87452	0	8152220	1
87452	0	8152222	1
87452	0	8152225	1
87452	0	8213478	1
87452	0	8213486	0
87452	0	8333912	1
87452	0	8333913	1
87452	0	8333917	1
87452	0	8333919	0
87452	0	8333920	1
87452	0	8333921	1
87452	0	8436571	1
87452	0	8436572	0
87452	0	8436573	1
87452	0	8436574	0
87452	0	8436575	0
87452	0	8436576	1
87452	0	8436578	1
87452	0	8436579	0
87452	0	8436580	1
87452	0	8819111	1
87452	0	8819112	1
87452	0	8819113	1
87452	0	8819114	0
87452	0	8819116	1
915593	0	1396701	1
915593	0	1396705	0
915593	0	1396708	1
915593	0	1772930	1
915593	0	1972028	0
915593	0	2210590	0
915593	0	2210591	1
915593	0	2210592	1
915593	0	2210593	1
915593	0	2210594	1
915593	0	2210595	1
915593	0	2210596	1
915593	0	2210597	1
915593	0	2588143	1
915593	0	2744909	0
915593	0	2915475	1
915593	0	3069424	0
915593	0	3143377	0
915593	0	3375966	0
915593	0	3485338	0
915593	0	3523602	0
915593	0	3538160	1
915593	0	3538161	0
915593	0	3538163	1
915593	0	3538164	1
915593	0	3538166	1
915593	0	3538168	0
915593	0	3573473	1
915593	0	3573477	1
915593	0	3573478	0
915593	0	3573479	1
915593	0	3890492	0
915593	0	3930156	0
915593	0	3991910	0
915593	0	4566815	0
915593	0	4566816	1
915593	0	4566817	1
915593	0	4566818	1
915593	0	4566819	1
915593	0	4566822	1
915593	0	4566823	0
915593	0	4691129	1
915593	0	4834226	0
915593	0	4998398	0
915593	0	5931262	1
915593	0	5931553	1
915593	0	649106	0
915593	0	6546464	0
915593	0	6761340	1
915593	0	6761341	1
915593	0	6761344	1
915593	0	6761346	0
915593	0	6761348	0
915593	0	6849965	1
915593	0	6923052	0
915593	0	6923054	0
915593	0	698385	0
915593	0	7709320	1
915593	0	7715653	0
915593	0	7715657	0
915593	0	7742098	1
915593	0	7837084	1
915593	0	7837086	0
915593	0	7861751	1
915593	0	8002852	1
915593	0	8029524	1
915593	0	8029525	1
915593	0	8029527	1
915593	0	8029532	0
915593	0	8029533	0
915593	0	8103065	0
915593	0	8103067	0
915593	0	8103068	0
915593	0	8178996	1
915593	0	8178998	1
915593	0	8178999	0
915593	0	8179005	0
915593	0	82105	0
915593	0	82106	1
915593	0	82107	1
915593	0	82108	1
915593	0	82109	0
915593	0	82110	1
915593	0	82111	1
915593	0	82113	1
915593	0	82114	0
915593	0	8275207	1
915593	0	8402968	1
915593	0	8402969	1
915593	0	8402970	1
915593	0	8402971	1
915593	0	8402972	1
915593	0	8402973	1
915593	0	8402974	1
915593	0	8420020	1
915593	0	8455303	1
915593	0	8455304	1
915593	0	8455306	1
915593	0	8681775	0
915593	0	8835904	0
962179	0	1645080	0
962179	0	1882903	0
962179	0	2017001	0
962179	0	2017003	0
962179	0	2131895	0
962179	0	2131896	0
962179	0	2186434	0
962179	0	220191	0
962179	0	2329692	1
962179	0	2329693	0
962179	0	2329694	0
962179	0	2329695	0
962179	0	2329696	1
962179	0	2329697	1
962179	0	2329699	1
962179	0	2329700	0
962179	0	2329701	0
962179	0	2589902	0
962179	0	2589904	0
962179	0	2589905	0
962179	0	2632688	0
962179	0	2697161	0
962179	0	2697162	1
962179	0	2781435	0
962179	0	2978863	0
962179	0	2978864	1
962179	0	2978865	1
962179	0	2978866	1
962179	0	2978867	0
962179	0	2978868	0
962179	0	2978869	0
962179	0	2978870	0
962179	0	2978871	0
962179	0	302861	0
962179	0	302867	0
962179	0	3033200	0
962179	0	3046926	0
962179	0	3111420	0
962179	0	3173623	0
962179	0	3173625	0
962179	0	3422319	0
962179	0	3705165	1
962179	0	3896629	0
962179	0	3896632	1
962179	0	4209397	0
962179	0	4257871	1
962179	0	4257872	0
962179	0	4257873	0
962179	0	4511499	1
962179	0	4511503	1
962179	0	4606386	1
962179	0	4606387	1
962179	0	4606388	0
962179	0	4610583	0
962179	0	5105844	0
962179	0	5268432	0
962179	0	529450	0
962179	0	5329867	0
962179	0	534563	1
962179	0	536176	1
962179	0	536177	0
962179	0	536178	0
962179	0	5653655	0
962179	0	5653656	0
962179	0	5653657	0
962179	0	5653659	1
962179	0	5919340	1
962179	0	5919342	1
962179	0	5931179	0
962179	0	6186348	0
962179	0	6675259	1
962179	0	6675260	1
962179	0	6675262	0
962179	0	6675264	0
962179	0	6898289	1
962179	0	6898293	0
962179	0	6901240	0
962179	0	6904860	0
962179	0	6904861	0
962179	0	6904862	0
962179	0	6904863	0
962179	0	6980697	1
962179	0	7126025	0
962179	0	7428149	0
962179	0	7733807	0
962179	0	7733810	0
962179	0	8032264	0
962179	0	8739706	0
962179	0	8768354	0
962179	0	8785367	1
962179	0	8785368	0
962179	0	8785369	1
962179	0	8785370	0
962179	0	8785371	1
962179	0	8785372	0
962179	0	8785373	0
962179	0	8785374	0
962179	0	8785375	0
962179	0	8811422	0
962179	0	963708	0
