1030303	0	1161432	3
1030303	0	1161439	3
1030303	0	1305520	0
1030303	0	1305521	0
1030303	0	1305528	0
1030303	0	1451848	0
1030303	0	1615360	0
1030303	0	176183	0
1030303	0	1905988	0
1030303	0	2047616	0
1030303	0	3062381	3
1030303	0	3083670	1
1030303	0	3302249	0
1030303	0	3302251	0
1030303	0	3302252	0
1030303	0	3302255	3
1030303	0	3318757	0
1030303	0	3327029	3
1030303	0	3601008	0
1030303	0	3738183	2
1030303	0	3880502	2
1030303	0	4236749	0
1030303	0	4245507	0
1030303	0	4358004	0
1030303	0	4542060	1
1030303	0	5130399	0
1030303	0	5533597	0
1030303	0	5681381	0
1030303	0	5681385	0
1030303	0	6054030	0
1030303	0	6222298	0
1030303	0	6271629	0
1030303	0	6895305	0
1030303	0	6939422	0
1030303	0	6939426	0
1030303	0	6939428	0
1030303	0	6939430	0
1030303	0	6939431	0
1030303	0	700079	0
1030303	0	7156982	2
1030303	0	7168323	0
1030303	0	7168324	0
1030303	0	7259969	0
1030303	0	7284047	0
1030303	0	7284052	0
1030303	0	7508058	0
1030303	0	7661516	0
1030303	0	8726429	3
1030303	0	8726430	1
1030303	0	8726432	0
1030303	0	8726433	4
1030303	0	8726434	4
1030303	0	8726435	4
1030303	0	8726436	0
1030303	0	8726437	5
1030303	0	979606	0
1037496	0	2556452	5
1037496	0	2725825	5
1037496	0	2725834	4
1037496	0	2902707	5
1037496	0	3725934	5
1037496	0	3725936	0
1037496	0	3725937	5
1037496	0	3852733	5
1037496	0	4174376	3
1037496	0	4174377	5
1037496	0	4187303	4
1037496	0	4187305	5
1037496	0	4187307	4
1037496	0	4187309	5
1037496	0	4760907	5
1037496	0	4760908	4
1037496	0	4760912	5
1037496	0	4760914	5
1037496	0	4760915	4
1037496	0	4905511	4
1037496	0	4912160	4
1037496	0	4912162	5
1037496	0	4912163	0
1037496	0	4912167	4
1037496	0	4993566	5
1037496	0	57410	4
1037496	0	5927420	5
1037496	0	6866284	5
1037496	0	7287404	5
1037496	0	7766583	5
1037496	0	7766584	2
1037496	0	7766585	5
1037496	0	7766587	5
1037496	0	8805888	0
1043135	0	1637694	4
1043135	0	1637695	5
1043135	0	1637701	1
1043135	0	1845636	4
1043135	0	1845639	0
1043135	0	2443319	4
1043135	0	2443321	4
1043135	0	2664986	4
1043135	0	2664989	4
1043135	0	2664992	4
1043135	0	2664993	4
1043135	0	2664994	0
1043135	0	2664995	5
1043135	0	3378240	4
1043135	0	3878603	5
1043135	0	3878608	4
1043135	0	4355523	5
1043135	0	4541688	4
1043135	0	4994428	4
1043135	0	4994429	0
1043135	0	5262285	0
1043135	0	5262288	4
1043135	0	5262289	4
1043135	0	650641	5
1043135	0	650642	5
1043135	0	7022077	0
1043135	0	7137848	5
1043135	0	7137849	4
1043135	0	7137851	4
1043135	0	8224806	5
1043135	0	8224813	0
1043135	0	8694697	0
1043135	0	8694701	0
1043135	0	8694703	0
1043135	0	8696952	4
1043135	0	8696953	4
1043135	0	8696954	4
1043135	0	8696956	4
1043135	0	8696957	2
1043135	0	8696958	0
1043135	0	8696960	4
1043135	0	8696961	4
1051399	0	1678171	0
1051399	0	1678175	1
1051399	0	2180779	1
1051399	0	2250216	0
1051399	0	2427011	0
1051399	0	2768271	4
1051399	0	2845499	0
1051399	0	2866972	0
1051399	0	2866975	0
1051399	0	2866978	4
1051399	0	2894408	0
1051399	0	2978630	0
1051399	0	2978635	0
1051399	0	3174240	0
1051399	0	3446937	0
1051399	0	3681695	0
1051399	0	3694758	0
1051399	0	3773237	0
1051399	0	3854986	0
1051399	0	3854988	0
1051399	0	3854989	0
1051399	0	3943224	2
1051399	0	3943227	0
1051399	0	3943228	5
1051399	0	3943229	5
1051399	0	3969385	5
1051399	0	3969388	0
1051399	0	4084314	0
1051399	0	4171289	0
1051399	0	4251971	5
1051399	0	4352399	0
1051399	0	4368654	0
1051399	0	4368659	0
1051399	0	4380507	5
1051399	0	4380510	5
1051399	0	4418228	0
1051399	0	4426182	5
1051399	0	4426187	5
1051399	0	4426188	5
1051399	0	4486012	0
1051399	0	4513307	0
1051399	0	4552288	0
1051399	0	4681235	0
1051399	0	4729565	5
1051399	0	4736961	0
1051399	0	4815630	0
1051399	0	4878563	0
1051399	0	5041683	0
1051399	0	5186393	0
1051399	0	5348043	0
1051399	0	570299	0
1051399	0	69812	0
1051399	0	69813	5
1051399	0	69818	5
1051399	0	69819	0
1051399	0	745839	0
1051399	0	7744096	0
1051399	0	7760091	0
1051399	0	7815275	0
1051399	0	7848669	0
1051399	0	7848670	0
1051399	0	7848674	0
1051399	0	8712317	0
1051399	0	8818330	0
1064670	0	1237071	0
1064670	0	129459	4
1064670	0	129461	4
1064670	0	129462	4
1064670	0	129463	0
1064670	0	129467	4
1064670	0	129468	4
1064670	0	1567821	1
1064670	0	1567824	4
1064670	0	1760662	0
1064670	0	2839843	2
1064670	0	2977156	4
1064670	0	2977159	1
1064670	0	2977160	1
1064670	0	2998832	0
1064670	0	3079526	4
1064670	0	3333956	0
1064670	0	3644829	0
1064670	0	3741166	0
1064670	0	3807086	0
1064670	0	3826026	4
1064670	0	402493	4
1064670	0	4114926	4
1064670	0	4845639	0
1064670	0	5888407	0
1064670	0	6062648	4
1064670	0	6824284	4
1064670	0	6824285	4
1064670	0	6824287	4
1064670	0	6824288	4
1064670	0	6824289	4
1064670	0	6991411	0
1064670	0	736681	4
1064670	0	7556560	0
1064670	0	7734392	0
1064670	0	8100015	4
1064670	0	8100018	4
1064670	0	8100020	4
1064670	0	816339	3
1064670	0	816340	4
1064670	0	8337453	2
1064670	0	8337455	1
1064670	0	8680897	4
1064670	0	8680901	3
1064670	0	8680902	4
1064670	0	8680903	5
1064670	0	8680904	4
1064670	0	8680905	1
1064670	0	8680906	4
1064670	0	8734273	4
1071750	0	3016474	4
1071750	0	3016481	3
1071750	0	3575934	5
1071750	0	3850956	0
1071750	0	3928913	4
1071750	0	3928914	4
1071750	0	3928915	4
1071750	0	3928916	4
1071750	0	3928917	4
1071750	0	3928918	4
1071750	0	3928919	4
1071750	0	4133644	4
1071750	0	4717401	5
1071750	0	4794978	5
1071750	0	6508491	4
1071750	0	6508493	4
1071750	0	6508494	4
1071750	0	6508498	4
1071750	0	7778577	4
1071750	0	8378383	4
1071750	0	8378385	1
1071750	0	8378386	0
1071750	0	8378389	1
1071750	0	8378390	4
1071750	0	8378391	4
1071750	0	8698268	2
1071750	0	8698269	4
1071750	0	8698270	3
1071750	0	8698271	1
1071750	0	8698272	4
1071750	0	8698273	4
1071750	0	8698274	4
1071750	0	8698275	4
1071750	0	8698276	4
1105792	0	1088729	5
1105792	0	1620080	0
1105792	0	2668971	1
1105792	0	342876	4
1105792	0	3813126	4
1105792	0	4193893	0
1105792	0	4545233	5
1105792	0	5063488	4
1105792	0	5665835	4
1105792	0	6412594	5
1105792	0	6977017	5
1105792	0	7102720	5
1105792	0	7480463	0
1105792	0	8201610	5
1105792	0	8201611	5
1105792	0	8201612	5
1105792	0	8201613	4
1105792	0	8201614	5
1105792	0	8201615	4
1105792	0	8201616	5
1105792	0	8201617	5
1105792	0	8201618	4
1105792	0	8201619	5
1106979	0	2306620	5
1106979	0	2884219	4
1106979	0	3290646	2
1106979	0	3290649	5
1106979	0	3290651	5
1106979	0	348054	4
1106979	0	348055	4
1106979	0	348057	5
1106979	0	4219185	0
1106979	0	430215	0
1106979	0	7557632	0
1106979	0	7674419	1
1106979	0	799359	5
1106979	0	8190133	5
1106979	0	8190134	5
1106979	0	8190137	5
1106979	0	8190139	4
1106979	0	8190140	5
1108651	0	1325612	0
1108651	0	1421349	5
1108651	0	1421350	5
1108651	0	1421351	5
1108651	0	1421352	5
1108651	0	1421353	5
1108651	0	1421354	4
1108651	0	1421355	4
1108651	0	1457501	4
1108651	0	1482137	0
1108651	0	1643324	4
1108651	0	1646383	0
1108651	0	1649639	5
1108651	0	1738015	4
1108651	0	2024963	4
1108651	0	2065792	0
1108651	0	2141336	4
1108651	0	2475817	4
1108651	0	2564930	4
1108651	0	2682940	4
1108651	0	2745683	5
1108651	0	3102788	4
1108651	0	3102791	0
1108651	0	3102792	5
1108651	0	4304301	4
1108651	0	488271	0
1108651	0	4911228	4
1108651	0	5330509	4
1108651	0	5330510	5
1108651	0	5830553	4
1108651	0	6058576	4
1108651	0	6348741	0
1108651	0	6517914	1
1108651	0	6522183	4
1108651	0	6620938	0
1108651	0	6623205	4
1108651	0	6635998	5
1108651	0	6636001	5
1108651	0	6663873	0
1108651	0	6731792	4
1108651	0	6756165	4
1108651	0	6916357	4
1108651	0	7904315	4
1108651	0	815597	4
1108651	0	8175407	5
1108651	0	8175408	4
1108651	0	8175409	5
1108651	0	8175410	4
1108651	0	8175411	5
1108651	0	8175412	4
1108651	0	8175414	5
1108651	0	8175415	4
1108651	0	8258085	4
1108651	0	8289552	5
1108651	0	8289554	5
1108651	0	8289556	5
1108651	0	8289557	5
1108651	0	8289561	5
1108651	0	8591633	4
1109707	0	1011113	5
1109707	0	1143386	5
1109707	0	1143389	5
1109707	0	1190624	4
1109707	0	1230608	5
1109707	0	1255271	4
1109707	0	1608567	5
1109707	0	1719371	5
1109707	0	1719372	5
1109707	0	1719374	5
1109707	0	1823563	0
1109707	0	1911564	5
1109707	0	2245437	5
1109707	0	2510185	5
1109707	0	2646535	2
1109707	0	3039465	4
1109707	0	3039466	4
1109707	0	3982977	5
1109707	0	4099609	5
1109707	0	4122615	4
1109707	0	4122618	4
1109707	0	4236627	5
1109707	0	4237062	5
1109707	0	4294915	5
1109707	0	4332695	5
1109707	0	4370752	4
1109707	0	4370753	5
1109707	0	458599	5
1109707	0	458603	5
1109707	0	4788762	4
1109707	0	5121347	5
1109707	0	5145050	5
1109707	0	517840	2
1109707	0	517849	5
1109707	0	5415865	4
1109707	0	5740304	4
1109707	0	5813142	4
1109707	0	5826551	2
1109707	0	5942603	4
1109707	0	5947139	5
1109707	0	5947140	5
1109707	0	603152	4
1109707	0	6238285	5
1109707	0	6752975	4
1109707	0	679386	5
1109707	0	6872195	5
1109707	0	7030351	4
1109707	0	7241557	4
1109707	0	7566099	1
1109707	0	7566102	0
1109707	0	7671117	4
1109707	0	7671118	4
1109707	0	7671120	4
1109707	0	771002	5
1109707	0	771745	5
1109707	0	7979663	5
1109707	0	8008033	4
1109707	0	8165491	2
1109707	0	8165497	4
1109707	0	8363279	5
1109707	0	8363280	4
1110678	0	1174910	1
1110678	0	1191773	4
1110678	0	1263295	1
1110678	0	1273671	2
1110678	0	1273674	4
1110678	0	1273677	4
1110678	0	1327784	2
1110678	0	1368315	4
1110678	0	1555304	4
1110678	0	1710934	0
1110678	0	2126363	4
1110678	0	2310814	0
1110678	0	2713703	4
1110678	0	2713704	4
1110678	0	2713705	5
1110678	0	2713707	1
1110678	0	2713708	2
1110678	0	2713709	4
1110678	0	2713710	4
1110678	0	2713711	4
1110678	0	2748417	0
1110678	0	3116196	4
1110678	0	3195542	2
1110678	0	3559144	3
1110678	0	358450	5
1110678	0	3719134	3
1110678	0	3898227	2
1110678	0	4105531	4
1110678	0	4517440	5
1110678	0	4562240	0
1110678	0	4671167	5
1110678	0	4671169	1
1110678	0	4938479	0
1110678	0	5260903	4
1110678	0	5272210	5
1110678	0	5510586	5
1110678	0	5719597	4
1110678	0	5719602	4
1110678	0	6028890	4
1110678	0	6132506	0
1110678	0	6132507	0
1110678	0	6512111	4
1110678	0	6512116	4
1110678	0	6512117	4
1110678	0	6632692	4
1110678	0	6704694	4
1110678	0	7139329	0
1110678	0	7142094	5
1110678	0	7238156	4
1110678	0	741943	5
1110678	0	7487380	0
1110678	0	7671274	4
1110678	0	7681504	4
1110678	0	7822741	1
1110678	0	7822742	4
1110678	0	7822744	4
1110678	0	7833464	4
1110678	0	8092357	4
1110678	0	8155909	0
1110678	0	8155910	4
1110678	0	8155912	5
1110678	0	8155913	5
1110678	0	8155914	4
1110678	0	8159105	1
1110678	0	8319126	2
1110678	0	8378139	4
1110678	0	8541271	2
1113256	0	2168017	5
1113256	0	2285445	0
1113256	0	2808248	5
1113256	0	3129397	2
1113256	0	4655257	5
1113256	0	5236650	0
1113256	0	5365819	0
1113256	0	5542279	0
1113256	0	6718038	4
1113256	0	6915168	0
1113256	0	7494942	0
1113256	0	7557212	5
1113256	0	7561111	5
1113256	0	7561113	5
1113256	0	7561114	5
1113256	0	7561115	4
1113256	0	7561116	0
1113256	0	7561117	5
1113256	0	7561118	4
1113256	0	7561120	5
1113256	0	8040362	0
1113256	0	8130528	0
1113256	0	8130529	4
1113256	0	8130530	5
1113256	0	8130535	5
1113256	0	8447987	0
1115210	0	1139086	4
1115210	0	1139088	0
1115210	0	1139091	0
1115210	0	1537119	0
1115210	0	1592599	4
1115210	0	2168219	0
1115210	0	2168224	2
1115210	0	2237161	4
1115210	0	2690664	4
1115210	0	3031188	0
1115210	0	3031191	0
1115210	0	3525807	3
1115210	0	3676753	0
1115210	0	3793694	0
1115210	0	3793701	0
1115210	0	382378	0
1115210	0	3901001	1
1115210	0	409739	0
1115210	0	4189777	0
1115210	0	4450403	0
1115210	0	4450404	3
1115210	0	4722362	0
1115210	0	4781712	4
1115210	0	4791665	0
1115210	0	4902828	0
1115210	0	4981876	0
1115210	0	5547291	2
1115210	0	5547292	4
1115210	0	5547293	0
1115210	0	5547294	4
1115210	0	5547295	4
1115210	0	5547298	0
1115210	0	5547299	0
1115210	0	5769768	4
1115210	0	585138	0
1115210	0	5874877	4
1115210	0	71287	4
1115210	0	7440361	0
1115210	0	7440363	0
1115210	0	7440364	0
1115210	0	7487597	3
1115210	0	7487600	0
1115210	0	7487601	0
1115210	0	7628774	1
1115210	0	7666784	0
1115210	0	778989	4
1115210	0	8111878	0
1115210	0	8111879	4
1115210	0	8111881	2
1115210	0	8111882	3
1115210	0	8111883	3
1115210	0	8111884	1
1115210	0	8111885	0
1115210	0	8111886	4
1115210	0	8111887	0
1115210	0	8237862	0
1115210	0	8237865	0
1115210	0	8390252	1
1115210	0	8390254	0
1115210	0	840010	0
1115210	0	840012	0
1115210	0	845823	0
1115210	0	845828	2
1115210	0	8561242	0
1116380	0	1242073	0
1116380	0	1422757	3
1116380	0	1422760	4
1116380	0	1422761	0
1116380	0	1537443	4
1116380	0	1537447	5
1116380	0	1635678	0
1116380	0	1645711	0
1116380	0	1883474	0
1116380	0	189097	0
1116380	0	2302568	0
1116380	0	2302571	1
1116380	0	2557536	0
1116380	0	2626979	0
1116380	0	2626982	0
1116380	0	283258	3
1116380	0	283261	0
1116380	0	283262	4
1116380	0	283264	1
1116380	0	283266	1
1116380	0	283267	5
1116380	0	2960678	5
1116380	0	3588232	3
1116380	0	3588234	5
1116380	0	3680690	1
1116380	0	4118339	3
1116380	0	444969	0
1116380	0	5073073	0
1116380	0	5104772	0
1116380	0	5104773	3
1116380	0	5104774	0
1116380	0	5104775	0
1116380	0	5104779	0
1116380	0	521341	3
1116380	0	521345	2
1116380	0	5395322	1
1116380	0	5654382	0
1116380	0	5752652	5
1116380	0	5752653	4
1116380	0	5752657	0
1116380	0	6385486	0
1116380	0	6431022	0
1116380	0	684555	0
1116380	0	684558	5
1116380	0	684559	0
1116380	0	7215246	0
1116380	0	765646	3
1116380	0	7659172	0
1116380	0	7879731	0
1116380	0	8100541	5
1116380	0	8100542	5
1116380	0	8100543	5
1116380	0	8100545	5
1116380	0	8100546	5
1116380	0	8100548	5
1116380	0	8113949	4
1116380	0	8371014	0
1116380	0	8612548	0
1116380	0	8784326	0
1116380	0	8784331	0
1121353	0	1122644	1
1121353	0	1259245	1
1121353	0	1470180	0
1121353	0	1643468	0
1121353	0	1713980	3
1121353	0	1718235	0
1121353	0	1727596	0
1121353	0	1854970	1
1121353	0	1886363	0
1121353	0	1891190	0
1121353	0	1949495	3
1121353	0	195110	0
1121353	0	2043904	4
1121353	0	2213823	0
1121353	0	2213824	0
1121353	0	2260259	1
1121353	0	2474382	2
1121353	0	2477448	4
1121353	0	3405327	1
1121353	0	3405776	3
1121353	0	3527298	3
1121353	0	3541849	0
1121353	0	3541854	0
1121353	0	3641804	2
1121353	0	3658919	4
1121353	0	3658920	4
1121353	0	3658922	4
1121353	0	3658923	4
1121353	0	3683368	3
1121353	0	3763468	4
1121353	0	3856519	0
1121353	0	4249422	0
1121353	0	4255177	2
1121353	0	4259960	1
1121353	0	4405874	0
1121353	0	4440318	4
1121353	0	4440326	0
1121353	0	4595103	3
1121353	0	4828747	4
1121353	0	4872676	4
1121353	0	4881885	0
1121353	0	4969906	0
1121353	0	5065103	0
1121353	0	5300162	0
1121353	0	5357560	0
1121353	0	5407059	3
1121353	0	5540041	0
1121353	0	5540043	4
1121353	0	5572759	2
1121353	0	5584830	0
1121353	0	5606060	0
1121353	0	5642762	0
1121353	0	5754666	4
1121353	0	5884499	2
1121353	0	623603	0
1121353	0	623604	0
1121353	0	6352616	1
1121353	0	6352617	3
1121353	0	6352622	4
1121353	0	6379159	0
1121353	0	6381283	0
1121353	0	6599525	0
1121353	0	6606564	0
1121353	0	7070396	0
1121353	0	7191734	0
1121353	0	7344839	4
1121353	0	7363356	0
1121353	0	8041299	0
1121353	0	8053108	4
1121353	0	8053109	4
1121353	0	8053110	0
1121353	0	8053112	4
1121353	0	8053113	4
1121353	0	8053117	4
1121353	0	8081420	0
1121353	0	8083913	0
1121353	0	8261242	0
1121353	0	8436349	0
1121353	0	858644	0
1121353	0	8671649	0
1121353	0	8684415	0
1121353	0	8728942	1
1121353	0	8728948	4
1121353	0	935133	0
1121353	0	937044	0
1121353	0	946643	0
1121353	0	946647	4
1122767	0	1176273	5
1122767	0	1253475	5
1122767	0	1575377	3
1122767	0	1901639	5
1122767	0	2019367	5
1122767	0	2019371	4
1122767	0	2358778	5
1122767	0	2859904	0
1122767	0	2859907	5
1122767	0	3407781	0
1122767	0	3559293	5
1122767	0	4102083	5
1122767	0	4161416	5
1122767	0	4161419	5
1122767	0	4461311	5
1122767	0	4461313	5
1122767	0	4550504	5
1122767	0	458261	5
1122767	0	468959	5
1122767	0	4784605	5
1122767	0	4824677	5
1122767	0	4824679	5
1122767	0	5285491	5
1122767	0	5796709	5
1122767	0	5877496	4
1122767	0	5877500	5
1122767	0	6179207	0
1122767	0	6179209	0
1122767	0	6179210	5
1122767	0	6179213	5
1122767	0	668427	5
1122767	0	6727509	5
1122767	0	6851717	5
1122767	0	6851720	0
1122767	0	7544609	1
1122767	0	7863109	5
1122767	0	8039583	4
1122767	0	8039590	3
1122767	0	884946	5
1122767	0	884952	4
1127540	0	1145263	0
1127540	0	1145264	0
1127540	0	1683442	0
1127540	0	2044364	5
1127540	0	2044366	4
1127540	0	2044368	5
1127540	0	2044369	4
1127540	0	2044370	5
1127540	0	2044371	5
1127540	0	2044372	5
1127540	0	2574460	5
1127540	0	4368062	0
1127540	0	5728324	5
1127540	0	5728333	4
1127540	0	5753339	4
1127540	0	8077956	0
1127540	0	8726954	5
1127540	0	8726955	4
1127540	0	8726956	5
1127540	0	8726957	5
1127540	0	8726958	5
1127540	0	8726959	4
1127540	0	8726960	3
1127540	0	8726961	5
1127540	0	8726962	4
1127540	0	8726963	4
1131069	0	1627668	3
1131069	0	1780963	3
1131069	0	1780965	0
1131069	0	1780966	0
1131069	0	1780968	0
1131069	0	1780969	0
1131069	0	1780970	0
1131069	0	1780971	1
1131069	0	2760729	3
1131069	0	2805723	5
1131069	0	2805726	5
1131069	0	3140073	0
1131069	0	3298559	5
1131069	0	4120158	1
1131069	0	429333	4
1131069	0	4311900	4
1131069	0	4318857	5
1131069	0	5211648	4
1131069	0	5455642	0
1131069	0	5871207	0
1131069	0	6661248	0
1131069	0	6809697	0
1131069	0	6809698	0
1131069	0	6809699	0
1131069	0	6809701	0
1131069	0	6809702	0
1131069	0	6809703	0
1131069	0	6907802	0
1131069	0	6907805	0
1131069	0	6907806	0
1131069	0	6907807	2
1131069	0	6907808	5
1131069	0	6907809	1
1131069	0	7275756	0
1131069	0	7275757	0
1131069	0	7315060	4
1131069	0	7419370	4
1131069	0	7610004	0
1131069	0	7610010	0
1131069	0	7962538	0
1131069	0	8191742	0
1131069	0	8191743	3
1131069	0	8432048	0
1131069	0	8432049	4
1131069	0	8432050	5
1131069	0	8432053	0
1131069	0	8669561	3
1132532	0	1012083	0
1132532	0	1229278	0
1132532	0	1245510	5
1132532	0	1245511	4
1132532	0	23962	0
1132532	0	23966	4
1132532	0	2536147	0
1132532	0	2762578	0
1132532	0	3299150	1
1132532	0	3406612	4
1132532	0	3643206	4
1132532	0	3797904	4
1132532	0	4110870	4
1132532	0	4591601	4
1132532	0	4851673	4
1132532	0	4851677	4
1132532	0	4893092	4
1132532	0	5041349	4
1132532	0	5053525	4
1132532	0	5510988	0
1132532	0	5910809	5
1132532	0	5989422	0
1132532	0	6117740	5
1132532	0	6117745	4
1132532	0	6142066	0
1132532	0	6150717	0
1132532	0	6176605	4
1132532	0	6189364	5
1132532	0	6189365	5
1132532	0	6189366	5
1132532	0	6189367	4
1132532	0	6189369	4
1132532	0	6191514	4
1132532	0	6832788	4
1132532	0	6832789	5
1132532	0	6832790	5
1132532	0	6832791	3
1132532	0	6832793	4
1132532	0	6832794	5
1132532	0	6832795	4
1132532	0	718132	5
1132532	0	7508490	5
1132532	0	7508491	5
1132532	0	7508493	5
1132532	0	7543160	4
1132532	0	7543163	4
1132532	0	7543164	5
1132532	0	7941105	5
1132532	0	8307656	5
1132532	0	8307661	5
1132532	0	8318621	5
1132532	0	8318622	4
1132532	0	94140	0
1132532	0	986668	5
1133579	0	1200778	4
1133579	0	1200780	1
1133579	0	1318194	1
1133579	0	1659305	3
1133579	0	1659306	4
1133579	0	1659308	4
1133579	0	1694484	0
1133579	0	1694485	3
1133579	0	1817052	3
1133579	0	1817055	5
1133579	0	1817057	4
1133579	0	2067537	0
1133579	0	2067540	0
1133579	0	2067544	3
1133579	0	2067545	0
1133579	0	2448462	4
1133579	0	2727068	3
1133579	0	2829602	1
1133579	0	3321778	4
1133579	0	3691482	0
1133579	0	3691484	0
1133579	0	3691486	4
1133579	0	3841449	4
1133579	0	4057637	4
1133579	0	4057642	4
1133579	0	4274862	4
1133579	0	4274863	3
1133579	0	4274864	0
1133579	0	4274865	0
1133579	0	4506270	3
1133579	0	4668677	4
1133579	0	4868943	0
1133579	0	4931641	4
1133579	0	4931642	4
1133579	0	4931644	1
1133579	0	4931645	4
1133579	0	5277542	0
1133579	0	5277543	4
1133579	0	6252755	1
1133579	0	6252757	4
1133579	0	6600375	4
1133579	0	670206	3
1133579	0	7011715	3
1133579	0	7011718	1
1133579	0	733202	1
1133579	0	733203	3
1133579	0	733207	0
1133579	0	733208	3
1133579	0	733210	0
1133579	0	8220878	2
1133579	0	8379135	2
1133579	0	852137	0
1136043	0	1056534	4
1136043	0	1056535	0
1136043	0	1056537	0
1136043	0	1056540	5
1136043	0	1634131	3
1136043	0	1634132	4
1136043	0	1634134	4
1136043	0	2428271	0
1136043	0	2701068	4
1136043	0	3028339	0
1136043	0	4882508	4
1136043	0	4970862	0
1136043	0	5000763	0
1136043	0	5477706	0
1136043	0	5575991	0
1136043	0	6420308	0
1136043	0	6883734	4
1136043	0	7880131	0
1136043	0	852195	2
1136043	0	852196	0
1136043	0	852197	0
1136043	0	8728069	4
1136043	0	8728070	4
1136043	0	8728071	5
1136043	0	8728072	3
1136043	0	8728074	4
1136043	0	8728076	3
1136043	0	8728077	3
1136043	0	8728078	0
1136047	0	1716878	4
1136047	0	1716882	4
1136047	0	2186578	5
1136047	0	2330118	0
1136047	0	2815435	3
1136047	0	2815436	3
1136047	0	3006066	4
1136047	0	3447385	3
1136047	0	3775376	3
1136047	0	3960078	0
1136047	0	3988779	3
1136047	0	512481	4
1136047	0	512482	4
1136047	0	512483	4
1136047	0	512487	4
1136047	0	512489	4
1136047	0	6093345	0
1136047	0	6499345	0
1136047	0	7009393	4
1136047	0	7540967	3
1136047	0	7540969	3
1136047	0	7571090	4
1136047	0	8328670	4
1136047	0	8724031	5
1136047	0	8724032	5
1136047	0	8724033	4
1136047	0	8724034	4
1136047	0	8724035	4
1136047	0	8724036	5
1136047	0	8724038	5
1136962	0	2293833	0
1136962	0	2668190	5
1136962	0	275377	0
1136962	0	277849	5
1136962	0	3293337	5
1136962	0	3348372	5
1136962	0	3646987	0
1136962	0	3863653	5
1136962	0	4088981	5
1136962	0	4170447	5
1136962	0	4548553	5
1136962	0	4589723	5
1136962	0	4589724	5
1136962	0	4589728	5
1136962	0	4589730	5
1136962	0	4601613	0
1136962	0	5414508	5
1136962	0	5471438	5
1136962	0	596001	5
1136962	0	6185710	5
1136962	0	6185711	5
1136962	0	6185712	5
1136962	0	6185714	5
1136962	0	6185715	4
1136962	0	6185716	3
1136962	0	6185717	5
1136962	0	6211004	5
1136962	0	6684779	5
1136962	0	7631079	5
1136962	0	7631083	5
1136962	0	7631084	4
1136962	0	8336574	5
1136962	0	8336578	4
118440	0	1072191	4
118440	0	1305126	4
118440	0	1323064	5
118440	0	1445681	1
118440	0	1445685	4
118440	0	1569786	5
118440	0	1569787	5
118440	0	158199	0
118440	0	158205	0
118440	0	1827531	0
118440	0	230122	4
118440	0	232473	4
118440	0	2504007	5
118440	0	2674158	4
118440	0	2699180	5
118440	0	2699188	5
118440	0	2843799	5
118440	0	2975214	0
118440	0	2975216	0
118440	0	3033116	4
118440	0	3104947	1
118440	0	3104953	0
118440	0	3647356	0
118440	0	3647357	4
118440	0	4236463	4
118440	0	4403465	0
118440	0	4403471	3
118440	0	4574420	0
118440	0	4737856	4
118440	0	4868258	4
118440	0	5149039	0
118440	0	5229209	0
118440	0	6360238	4
118440	0	6382751	4
118440	0	6382753	4
118440	0	6382755	0
118440	0	6609239	4
118440	0	6609240	4
118440	0	6687966	5
118440	0	6744365	5
118440	0	6744368	0
118440	0	6750547	3
118440	0	6750548	0
118440	0	6750549	0
118440	0	6750551	4
118440	0	6750552	0
118440	0	6750554	0
118440	0	6802137	5
118440	0	7035722	5
118440	0	7159218	4
118440	0	7539487	5
118440	0	7703789	0
118440	0	7967582	0
118440	0	8412702	4
118440	0	8527723	5
118440	0	8785852	0
121171	0	1278921	1
121171	0	1278923	5
121171	0	1278926	4
121171	0	2550806	4
121171	0	2550807	4
121171	0	2550810	4
121171	0	2550811	5
121171	0	2550813	2
121171	0	2550814	4
121171	0	259430	5
121171	0	259431	4
121171	0	259433	3
121171	0	259434	4
121171	0	259435	0
121171	0	259436	3
121171	0	259437	0
121171	0	2626101	5
121171	0	2631827	4
121171	0	2735732	4
121171	0	3092263	3
121171	0	3812019	0
121171	0	3812022	4
121171	0	451170	5
121171	0	451171	4
121171	0	451172	4
121171	0	451173	4
121171	0	451174	4
121171	0	451175	5
121171	0	451176	4
121171	0	5809826	1
121171	0	5809831	4
121171	0	5930988	0
121171	0	6580476	4
121171	0	7165126	0
121171	0	7224846	0
121171	0	8056821	0
121171	0	8164251	5
121171	0	8260188	2
121171	0	8260191	4
121171	0	8260192	5
121171	0	8260193	1
121171	0	8260194	2
121171	0	8260195	4
121171	0	8643275	3
135802	0	1103938	5
135802	0	1256034	4
135802	0	2539732	4
135802	0	2539740	4
135802	0	2739063	4
135802	0	2739069	4
135802	0	2739070	0
135802	0	3624450	4
135802	0	366625	0
135802	0	4007446	4
135802	0	4007447	4
135802	0	4347259	4
135802	0	4382396	5
135802	0	4411252	5
135802	0	4919670	5
135802	0	5394718	4
135802	0	6037331	4
135802	0	6037338	4
135802	0	663707	4
135802	0	7003682	5
135802	0	7020899	5
135802	0	7075501	4
135802	0	7144826	0
135802	0	7327478	4
135802	0	802446	5
135802	0	8120579	1
135802	0	8264847	4
135802	0	8692619	5
135802	0	8692620	3
135802	0	8692621	5
135802	0	8692622	1
135802	0	8692623	5
135802	0	8692624	5
135802	0	8692625	4
135802	0	8692626	5
135802	0	8692627	4
135802	0	8692628	5
141630	0	1157245	5
141630	0	1157249	4
141630	0	1157251	5
141630	0	1314689	4
141630	0	1353759	5
141630	0	1889340	4
141630	0	2173072	5
141630	0	2366119	5
141630	0	2366121	4
141630	0	2473236	4
141630	0	2752564	4
141630	0	2851002	4
141630	0	3000836	4
141630	0	3096184	4
141630	0	3139270	4
141630	0	340875	4
141630	0	3500851	4
141630	0	3500852	4
141630	0	3500854	5
141630	0	3500855	5
141630	0	3500856	5
141630	0	3500857	5
141630	0	3500860	4
141630	0	3672655	5
141630	0	3722955	0
141630	0	4098919	4
141630	0	4098924	4
141630	0	4101944	5
141630	0	4101946	5
141630	0	4101951	4
141630	0	4101953	4
141630	0	4422338	4
141630	0	4422339	5
141630	0	4422342	4
141630	0	4422344	4
141630	0	5098393	5
141630	0	5098396	5
141630	0	5098397	5
141630	0	5098398	5
141630	0	5126206	4
141630	0	5126207	4
141630	0	5337305	5
141630	0	5389973	5
141630	0	5694666	4
141630	0	5921140	5
141630	0	6007469	4
141630	0	6064897	5
141630	0	6290795	5
141630	0	6319711	4
141630	0	6496225	5
141630	0	6496226	4
141630	0	6496228	5
141630	0	6530476	4
141630	0	6580043	4
141630	0	6638749	5
141630	0	6861521	4
141630	0	6865899	5
141630	0	7107466	4
141630	0	7705603	4
141630	0	7985117	4
141630	0	7985118	4
141630	0	8068281	4
141630	0	806878	5
141630	0	8225222	4
141630	0	8319987	5
141630	0	8319989	5
141630	0	8319990	5
141630	0	8319991	4
141630	0	8319993	5
141630	0	861355	4
141630	0	8653585	5
141630	0	8653589	5
141630	0	8685361	4
141630	0	8768725	5
141630	0	885784	4
156498	0	104801	5
156498	0	104803	5
156498	0	1066785	5
156498	0	1066789	4
156498	0	1564664	0
156498	0	1584048	0
156498	0	1663164	5
156498	0	1840047	0
156498	0	2167314	4
156498	0	3288004	0
156498	0	3301559	5
156498	0	3301562	5
156498	0	3301563	5
156498	0	3397582	0
156498	0	3669926	5
156498	0	3852372	0
156498	0	4026114	2
156498	0	4273410	5
156498	0	4273412	5
156498	0	4273418	5
156498	0	4273419	5
156498	0	4325225	0
156498	0	4468111	0
156498	0	463355	0
156498	0	494576	0
156498	0	4960216	5
156498	0	4960218	0
156498	0	5606985	3
156498	0	6555091	0
156498	0	6648988	0
156498	0	7393854	0
156498	0	7393858	1
156498	0	7456851	4
156498	0	8146073	0
156498	0	824332	0
156498	0	8615232	0
156498	0	8648969	5
156498	0	8823842	0
169208	0	1395413	5
169208	0	1395417	5
169208	0	1395418	4
169208	0	1480206	0
169208	0	2294759	0
169208	0	2408681	0
169208	0	2888367	5
169208	0	3408570	0
169208	0	3561306	0
169208	0	3715860	4
169208	0	4085645	0
169208	0	4180364	0
169208	0	4202275	5
169208	0	4202278	5
169208	0	4321613	0
169208	0	4354838	0
169208	0	4580131	5
169208	0	4580132	4
169208	0	4580133	5
169208	0	4580137	0
169208	0	4580139	5
169208	0	4694325	0
169208	0	4728189	0
169208	0	4762134	4
169208	0	4762135	4
169208	0	4762140	5
169208	0	4762141	5
169208	0	4859432	5
169208	0	4859433	5
169208	0	4859437	5
169208	0	4859438	5
169208	0	5268915	5
169208	0	5541538	0
169208	0	5872890	0
169208	0	6252711	1
169208	0	6413011	1
169208	0	6435804	0
169208	0	6808748	5
169208	0	7169063	2
169208	0	721607	5
169208	0	721610	4
169208	0	7251639	5
169208	0	8230949	0
169208	0	8303019	2
169208	0	8411957	0
169208	0	8518731	4
169208	0	8518733	0
169208	0	85987	4
169208	0	85989	5
174463	0	1013078	0
174463	0	1024759	0
174463	0	1024761	5
174463	0	1024762	4
174463	0	1024763	1
174463	0	1024764	4
174463	0	1024766	1
174463	0	1024767	4
174463	0	102528	0
174463	0	1070616	5
174463	0	1479952	4
174463	0	1567952	0
174463	0	1567956	1
174463	0	1567958	0
174463	0	1567960	4
174463	0	1788354	0
174463	0	1788355	3
174463	0	1835370	3
174463	0	1835371	0
174463	0	1835375	4
174463	0	1835377	0
174463	0	1854166	4
174463	0	1854167	0
174463	0	2382185	2
174463	0	2533619	0
174463	0	2533622	1
174463	0	2533623	1
174463	0	2533624	0
174463	0	2533625	0
174463	0	2533626	3
174463	0	299161	4
174463	0	3213498	0
174463	0	3235293	0
174463	0	3501225	0
174463	0	3501229	0
174463	0	3716946	0
174463	0	3716947	0
174463	0	4275746	0
174463	0	4275747	0
174463	0	4275752	0
174463	0	4321177	0
174463	0	4452289	4
174463	0	4452291	0
174463	0	4501665	0
174463	0	4662168	0
174463	0	4665971	0
174463	0	470707	0
174463	0	470708	4
174463	0	470710	4
174463	0	470711	3
174463	0	470712	4
174463	0	4710618	3
174463	0	5084515	0
174463	0	5264564	0
174463	0	5264567	3
174463	0	5303493	1
174463	0	5303495	5
174463	0	5303496	4
174463	0	5538544	0
174463	0	5641976	0
174463	0	5688367	4
174463	0	5779094	4
174463	0	6083368	4
174463	0	6083369	4
174463	0	6083371	4
174463	0	6094016	4
174463	0	6094017	4
174463	0	6094019	0
174463	0	6294949	0
174463	0	6330267	0
174463	0	6718985	3
174463	0	6718987	4
174463	0	6867423	0
174463	0	7089624	1
174463	0	7089625	0
174463	0	7089627	0
174463	0	7089629	1
174463	0	7089630	0
174463	0	7089632	5
174463	0	7314482	0
174463	0	7812730	0
174463	0	8304451	0
174463	0	8304454	4
174463	0	8304456	5
174463	0	8304457	1
174463	0	8304458	5
174463	0	8454980	4
174463	0	8770949	2
23849	0	1034183	2
23849	0	1068470	3
23849	0	1158886	2
23849	0	1215556	1
23849	0	1333480	4
23849	0	1449785	0
23849	0	1460057	2
23849	0	1594083	4
23849	0	1601003	1
23849	0	1622747	0
23849	0	1739455	2
23849	0	178252	0
23849	0	1825393	0
23849	0	188190	3
23849	0	1944730	4
23849	0	2039331	3
23849	0	2055243	0
23849	0	2199035	4
23849	0	2209883	4
23849	0	2217275	4
23849	0	2516458	0
23849	0	2647769	5
23849	0	2674124	0
23849	0	3978767	4
23849	0	4188880	2
23849	0	4237823	1
23849	0	4281690	1
23849	0	4348282	0
23849	0	436721	0
23849	0	446099	3
23849	0	4491642	0
23849	0	4556932	1
23849	0	4556933	3
23849	0	4556938	0
23849	0	4712571	1
23849	0	4806514	0
23849	0	4834498	0
23849	0	4920679	0
23849	0	4942375	4
23849	0	4944603	4
23849	0	5143193	3
23849	0	5255098	1
23849	0	5340997	2
23849	0	542113	0
23849	0	5913890	1
23849	0	5925321	0
23849	0	6054726	1
23849	0	6252656	3
23849	0	6328471	0
23849	0	6667419	0
23849	0	6688737	0
23849	0	6688738	4
23849	0	6688741	0
23849	0	6688742	0
23849	0	6688743	0
23849	0	6705133	3
23849	0	6722889	0
23849	0	6722890	0
23849	0	6849942	3
23849	0	7014217	1
23849	0	7119957	4
23849	0	7160298	4
23849	0	7165935	0
23849	0	7402729	2
23849	0	7431268	1
23849	0	7519911	0
23849	0	7655100	2
23849	0	7845081	0
23849	0	799642	0
23849	0	8010558	0
23849	0	8010559	0
23849	0	8010560	1
23849	0	8010561	4
23849	0	8010562	0
23849	0	8010563	4
23849	0	8010564	0
23849	0	8010565	2
23849	0	8010566	3
23849	0	8013217	0
23849	0	8017141	1
23849	0	8052286	0
23849	0	8059826	2
23849	0	8126279	0
23849	0	8133127	0
23849	0	8162522	0
23849	0	8246990	0
23849	0	8264389	3
23849	0	8350307	2
23849	0	8466742	0
23849	0	8466743	0
23849	0	8466744	3
23849	0	8466750	0
23849	0	8665052	0
23849	0	8752783	4
23849	0	8769995	0
23849	0	886103	0
23849	0	958491	2
258062	0	1311741	5
258062	0	1348968	4
258062	0	1805967	5
258062	0	18103	2
258062	0	2087378	4
258062	0	2510542	0
258062	0	2707010	0
258062	0	2898169	5
258062	0	3012167	2
258062	0	3189004	0
258062	0	3195767	0
258062	0	3297029	0
258062	0	3392238	5
258062	0	3404354	0
258062	0	3683402	0
258062	0	3695217	3
258062	0	3777927	4
258062	0	3777928	4
258062	0	3777930	4
258062	0	3947010	0
258062	0	4155912	4
258062	0	4159145	3
258062	0	4159344	3
258062	0	4159345	0
258062	0	4174306	0
258062	0	4174308	4
258062	0	4174310	4
258062	0	4174313	4
258062	0	4595794	5
258062	0	4595795	4
258062	0	5456429	0
258062	0	5993823	5
258062	0	5993826	3
258062	0	6084336	4
258062	0	6084339	4
258062	0	63211	0
258062	0	639084	0
258062	0	6990374	4
258062	0	7068639	5
258062	0	7532084	0
258062	0	8694158	5
258062	0	8694161	5
258062	0	8694163	5
258062	0	91493	4
258062	0	955811	4
258062	0	955813	4
324585	0	1051441	0
324585	0	1536988	4
324585	0	1536989	4
324585	0	1536990	4
324585	0	1536995	4
324585	0	1536997	4
324585	0	2193462	0
324585	0	2194313	0
324585	0	2944861	0
324585	0	296622	0
324585	0	3608325	0
324585	0	405277	4
324585	0	405281	5
324585	0	405282	0
324585	0	4467785	0
324585	0	4532866	0
324585	0	4765769	4
324585	0	5131128	0
324585	0	5525879	5
324585	0	5610255	0
324585	0	5996798	0
324585	0	6369620	0
324585	0	6393239	0
324585	0	6480421	0
324585	0	6480422	4
324585	0	6565613	0
324585	0	6712393	0
324585	0	6842100	0
324585	0	7006319	0
324585	0	7519882	0
324585	0	7568187	0
324585	0	7653696	4
324585	0	7941122	0
324585	0	7941125	0
324585	0	7941129	0
324585	0	7941130	0
324585	0	7987550	0
324585	0	8290308	4
324585	0	8290309	5
324585	0	8290310	0
324585	0	8290314	5
324585	0	8310496	4
324585	0	8310498	5
324585	0	8310499	5
324585	0	8310502	5
324585	0	8310503	4
324585	0	8381474	0
324585	0	8467798	0
324585	0	8500120	4
324585	0	8500121	4
324585	0	8500123	5
324585	0	8500124	4
324585	0	8762257	4
330975	0	1097861	4
330975	0	1598185	4
330975	0	1637261	4
330975	0	2299996	3
330975	0	233944	4
330975	0	233945	4
330975	0	233946	4
330975	0	233948	4
330975	0	233949	0
330975	0	233950	4
330975	0	233951	5
330975	0	233952	5
330975	0	3240106	0
330975	0	3240112	4
330975	0	3256083	4
330975	0	3256084	5
330975	0	3297854	4
330975	0	3297855	5
330975	0	3297856	4
330975	0	3297857	4
330975	0	3297858	5
330975	0	3335804	0
330975	0	3857965	4
330975	0	4043524	0
330975	0	4108178	4
330975	0	4108179	3
330975	0	4392140	4
330975	0	4392141	0
330975	0	4392144	5
330975	0	4392147	4
330975	0	4620919	4
330975	0	4620920	4
330975	0	4620924	5
330975	0	4695292	4
330975	0	482130	5
330975	0	482131	0
330975	0	4896437	4
330975	0	5190215	5
330975	0	5196922	0
330975	0	5393803	4
330975	0	5393804	4
330975	0	5393805	4
330975	0	5427108	4
330975	0	5557976	4
330975	0	5557977	0
330975	0	5580311	4
330975	0	5750875	4
330975	0	5750877	0
330975	0	5750880	5
330975	0	6310757	4
330975	0	6559225	4
330975	0	6625786	4
330975	0	6693239	4
330975	0	702098	4
330975	0	7074783	4
330975	0	7624927	0
330975	0	7908218	0
330975	0	8327009	3
330975	0	8327012	5
330975	0	8541455	0
330975	0	8541461	4
332593	0	1167184	4
332593	0	1443723	4
332593	0	1443727	1
332593	0	1539776	4
332593	0	1650687	2
332593	0	1905432	0
332593	0	329112	5
332593	0	3336840	0
332593	0	3731313	4
332593	0	4023721	4
332593	0	4023722	1
332593	0	4431498	4
332593	0	4431502	4
332593	0	4614346	4
332593	0	4952095	0
332593	0	5241320	4
332593	0	5241321	4
332593	0	5241322	5
332593	0	5241323	4
332593	0	5241324	4
332593	0	5241326	3
332593	0	5241328	4
332593	0	5707522	0
332593	0	6007038	4
332593	0	6007041	0
332593	0	6007045	0
332593	0	6514779	0
332593	0	6514781	0
332593	0	6534081	1
332593	0	6534089	3
332593	0	6765225	1
332593	0	6765227	0
332593	0	7073993	0
332593	0	7073995	4
332593	0	7073996	3
332593	0	7073999	3
332593	0	8021425	0
332593	0	8091681	3
332593	0	8434869	4
332593	0	8434871	5
332593	0	8434872	0
332593	0	8434873	4
332593	0	8749229	1
332593	0	8749230	5
332593	0	8749231	4
336901	0	1521213	0
336901	0	1674353	0
336901	0	1768586	0
336901	0	213017	0
336901	0	2291851	0
336901	0	2291853	0
336901	0	2537065	0
336901	0	2589736	0
336901	0	2909600	0
336901	0	2934191	0
336901	0	3330854	2
336901	0	3386083	0
336901	0	3646550	4
336901	0	3987390	0
336901	0	4028521	0
336901	0	4048104	0
336901	0	4420994	0
336901	0	4789969	0
336901	0	4954233	0
336901	0	5064227	2
336901	0	5100469	0
336901	0	5147393	0
336901	0	5384135	0
336901	0	560665	0
336901	0	5901048	0
336901	0	6017280	0
336901	0	6017284	0
336901	0	6017286	2
336901	0	6017287	0
336901	0	6054128	0
336901	0	6096613	1
336901	0	6096614	0
336901	0	6560790	0
336901	0	7402234	1
336901	0	7459686	0
336901	0	7836253	0
336901	0	7836254	0
336901	0	7836255	0
336901	0	7836256	0
336901	0	7836258	0
336901	0	7836261	0
336901	0	8130980	0
336901	0	8528674	5
336901	0	8528675	5
336901	0	8528677	0
336901	0	8528678	5
336901	0	8528679	5
336901	0	8528680	0
336901	0	8528681	0
336901	0	8528682	0
336901	0	8740069	0
336901	0	8794743	0
390360	0	1032410	5
390360	0	1093722	1
390360	0	1139946	0
390360	0	1139949	0
390360	0	121529	0
390360	0	1326095	5
390360	0	1378333	5
390360	0	1378337	5
390360	0	1609998	0
390360	0	1927069	0
390360	0	2168033	5
390360	0	2173448	5
390360	0	217537	0
390360	0	217540	0
390360	0	2203875	4
390360	0	2203877	4
390360	0	2419904	4
390360	0	2784297	5
390360	0	3104906	0
390360	0	324991	5
390360	0	324992	5
390360	0	324994	4
390360	0	3518921	0
390360	0	3623762	0
390360	0	3988320	0
390360	0	425021	5
390360	0	4546335	0
390360	0	4619216	5
390360	0	4619218	5
390360	0	4683960	4
390360	0	473001	0
390360	0	5423359	5
390360	0	566410	0
390360	0	604111	5
390360	0	6179316	0
390360	0	6492799	5
390360	0	6492800	4
390360	0	6492801	5
390360	0	6492802	4
390360	0	6999350	0
390360	0	7166011	0
390360	0	7186643	5
390360	0	7406840	5
390360	0	7462672	3
390360	0	7666614	5
390360	0	7679050	5
390360	0	7807146	5
390360	0	8009002	5
390360	0	8384887	0
390360	0	844997	1
390360	0	860971	0
390360	0	8630609	5
390360	0	8630611	5
390360	0	8630612	5
390360	0	8630613	5
390360	0	8630614	5
390360	0	8630616	4
390360	0	8630617	4
390360	0	8630618	5
390360	0	963941	1
390360	0	963943	0
405163	0	1041997	4
405163	0	1108748	0
405163	0	1212298	4
405163	0	1234964	0
405163	0	1305759	0
405163	0	1330010	1
405163	0	1352545	4
405163	0	1352548	2
405163	0	1506457	0
405163	0	1518539	4
405163	0	1518541	0
405163	0	1567779	0
405163	0	1655999	0
405163	0	1667024	0
405163	0	1667027	2
405163	0	1893016	0
405163	0	1902864	0
405163	0	1902866	4
405163	0	2016025	4
405163	0	2055218	1
405163	0	2077809	4
405163	0	2139588	0
405163	0	2407799	0
405163	0	2748170	4
405163	0	2806293	0
405163	0	2806296	5
405163	0	289329	4
405163	0	2902930	0
405163	0	295189	5
405163	0	306987	0
405163	0	306992	0
405163	0	3216136	1
405163	0	3600866	3
405163	0	3602402	3
405163	0	3850032	0
405163	0	3918981	1
405163	0	3918983	0
405163	0	4058115	0
405163	0	4228172	2
405163	0	4232058	0
405163	0	429245	4
405163	0	429246	4
405163	0	429247	4
405163	0	4346504	1
405163	0	4409822	0
405163	0	4642223	4
405163	0	5095855	0
405163	0	5214452	4
405163	0	5248627	0
405163	0	5282651	0
405163	0	5514160	0
405163	0	5523884	0
405163	0	5658841	0
405163	0	5706290	0
405163	0	5706291	1
405163	0	5710977	0
405163	0	5746714	3
405163	0	5746717	3
405163	0	5768619	0
405163	0	5897402	0
405163	0	5909565	0
405163	0	5909571	5
405163	0	5922369	0
405163	0	6250234	0
405163	0	6289824	4
405163	0	6334781	0
405163	0	647592	0
405163	0	647594	0
405163	0	6689927	0
405163	0	6689928	3
405163	0	6707943	0
405163	0	6770821	0
405163	0	6796414	4
405163	0	6796624	0
405163	0	6877861	4
405163	0	6916264	5
405163	0	6945009	4
405163	0	6945011	5
405163	0	6945014	4
405163	0	6965575	5
405163	0	7044508	0
405163	0	7196947	3
405163	0	72203	0
405163	0	7392422	0
405163	0	7454159	0
405163	0	7622492	4
405163	0	7754279	4
405163	0	7969801	0
405163	0	8282533	0
405163	0	834747	0
405163	0	834754	0
405163	0	8445975	0
405163	0	8482540	0
405163	0	851536	4
405163	0	8608597	4
405163	0	8608603	3
405163	0	8633840	2
405163	0	863570	0
405163	0	8682163	0
405163	0	8682164	4
405163	0	8707747	1
405163	0	931373	0
405163	0	978353	4
42255	0	1470400	0
42255	0	1470405	0
42255	0	1601664	0
42255	0	1601667	0
42255	0	179535	0
42255	0	182410	0
42255	0	1896377	0
42255	0	1896381	0
42255	0	2067180	0
42255	0	2229964	0
42255	0	2584026	0
42255	0	2673765	0
42255	0	2799681	0
42255	0	2799685	0
42255	0	2834575	4
42255	0	2882385	0
42255	0	3063186	0
42255	0	3063187	0
42255	0	3063191	0
42255	0	3077466	0
42255	0	3077467	0
42255	0	3349782	0
42255	0	363752	0
42255	0	3716276	3
42255	0	3716279	0
42255	0	3716280	3
42255	0	3716282	0
42255	0	3723425	0
42255	0	3817242	0
42255	0	3817246	0
42255	0	471838	0
42255	0	5076181	0
42255	0	5326925	0
42255	0	5519434	4
42255	0	5550457	0
42255	0	5571057	0
42255	0	5778518	0
42255	0	5783297	0
42255	0	5783300	0
42255	0	5801316	0
42255	0	5921270	0
42255	0	5997797	0
42255	0	5997799	0
42255	0	5997800	0
42255	0	6098597	0
42255	0	6098598	0
42255	0	6098601	0
42255	0	6098603	4
42255	0	6120375	0
42255	0	6120376	0
42255	0	6159642	0
42255	0	6159644	0
42255	0	630087	0
42255	0	6307609	0
42255	0	6314164	0
42255	0	6487361	0
42255	0	6528860	3
42255	0	6784918	0
42255	0	6784924	0
42255	0	6971736	0
42255	0	6971740	0
42255	0	7123386	0
42255	0	7123389	0
42255	0	729163	0
42255	0	7688778	0
42255	0	7688780	0
42255	0	7944025	1
42255	0	7944026	1
42255	0	8012296	0
42255	0	8070166	0
42255	0	8286390	0
42255	0	8286391	0
42255	0	8286392	0
42255	0	8328839	0
42255	0	8328843	1
42255	0	8372967	0
42255	0	8372968	4
42255	0	857475	0
42255	0	857478	0
42255	0	857479	0
42255	0	8586795	0
42255	0	8720119	0
42255	0	8746188	4
42255	0	8746189	5
42255	0	8746190	0
42255	0	8746191	4
42255	0	8746192	0
42255	0	8746193	2
42255	0	8746194	0
42255	0	8746195	4
42255	0	8746196	4
42255	0	8746197	5
47210	0	1560499	4
47210	0	2042918	5
47210	0	2042923	4
47210	0	2042924	4
47210	0	2042926	0
47210	0	2042927	0
47210	0	2338383	4
47210	0	2338385	5
47210	0	2545998	5
47210	0	2545999	4
47210	0	2546001	4
47210	0	2546002	4
47210	0	2546005	4
47210	0	2546007	4
47210	0	3304358	5
47210	0	3304359	5
47210	0	3757931	5
47210	0	3757932	5
47210	0	4007104	5
47210	0	4007106	4
47210	0	4748994	0
47210	0	4748997	1
47210	0	4766143	0
47210	0	5207326	1
47210	0	5207328	4
47210	0	5207329	5
47210	0	5301404	4
47210	0	5301406	4
47210	0	5497272	4
47210	0	5497278	0
47210	0	5642104	5
47210	0	5691600	4
47210	0	6168517	4
47210	0	6180504	4
47210	0	6180507	3
47210	0	6502207	4
47210	0	6502208	5
47210	0	6990781	0
47210	0	7367872	4
47210	0	7367873	1
47210	0	7367874	0
47210	0	7509249	5
47210	0	7509252	4
47210	0	7562282	4
47210	0	7562284	4
47210	0	8261978	5
47210	0	8646329	4
47210	0	8646330	4
47210	0	8646331	1
555530	0	1114218	5
555530	0	1447386	4
555530	0	1526190	4
555530	0	1536620	5
555530	0	1554646	0
555530	0	1618154	4
555530	0	1672654	4
555530	0	1754577	5
555530	0	1754578	4
555530	0	1754579	5
555530	0	1754584	4
555530	0	1807676	4
555530	0	1897713	4
555530	0	1897716	5
555530	0	1897718	5
555530	0	1897720	4
555530	0	2217431	5
555530	0	2354213	4
555530	0	264683	4
555530	0	2805520	5
555530	0	2906190	5
555530	0	2978164	4
555530	0	2978171	4
555530	0	338636	5
555530	0	3559167	4
555530	0	3703992	3
555530	0	3717582	5
555530	0	3764719	4
555530	0	4071550	5
555530	0	4137963	5
555530	0	4137964	4
555530	0	4238674	5
555530	0	4240158	5
555530	0	4296807	0
555530	0	448525	4
555530	0	448529	4
555530	0	4744248	5
555530	0	474541	4
555530	0	474544	4
555530	0	480988	5
555530	0	5106749	4
555530	0	5182520	4
555530	0	561169	0
555530	0	5753585	5
555530	0	5846397	5
555530	0	6078221	5
555530	0	6078228	5
555530	0	6108232	0
555530	0	6221470	5
555530	0	6225332	5
555530	0	6309262	5
555530	0	6434719	4
555530	0	6449364	5
555530	0	6450951	5
555530	0	6450953	5
555530	0	6485976	4
555530	0	6579581	0
555530	0	668366	4
555530	0	6869537	4
555530	0	6913116	5
555530	0	6936082	5
555530	0	6938328	4
555530	0	6990474	5
555530	0	7179784	5
555530	0	7179789	5
555530	0	7179791	5
555530	0	7232504	5
555530	0	7246139	4
555530	0	7339147	5
555530	0	7349580	5
555530	0	7419503	4
555530	0	7475084	5
555530	0	7606337	5
555530	0	7766457	4
555530	0	7766465	4
555530	0	8025704	5
555530	0	8097532	3
555530	0	8276743	0
555530	0	8461277	4
555530	0	8637526	4
555530	0	910809	4
555530	0	971429	4
583468	0	119352	5
583468	0	119354	5
583468	0	1546128	5
583468	0	1675561	5
583468	0	1675562	5
583468	0	1675564	5
583468	0	1675566	5
583468	0	2080306	4
583468	0	2267048	5
583468	0	2267052	5
583468	0	2267054	5
583468	0	3466606	5
583468	0	3466607	5
583468	0	6286922	5
583468	0	6286927	4
583468	0	6286928	5
583468	0	6578660	5
583468	0	6654310	4
583468	0	7450717	5
583468	0	7450718	5
583468	0	7450725	5
583468	0	7465955	5
583468	0	7491697	5
583468	0	7491698	5
583468	0	7491700	5
583468	0	7491704	5
583468	0	7491705	5
583468	0	7706119	5
583468	0	7706120	5
583468	0	7706122	5
583468	0	7744346	5
583468	0	7744347	5
583468	0	7744348	5
583468	0	7744349	5
583468	0	7744350	5
583468	0	7744351	5
583468	0	8144451	5
583468	0	8326078	4
583468	0	8326080	5
583468	0	8395840	5
583468	0	914666	5
583468	0	914668	5
640502	0	1034851	5
640502	0	1091791	4
640502	0	1091795	5
640502	0	1226398	4
640502	0	1226405	5
640502	0	1304073	0
640502	0	1467731	0
640502	0	1467737	0
640502	0	172502	5
640502	0	1754997	5
640502	0	1775697	5
640502	0	1854588	5
640502	0	1957247	5
640502	0	1957252	5
640502	0	208378	5
640502	0	2096762	4
640502	0	2096764	4
640502	0	2442847	5
640502	0	2445381	5
640502	0	2701130	4
640502	0	2808569	5
640502	0	2808576	4
640502	0	2989518	4
640502	0	2989520	5
640502	0	3255505	0
640502	0	3263516	4
640502	0	3511308	4
640502	0	3511310	4
640502	0	3551380	4
640502	0	3678130	5
640502	0	3992434	5
640502	0	4088602	0
640502	0	4088606	5
640502	0	409318	4
640502	0	4132983	5
640502	0	418508	5
640502	0	4261742	5
640502	0	4422928	0
640502	0	4778464	5
640502	0	5073872	4
640502	0	5150987	5
640502	0	5150990	5
640502	0	5161853	5
640502	0	5539487	5
640502	0	598202	5
640502	0	598204	5
640502	0	6146400	5
640502	0	6304677	4
640502	0	6414861	0
640502	0	6497380	4
640502	0	6497385	5
640502	0	6679958	5
640502	0	6730883	4
640502	0	6730884	5
640502	0	6730887	5
640502	0	6985038	5
640502	0	7109037	5
640502	0	7160373	0
640502	0	7456406	5
640502	0	7540167	5
640502	0	77134	5
640502	0	8003526	5
640502	0	8412227	5
640502	0	8412229	5
640502	0	8451475	5
67316	0	1114355	0
67316	0	1134520	0
67316	0	1191975	4
67316	0	1233288	0
67316	0	1261955	4
67316	0	1277368	0
67316	0	1325092	0
67316	0	1401789	4
67316	0	1408563	0
67316	0	1920786	0
67316	0	1974374	0
67316	0	1974375	0
67316	0	209702	4
67316	0	2268657	4
67316	0	2365991	0
67316	0	2688813	4
67316	0	2930660	5
67316	0	2930661	4
67316	0	3063530	0
67316	0	308681	0
67316	0	3250707	3
67316	0	3272839	0
67316	0	3393479	4
67316	0	3557361	0
67316	0	3761777	3
67316	0	3810716	0
67316	0	3810719	0
67316	0	3857558	2
67316	0	3871324	3
67316	0	3942287	4
67316	0	4141330	2
67316	0	4163705	0
67316	0	4163707	0
67316	0	4180169	0
67316	0	44015	0
67316	0	450305	0
67316	0	450309	0
67316	0	4789318	4
67316	0	4789322	4
67316	0	481471	1
67316	0	4863059	4
67316	0	4922572	0
67316	0	5029981	0
67316	0	5029984	0
67316	0	5181841	0
67316	0	5195161	3
67316	0	5252008	0
67316	0	6091258	0
67316	0	6148105	0
67316	0	6221796	0
67316	0	6290080	0
67316	0	6387611	4
67316	0	6439840	4
67316	0	6507744	0
67316	0	6607539	0
67316	0	6607541	2
67316	0	6607542	2
67316	0	6680964	5
67316	0	6680965	0
67316	0	6680966	4
67316	0	6680967	0
67316	0	6680968	0
67316	0	6683215	0
67316	0	6764671	0
67316	0	6764674	0
67316	0	6905735	0
67316	0	6925995	2
67316	0	7019081	4
67316	0	7027708	0
67316	0	7112302	4
67316	0	7114279	4
67316	0	7348851	5
67316	0	7418431	4
67316	0	7418432	4
67316	0	7418438	4
67316	0	7513151	0
67316	0	7630885	4
67316	0	7701876	5
67316	0	800359	4
67316	0	8003840	0
67316	0	8161992	4
67316	0	8200130	2
67316	0	8261797	0
67316	0	8285748	0
67316	0	8308297	4
67316	0	8308718	4
67316	0	8312258	5
67316	0	8312265	4
67316	0	8377581	4
67316	0	8431632	0
67316	0	8431637	0
67316	0	8473319	0
67316	0	8773687	0
673670	0	1178245	5
673670	0	1282792	5
673670	0	1282794	5
673670	0	1398748	5
673670	0	1454201	4
673670	0	1511452	5
673670	0	1511453	4
673670	0	1511457	4
673670	0	1511459	5
673670	0	1905068	1
673670	0	1954736	4
673670	0	1954745	4
673670	0	2240351	5
673670	0	2240354	5
673670	0	2240356	5
673670	0	2240359	0
673670	0	3345262	4
673670	0	3345263	4
673670	0	3345266	4
673670	0	3345269	4
673670	0	3592286	5
673670	0	3607495	5
673670	0	3607500	5
673670	0	3607501	3
673670	0	4013566	5
673670	0	4013570	4
673670	0	6084748	0
673670	0	6342707	3
673670	0	6989198	5
673670	0	7257297	1
673670	0	7257300	3
673670	0	7257301	5
673670	0	7257302	4
673670	0	7257303	0
673670	0	7257304	5
673670	0	7257306	5
673670	0	7583949	5
673670	0	7732030	5
673670	0	7772630	5
673670	0	7772637	5
673670	0	824934	5
673670	0	8495250	5
673670	0	8524263	5
673670	0	8554511	5
673670	0	8632357	5
673670	0	8632359	5
673670	0	8632360	5
673670	0	8632361	5
673670	0	8632362	5
673670	0	8632363	4
673670	0	8632364	5
673670	0	8632365	3
673670	0	867190	5
673670	0	867197	4
673670	0	8735640	5
673670	0	8735643	5
673670	0	8773078	5
701453	0	100342	0
701453	0	2036076	5
701453	0	4330671	5
701453	0	4330672	4
701453	0	4330673	5
701453	0	4330675	5
701453	0	4330676	5
701453	0	4330677	4
701453	0	4330678	4
701453	0	4330679	5
701453	0	4330680	4
701453	0	4355643	4
701453	0	4355645	4
701453	0	4355647	5
701453	0	4355649	4
701453	0	4355652	5
701453	0	4832975	3
701453	0	688613	0
701453	0	688614	5
701453	0	688615	5
701453	0	688618	4
701453	0	6927982	0
701453	0	6999084	0
701453	0	6999087	0
701453	0	7259848	4
701453	0	7586972	1
701453	0	7806569	4
701453	0	781518	5
701453	0	8402346	4
701453	0	8402348	3
701453	0	8402349	5
701453	0	8402350	5
701453	0	8626140	4
701453	0	8626142	4
701453	0	8626143	4
701453	0	8626145	4
701453	0	8626149	4
730539	0	1520038	0
730539	0	1625667	4
730539	0	1625670	0
730539	0	1625674	0
730539	0	239231	4
730539	0	2666436	4
730539	0	2666442	4
730539	0	2666443	3
730539	0	2666444	5
730539	0	3320012	4
730539	0	3476824	4
730539	0	3944257	4
730539	0	437275	0
730539	0	437276	4
730539	0	4539974	3
730539	0	4605022	5
730539	0	4885113	0
730539	0	5428552	4
730539	0	6734967	4
730539	0	7129068	0
730539	0	7916064	4
730539	0	8276217	0
730539	0	8276218	5
730539	0	8276221	4
730539	0	8276222	0
730539	0	8276223	0
730539	0	8327959	4
730539	0	8577876	4
730539	0	8577877	5
730539	0	8577878	4
730539	0	8577879	4
730539	0	8577880	4
730539	0	8577882	0
768208	0	2056879	0
768208	0	2379474	3
768208	0	240435	0
768208	0	240436	0
768208	0	2968691	0
768208	0	2988811	0
768208	0	3171396	0
768208	0	3515882	4
768208	0	3515884	5
768208	0	3564080	0
768208	0	3710762	0
768208	0	37604	0
768208	0	4251602	2
768208	0	5025777	0
768208	0	5039567	0
768208	0	52154	5
768208	0	52155	5
768208	0	52156	3
768208	0	52157	5
768208	0	52158	5
768208	0	52159	4
768208	0	52160	5
768208	0	52161	4
768208	0	52162	4
768208	0	52163	5
768208	0	5222129	0
768208	0	581991	0
768208	0	6846418	0
768208	0	6944794	0
768208	0	7272040	0
768208	0	7272041	0
768208	0	7272045	0
768208	0	813102	5
768208	0	8170966	0
768208	0	8187702	0
768208	0	820489	0
768208	0	8525681	5
768208	0	8525683	5
768208	0	8615154	0
768208	0	8619622	0
768208	0	8802293	0
768208	0	955479	0
877809	0	1050327	5
877809	0	1335170	5
877809	0	1550610	5
877809	0	1550611	4
877809	0	1550613	5
877809	0	1821652	0
877809	0	2298374	4
877809	0	2515032	5
877809	0	2515036	4
877809	0	2640804	4
877809	0	3248714	3
877809	0	3328100	5
877809	0	35107	5
877809	0	35108	4
877809	0	35109	4
877809	0	35111	4
877809	0	35113	4
877809	0	35114	4
877809	0	35115	4
877809	0	3716286	5
877809	0	3879161	4
877809	0	3982277	4
877809	0	4402455	5
877809	0	4635482	4
877809	0	4888926	5
877809	0	4888929	5
877809	0	4888932	4
877809	0	5196143	5
877809	0	5196148	5
877809	0	5229370	0
877809	0	5850349	5
877809	0	5940393	4
877809	0	5940394	4
877809	0	6269999	4
877809	0	6704838	4
877809	0	6942008	0
877809	0	7040022	4
877809	0	7050366	5
877809	0	7346771	4
877809	0	788181	5
877809	0	7906970	4
877809	0	7906974	5
877809	0	7952694	5
877809	0	8165590	0
877809	0	8290072	0
877809	0	8659718	5
911232	0	1674264	0
911232	0	1847345	0
911232	0	1879470	3
911232	0	1879472	2
911232	0	1879474	1
911232	0	1879475	2
911232	0	2154975	0
911232	0	2428679	0
911232	0	2609560	0
911232	0	2921796	0
911232	0	2999924	1
911232	0	2999925	1
911232	0	2999926	0
911232	0	2999927	2
911232	0	2999928	0
911232	0	2999929	2
911232	0	2999930	2
911232	0	2999931	2
911232	0	2999932	0
911232	0	2999933	1
911232	0	3089566	0
911232	0	3113875	0
911232	0	337628	3
911232	0	3976215	0
911232	0	4517906	0
911232	0	4967291	3
911232	0	4967292	5
911232	0	4967294	3
911232	0	4967295	3
911232	0	4967296	0
911232	0	4967297	4
911232	0	4967298	0
911232	0	4967299	4
911232	0	6261251	0
911232	0	6261252	1
911232	0	6732192	0
911232	0	6732195	0
911232	0	6928649	4
911232	0	6928653	5
911232	0	6928655	4
911232	0	7231607	0
911232	0	7238675	2
911232	0	7532423	0
911232	0	8027890	0
911232	0	8534943	1
911232	0	8712510	0
911232	0	8816617	3
911232	0	8816618	1
911232	0	8816620	4
911232	0	8816621	0
911232	0	8816622	4
911232	0	8816623	2
911232	0	8816624	5
911232	0	8816626	1
914916	0	1027218	3
914916	0	1183903	5
914916	0	1183904	4
914916	0	1183905	2
914916	0	1194681	5
914916	0	1194685	5
914916	0	1501494	1
914916	0	1545740	5
914916	0	1545741	2
914916	0	1545742	3
914916	0	2001626	5
914916	0	2001628	5
914916	0	2200004	4
914916	0	2631739	5
914916	0	2631743	5
914916	0	2631747	5
914916	0	2754113	3
914916	0	2989234	4
914916	0	3057739	4
914916	0	3170839	0
914916	0	3253278	4
914916	0	3253279	4
914916	0	3530681	2
914916	0	3535611	3
914916	0	3573852	5
914916	0	3586559	4
914916	0	3763841	4
914916	0	4425460	4
914916	0	4482576	0
914916	0	4571857	0
914916	0	4854255	4
914916	0	4884201	3
914916	0	4955073	4
914916	0	4958358	1
914916	0	5039693	4
914916	0	5177082	4
914916	0	5363821	3
914916	0	5380650	5
914916	0	5439629	0
914916	0	5730352	3
914916	0	5730355	4
914916	0	5730356	5
914916	0	5730357	4
914916	0	5730358	0
914916	0	6042348	5
914916	0	6042350	5
914916	0	6071696	5
914916	0	6613409	3
914916	0	6818272	4
914916	0	6818273	5
914916	0	7040507	4
914916	0	7081903	0
914916	0	7240123	4
914916	0	7241370	0
914916	0	7798477	4
914916	0	7798479	4
914916	0	7798480	4
914916	0	8027657	0
914916	0	8129165	4
914916	0	8348854	1
914916	0	8520449	0
914916	0	8563840	3
914916	0	8689503	5
914916	0	8772516	4
914916	0	8772517	4
914916	0	8772518	4
914916	0	8772520	4
914916	0	8772521	2
914916	0	8772524	5
914916	0	8772525	2
938400	0	1571994	0
938400	0	2009152	0
938400	0	2071046	5
938400	0	2208294	0
938400	0	2371820	0
938400	0	2484350	0
938400	0	2532047	0
938400	0	2532049	5
938400	0	2659899	0
938400	0	2870509	0
938400	0	2870514	5
938400	0	2958099	0
938400	0	2958107	5
938400	0	2962205	5
938400	0	2962208	5
938400	0	2962212	5
938400	0	3088746	5
938400	0	3088747	5
938400	0	3088748	5
938400	0	3088751	0
938400	0	3088755	0
938400	0	3353755	5
938400	0	3353757	0
938400	0	3353759	0
938400	0	3353762	5
938400	0	3353763	5
938400	0	3353764	5
938400	0	3820294	5
938400	0	3820295	5
938400	0	3914686	5
938400	0	4207807	4
938400	0	47281	4
938400	0	47286	0
938400	0	47290	3
938400	0	4956057	5
938400	0	4956059	5
938400	0	4956060	0
938400	0	4956063	1
938400	0	4956064	5
938400	0	504473	5
938400	0	5061328	0
938400	0	6246560	0
938400	0	6246564	0
938400	0	6499450	0
938400	0	6501473	5
938400	0	6937213	5
938400	0	7004405	5
938400	0	7004406	5
938400	0	7239121	0
938400	0	7239123	0
938400	0	7313620	5
938400	0	7313626	5
938400	0	7396872	0
938400	0	7787197	5
938400	0	8309427	5
938400	0	8309433	5
938400	0	8678066	5
938400	0	8723838	5
940547	0	1493024	5
940547	0	2667345	4
940547	0	2667347	4
940547	0	2667353	4
940547	0	2814756	5
940547	0	3624263	5
940547	0	3706456	5
940547	0	4481817	0
940547	0	4664997	5
940547	0	4664999	0
940547	0	4665002	0
940547	0	4696640	4
940547	0	4800890	5
940547	0	4800891	0
940547	0	4864599	5
940547	0	506003	4
940547	0	5118373	5
940547	0	5118378	5
940547	0	5300647	5
940547	0	5300651	5
940547	0	5300654	5
940547	0	5831702	4
940547	0	5831703	4
940547	0	5831707	5
940547	0	5831708	5
940547	0	5831709	1
940547	0	5831711	4
940547	0	5951249	5
940547	0	61068	5
940547	0	61070	4
940547	0	61071	5
940547	0	6404591	0
940547	0	6656482	5
940547	0	6782541	4
940547	0	6782543	4
940547	0	6948118	4
940547	0	7259157	5
940547	0	7280582	3
940547	0	7280584	4
940547	0	7282174	5
940547	0	7282176	4
940547	0	7951561	5
940547	0	8219044	4
940547	0	8219052	4
940547	0	8219244	4
940547	0	8219248	4
940547	0	8219249	4
940547	0	8269679	5
940547	0	8269680	5
940547	0	837714	5
940547	0	8772071	5
940547	0	8772073	4
940547	0	8772074	4
940547	0	8772075	4
940547	0	8805005	5
940547	0	8805011	4
940547	0	964766	5
940547	0	964772	5
997622	0	2182282	0
997622	0	2467749	4
997622	0	3604711	5
997622	0	3767367	0
997622	0	406412	0
997622	0	406418	4
997622	0	4357743	4
997622	0	4518222	5
997622	0	4543861	5
997622	0	4543864	5
997622	0	4543865	4
997622	0	4543867	4
997622	0	4543869	4
997622	0	4558331	0
997622	0	4596839	4
997622	0	4643388	5
997622	0	4643389	4
997622	0	4643392	5
997622	0	4643394	4
997622	0	4643397	4
997622	0	4700298	0
997622	0	5430569	0
997622	0	5430574	0
997622	0	5719834	0
997622	0	72291	5
997622	0	73459	4
997622	0	73460	5
997622	0	73462	5
997622	0	73465	4
997622	0	8533348	4
997622	0	8684996	4
997622	0	8813537	4
997622	0	941632	4
