1030303	0	1161432	5
1030303	0	1161439	5
1030303	0	1305520	2
1030303	0	1305521	2
1030303	0	1305528	1
1030303	0	1451848	2
1030303	0	1615360	1
1030303	0	176183	3
1030303	0	1905988	3
1030303	0	2047616	1
1030303	0	3062381	5
1030303	0	3083670	4
1030303	0	3302249	4
1030303	0	3302251	2
1030303	0	3302252	3
1030303	0	3302255	5
1030303	0	3318757	0
1030303	0	3327029	5
1030303	0	3601008	0
1030303	0	3738183	5
1030303	0	3880502	5
1030303	0	4236749	3
1030303	0	4245507	3
1030303	0	4358004	1
1030303	0	4542060	4
1030303	0	5130399	1
1030303	0	5533597	0
1030303	0	5681381	0
1030303	0	5681385	1
1030303	0	6054030	2
1030303	0	6222298	1
1030303	0	6271629	2
1030303	0	6895305	1
1030303	0	6939422	2
1030303	0	6939426	2
1030303	0	6939428	2
1030303	0	6939430	2
1030303	0	6939431	3
1030303	0	700079	0
1030303	0	7156982	5
1030303	0	7168323	4
1030303	0	7168324	4
1030303	0	7259969	4
1030303	0	7284047	2
1030303	0	7284052	2
1030303	0	7508058	2
1030303	0	7661516	0
1030303	0	8726429	5
1030303	0	8726430	5
1030303	0	8726432	2
1030303	0	8726433	5
1030303	0	8726434	5
1030303	0	8726435	5
1030303	0	8726436	4
1030303	0	8726437	5
1030303	0	979606	4
1037496	0	2556452	5
1037496	0	2725825	4
1037496	0	2725834	2
1037496	0	2902707	2
1037496	0	3725934	5
1037496	0	3725936	0
1037496	0	3725937	5
1037496	0	3852733	5
1037496	0	4174376	1
1037496	0	4174377	3
1037496	0	4187303	1
1037496	0	4187305	4
1037496	0	4187307	1
1037496	0	4187309	3
1037496	0	4760907	2
1037496	0	4760908	1
1037496	0	4760912	5
1037496	0	4760914	5
1037496	0	4760915	2
1037496	0	4905511	1
1037496	0	4912160	2
1037496	0	4912162	3
1037496	0	4912163	0
1037496	0	4912167	2
1037496	0	4993566	4
1037496	0	57410	2
1037496	0	5927420	2
1037496	0	6866284	4
1037496	0	7287404	5
1037496	0	7766583	5
1037496	0	7766584	0
1037496	0	7766585	4
1037496	0	7766587	3
1037496	0	8805888	0
1043135	0	1637694	4
1043135	0	1637695	5
1043135	0	1637701	1
1043135	0	1845636	2
1043135	0	1845639	0
1043135	0	2443319	2
1043135	0	2443321	2
1043135	0	2664986	3
1043135	0	2664989	3
1043135	0	2664992	3
1043135	0	2664993	2
1043135	0	2664994	0
1043135	0	2664995	5
1043135	0	3378240	2
1043135	0	3878603	5
1043135	0	3878608	3
1043135	0	4355523	5
1043135	0	4541688	2
1043135	0	4994428	4
1043135	0	4994429	1
1043135	0	5262285	1
1043135	0	5262288	2
1043135	0	5262289	2
1043135	0	650641	5
1043135	0	650642	5
1043135	0	7022077	0
1043135	0	7137848	5
1043135	0	7137849	4
1043135	0	7137851	4
1043135	0	8224806	5
1043135	0	8224813	1
1043135	0	8694697	1
1043135	0	8694701	0
1043135	0	8694703	0
1043135	0	8696952	4
1043135	0	8696953	5
1043135	0	8696954	4
1043135	0	8696956	3
1043135	0	8696957	2
1043135	0	8696958	1
1043135	0	8696960	5
1043135	0	8696961	2
1051399	0	1678171	1
1051399	0	1678175	5
1051399	0	2180779	4
1051399	0	2250216	2
1051399	0	2427011	4
1051399	0	2768271	5
1051399	0	2845499	1
1051399	0	2866972	1
1051399	0	2866975	2
1051399	0	2866978	5
1051399	0	2894408	4
1051399	0	2978630	0
1051399	0	2978635	0
1051399	0	3174240	2
1051399	0	3446937	0
1051399	0	3681695	2
1051399	0	3694758	1
1051399	0	3773237	1
1051399	0	3854986	4
1051399	0	3854988	3
1051399	0	3854989	2
1051399	0	3943224	5
1051399	0	3943227	4
1051399	0	3943228	5
1051399	0	3943229	5
1051399	0	3969385	5
1051399	0	3969388	3
1051399	0	4084314	3
1051399	0	4171289	2
1051399	0	4251971	5
1051399	0	4352399	4
1051399	0	4368654	2
1051399	0	4368659	2
1051399	0	4380507	5
1051399	0	4380510	5
1051399	0	4418228	2
1051399	0	4426182	5
1051399	0	4426187	5
1051399	0	4426188	5
1051399	0	4486012	4
1051399	0	4513307	0
1051399	0	4552288	4
1051399	0	4681235	3
1051399	0	4729565	5
1051399	0	4736961	2
1051399	0	4815630	2
1051399	0	4878563	3
1051399	0	5041683	0
1051399	0	5186393	2
1051399	0	5348043	2
1051399	0	570299	2
1051399	0	69812	1
1051399	0	69813	5
1051399	0	69818	5
1051399	0	69819	4
1051399	0	745839	3
1051399	0	7744096	3
1051399	0	7760091	1
1051399	0	7815275	2
1051399	0	7848669	1
1051399	0	7848670	2
1051399	0	7848674	1
1051399	0	8712317	0
1051399	0	8818330	0
1064670	0	1237071	1
1064670	0	129459	4
1064670	0	129461	5
1064670	0	129462	2
1064670	0	129463	1
1064670	0	129467	5
1064670	0	129468	4
1064670	0	1567821	2
1064670	0	1567824	3
1064670	0	1760662	0
1064670	0	2839843	2
1064670	0	2977156	5
1064670	0	2977159	2
1064670	0	2977160	2
1064670	0	2998832	0
1064670	0	3079526	4
1064670	0	3333956	1
1064670	0	3644829	1
1064670	0	3741166	1
1064670	0	3807086	1
1064670	0	3826026	3
1064670	0	402493	5
1064670	0	4114926	5
1064670	0	4845639	0
1064670	0	5888407	1
1064670	0	6062648	4
1064670	0	6824284	5
1064670	0	6824285	5
1064670	0	6824287	4
1064670	0	6824288	4
1064670	0	6824289	5
1064670	0	6991411	0
1064670	0	736681	4
1064670	0	7556560	1
1064670	0	7734392	0
1064670	0	8100015	3
1064670	0	8100018	2
1064670	0	8100020	3
1064670	0	816339	2
1064670	0	816340	4
1064670	0	8337453	2
1064670	0	8337455	2
1064670	0	8680897	5
1064670	0	8680901	2
1064670	0	8680902	5
1064670	0	8680903	5
1064670	0	8680904	2
1064670	0	8680905	2
1064670	0	8680906	3
1064670	0	8734273	5
1071750	0	3016474	4
1071750	0	3016481	1
1071750	0	3575934	5
1071750	0	3850956	0
1071750	0	3928913	2
1071750	0	3928914	2
1071750	0	3928915	4
1071750	0	3928916	5
1071750	0	3928917	3
1071750	0	3928918	3
1071750	0	3928919	4
1071750	0	4133644	4
1071750	0	4717401	5
1071750	0	4794978	5
1071750	0	6508491	4
1071750	0	6508493	2
1071750	0	6508494	5
1071750	0	6508498	2
1071750	0	7778577	3
1071750	0	8378383	5
1071750	0	8378385	0
1071750	0	8378386	0
1071750	0	8378389	0
1071750	0	8378390	5
1071750	0	8378391	5
1071750	0	8698268	1
1071750	0	8698269	2
1071750	0	8698270	1
1071750	0	8698271	1
1071750	0	8698272	2
1071750	0	8698273	2
1071750	0	8698274	1
1071750	0	8698275	3
1071750	0	8698276	2
1105792	0	1088729	4
1105792	0	1620080	0
1105792	0	2668971	1
1105792	0	342876	1
1105792	0	3813126	2
1105792	0	4193893	0
1105792	0	4545233	3
1105792	0	5063488	2
1105792	0	5665835	1
1105792	0	6412594	3
1105792	0	6977017	4
1105792	0	7102720	2
1105792	0	7480463	0
1105792	0	8201610	4
1105792	0	8201611	5
1105792	0	8201612	5
1105792	0	8201613	2
1105792	0	8201614	5
1105792	0	8201615	2
1105792	0	8201616	5
1105792	0	8201617	4
1105792	0	8201618	2
1105792	0	8201619	5
1106979	0	2306620	5
1106979	0	2884219	2
1106979	0	3290646	1
1106979	0	3290649	3
1106979	0	3290651	5
1106979	0	348054	2
1106979	0	348055	2
1106979	0	348057	4
1106979	0	4219185	0
1106979	0	430215	0
1106979	0	7557632	1
1106979	0	7674419	1
1106979	0	799359	4
1106979	0	8190133	5
1106979	0	8190134	5
1106979	0	8190137	4
1106979	0	8190139	2
1106979	0	8190140	3
1108651	0	1325612	0
1108651	0	1421349	4
1108651	0	1421350	5
1108651	0	1421351	4
1108651	0	1421352	4
1108651	0	1421353	5
1108651	0	1421354	2
1108651	0	1421355	3
1108651	0	1457501	2
1108651	0	1482137	1
1108651	0	1643324	2
1108651	0	1646383	0
1108651	0	1649639	5
1108651	0	1738015	2
1108651	0	2024963	4
1108651	0	2065792	0
1108651	0	2141336	4
1108651	0	2475817	1
1108651	0	2564930	2
1108651	0	2682940	2
1108651	0	2745683	5
1108651	0	3102788	2
1108651	0	3102791	1
1108651	0	3102792	4
1108651	0	4304301	2
1108651	0	488271	0
1108651	0	4911228	2
1108651	0	5330509	4
1108651	0	5330510	5
1108651	0	5830553	2
1108651	0	6058576	3
1108651	0	6348741	1
1108651	0	6517914	1
1108651	0	6522183	2
1108651	0	6620938	0
1108651	0	6623205	1
1108651	0	6635998	5
1108651	0	6636001	5
1108651	0	6663873	0
1108651	0	6731792	2
1108651	0	6756165	1
1108651	0	6916357	2
1108651	0	7904315	2
1108651	0	815597	1
1108651	0	8175407	4
1108651	0	8175408	3
1108651	0	8175409	5
1108651	0	8175410	2
1108651	0	8175411	5
1108651	0	8175412	3
1108651	0	8175414	4
1108651	0	8175415	1
1108651	0	8258085	3
1108651	0	8289552	5
1108651	0	8289554	5
1108651	0	8289556	5
1108651	0	8289557	5
1108651	0	8289561	5
1108651	0	8591633	3
1109707	0	1011113	5
1109707	0	1143386	5
1109707	0	1143389	4
1109707	0	1190624	1
1109707	0	1230608	4
1109707	0	1255271	2
1109707	0	1608567	4
1109707	0	1719371	5
1109707	0	1719372	4
1109707	0	1719374	4
1109707	0	1823563	0
1109707	0	1911564	5
1109707	0	2245437	5
1109707	0	2510185	3
1109707	0	2646535	0
1109707	0	3039465	2
1109707	0	3039466	1
1109707	0	3982977	5
1109707	0	4099609	5
1109707	0	4122615	2
1109707	0	4122618	2
1109707	0	4236627	4
1109707	0	4237062	5
1109707	0	4294915	3
1109707	0	4332695	3
1109707	0	4370752	2
1109707	0	4370753	2
1109707	0	458599	5
1109707	0	458603	4
1109707	0	4788762	1
1109707	0	5121347	5
1109707	0	5145050	4
1109707	0	517840	0
1109707	0	517849	3
1109707	0	5415865	1
1109707	0	5740304	1
1109707	0	5813142	2
1109707	0	5826551	0
1109707	0	5942603	1
1109707	0	5947139	5
1109707	0	5947140	3
1109707	0	603152	2
1109707	0	6238285	5
1109707	0	6752975	2
1109707	0	679386	2
1109707	0	6872195	5
1109707	0	7030351	2
1109707	0	7241557	2
1109707	0	7566099	0
1109707	0	7566102	0
1109707	0	7671117	2
1109707	0	7671118	1
1109707	0	7671120	2
1109707	0	771002	5
1109707	0	771745	5
1109707	0	7979663	4
1109707	0	8008033	2
1109707	0	8165491	0
1109707	0	8165497	1
1109707	0	8363279	3
1109707	0	8363280	1
1110678	0	1174910	1
1110678	0	1191773	4
1110678	0	1263295	1
1110678	0	1273671	2
1110678	0	1273674	4
1110678	0	1273677	3
1110678	0	1327784	2
1110678	0	1368315	4
1110678	0	1555304	5
1110678	0	1710934	1
1110678	0	2126363	4
1110678	0	2310814	0
1110678	0	2713703	2
1110678	0	2713704	2
1110678	0	2713705	5
1110678	0	2713707	1
1110678	0	2713708	2
1110678	0	2713709	3
1110678	0	2713710	2
1110678	0	2713711	2
1110678	0	2748417	0
1110678	0	3116196	3
1110678	0	3195542	1
1110678	0	3559144	2
1110678	0	358450	5
1110678	0	3719134	2
1110678	0	3898227	2
1110678	0	4105531	4
1110678	0	4517440	5
1110678	0	4562240	1
1110678	0	4671167	5
1110678	0	4671169	1
1110678	0	4938479	0
1110678	0	5260903	5
1110678	0	5272210	5
1110678	0	5510586	5
1110678	0	5719597	5
1110678	0	5719602	4
1110678	0	6028890	5
1110678	0	6132506	0
1110678	0	6132507	0
1110678	0	6512111	5
1110678	0	6512116	4
1110678	0	6512117	2
1110678	0	6632692	4
1110678	0	6704694	2
1110678	0	7139329	0
1110678	0	7142094	5
1110678	0	7238156	4
1110678	0	741943	5
1110678	0	7487380	0
1110678	0	7671274	2
1110678	0	7681504	3
1110678	0	7822741	1
1110678	0	7822742	3
1110678	0	7822744	4
1110678	0	7833464	3
1110678	0	8092357	3
1110678	0	8155909	1
1110678	0	8155910	2
1110678	0	8155912	5
1110678	0	8155913	5
1110678	0	8155914	5
1110678	0	8159105	1
1110678	0	8319126	2
1110678	0	8378139	2
1110678	0	8541271	2
1113256	0	2168017	4
1113256	0	2285445	1
1113256	0	2808248	4
1113256	0	3129397	2
1113256	0	4655257	4
1113256	0	5236650	1
1113256	0	5365819	0
1113256	0	5542279	0
1113256	0	6718038	3
1113256	0	6915168	1
1113256	0	7494942	1
1113256	0	7557212	4
1113256	0	7561111	5
1113256	0	7561113	5
1113256	0	7561114	5
1113256	0	7561115	3
1113256	0	7561116	2
1113256	0	7561117	3
1113256	0	7561118	2
1113256	0	7561120	5
1113256	0	8040362	2
1113256	0	8130528	2
1113256	0	8130529	2
1113256	0	8130530	5
1113256	0	8130535	5
1113256	0	8447987	0
1115210	0	1139086	5
1115210	0	1139088	2
1115210	0	1139091	2
1115210	0	1537119	0
1115210	0	1592599	5
1115210	0	2168219	2
1115210	0	2168224	4
1115210	0	2237161	5
1115210	0	2690664	5
1115210	0	3031188	2
1115210	0	3031191	2
1115210	0	3525807	4
1115210	0	3676753	3
1115210	0	3793694	3
1115210	0	3793701	2
1115210	0	382378	0
1115210	0	3901001	3
1115210	0	409739	1
1115210	0	4189777	1
1115210	0	4450403	2
1115210	0	4450404	5
1115210	0	4722362	0
1115210	0	4781712	5
1115210	0	4791665	0
1115210	0	4902828	1
1115210	0	4981876	1
1115210	0	5547291	4
1115210	0	5547292	5
1115210	0	5547293	2
1115210	0	5547294	5
1115210	0	5547295	5
1115210	0	5547298	2
1115210	0	5547299	3
1115210	0	5769768	5
1115210	0	585138	0
1115210	0	5874877	5
1115210	0	71287	5
1115210	0	7440361	1
1115210	0	7440363	1
1115210	0	7440364	0
1115210	0	7487597	4
1115210	0	7487600	2
1115210	0	7487601	2
1115210	0	7628774	3
1115210	0	7666784	0
1115210	0	778989	5
1115210	0	8111878	2
1115210	0	8111879	5
1115210	0	8111881	4
1115210	0	8111882	4
1115210	0	8111883	5
1115210	0	8111884	4
1115210	0	8111885	3
1115210	0	8111886	5
1115210	0	8111887	3
1115210	0	8237862	1
1115210	0	8237865	1
1115210	0	8390252	4
1115210	0	8390254	2
1115210	0	840010	2
1115210	0	840012	2
1115210	0	845823	1
1115210	0	845828	4
1115210	0	8561242	2
1116380	0	1242073	2
1116380	0	1422757	4
1116380	0	1422760	4
1116380	0	1422761	2
1116380	0	1537443	5
1116380	0	1537447	5
1116380	0	1635678	1
1116380	0	1645711	1
1116380	0	1883474	1
1116380	0	189097	2
1116380	0	2302568	2
1116380	0	2302571	3
1116380	0	2557536	2
1116380	0	2626979	2
1116380	0	2626982	1
1116380	0	283258	4
1116380	0	283261	2
1116380	0	283262	5
1116380	0	283264	3
1116380	0	283266	3
1116380	0	283267	5
1116380	0	2960678	5
1116380	0	3588232	4
1116380	0	3588234	5
1116380	0	3680690	3
1116380	0	4118339	4
1116380	0	444969	2
1116380	0	5073073	0
1116380	0	5104772	2
1116380	0	5104773	4
1116380	0	5104774	2
1116380	0	5104775	2
1116380	0	5104779	2
1116380	0	521341	4
1116380	0	521345	3
1116380	0	5395322	3
1116380	0	5654382	0
1116380	0	5752652	5
1116380	0	5752653	5
1116380	0	5752657	1
1116380	0	6385486	1
1116380	0	6431022	1
1116380	0	684555	2
1116380	0	684558	5
1116380	0	684559	2
1116380	0	7215246	0
1116380	0	765646	4
1116380	0	7659172	1
1116380	0	7879731	0
1116380	0	8100541	5
1116380	0	8100542	5
1116380	0	8100543	5
1116380	0	8100545	5
1116380	0	8100546	5
1116380	0	8100548	5
1116380	0	8113949	4
1116380	0	8371014	0
1116380	0	8612548	0
1116380	0	8784326	2
1116380	0	8784331	1
1121353	0	1122644	3
1121353	0	1259245	3
1121353	0	1470180	2
1121353	0	1643468	1
1121353	0	1713980	4
1121353	0	1718235	0
1121353	0	1727596	3
1121353	0	1854970	3
1121353	0	1886363	1
1121353	0	1891190	1
1121353	0	1949495	4
1121353	0	195110	2
1121353	0	2043904	5
1121353	0	2213823	2
1121353	0	2213824	2
1121353	0	2260259	3
1121353	0	2474382	4
1121353	0	2477448	5
1121353	0	3405327	3
1121353	0	3405776	4
1121353	0	3527298	4
1121353	0	3541849	0
1121353	0	3541854	1
1121353	0	3641804	4
1121353	0	3658919	5
1121353	0	3658920	5
1121353	0	3658922	5
1121353	0	3658923	5
1121353	0	3683368	4
1121353	0	3763468	5
1121353	0	3856519	1
1121353	0	4249422	2
1121353	0	4255177	4
1121353	0	4259960	3
1121353	0	4405874	1
1121353	0	4440318	5
1121353	0	4440326	2
1121353	0	4595103	4
1121353	0	4828747	5
1121353	0	4872676	5
1121353	0	4881885	2
1121353	0	4969906	1
1121353	0	5065103	0
1121353	0	5300162	0
1121353	0	5357560	2
1121353	0	5407059	4
1121353	0	5540041	2
1121353	0	5540043	5
1121353	0	5572759	4
1121353	0	5584830	2
1121353	0	5606060	1
1121353	0	5642762	0
1121353	0	5754666	5
1121353	0	5884499	4
1121353	0	623603	0
1121353	0	623604	0
1121353	0	6352616	3
1121353	0	6352617	4
1121353	0	6352622	5
1121353	0	6379159	2
1121353	0	6381283	2
1121353	0	6599525	2
1121353	0	6606564	2
1121353	0	7070396	2
1121353	0	7191734	2
1121353	0	7344839	5
1121353	0	7363356	2
1121353	0	8041299	2
1121353	0	8053108	5
1121353	0	8053109	5
1121353	0	8053110	1
1121353	0	8053112	5
1121353	0	8053113	5
1121353	0	8053117	5
1121353	0	8081420	1
1121353	0	8083913	0
1121353	0	8261242	1
1121353	0	8436349	2
1121353	0	858644	1
1121353	0	8671649	1
1121353	0	8684415	0
1121353	0	8728942	3
1121353	0	8728948	5
1121353	0	935133	2
1121353	0	937044	2
1121353	0	946643	2
1121353	0	946647	5
1122767	0	1176273	2
1122767	0	1253475	4
1122767	0	1575377	1
1122767	0	1901639	5
1122767	0	2019367	2
1122767	0	2019371	2
1122767	0	2358778	2
1122767	0	2859904	0
1122767	0	2859907	5
1122767	0	3407781	0
1122767	0	3559293	2
1122767	0	4102083	4
1122767	0	4161416	3
1122767	0	4161419	5
1122767	0	4461311	4
1122767	0	4461313	5
1122767	0	4550504	2
1122767	0	458261	5
1122767	0	468959	4
1122767	0	4784605	3
1122767	0	4824677	5
1122767	0	4824679	2
1122767	0	5285491	2
1122767	0	5796709	4
1122767	0	5877496	1
1122767	0	5877500	2
1122767	0	6179207	0
1122767	0	6179209	0
1122767	0	6179210	5
1122767	0	6179213	5
1122767	0	668427	4
1122767	0	6727509	5
1122767	0	6851717	5
1122767	0	6851720	1
1122767	0	7544609	1
1122767	0	7863109	3
1122767	0	8039583	1
1122767	0	8039590	1
1122767	0	884946	3
1122767	0	884952	2
1127540	0	1145263	0
1127540	0	1145264	1
1127540	0	1683442	0
1127540	0	2044364	5
1127540	0	2044366	3
1127540	0	2044368	5
1127540	0	2044369	2
1127540	0	2044370	4
1127540	0	2044371	3
1127540	0	2044372	5
1127540	0	2574460	5
1127540	0	4368062	1
1127540	0	5728324	4
1127540	0	5728333	2
1127540	0	5753339	1
1127540	0	8077956	0
1127540	0	8726954	4
1127540	0	8726955	2
1127540	0	8726956	5
1127540	0	8726957	3
1127540	0	8726958	4
1127540	0	8726959	2
1127540	0	8726960	1
1127540	0	8726961	5
1127540	0	8726962	2
1127540	0	8726963	2
1131069	0	1627668	4
1131069	0	1780963	4
1131069	0	1780965	0
1131069	0	1780966	0
1131069	0	1780968	2
1131069	0	1780969	1
1131069	0	1780970	2
1131069	0	1780971	3
1131069	0	2760729	4
1131069	0	2805723	5
1131069	0	2805726	5
1131069	0	3140073	2
1131069	0	3298559	5
1131069	0	4120158	3
1131069	0	429333	5
1131069	0	4311900	5
1131069	0	4318857	5
1131069	0	5211648	5
1131069	0	5455642	2
1131069	0	5871207	3
1131069	0	6661248	2
1131069	0	6809697	0
1131069	0	6809698	1
1131069	0	6809699	0
1131069	0	6809701	1
1131069	0	6809702	2
1131069	0	6809703	1
1131069	0	6907802	0
1131069	0	6907805	2
1131069	0	6907806	2
1131069	0	6907807	4
1131069	0	6907808	5
1131069	0	6907809	3
1131069	0	7275756	1
1131069	0	7275757	3
1131069	0	7315060	5
1131069	0	7419370	4
1131069	0	7610004	1
1131069	0	7610010	2
1131069	0	7962538	2
1131069	0	8191742	1
1131069	0	8191743	4
1131069	0	8432048	2
1131069	0	8432049	5
1131069	0	8432050	5
1131069	0	8432053	2
1131069	0	8669561	4
1132532	0	1012083	0
1132532	0	1229278	0
1132532	0	1245510	5
1132532	0	1245511	2
1132532	0	23962	0
1132532	0	23966	1
1132532	0	2536147	1
1132532	0	2762578	1
1132532	0	3299150	1
1132532	0	3406612	2
1132532	0	3643206	1
1132532	0	3797904	2
1132532	0	4110870	2
1132532	0	4591601	4
1132532	0	4851673	3
1132532	0	4851677	2
1132532	0	4893092	2
1132532	0	5041349	2
1132532	0	5053525	3
1132532	0	5510988	0
1132532	0	5910809	5
1132532	0	5989422	1
1132532	0	6117740	4
1132532	0	6117745	4
1132532	0	6142066	0
1132532	0	6150717	1
1132532	0	6176605	2
1132532	0	6189364	5
1132532	0	6189365	5
1132532	0	6189366	5
1132532	0	6189367	3
1132532	0	6189369	3
1132532	0	6191514	2
1132532	0	6832788	2
1132532	0	6832789	5
1132532	0	6832790	5
1132532	0	6832791	1
1132532	0	6832793	3
1132532	0	6832794	5
1132532	0	6832795	2
1132532	0	718132	5
1132532	0	7508490	4
1132532	0	7508491	4
1132532	0	7508493	4
1132532	0	7543160	3
1132532	0	7543163	2
1132532	0	7543164	5
1132532	0	7941105	4
1132532	0	8307656	5
1132532	0	8307661	5
1132532	0	8318621	5
1132532	0	8318622	2
1132532	0	94140	0
1132532	0	986668	4
1133579	0	1200778	5
1133579	0	1200780	2
1133579	0	1318194	2
1133579	0	1659305	4
1133579	0	1659306	5
1133579	0	1659308	5
1133579	0	1694484	0
1133579	0	1694485	3
1133579	0	1817052	2
1133579	0	1817055	5
1133579	0	1817057	4
1133579	0	2067537	1
1133579	0	2067540	0
1133579	0	2067544	3
1133579	0	2067545	1
1133579	0	2448462	4
1133579	0	2727068	3
1133579	0	2829602	2
1133579	0	3321778	5
1133579	0	3691482	1
1133579	0	3691484	1
1133579	0	3691486	5
1133579	0	3841449	5
1133579	0	4057637	4
1133579	0	4057642	5
1133579	0	4274862	4
1133579	0	4274863	2
1133579	0	4274864	1
1133579	0	4274865	0
1133579	0	4506270	2
1133579	0	4668677	5
1133579	0	4868943	0
1133579	0	4931641	4
1133579	0	4931642	5
1133579	0	4931644	2
1133579	0	4931645	4
1133579	0	5277542	1
1133579	0	5277543	5
1133579	0	6252755	2
1133579	0	6252757	5
1133579	0	6600375	5
1133579	0	670206	3
1133579	0	7011715	3
1133579	0	7011718	2
1133579	0	733202	2
1133579	0	733203	2
1133579	0	733207	0
1133579	0	733208	3
1133579	0	733210	0
1133579	0	8220878	2
1133579	0	8379135	2
1133579	0	852137	1
1136043	0	1056534	5
1136043	0	1056535	0
1136043	0	1056537	2
1136043	0	1056540	5
1136043	0	1634131	2
1136043	0	1634132	4
1136043	0	1634134	5
1136043	0	2428271	1
1136043	0	2701068	4
1136043	0	3028339	2
1136043	0	4882508	4
1136043	0	4970862	0
1136043	0	5000763	1
1136043	0	5477706	2
1136043	0	5575991	0
1136043	0	6420308	2
1136043	0	6883734	4
1136043	0	7880131	1
1136043	0	852195	2
1136043	0	852196	1
1136043	0	852197	2
1136043	0	8728069	5
1136043	0	8728070	5
1136043	0	8728071	5
1136043	0	8728072	3
1136043	0	8728074	5
1136043	0	8728076	3
1136043	0	8728077	3
1136043	0	8728078	1
1136047	0	1716878	4
1136047	0	1716882	2
1136047	0	2186578	5
1136047	0	2330118	1
1136047	0	2815435	2
1136047	0	2815436	2
1136047	0	3006066	2
1136047	0	3447385	1
1136047	0	3775376	2
1136047	0	3960078	0
1136047	0	3988779	1
1136047	0	512481	2
1136047	0	512482	5
1136047	0	512483	3
1136047	0	512487	4
1136047	0	512489	4
1136047	0	6093345	0
1136047	0	6499345	0
1136047	0	7009393	2
1136047	0	7540967	1
1136047	0	7540969	1
1136047	0	7571090	3
1136047	0	8328670	3
1136047	0	8724031	5
1136047	0	8724032	5
1136047	0	8724033	5
1136047	0	8724034	4
1136047	0	8724035	4
1136047	0	8724036	5
1136047	0	8724038	5
1136962	0	2293833	0
1136962	0	2668190	2
1136962	0	275377	0
1136962	0	277849	2
1136962	0	3293337	4
1136962	0	3348372	5
1136962	0	3646987	0
1136962	0	3863653	3
1136962	0	4088981	3
1136962	0	4170447	2
1136962	0	4548553	4
1136962	0	4589723	4
1136962	0	4589724	5
1136962	0	4589728	5
1136962	0	4589730	5
1136962	0	4601613	0
1136962	0	5414508	4
1136962	0	5471438	4
1136962	0	596001	5
1136962	0	6185710	2
1136962	0	6185711	2
1136962	0	6185712	2
1136962	0	6185714	2
1136962	0	6185715	1
1136962	0	6185716	1
1136962	0	6185717	1
1136962	0	6211004	5
1136962	0	6684779	5
1136962	0	7631079	3
1136962	0	7631083	2
1136962	0	7631084	1
1136962	0	8336574	5
1136962	0	8336578	1
118440	0	1072191	5
118440	0	1305126	2
118440	0	1323064	5
118440	0	1445681	2
118440	0	1445685	3
118440	0	1569786	5
118440	0	1569787	5
118440	0	158199	0
118440	0	158205	0
118440	0	1827531	1
118440	0	230122	2
118440	0	232473	3
118440	0	2504007	5
118440	0	2674158	4
118440	0	2699180	5
118440	0	2699188	5
118440	0	2843799	5
118440	0	2975214	1
118440	0	2975216	0
118440	0	3033116	4
118440	0	3104947	2
118440	0	3104953	1
118440	0	3647356	2
118440	0	3647357	2
118440	0	4236463	4
118440	0	4403465	2
118440	0	4403471	2
118440	0	4574420	2
118440	0	4737856	3
118440	0	4868258	3
118440	0	5149039	1
118440	0	5229209	0
118440	0	6360238	4
118440	0	6382751	3
118440	0	6382753	4
118440	0	6382755	2
118440	0	6609239	2
118440	0	6609240	3
118440	0	6687966	5
118440	0	6744365	5
118440	0	6744368	2
118440	0	6750547	2
118440	0	6750548	1
118440	0	6750549	1
118440	0	6750551	4
118440	0	6750552	1
118440	0	6750554	0
118440	0	6802137	5
118440	0	7035722	5
118440	0	7159218	4
118440	0	7539487	5
118440	0	7703789	0
118440	0	7967582	1
118440	0	8412702	4
118440	0	8527723	5
118440	0	8785852	2
121171	0	1278921	1
121171	0	1278923	5
121171	0	1278926	3
121171	0	2550806	4
121171	0	2550807	2
121171	0	2550810	4
121171	0	2550811	5
121171	0	2550813	2
121171	0	2550814	4
121171	0	259430	5
121171	0	259431	4
121171	0	259433	2
121171	0	259434	4
121171	0	259435	0
121171	0	259436	2
121171	0	259437	0
121171	0	2626101	5
121171	0	2631827	2
121171	0	2735732	3
121171	0	3092263	2
121171	0	3812019	0
121171	0	3812022	5
121171	0	451170	5
121171	0	451171	3
121171	0	451172	2
121171	0	451173	2
121171	0	451174	3
121171	0	451175	5
121171	0	451176	3
121171	0	5809826	1
121171	0	5809831	4
121171	0	5930988	0
121171	0	6580476	2
121171	0	7165126	1
121171	0	7224846	0
121171	0	8056821	1
121171	0	8164251	5
121171	0	8260188	1
121171	0	8260191	5
121171	0	8260192	5
121171	0	8260193	1
121171	0	8260194	2
121171	0	8260195	5
121171	0	8643275	2
135802	0	1103938	5
135802	0	1256034	2
135802	0	2539732	2
135802	0	2539740	2
135802	0	2739063	2
135802	0	2739069	3
135802	0	2739070	0
135802	0	3624450	4
135802	0	366625	0
135802	0	4007446	3
135802	0	4007447	3
135802	0	4347259	1
135802	0	4382396	4
135802	0	4411252	4
135802	0	4919670	4
135802	0	5394718	1
135802	0	6037331	3
135802	0	6037338	2
135802	0	663707	1
135802	0	7003682	5
135802	0	7020899	5
135802	0	7075501	2
135802	0	7144826	0
135802	0	7327478	1
135802	0	802446	5
135802	0	8120579	1
135802	0	8264847	2
135802	0	8692619	5
135802	0	8692620	1
135802	0	8692621	4
135802	0	8692622	0
135802	0	8692623	5
135802	0	8692624	5
135802	0	8692625	2
135802	0	8692626	5
135802	0	8692627	2
135802	0	8692628	5
141630	0	1157245	4
141630	0	1157249	2
141630	0	1157251	5
141630	0	1314689	3
141630	0	1353759	5
141630	0	1889340	2
141630	0	2173072	5
141630	0	2366119	5
141630	0	2366121	2
141630	0	2473236	1
141630	0	2752564	2
141630	0	2851002	2
141630	0	3000836	0
141630	0	3096184	0
141630	0	3139270	2
141630	0	340875	2
141630	0	3500851	2
141630	0	3500852	1
141630	0	3500854	5
141630	0	3500855	4
141630	0	3500856	5
141630	0	3500857	3
141630	0	3500860	1
141630	0	3672655	5
141630	0	3722955	0
141630	0	4098919	1
141630	0	4098924	0
141630	0	4101944	4
141630	0	4101946	5
141630	0	4101951	2
141630	0	4101953	2
141630	0	4422338	2
141630	0	4422339	3
141630	0	4422342	2
141630	0	4422344	0
141630	0	5098393	5
141630	0	5098396	4
141630	0	5098397	5
141630	0	5098398	5
141630	0	5126206	3
141630	0	5126207	1
141630	0	5337305	5
141630	0	5389973	4
141630	0	5694666	2
141630	0	5921140	4
141630	0	6007469	0
141630	0	6064897	5
141630	0	6290795	3
141630	0	6319711	1
141630	0	6496225	3
141630	0	6496226	2
141630	0	6496228	5
141630	0	6530476	0
141630	0	6580043	3
141630	0	6638749	5
141630	0	6861521	2
141630	0	6865899	5
141630	0	7107466	0
141630	0	7705603	2
141630	0	7985117	1
141630	0	7985118	1
141630	0	8068281	2
141630	0	806878	4
141630	0	8225222	1
141630	0	8319987	4
141630	0	8319989	4
141630	0	8319990	4
141630	0	8319991	1
141630	0	8319993	4
141630	0	861355	2
141630	0	8653585	5
141630	0	8653589	5
141630	0	8685361	1
141630	0	8768725	4
141630	0	885784	2
156498	0	104801	5
156498	0	104803	5
156498	0	1066785	4
156498	0	1066789	3
156498	0	1564664	0
156498	0	1584048	2
156498	0	1663164	5
156498	0	1840047	1
156498	0	2167314	4
156498	0	3288004	2
156498	0	3301559	5
156498	0	3301562	5
156498	0	3301563	5
156498	0	3397582	0
156498	0	3669926	4
156498	0	3852372	1
156498	0	4026114	3
156498	0	4273410	4
156498	0	4273412	4
156498	0	4273418	4
156498	0	4273419	5
156498	0	4325225	2
156498	0	4468111	2
156498	0	463355	0
156498	0	494576	2
156498	0	4960216	5
156498	0	4960218	2
156498	0	5606985	3
156498	0	6555091	1
156498	0	6648988	0
156498	0	7393854	1
156498	0	7393858	2
156498	0	7456851	3
156498	0	8146073	2
156498	0	824332	2
156498	0	8615232	1
156498	0	8648969	5
156498	0	8823842	1
169208	0	1395413	5
169208	0	1395417	4
169208	0	1395418	2
169208	0	1480206	0
169208	0	2294759	0
169208	0	2408681	2
169208	0	2888367	5
169208	0	3408570	1
169208	0	3561306	2
169208	0	3715860	3
169208	0	4085645	2
169208	0	4180364	1
169208	0	4202275	5
169208	0	4202278	5
169208	0	4321613	0
169208	0	4354838	0
169208	0	4580131	5
169208	0	4580132	2
169208	0	4580133	5
169208	0	4580137	1
169208	0	4580139	5
169208	0	4694325	1
169208	0	4728189	1
169208	0	4762134	3
169208	0	4762135	3
169208	0	4762140	5
169208	0	4762141	4
169208	0	4859432	4
169208	0	4859433	5
169208	0	4859437	5
169208	0	4859438	5
169208	0	5268915	4
169208	0	5541538	1
169208	0	5872890	1
169208	0	6252711	2
169208	0	6413011	2
169208	0	6435804	0
169208	0	6808748	4
169208	0	7169063	2
169208	0	721607	4
169208	0	721610	3
169208	0	7251639	4
169208	0	8230949	2
169208	0	8303019	2
169208	0	8411957	1
169208	0	8518731	2
169208	0	8518733	2
169208	0	85987	3
169208	0	85989	5
174463	0	1013078	2
174463	0	1024759	1
174463	0	1024761	5
174463	0	1024762	5
174463	0	1024763	3
174463	0	1024764	4
174463	0	1024766	3
174463	0	1024767	5
174463	0	102528	1
174463	0	1070616	5
174463	0	1479952	5
174463	0	1567952	1
174463	0	1567956	3
174463	0	1567958	1
174463	0	1567960	5
174463	0	1788354	2
174463	0	1788355	4
174463	0	1835370	4
174463	0	1835371	2
174463	0	1835375	5
174463	0	1835377	2
174463	0	1854166	5
174463	0	1854167	2
174463	0	2382185	3
174463	0	2533619	2
174463	0	2533622	3
174463	0	2533623	3
174463	0	2533624	2
174463	0	2533625	1
174463	0	2533626	3
174463	0	299161	4
174463	0	3213498	2
174463	0	3235293	0
174463	0	3501225	1
174463	0	3501229	2
174463	0	3716946	0
174463	0	3716947	1
174463	0	4275746	1
174463	0	4275747	2
174463	0	4275752	2
174463	0	4321177	2
174463	0	4452289	4
174463	0	4452291	2
174463	0	4501665	0
174463	0	4662168	1
174463	0	4665971	0
174463	0	470707	2
174463	0	470708	5
174463	0	470710	5
174463	0	470711	4
174463	0	470712	5
174463	0	4710618	4
174463	0	5084515	1
174463	0	5264564	2
174463	0	5264567	4
174463	0	5303493	2
174463	0	5303495	5
174463	0	5303496	4
174463	0	5538544	2
174463	0	5641976	2
174463	0	5688367	4
174463	0	5779094	5
174463	0	6083368	5
174463	0	6083369	5
174463	0	6083371	5
174463	0	6094016	4
174463	0	6094017	5
174463	0	6094019	2
174463	0	6294949	0
174463	0	6330267	1
174463	0	6718985	4
174463	0	6718987	5
174463	0	6867423	0
174463	0	7089624	3
174463	0	7089625	2
174463	0	7089627	0
174463	0	7089629	2
174463	0	7089630	1
174463	0	7089632	5
174463	0	7314482	0
174463	0	7812730	0
174463	0	8304451	1
174463	0	8304454	5
174463	0	8304456	5
174463	0	8304457	2
174463	0	8304458	5
174463	0	8454980	4
174463	0	8770949	3
23849	0	1034183	4
23849	0	1068470	5
23849	0	1158886	4
23849	0	1215556	3
23849	0	1333480	5
23849	0	1449785	1
23849	0	1460057	3
23849	0	1594083	5
23849	0	1601003	3
23849	0	1622747	1
23849	0	1739455	4
23849	0	178252	0
23849	0	1825393	0
23849	0	188190	5
23849	0	1944730	5
23849	0	2039331	5
23849	0	2055243	0
23849	0	2199035	5
23849	0	2209883	5
23849	0	2217275	5
23849	0	2516458	0
23849	0	2647769	5
23849	0	2674124	0
23849	0	3978767	5
23849	0	4188880	4
23849	0	4237823	3
23849	0	4281690	2
23849	0	4348282	2
23849	0	436721	2
23849	0	446099	5
23849	0	4491642	0
23849	0	4556932	3
23849	0	4556933	5
23849	0	4556938	1
23849	0	4712571	3
23849	0	4806514	2
23849	0	4834498	0
23849	0	4920679	0
23849	0	4942375	5
23849	0	4944603	5
23849	0	5143193	5
23849	0	5255098	3
23849	0	5340997	4
23849	0	542113	1
23849	0	5913890	3
23849	0	5925321	1
23849	0	6054726	2
23849	0	6252656	5
23849	0	6328471	0
23849	0	6667419	2
23849	0	6688737	1
23849	0	6688738	5
23849	0	6688741	2
23849	0	6688742	2
23849	0	6688743	1
23849	0	6705133	4
23849	0	6722889	1
23849	0	6722890	2
23849	0	6849942	5
23849	0	7014217	2
23849	0	7119957	5
23849	0	7160298	5
23849	0	7165935	2
23849	0	7402729	4
23849	0	7431268	2
23849	0	7519911	1
23849	0	7655100	4
23849	0	7845081	2
23849	0	799642	2
23849	0	8010558	1
23849	0	8010559	2
23849	0	8010560	3
23849	0	8010561	5
23849	0	8010562	2
23849	0	8010563	5
23849	0	8010564	2
23849	0	8010565	3
23849	0	8010566	4
23849	0	8013217	2
23849	0	8017141	2
23849	0	8052286	1
23849	0	8059826	4
23849	0	8126279	1
23849	0	8133127	0
23849	0	8162522	2
23849	0	8246990	1
23849	0	8264389	4
23849	0	8350307	4
23849	0	8466742	1
23849	0	8466743	2
23849	0	8466744	4
23849	0	8466750	2
23849	0	8665052	2
23849	0	8752783	5
23849	0	8769995	2
23849	0	886103	1
23849	0	958491	4
258062	0	1311741	5
258062	0	1348968	5
258062	0	1805967	5
258062	0	18103	2
258062	0	2087378	2
258062	0	2510542	1
258062	0	2707010	1
258062	0	2898169	5
258062	0	3012167	2
258062	0	3189004	1
258062	0	3195767	1
258062	0	3297029	0
258062	0	3392238	5
258062	0	3404354	1
258062	0	3683402	0
258062	0	3695217	2
258062	0	3777927	3
258062	0	3777928	4
258062	0	3777930	2
258062	0	3947010	2
258062	0	4155912	3
258062	0	4159145	2
258062	0	4159344	2
258062	0	4159345	2
258062	0	4174306	1
258062	0	4174308	3
258062	0	4174310	3
258062	0	4174313	4
258062	0	4595794	5
258062	0	4595795	4
258062	0	5456429	1
258062	0	5993823	5
258062	0	5993826	2
258062	0	6084336	4
258062	0	6084339	2
258062	0	63211	0
258062	0	639084	0
258062	0	6990374	4
258062	0	7068639	5
258062	0	7532084	0
258062	0	8694158	5
258062	0	8694161	5
258062	0	8694163	5
258062	0	91493	3
258062	0	955811	4
258062	0	955813	4
324585	0	1051441	2
324585	0	1536988	5
324585	0	1536989	3
324585	0	1536990	5
324585	0	1536995	4
324585	0	1536997	5
324585	0	2193462	1
324585	0	2194313	2
324585	0	2944861	0
324585	0	296622	2
324585	0	3608325	2
324585	0	405277	4
324585	0	405281	5
324585	0	405282	2
324585	0	4467785	0
324585	0	4532866	2
324585	0	4765769	3
324585	0	5131128	1
324585	0	5525879	5
324585	0	5610255	1
324585	0	5996798	3
324585	0	6369620	1
324585	0	6393239	1
324585	0	6480421	2
324585	0	6480422	4
324585	0	6565613	0
324585	0	6712393	0
324585	0	6842100	1
324585	0	7006319	0
324585	0	7519882	2
324585	0	7568187	2
324585	0	7653696	4
324585	0	7941122	2
324585	0	7941125	2
324585	0	7941129	2
324585	0	7941130	1
324585	0	7987550	1
324585	0	8290308	4
324585	0	8290309	5
324585	0	8290310	3
324585	0	8290314	5
324585	0	8310496	3
324585	0	8310498	5
324585	0	8310499	5
324585	0	8310502	5
324585	0	8310503	5
324585	0	8381474	2
324585	0	8467798	0
324585	0	8500120	4
324585	0	8500121	5
324585	0	8500123	5
324585	0	8500124	4
324585	0	8762257	4
330975	0	1097861	2
330975	0	1598185	5
330975	0	1637261	4
330975	0	2299996	1
330975	0	233944	3
330975	0	233945	2
330975	0	233946	4
330975	0	233948	2
330975	0	233949	1
330975	0	233950	2
330975	0	233951	5
330975	0	233952	5
330975	0	3240106	0
330975	0	3240112	4
330975	0	3256083	2
330975	0	3256084	5
330975	0	3297854	2
330975	0	3297855	5
330975	0	3297856	5
330975	0	3297857	5
330975	0	3297858	5
330975	0	3335804	0
330975	0	3857965	2
330975	0	4043524	0
330975	0	4108178	4
330975	0	4108179	1
330975	0	4392140	3
330975	0	4392141	0
330975	0	4392144	5
330975	0	4392147	4
330975	0	4620919	4
330975	0	4620920	4
330975	0	4620924	5
330975	0	4695292	4
330975	0	482130	5
330975	0	482131	1
330975	0	4896437	1
330975	0	5190215	5
330975	0	5196922	1
330975	0	5393803	4
330975	0	5393804	2
330975	0	5393805	3
330975	0	5427108	5
330975	0	5557976	3
330975	0	5557977	1
330975	0	5580311	2
330975	0	5750875	2
330975	0	5750877	1
330975	0	5750880	5
330975	0	6310757	2
330975	0	6559225	3
330975	0	6625786	2
330975	0	6693239	3
330975	0	702098	2
330975	0	7074783	2
330975	0	7624927	0
330975	0	7908218	0
330975	0	8327009	1
330975	0	8327012	5
330975	0	8541455	0
330975	0	8541461	2
332593	0	1167184	5
332593	0	1443723	3
332593	0	1443727	2
332593	0	1539776	5
332593	0	1650687	2
332593	0	1905432	1
332593	0	329112	5
332593	0	3336840	0
332593	0	3731313	5
332593	0	4023721	3
332593	0	4023722	2
332593	0	4431498	4
332593	0	4431502	4
332593	0	4614346	4
332593	0	4952095	1
332593	0	5241320	5
332593	0	5241321	5
332593	0	5241322	5
332593	0	5241323	4
332593	0	5241324	4
332593	0	5241326	2
332593	0	5241328	4
332593	0	5707522	0
332593	0	6007038	4
332593	0	6007041	1
332593	0	6007045	0
332593	0	6514779	0
332593	0	6514781	0
332593	0	6534081	2
332593	0	6534089	2
332593	0	6765225	2
332593	0	6765227	1
332593	0	7073993	1
332593	0	7073995	3
332593	0	7073996	2
332593	0	7073999	2
332593	0	8021425	1
332593	0	8091681	2
332593	0	8434869	3
332593	0	8434871	5
332593	0	8434872	1
332593	0	8434873	5
332593	0	8749229	2
332593	0	8749230	5
332593	0	8749231	5
336901	0	1521213	0
336901	0	1674353	2
336901	0	1768586	2
336901	0	213017	4
336901	0	2291851	0
336901	0	2291853	1
336901	0	2537065	5
336901	0	2589736	2
336901	0	2909600	2
336901	0	2934191	4
336901	0	3330854	5
336901	0	3386083	4
336901	0	3646550	5
336901	0	3987390	2
336901	0	4028521	3
336901	0	4048104	0
336901	0	4420994	4
336901	0	4789969	4
336901	0	4954233	0
336901	0	5064227	5
336901	0	5100469	0
336901	0	5147393	2
336901	0	5384135	1
336901	0	560665	0
336901	0	5901048	1
336901	0	6017280	4
336901	0	6017284	4
336901	0	6017286	5
336901	0	6017287	5
336901	0	6054128	2
336901	0	6096613	5
336901	0	6096614	2
336901	0	6560790	3
336901	0	7402234	5
336901	0	7459686	2
336901	0	7836253	1
336901	0	7836254	5
336901	0	7836255	1
336901	0	7836256	3
336901	0	7836258	2
336901	0	7836261	3
336901	0	8130980	1
336901	0	8528674	5
336901	0	8528675	5
336901	0	8528677	3
336901	0	8528678	5
336901	0	8528679	5
336901	0	8528680	2
336901	0	8528681	2
336901	0	8528682	1
336901	0	8740069	3
336901	0	8794743	2
390360	0	1032410	5
390360	0	1093722	2
390360	0	1139946	0
390360	0	1139949	1
390360	0	121529	1
390360	0	1326095	4
390360	0	1378333	4
390360	0	1378337	4
390360	0	1609998	1
390360	0	1927069	0
390360	0	2168033	4
390360	0	2173448	5
390360	0	217537	2
390360	0	217540	2
390360	0	2203875	2
390360	0	2203877	2
390360	0	2419904	3
390360	0	2784297	5
390360	0	3104906	1
390360	0	324991	3
390360	0	324992	3
390360	0	324994	3
390360	0	3518921	1
390360	0	3623762	0
390360	0	3988320	0
390360	0	425021	5
390360	0	4546335	0
390360	0	4619216	4
390360	0	4619218	5
390360	0	4683960	2
390360	0	473001	2
390360	0	5423359	5
390360	0	566410	1
390360	0	604111	4
390360	0	6179316	1
390360	0	6492799	3
390360	0	6492800	2
390360	0	6492801	4
390360	0	6492802	2
390360	0	6999350	2
390360	0	7166011	0
390360	0	7186643	5
390360	0	7406840	5
390360	0	7462672	2
390360	0	7666614	5
390360	0	7679050	4
390360	0	7807146	5
390360	0	8009002	4
390360	0	8384887	1
390360	0	844997	2
390360	0	860971	0
390360	0	8630609	5
390360	0	8630611	5
390360	0	8630612	5
390360	0	8630613	3
390360	0	8630614	5
390360	0	8630616	2
390360	0	8630617	2
390360	0	8630618	5
390360	0	963941	2
390360	0	963943	1
405163	0	1041997	5
405163	0	1108748	0
405163	0	1212298	4
405163	0	1234964	2
405163	0	1305759	2
405163	0	1330010	3
405163	0	1352545	5
405163	0	1352548	4
405163	0	1506457	1
405163	0	1518539	4
405163	0	1518541	2
405163	0	1567779	2
405163	0	1655999	2
405163	0	1667024	2
405163	0	1667027	4
405163	0	1893016	0
405163	0	1902864	0
405163	0	1902866	5
405163	0	2016025	5
405163	0	2055218	3
405163	0	2077809	5
405163	0	2139588	1
405163	0	2407799	2
405163	0	2748170	5
405163	0	2806293	0
405163	0	2806296	5
405163	0	289329	5
405163	0	2902930	1
405163	0	295189	5
405163	0	306987	2
405163	0	306992	2
405163	0	3216136	3
405163	0	3600866	4
405163	0	3602402	4
405163	0	3850032	2
405163	0	3918981	3
405163	0	3918983	2
405163	0	4058115	2
405163	0	4228172	3
405163	0	4232058	2
405163	0	429245	5
405163	0	429246	5
405163	0	429247	5
405163	0	4346504	3
405163	0	4409822	1
405163	0	4642223	5
405163	0	5095855	3
405163	0	5214452	5
405163	0	5248627	2
405163	0	5282651	2
405163	0	5514160	1
405163	0	5523884	0
405163	0	5658841	1
405163	0	5706290	2
405163	0	5706291	3
405163	0	5710977	2
405163	0	5746714	4
405163	0	5746717	4
405163	0	5768619	0
405163	0	5897402	0
405163	0	5909565	0
405163	0	5909571	5
405163	0	5922369	0
405163	0	6250234	2
405163	0	6289824	4
405163	0	6334781	1
405163	0	647592	2
405163	0	647594	3
405163	0	6689927	2
405163	0	6689928	4
405163	0	6707943	1
405163	0	6770821	1
405163	0	6796414	4
405163	0	6796624	2
405163	0	6877861	5
405163	0	6916264	5
405163	0	6945009	5
405163	0	6945011	5
405163	0	6945014	5
405163	0	6965575	5
405163	0	7044508	2
405163	0	7196947	4
405163	0	72203	0
405163	0	7392422	1
405163	0	7454159	1
405163	0	7622492	5
405163	0	7754279	4
405163	0	7969801	2
405163	0	8282533	2
405163	0	834747	2
405163	0	834754	1
405163	0	8445975	1
405163	0	8482540	2
405163	0	851536	5
405163	0	8608597	5
405163	0	8608603	4
405163	0	8633840	4
405163	0	863570	0
405163	0	8682163	1
405163	0	8682164	4
405163	0	8707747	3
405163	0	931373	1
405163	0	978353	5
42255	0	1470400	3
42255	0	1470405	1
42255	0	1601664	4
42255	0	1601667	3
42255	0	179535	2
42255	0	182410	2
42255	0	1896377	3
42255	0	1896381	0
42255	0	2067180	4
42255	0	2229964	2
42255	0	2584026	5
42255	0	2673765	1
42255	0	2799681	1
42255	0	2799685	1
42255	0	2834575	5
42255	0	2882385	0
42255	0	3063186	0
42255	0	3063187	0
42255	0	3063191	2
42255	0	3077466	5
42255	0	3077467	2
42255	0	3349782	2
42255	0	363752	2
42255	0	3716276	5
42255	0	3716279	3
42255	0	3716280	5
42255	0	3716282	4
42255	0	3723425	0
42255	0	3817242	2
42255	0	3817246	3
42255	0	471838	4
42255	0	5076181	4
42255	0	5326925	5
42255	0	5519434	5
42255	0	5550457	0
42255	0	5571057	4
42255	0	5778518	4
42255	0	5783297	2
42255	0	5783300	2
42255	0	5801316	4
42255	0	5921270	2
42255	0	5997797	2
42255	0	5997799	3
42255	0	5997800	0
42255	0	6098597	2
42255	0	6098598	4
42255	0	6098601	1
42255	0	6098603	5
42255	0	6120375	3
42255	0	6120376	1
42255	0	6159642	1
42255	0	6159644	2
42255	0	630087	5
42255	0	6307609	1
42255	0	6314164	3
42255	0	6487361	4
42255	0	6528860	5
42255	0	6784918	0
42255	0	6784924	2
42255	0	6971736	4
42255	0	6971740	4
42255	0	7123386	1
42255	0	7123389	0
42255	0	729163	2
42255	0	7688778	5
42255	0	7688780	1
42255	0	7944025	5
42255	0	7944026	5
42255	0	8012296	3
42255	0	8070166	5
42255	0	8286390	2
42255	0	8286391	2
42255	0	8286392	2
42255	0	8328839	1
42255	0	8328843	5
42255	0	8372967	0
42255	0	8372968	5
42255	0	857475	1
42255	0	857478	3
42255	0	857479	2
42255	0	8586795	2
42255	0	8720119	2
42255	0	8746188	5
42255	0	8746189	5
42255	0	8746190	1
42255	0	8746191	5
42255	0	8746192	2
42255	0	8746193	5
42255	0	8746194	4
42255	0	8746195	5
42255	0	8746196	5
42255	0	8746197	5
47210	0	1560499	2
47210	0	2042918	5
47210	0	2042923	2
47210	0	2042924	3
47210	0	2042926	0
47210	0	2042927	0
47210	0	2338383	2
47210	0	2338385	5
47210	0	2545998	4
47210	0	2545999	2
47210	0	2546001	2
47210	0	2546002	4
47210	0	2546005	4
47210	0	2546007	4
47210	0	3304358	5
47210	0	3304359	5
47210	0	3757931	5
47210	0	3757932	5
47210	0	4007104	5
47210	0	4007106	2
47210	0	4748994	0
47210	0	4748997	1
47210	0	4766143	0
47210	0	5207326	1
47210	0	5207328	4
47210	0	5207329	5
47210	0	5301404	2
47210	0	5301406	3
47210	0	5497272	2
47210	0	5497278	1
47210	0	5642104	5
47210	0	5691600	2
47210	0	6168517	2
47210	0	6180504	4
47210	0	6180507	1
47210	0	6502207	3
47210	0	6502208	5
47210	0	6990781	1
47210	0	7367872	3
47210	0	7367873	1
47210	0	7367874	0
47210	0	7509249	5
47210	0	7509252	3
47210	0	7562282	4
47210	0	7562284	1
47210	0	8261978	5
47210	0	8646329	2
47210	0	8646330	2
47210	0	8646331	1
555530	0	1114218	5
555530	0	1447386	2
555530	0	1526190	0
555530	0	1536620	5
555530	0	1554646	0
555530	0	1618154	2
555530	0	1672654	2
555530	0	1754577	4
555530	0	1754578	1
555530	0	1754579	3
555530	0	1754584	1
555530	0	1807676	3
555530	0	1897713	2
555530	0	1897716	3
555530	0	1897718	5
555530	0	1897720	1
555530	0	2217431	5
555530	0	2354213	2
555530	0	264683	2
555530	0	2805520	5
555530	0	2906190	4
555530	0	2978164	1
555530	0	2978171	1
555530	0	338636	4
555530	0	3559167	1
555530	0	3703992	0
555530	0	3717582	3
555530	0	3764719	1
555530	0	4071550	4
555530	0	4137963	3
555530	0	4137964	2
555530	0	4238674	5
555530	0	4240158	4
555530	0	4296807	0
555530	0	448525	2
555530	0	448529	3
555530	0	4744248	5
555530	0	474541	2
555530	0	474544	2
555530	0	480988	5
555530	0	5106749	2
555530	0	5182520	2
555530	0	561169	0
555530	0	5753585	5
555530	0	5846397	5
555530	0	6078221	5
555530	0	6078228	5
555530	0	6108232	0
555530	0	6221470	4
555530	0	6225332	3
555530	0	6309262	5
555530	0	6434719	1
555530	0	6449364	5
555530	0	6450951	5
555530	0	6450953	3
555530	0	6485976	2
555530	0	6579581	0
555530	0	668366	1
555530	0	6869537	2
555530	0	6913116	4
555530	0	6936082	5
555530	0	6938328	2
555530	0	6990474	4
555530	0	7179784	5
555530	0	7179789	5
555530	0	7179791	5
555530	0	7232504	3
555530	0	7246139	1
555530	0	7339147	4
555530	0	7349580	4
555530	0	7419503	2
555530	0	7475084	5
555530	0	7606337	4
555530	0	7766457	2
555530	0	7766465	2
555530	0	8025704	4
555530	0	8097532	0
555530	0	8276743	0
555530	0	8461277	2
555530	0	8637526	2
555530	0	910809	1
555530	0	971429	1
583468	0	119352	3
583468	0	119354	5
583468	0	1546128	5
583468	0	1675561	1
583468	0	1675562	4
583468	0	1675564	5
583468	0	1675566	5
583468	0	2080306	0
583468	0	2267048	5
583468	0	2267052	2
583468	0	2267054	5
583468	0	3466606	5
583468	0	3466607	1
583468	0	6286922	1
583468	0	6286927	0
583468	0	6286928	1
583468	0	6578660	0
583468	0	6654310	0
583468	0	7450717	2
583468	0	7450718	4
583468	0	7450725	2
583468	0	7465955	3
583468	0	7491697	4
583468	0	7491698	5
583468	0	7491700	3
583468	0	7491704	3
583468	0	7491705	4
583468	0	7706119	2
583468	0	7706120	1
583468	0	7706122	3
583468	0	7744346	2
583468	0	7744347	2
583468	0	7744348	2
583468	0	7744349	2
583468	0	7744350	5
583468	0	7744351	2
583468	0	8144451	1
583468	0	8326078	0
583468	0	8326080	4
583468	0	8395840	4
583468	0	914666	2
583468	0	914668	5
640502	0	1034851	3
640502	0	1091791	1
640502	0	1091795	5
640502	0	1226398	1
640502	0	1226405	5
640502	0	1304073	1
640502	0	1467731	0
640502	0	1467737	0
640502	0	172502	4
640502	0	1754997	3
640502	0	1775697	5
640502	0	1854588	4
640502	0	1957247	5
640502	0	1957252	5
640502	0	208378	2
640502	0	2096762	2
640502	0	2096764	1
640502	0	2442847	2
640502	0	2445381	3
640502	0	2701130	2
640502	0	2808569	2
640502	0	2808576	1
640502	0	2989518	1
640502	0	2989520	5
640502	0	3255505	0
640502	0	3263516	1
640502	0	3511308	1
640502	0	3511310	1
640502	0	3551380	1
640502	0	3678130	3
640502	0	3992434	5
640502	0	4088602	0
640502	0	4088606	5
640502	0	409318	2
640502	0	4132983	4
640502	0	418508	5
640502	0	4261742	4
640502	0	4422928	0
640502	0	4778464	5
640502	0	5073872	2
640502	0	5150987	4
640502	0	5150990	5
640502	0	5161853	3
640502	0	5539487	5
640502	0	598202	2
640502	0	598204	2
640502	0	6146400	2
640502	0	6304677	2
640502	0	6414861	0
640502	0	6497380	2
640502	0	6497385	5
640502	0	6679958	4
640502	0	6730883	2
640502	0	6730884	2
640502	0	6730887	4
640502	0	6985038	2
640502	0	7109037	5
640502	0	7160373	0
640502	0	7456406	4
640502	0	7540167	5
640502	0	77134	2
640502	0	8003526	3
640502	0	8412227	4
640502	0	8412229	5
640502	0	8451475	4
67316	0	1114355	2
67316	0	1134520	1
67316	0	1191975	5
67316	0	1233288	3
67316	0	1261955	5
67316	0	1277368	2
67316	0	1325092	1
67316	0	1401789	4
67316	0	1408563	0
67316	0	1920786	3
67316	0	1974374	1
67316	0	1974375	2
67316	0	209702	4
67316	0	2268657	4
67316	0	2365991	1
67316	0	2688813	5
67316	0	2930660	5
67316	0	2930661	4
67316	0	3063530	2
67316	0	308681	1
67316	0	3250707	4
67316	0	3272839	2
67316	0	3393479	4
67316	0	3557361	0
67316	0	3761777	4
67316	0	3810716	1
67316	0	3810719	0
67316	0	3857558	3
67316	0	3871324	4
67316	0	3942287	4
67316	0	4141330	3
67316	0	4163705	2
67316	0	4163707	2
67316	0	4180169	2
67316	0	44015	2
67316	0	450305	1
67316	0	450309	1
67316	0	4789318	5
67316	0	4789322	5
67316	0	481471	3
67316	0	4863059	4
67316	0	4922572	2
67316	0	5029981	0
67316	0	5029984	2
67316	0	5181841	0
67316	0	5195161	4
67316	0	5252008	2
67316	0	6091258	2
67316	0	6148105	0
67316	0	6221796	0
67316	0	6290080	0
67316	0	6387611	5
67316	0	6439840	4
67316	0	6507744	2
67316	0	6607539	0
67316	0	6607541	3
67316	0	6607542	3
67316	0	6680964	5
67316	0	6680965	2
67316	0	6680966	4
67316	0	6680967	2
67316	0	6680968	1
67316	0	6683215	1
67316	0	6764671	1
67316	0	6764674	1
67316	0	6905735	1
67316	0	6925995	3
67316	0	7019081	5
67316	0	7027708	2
67316	0	7112302	5
67316	0	7114279	5
67316	0	7348851	5
67316	0	7418431	5
67316	0	7418432	5
67316	0	7418438	5
67316	0	7513151	2
67316	0	7630885	4
67316	0	7701876	5
67316	0	800359	5
67316	0	8003840	2
67316	0	8161992	5
67316	0	8200130	3
67316	0	8261797	2
67316	0	8285748	0
67316	0	8308297	5
67316	0	8308718	5
67316	0	8312258	5
67316	0	8312265	5
67316	0	8377581	5
67316	0	8431632	2
67316	0	8431637	2
67316	0	8473319	2
67316	0	8773687	1
673670	0	1178245	5
673670	0	1282792	3
673670	0	1282794	5
673670	0	1398748	3
673670	0	1454201	2
673670	0	1511452	5
673670	0	1511453	1
673670	0	1511457	1
673670	0	1511459	3
673670	0	1905068	0
673670	0	1954736	1
673670	0	1954745	2
673670	0	2240351	5
673670	0	2240354	4
673670	0	2240356	5
673670	0	2240359	0
673670	0	3345262	2
673670	0	3345263	2
673670	0	3345266	2
673670	0	3345269	1
673670	0	3592286	5
673670	0	3607495	2
673670	0	3607500	4
673670	0	3607501	1
673670	0	4013566	3
673670	0	4013570	1
673670	0	6084748	0
673670	0	6342707	1
673670	0	6989198	5
673670	0	7257297	0
673670	0	7257300	0
673670	0	7257301	5
673670	0	7257302	2
673670	0	7257303	0
673670	0	7257304	4
673670	0	7257306	2
673670	0	7583949	2
673670	0	7732030	3
673670	0	7772630	4
673670	0	7772637	5
673670	0	824934	3
673670	0	8495250	5
673670	0	8524263	5
673670	0	8554511	4
673670	0	8632357	2
673670	0	8632359	5
673670	0	8632360	4
673670	0	8632361	2
673670	0	8632362	4
673670	0	8632363	1
673670	0	8632364	5
673670	0	8632365	1
673670	0	867190	2
673670	0	867197	2
673670	0	8735640	5
673670	0	8735643	4
673670	0	8773078	2
701453	0	100342	0
701453	0	2036076	4
701453	0	4330671	5
701453	0	4330672	1
701453	0	4330673	4
701453	0	4330675	4
701453	0	4330676	5
701453	0	4330677	2
701453	0	4330678	3
701453	0	4330679	5
701453	0	4330680	3
701453	0	4355643	2
701453	0	4355645	4
701453	0	4355647	5
701453	0	4355649	2
701453	0	4355652	5
701453	0	4832975	1
701453	0	688613	1
701453	0	688614	4
701453	0	688615	5
701453	0	688618	3
701453	0	6927982	0
701453	0	6999084	0
701453	0	6999087	0
701453	0	7259848	2
701453	0	7586972	1
701453	0	7806569	2
701453	0	781518	5
701453	0	8402346	2
701453	0	8402348	1
701453	0	8402349	5
701453	0	8402350	5
701453	0	8626140	2
701453	0	8626142	2
701453	0	8626143	1
701453	0	8626145	2
701453	0	8626149	3
730539	0	1520038	0
730539	0	1625667	2
730539	0	1625670	1
730539	0	1625674	0
730539	0	239231	2
730539	0	2666436	4
730539	0	2666442	4
730539	0	2666443	2
730539	0	2666444	5
730539	0	3320012	5
730539	0	3476824	5
730539	0	3944257	4
730539	0	437275	1
730539	0	437276	2
730539	0	4539974	2
730539	0	4605022	5
730539	0	4885113	0
730539	0	5428552	5
730539	0	6734967	4
730539	0	7129068	0
730539	0	7916064	5
730539	0	8276217	1
730539	0	8276218	5
730539	0	8276221	3
730539	0	8276222	2
730539	0	8276223	1
730539	0	8327959	3
730539	0	8577876	2
730539	0	8577877	5
730539	0	8577878	3
730539	0	8577879	2
730539	0	8577880	4
730539	0	8577882	1
768208	0	2056879	2
768208	0	2379474	4
768208	0	240435	3
768208	0	240436	2
768208	0	2968691	2
768208	0	2988811	1
768208	0	3171396	2
768208	0	3515882	4
768208	0	3515884	5
768208	0	3564080	2
768208	0	3710762	3
768208	0	37604	0
768208	0	4251602	3
768208	0	5025777	1
768208	0	5039567	2
768208	0	52154	5
768208	0	52155	5
768208	0	52156	4
768208	0	52157	5
768208	0	52158	5
768208	0	52159	4
768208	0	52160	5
768208	0	52161	4
768208	0	52162	4
768208	0	52163	5
768208	0	5222129	3
768208	0	581991	0
768208	0	6846418	1
768208	0	6944794	2
768208	0	7272040	3
768208	0	7272041	2
768208	0	7272045	2
768208	0	813102	5
768208	0	8170966	0
768208	0	8187702	0
768208	0	820489	1
768208	0	8525681	5
768208	0	8525683	5
768208	0	8615154	2
768208	0	8619622	1
768208	0	8802293	0
768208	0	955479	1
877809	0	1050327	5
877809	0	1335170	4
877809	0	1550610	5
877809	0	1550611	1
877809	0	1550613	5
877809	0	1821652	0
877809	0	2298374	2
877809	0	2515032	3
877809	0	2515036	3
877809	0	2640804	3
877809	0	3248714	1
877809	0	3328100	4
877809	0	35107	4
877809	0	35108	1
877809	0	35109	1
877809	0	35111	2
877809	0	35113	2
877809	0	35114	2
877809	0	35115	2
877809	0	3716286	5
877809	0	3879161	2
877809	0	3982277	2
877809	0	4402455	4
877809	0	4635482	2
877809	0	4888926	5
877809	0	4888929	5
877809	0	4888932	3
877809	0	5196143	5
877809	0	5196148	5
877809	0	5229370	0
877809	0	5850349	4
877809	0	5940393	2
877809	0	5940394	2
877809	0	6269999	1
877809	0	6704838	1
877809	0	6942008	0
877809	0	7040022	2
877809	0	7050366	5
877809	0	7346771	1
877809	0	788181	4
877809	0	7906970	3
877809	0	7906974	4
877809	0	7952694	5
877809	0	8165590	0
877809	0	8290072	0
877809	0	8659718	5
911232	0	1674264	2
911232	0	1847345	2
911232	0	1879470	4
911232	0	1879472	4
911232	0	1879474	2
911232	0	1879475	4
911232	0	2154975	2
911232	0	2428679	1
911232	0	2609560	0
911232	0	2921796	0
911232	0	2999924	3
911232	0	2999925	3
911232	0	2999926	1
911232	0	2999927	4
911232	0	2999928	2
911232	0	2999929	3
911232	0	2999930	4
911232	0	2999931	4
911232	0	2999932	2
911232	0	2999933	2
911232	0	3089566	0
911232	0	3113875	0
911232	0	337628	5
911232	0	3976215	0
911232	0	4517906	2
911232	0	4967291	4
911232	0	4967292	5
911232	0	4967294	5
911232	0	4967295	5
911232	0	4967296	1
911232	0	4967297	5
911232	0	4967298	1
911232	0	4967299	5
911232	0	6261251	2
911232	0	6261252	2
911232	0	6732192	1
911232	0	6732195	2
911232	0	6928649	5
911232	0	6928653	5
911232	0	6928655	5
911232	0	7231607	1
911232	0	7238675	3
911232	0	7532423	1
911232	0	8027890	2
911232	0	8534943	2
911232	0	8712510	0
911232	0	8816617	5
911232	0	8816618	3
911232	0	8816620	5
911232	0	8816621	1
911232	0	8816622	5
911232	0	8816623	4
911232	0	8816624	5
911232	0	8816626	3
914916	0	1027218	2
914916	0	1183903	5
914916	0	1183904	4
914916	0	1183905	1
914916	0	1194681	4
914916	0	1194685	5
914916	0	1501494	1
914916	0	1545740	5
914916	0	1545741	1
914916	0	1545742	2
914916	0	2001626	5
914916	0	2001628	5
914916	0	2200004	2
914916	0	2631739	5
914916	0	2631743	5
914916	0	2631747	5
914916	0	2754113	2
914916	0	2989234	2
914916	0	3057739	2
914916	0	3170839	0
914916	0	3253278	3
914916	0	3253279	4
914916	0	3530681	1
914916	0	3535611	2
914916	0	3573852	5
914916	0	3586559	2
914916	0	3763841	2
914916	0	4425460	2
914916	0	4482576	0
914916	0	4571857	1
914916	0	4854255	4
914916	0	4884201	2
914916	0	4955073	2
914916	0	4958358	1
914916	0	5039693	2
914916	0	5177082	4
914916	0	5363821	2
914916	0	5380650	5
914916	0	5439629	0
914916	0	5730352	2
914916	0	5730355	4
914916	0	5730356	5
914916	0	5730357	3
914916	0	5730358	0
914916	0	6042348	5
914916	0	6042350	5
914916	0	6071696	5
914916	0	6613409	1
914916	0	6818272	3
914916	0	6818273	5
914916	0	7040507	3
914916	0	7081903	0
914916	0	7240123	3
914916	0	7241370	0
914916	0	7798477	4
914916	0	7798479	4
914916	0	7798480	3
914916	0	8027657	0
914916	0	8129165	4
914916	0	8348854	1
914916	0	8520449	1
914916	0	8563840	2
914916	0	8689503	5
914916	0	8772516	3
914916	0	8772517	4
914916	0	8772518	2
914916	0	8772520	4
914916	0	8772521	1
914916	0	8772524	5
914916	0	8772525	1
938400	0	1571994	1
938400	0	2009152	0
938400	0	2071046	3
938400	0	2208294	0
938400	0	2371820	1
938400	0	2484350	1
938400	0	2532047	2
938400	0	2532049	5
938400	0	2659899	2
938400	0	2870509	2
938400	0	2870514	3
938400	0	2958099	1
938400	0	2958107	5
938400	0	2962205	2
938400	0	2962208	5
938400	0	2962212	5
938400	0	3088746	5
938400	0	3088747	5
938400	0	3088748	5
938400	0	3088751	1
938400	0	3088755	2
938400	0	3353755	3
938400	0	3353757	2
938400	0	3353759	2
938400	0	3353762	5
938400	0	3353763	2
938400	0	3353764	4
938400	0	3820294	4
938400	0	3820295	3
938400	0	3914686	5
938400	0	4207807	2
938400	0	47281	2
938400	0	47286	0
938400	0	47290	2
938400	0	4956057	5
938400	0	4956059	5
938400	0	4956060	1
938400	0	4956063	2
938400	0	4956064	5
938400	0	504473	4
938400	0	5061328	2
938400	0	6246560	1
938400	0	6246564	0
938400	0	6499450	1
938400	0	6501473	4
938400	0	6937213	3
938400	0	7004405	2
938400	0	7004406	5
938400	0	7239121	1
938400	0	7239123	0
938400	0	7313620	4
938400	0	7313626	4
938400	0	7396872	0
938400	0	7787197	4
938400	0	8309427	5
938400	0	8309433	4
938400	0	8678066	4
938400	0	8723838	3
940547	0	1493024	5
940547	0	2667345	2
940547	0	2667347	1
940547	0	2667353	2
940547	0	2814756	5
940547	0	3624263	4
940547	0	3706456	4
940547	0	4481817	0
940547	0	4664997	5
940547	0	4664999	0
940547	0	4665002	0
940547	0	4696640	1
940547	0	4800890	4
940547	0	4800891	0
940547	0	4864599	5
940547	0	506003	2
940547	0	5118373	5
940547	0	5118378	5
940547	0	5300647	3
940547	0	5300651	4
940547	0	5300654	5
940547	0	5831702	1
940547	0	5831703	2
940547	0	5831707	5
940547	0	5831708	3
940547	0	5831709	0
940547	0	5831711	2
940547	0	5951249	5
940547	0	61068	4
940547	0	61070	1
940547	0	61071	5
940547	0	6404591	0
940547	0	6656482	3
940547	0	6782541	2
940547	0	6782543	2
940547	0	6948118	2
940547	0	7259157	5
940547	0	7280582	1
940547	0	7280584	1
940547	0	7282174	3
940547	0	7282176	2
940547	0	7951561	4
940547	0	8219044	1
940547	0	8219052	1
940547	0	8219244	2
940547	0	8219248	3
940547	0	8219249	1
940547	0	8269679	5
940547	0	8269680	5
940547	0	837714	3
940547	0	8772071	5
940547	0	8772073	2
940547	0	8772074	2
940547	0	8772075	2
940547	0	8805005	4
940547	0	8805011	2
940547	0	964766	4
940547	0	964772	4
997622	0	2182282	1
997622	0	2467749	1
997622	0	3604711	5
997622	0	3767367	0
997622	0	406412	1
997622	0	406418	2
997622	0	4357743	2
997622	0	4518222	5
997622	0	4543861	5
997622	0	4543864	5
997622	0	4543865	2
997622	0	4543867	3
997622	0	4543869	4
997622	0	4558331	1
997622	0	4596839	2
997622	0	4643388	4
997622	0	4643389	4
997622	0	4643392	5
997622	0	4643394	2
997622	0	4643397	2
997622	0	4700298	1
997622	0	5430569	0
997622	0	5430574	0
997622	0	5719834	0
997622	0	72291	5
997622	0	73459	2
997622	0	73460	5
997622	0	73462	5
997622	0	73465	2
997622	0	8533348	4
997622	0	8684996	4
997622	0	8813537	3
997622	0	941632	3
