1037798	0	2157450	0
1037798	0	2157456	1
1037798	0	2258765	0
1037798	0	2360247	0
1037798	0	2360252	0
1037798	0	2781960	1
1037798	0	2781965	2
1037798	0	2781966	2
1037798	0	2787508	1
1037798	0	3167284	2
1037798	0	3387556	2
1037798	0	3620983	5
1037798	0	3620986	5
1037798	0	3620991	2
1037798	0	3641634	5
1037798	0	3641640	2
1037798	0	4055260	1
1037798	0	4095286	2
1037798	0	4114288	1
1037798	0	4182093	2
1037798	0	4227882	1
1037798	0	4291373	0
1037798	0	4468467	2
1037798	0	4788864	1
1037798	0	4818124	2
1037798	0	4818129	2
1037798	0	4974552	2
1037798	0	5006527	1
1037798	0	5438881	2
1037798	0	6060285	1
1037798	0	6792682	0
1037798	0	6792685	2
1037798	0	6963992	2
1037798	0	720665	2
1037798	0	7466652	2
1037798	0	7822415	5
1037798	0	7961603	2
1037798	0	7967207	2
1037798	0	8224670	2
1037798	0	8537479	2
1037798	0	8760864	1
1037798	0	8760865	2
1037798	0	8760866	5
1037798	0	8760867	2
1037798	0	8760868	2
1037798	0	8760870	2
1037798	0	8760871	5
1037798	0	8760873	1
1037798	0	8780802	0
1037798	0	994978	2
104861	0	1017092	1
104861	0	1046334	1
104861	0	1046339	1
104861	0	1055594	0
104861	0	1304632	1
104861	0	1313687	1
104861	0	1357961	0
104861	0	1442348	1
104861	0	146170	1
104861	0	146174	1
104861	0	1567102	1
104861	0	171927	1
104861	0	1773805	1
104861	0	1773807	1
104861	0	1811410	0
104861	0	1948963	1
104861	0	2158194	1
104861	0	2294849	1
104861	0	2377050	1
104861	0	2497738	0
104861	0	2600385	0
104861	0	2611066	1
104861	0	3443173	1
104861	0	3443176	1
104861	0	3925933	1
104861	0	4017854	1
104861	0	4017856	1
104861	0	4017858	0
104861	0	409268	1
104861	0	4199743	1
104861	0	4350439	0
104861	0	4583548	1
104861	0	459675	0
104861	0	459676	0
104861	0	4717134	0
104861	0	5138467	1
104861	0	5138469	0
104861	0	5138471	1
104861	0	5138472	1
104861	0	5138473	1
104861	0	5138474	0
104861	0	5138476	1
104861	0	5150431	0
104861	0	5248340	1
104861	0	5248341	1
104861	0	5405670	0
104861	0	5667475	1
104861	0	5688415	1
104861	0	5688416	1
104861	0	5688417	1
104861	0	5688418	1
104861	0	5688420	1
104861	0	5703400	1
104861	0	5703401	1
104861	0	5801822	1
104861	0	5836442	1
104861	0	5864689	0
104861	0	5864693	0
104861	0	599604	1
104861	0	6156641	0
104861	0	6187055	1
104861	0	629273	0
104861	0	629274	1
104861	0	629276	1
104861	0	629277	1
104861	0	629278	1
104861	0	6351571	1
104861	0	6467577	1
104861	0	6467580	1
104861	0	6467581	1
104861	0	6585554	1
104861	0	6653674	1
104861	0	6653676	1
104861	0	6653677	1
104861	0	6653678	1
104861	0	6653679	1
104861	0	6658615	0
104861	0	6704672	1
104861	0	6904992	1
104861	0	7034375	0
104861	0	715676	0
104861	0	7462393	0
104861	0	7506029	1
104861	0	8259116	1
104861	0	8260035	1
104861	0	8349574	1
104861	0	8495099	1
104861	0	8546158	1
104861	0	8546162	1
1063750	0	1074552	1
1063750	0	118643	1
1063750	0	12266	1
1063750	0	1747827	0
1063750	0	1866486	5
1063750	0	1923499	1
1063750	0	1923500	1
1063750	0	1923506	5
1063750	0	2220585	1
1063750	0	2230089	5
1063750	0	2230090	1
1063750	0	2391456	1
1063750	0	2391457	1
1063750	0	2470328	1
1063750	0	2496767	1
1063750	0	2516	0
1063750	0	2768117	5
1063750	0	2768123	5
1063750	0	2868845	0
1063750	0	2881841	0
1063750	0	2997653	0
1063750	0	3076179	1
1063750	0	309313	1
1063750	0	3259884	1
1063750	0	3259889	1
1063750	0	3259892	1
1063750	0	330159	1
1063750	0	330165	1
1063750	0	3327051	1
1063750	0	3610446	1
1063750	0	3654231	1
1063750	0	3973418	1
1063750	0	3973423	1
1063750	0	4158202	1
1063750	0	4164404	0
1063750	0	4329899	0
1063750	0	4337526	5
1063750	0	4337527	5
1063750	0	4337529	5
1063750	0	4337532	5
1063750	0	4349323	0
1063750	0	4414266	0
1063750	0	4718159	1
1063750	0	4718161	5
1063750	0	4788295	1
1063750	0	4788296	1
1063750	0	4788297	1
1063750	0	4788299	1
1063750	0	4823168	1
1063750	0	4823169	1
1063750	0	4834969	1
1063750	0	4834974	1
1063750	0	5123011	0
1063750	0	5442711	5
1063750	0	5442717	1
1063750	0	5956099	5
1063750	0	5956102	1
1063750	0	6093904	0
1063750	0	6127389	5
1063750	0	6347205	1
1063750	0	6436703	0
1063750	0	6666451	1
1063750	0	7146781	1
1063750	0	7571423	5
1063750	0	7571428	1
1063750	0	7778351	0
1063750	0	7778354	1
1063750	0	7781460	1
1063750	0	7837936	5
1063750	0	7837938	1
1063750	0	7952964	1
1063750	0	7952965	1
1063750	0	7952966	1
1063750	0	7952971	5
1063750	0	8170640	5
1063750	0	819283	1
1063750	0	819284	1
1063750	0	8239876	1
1063750	0	8239877	5
1063750	0	8384979	1
1063750	0	8640242	1
1063750	0	8670789	0
1063750	0	8722081	1
1063750	0	8821734	5
1063750	0	8821735	5
1103812	0	1214791	0
1103812	0	1583317	3
1103812	0	1614303	3
1103812	0	1659850	3
1103812	0	1659852	3
1103812	0	2332189	5
1103812	0	2703108	2
1103812	0	2703111	0
1103812	0	2750961	3
1103812	0	2750965	3
1103812	0	2790080	2
1103812	0	3591090	2
1103812	0	3672737	0
1103812	0	3672744	2
1103812	0	3843263	2
1103812	0	3843267	3
1103812	0	3843269	3
1103812	0	3940091	3
1103812	0	4044289	2
1103812	0	4292848	3
1103812	0	4401695	3
1103812	0	4455026	0
1103812	0	4679037	0
1103812	0	4679038	0
1103812	0	4824831	2
1103812	0	4937953	2
1103812	0	5190505	2
1103812	0	5823139	0
1103812	0	5974245	0
1103812	0	6289840	3
1103812	0	6569474	0
1103812	0	7430771	2
1103812	0	7753287	0
1103812	0	8157968	3
1103812	0	8220081	3
1103812	0	8220085	5
1103812	0	8220086	5
1103812	0	8220087	3
1103812	0	8220088	5
1103812	0	8220089	3
1103812	0	8224175	2
1103812	0	8224183	3
1103812	0	8293805	3
1103812	0	955560	0
1103812	0	961775	0
1106007	0	1334328	2
1106007	0	1334330	2
1106007	0	1334334	2
1106007	0	1334335	2
1106007	0	1334336	2
1106007	0	1530299	0
1106007	0	2143418	0
1106007	0	2384069	2
1106007	0	2464375	2
1106007	0	2621981	0
1106007	0	2672601	2
1106007	0	2672608	2
1106007	0	2777113	2
1106007	0	2960558	2
1106007	0	2960561	2
1106007	0	2960563	2
1106007	0	2960566	2
1106007	0	3390428	2
1106007	0	3537614	0
1106007	0	4173709	2
1106007	0	4173712	2
1106007	0	4382105	0
1106007	0	5174765	0
1106007	0	5279699	0
1106007	0	5774818	2
1106007	0	5780388	2
1106007	0	5836920	0
1106007	0	6126194	2
1106007	0	6126197	2
1106007	0	6209484	2
1106007	0	7211746	0
1106007	0	746358	2
1106007	0	765663	0
1106007	0	7685383	2
1106007	0	7685384	2
1106007	0	7685385	2
1106007	0	7685388	2
1106007	0	7726655	0
1106007	0	8199521	2
1106007	0	8204457	2
1106007	0	8521673	2
1110199	0	167604	0
1110199	0	1901876	1
1110199	0	1901877	1
1110199	0	1901878	5
1110199	0	1901879	1
1110199	0	1901881	1
1110199	0	1901882	5
1110199	0	2218462	0
1110199	0	239444	1
1110199	0	2474406	1
1110199	0	2796199	1
1110199	0	2796830	0
1110199	0	3647394	1
1110199	0	3838638	5
1110199	0	3838645	1
1110199	0	398442	0
1110199	0	4053652	1
1110199	0	4057232	0
1110199	0	4489656	1
1110199	0	4504233	1
1110199	0	4511137	5
1110199	0	4511144	1
1110199	0	4588784	1
1110199	0	4949578	0
1110199	0	5172684	1
1110199	0	5172688	1
1110199	0	5218014	1
1110199	0	554521	0
1110199	0	5857921	1
1110199	0	6368887	1
1110199	0	6368891	1
1110199	0	6392463	1
1110199	0	6392469	0
1110199	0	7174098	0
1110199	0	7221366	1
1110199	0	7369955	1
1110199	0	7628031	0
1110199	0	7680811	1
1110199	0	8160518	5
1110199	0	8160519	1
1110199	0	8160520	5
1110199	0	8160523	1
1110199	0	8160524	0
1110199	0	8160527	1
1110199	0	8301971	1
1112341	0	1267520	1
1112341	0	1369482	1
1112341	0	1373651	1
1112341	0	1450347	3
1112341	0	2096427	0
1112341	0	2096429	0
1112341	0	2253155	3
1112341	0	2626927	3
1112341	0	2663365	1
1112341	0	2694630	1
1112341	0	2694636	1
1112341	0	2694637	3
1112341	0	2735215	1
1112341	0	2735219	1
1112341	0	3118343	3
1112341	0	3493341	3
1112341	0	3795887	1
1112341	0	3795896	1
1112341	0	4022846	1
1112341	0	4022849	3
1112341	0	4416075	1
1112341	0	4703755	3
1112341	0	4977768	0
1112341	0	5043405	0
1112341	0	524251	1
1112341	0	550571	1
1112341	0	6016292	0
1112341	0	6102033	1
1112341	0	6164791	3
1112341	0	6311795	3
1112341	0	6311801	3
1112341	0	6342847	3
1112341	0	6478665	1
1112341	0	6681382	1
1112341	0	6726340	3
1112341	0	6726341	3
1112341	0	6726342	3
1112341	0	6726344	3
1112341	0	6726345	3
1112341	0	6726346	1
1112341	0	6740558	0
1112341	0	6903063	1
1112341	0	7079776	3
1112341	0	7079779	1
1112341	0	7242813	0
1112341	0	8139249	1
1112341	0	8139250	1
1112341	0	8139251	1
1112341	0	8139253	3
1112341	0	8139255	3
1112341	0	8139256	3
1112341	0	8139257	3
1112341	0	8139258	5
1112341	0	8326588	1
1112341	0	8337125	3
1112341	0	8337129	3
1112341	0	8442178	1
1112341	0	8606160	1
1112341	0	8606161	1
1112341	0	90432	0
1113437	0	1066532	1
1113437	0	1066538	1
1113437	0	1280568	3
1113437	0	1280569	1
1113437	0	1454814	3
1113437	0	1768727	3
1113437	0	2001933	3
1113437	0	2001934	3
1113437	0	2226349	3
1113437	0	2354940	1
1113437	0	2354941	1
1113437	0	2354947	3
1113437	0	2595628	0
1113437	0	2884191	1
1113437	0	3125154	3
1113437	0	3518300	0
1113437	0	3880944	3
1113437	0	4016930	1
1113437	0	4016937	1
1113437	0	4367832	3
1113437	0	4473156	3
1113437	0	4473157	3
1113437	0	4498864	3
1113437	0	4498867	1
1113437	0	4751835	3
1113437	0	4751839	1
1113437	0	4981632	0
1113437	0	5188746	0
1113437	0	5188747	1
1113437	0	520325	0
1113437	0	5328098	3
1113437	0	5346404	3
1113437	0	5514586	3
1113437	0	5546288	3
1113437	0	5546289	1
1113437	0	5938418	1
1113437	0	5938425	3
1113437	0	5996691	1
1113437	0	5996693	1
1113437	0	6021898	1
1113437	0	6021902	3
1113437	0	6174328	3
1113437	0	6302495	0
1113437	0	631949	3
1113437	0	6455610	1
1113437	0	6486041	0
1113437	0	6593846	1
1113437	0	6597538	0
1113437	0	7377275	0
1113437	0	7377277	3
1113437	0	7385219	1
1113437	0	7385222	1
1113437	0	742037	3
1113437	0	742040	3
1113437	0	742044	3
1113437	0	7618564	0
1113437	0	8128790	3
1113437	0	8128793	1
1113437	0	8128794	3
1113437	0	8128796	3
1113437	0	8128798	1
1113437	0	8162984	1
1113437	0	8729219	3
1114646	0	1884059	1
1114646	0	2201127	1
1114646	0	2647994	4
1114646	0	266552	1
1114646	0	2911039	1
1114646	0	2911040	1
1114646	0	2931848	0
1114646	0	3056368	1
1114646	0	4332918	1
1114646	0	444374	4
1114646	0	444375	0
1114646	0	444377	1
1114646	0	444380	4
1114646	0	444382	0
1114646	0	5279567	4
1114646	0	5417949	1
1114646	0	5417952	4
1114646	0	5417953	4
1114646	0	5417954	4
1114646	0	5569142	1
1114646	0	5640859	4
1114646	0	579554	1
1114646	0	5959593	4
1114646	0	6704400	4
1114646	0	6704401	1
1114646	0	6711103	1
1114646	0	687064	4
1114646	0	7196961	1
1114646	0	771368	1
1114646	0	7984234	1
1114646	0	8117087	1
1114646	0	8117089	4
1114646	0	8117090	4
1114646	0	8117091	4
1114646	0	8117092	1
1114646	0	8117093	0
1114646	0	8117094	1
1114646	0	8117096	4
1114646	0	8665820	1
1115776	0	1551024	0
1115776	0	1729576	0
1115776	0	2052730	0
1115776	0	2364285	3
1115776	0	3081626	0
1115776	0	3344355	3
1115776	0	3469357	3
1115776	0	4131485	0
1115776	0	4314169	3
1115776	0	4314170	3
1115776	0	4314171	0
1115776	0	4314172	3
1115776	0	4314173	3
1115776	0	4314174	3
1115776	0	4314175	3
1115776	0	4314176	3
1115776	0	4314178	0
1115776	0	4487937	0
1115776	0	5264931	3
1115776	0	5599692	3
1115776	0	5605159	0
1115776	0	5950738	0
1115776	0	600966	0
1115776	0	6989198	0
1115776	0	8106317	3
1115776	0	8106318	0
1115776	0	8106320	3
1115776	0	8106321	3
1115776	0	8106322	0
1115776	0	8106323	0
1115776	0	8106324	0
1115776	0	8495250	0
1115776	0	8673352	0
1117099	0	1068642	0
1117099	0	1123496	0
1117099	0	1389420	3
1117099	0	1445087	0
1117099	0	1798612	3
1117099	0	1798620	3
1117099	0	2715359	0
1117099	0	3104260	0
1117099	0	3349612	3
1117099	0	3522902	2
1117099	0	3543106	3
1117099	0	4131489	0
1117099	0	4441325	2
1117099	0	4458509	3
1117099	0	4458512	3
1117099	0	4573811	2
1117099	0	514314	0
1117099	0	5286535	2
1117099	0	5286538	3
1117099	0	5286539	3
1117099	0	6122720	3
1117099	0	6122721	2
1117099	0	6122722	3
1117099	0	6122723	3
1117099	0	6534818	2
1117099	0	6993942	2
1117099	0	714808	3
1117099	0	7163733	0
1117099	0	7407593	0
1117099	0	8019446	0
1117099	0	8093931	2
1117099	0	8093932	3
1117099	0	8093934	3
1117099	0	8446501	3
1117099	0	8446504	2
1117099	0	8446505	3
1117099	0	8446506	2
1117099	0	8838111	2
1121402	0	182366	2
1121402	0	182368	5
1121402	0	182369	5
1121402	0	182370	0
1121402	0	182372	5
1121402	0	182373	0
1121402	0	188211	1
1121402	0	188213	2
1121402	0	188214	1
1121402	0	188217	1
1121402	0	188218	1
1121402	0	3511789	2
1121402	0	3785308	2
1121402	0	3785309	1
1121402	0	4293064	0
1121402	0	5189913	2
1121402	0	7125980	2
1121402	0	7125981	5
1121402	0	7125983	2
1121402	0	7125987	2
1121402	0	7142994	2
1121402	0	8052617	2
1121402	0	8052620	5
1121402	0	8052621	2
1121402	0	8052622	2
1121402	0	8052623	2
1121402	0	8052624	2
1121402	0	8089444	2
1121709	0	1112487	0
1121709	0	1114393	0
1121709	0	1392360	0
1121709	0	1640511	0
1121709	0	16845	0
1121709	0	2051808	0
1121709	0	2517708	0
1121709	0	2615981	4
1121709	0	2662730	0
1121709	0	2851223	0
1121709	0	3030903	0
1121709	0	3064096	0
1121709	0	3381112	4
1121709	0	3423059	5
1121709	0	3423060	4
1121709	0	3423061	5
1121709	0	3423062	5
1121709	0	3423063	4
1121709	0	3423064	5
1121709	0	3423065	4
1121709	0	3423066	0
1121709	0	3423067	5
1121709	0	3446958	0
1121709	0	3552218	0
1121709	0	3691568	0
1121709	0	3833130	0
1121709	0	3875032	0
1121709	0	402054	0
1121709	0	4580131	0
1121709	0	4580133	0
1121709	0	4644464	0
1121709	0	4836900	4
1121709	0	5014378	0
1121709	0	511306	0
1121709	0	5264299	0
1121709	0	6007524	0
1121709	0	6600	4
1121709	0	6630430	0
1121709	0	669004	0
1121709	0	701349	0
1121709	0	7209949	0
1121709	0	7565881	4
1121709	0	8049577	5
1121709	0	8049578	5
1121709	0	8049579	4
1121709	0	8049580	4
1121709	0	8049582	4
1121709	0	8049583	5
1121709	0	8049584	4
1121709	0	8049585	4
1121709	0	8049586	4
1121709	0	8283424	0
1121709	0	8297863	0
1121709	0	8500135	0
1121709	0	862855	0
1121709	0	88402	0
1121709	0	950984	0
1124210	0	131190	4
1124210	0	1383617	0
1124210	0	1383624	0
1124210	0	1689639	4
1124210	0	1702009	0
1124210	0	181177	2
1124210	0	2070515	4
1124210	0	2089544	2
1124210	0	2258591	4
1124210	0	2258592	4
1124210	0	2258593	2
1124210	0	2258594	4
1124210	0	2258595	2
1124210	0	2258596	2
1124210	0	2258597	4
1124210	0	2433601	2
1124210	0	2433604	2
1124210	0	2461683	2
1124210	0	2494574	4
1124210	0	2494577	2
1124210	0	2650269	2
1124210	0	2685123	4
1124210	0	2728448	4
1124210	0	2753148	4
1124210	0	3162331	2
1124210	0	3289568	4
1124210	0	3466956	4
1124210	0	3517427	2
1124210	0	3520550	0
1124210	0	3520553	0
1124210	0	3546600	0
1124210	0	3573857	0
1124210	0	3680798	0
1124210	0	3680800	0
1124210	0	3680801	0
1124210	0	3680802	0
1124210	0	3859923	0
1124210	0	3937735	0
1124210	0	3944481	0
1124210	0	4074146	0
1124210	0	4074149	2
1124210	0	4425464	0
1124210	0	4648414	2
1124210	0	475041	0
1124210	0	4794725	0
1124210	0	4942992	2
1124210	0	4957842	0
1124210	0	4958358	2
1124210	0	5032711	4
1124210	0	5039696	2
1124210	0	5056100	0
1124210	0	5281846	0
1124210	0	546158	0
1124210	0	555792	2
1124210	0	5587711	2
1124210	0	5664148	4
1124210	0	5940134	0
1124210	0	5941717	4
1124210	0	607910	2
1124210	0	6146809	4
1124210	0	6233255	2
1124210	0	6255796	4
1124210	0	6498977	2
1124210	0	6541864	2
1124210	0	6541868	4
1124210	0	6814012	0
1124210	0	6814015	0
1124210	0	6814017	2
1124210	0	6992534	0
1124210	0	7203360	4
1124210	0	7205919	0
1124210	0	7205920	0
1124210	0	7224102	4
1124210	0	7234570	0
1124210	0	7278463	0
1124210	0	7443583	4
1124210	0	7443586	4
1124210	0	7695217	2
1124210	0	7756779	0
1124210	0	7806221	4
1124210	0	7806222	4
1124210	0	7851118	0
1124210	0	8026735	2
1124210	0	8026737	4
1124210	0	8026740	2
1124210	0	8026743	4
1124210	0	8087702	4
1124210	0	8355477	2
1124210	0	8492305	2
1124210	0	8547690	4
1124210	0	8650642	2
1124210	0	8802909	4
1124210	0	92049	2
1124210	0	931165	4
1129237	0	128982	3
1129237	0	128984	3
1129237	0	128989	3
1129237	0	1721142	0
1129237	0	2152821	1
1129237	0	2697746	1
1129237	0	2697752	3
1129237	0	3131122	3
1129237	0	3683096	1
1129237	0	3905055	1
1129237	0	3905057	3
1129237	0	3905802	3
1129237	0	4254811	3
1129237	0	4254815	3
1129237	0	4254816	1
1129237	0	4884964	1
1129237	0	5619502	1
1129237	0	5627214	3
1129237	0	5906130	3
1129237	0	6080460	1
1129237	0	6343520	1
1129237	0	7874566	0
1129237	0	7911557	3
1129237	0	806652	1
1129237	0	8203445	0
1129237	0	8450766	1
1129237	0	8588122	3
1129237	0	8588219	1
1129237	0	8588222	0
1129237	0	8588226	0
1129237	0	8588227	1
1129237	0	8682824	3
1129237	0	998748	1
1129237	0	998751	3
1133167	0	1379370	1
1133167	0	1824479	1
1133167	0	1824480	1
1133167	0	1824484	0
1133167	0	1824485	1
1133167	0	1824486	1
1133167	0	1824488	1
1133167	0	1883272	1
1133167	0	1883273	1
1133167	0	1883281	1
1133167	0	190803	1
1133167	0	190804	1
1133167	0	190806	1
1133167	0	190809	1
1133167	0	2010281	1
1133167	0	2276678	1
1133167	0	3023120	1
1133167	0	3023123	1
1133167	0	3074599	1
1133167	0	3355083	0
1133167	0	3421898	1
1133167	0	3421900	1
1133167	0	3421903	1
1133167	0	3421906	1
1133167	0	3953805	1
1133167	0	434120	1
1133167	0	434121	1
1133167	0	434124	1
1133167	0	434125	1
1133167	0	4443370	0
1133167	0	4443375	1
1133167	0	4498474	1
1133167	0	4498479	1
1133167	0	4550240	1
1133167	0	4550244	1
1133167	0	4712273	1
1133167	0	4712279	0
1133167	0	4922619	1
1133167	0	4926197	1
1133167	0	4926204	1
1133167	0	4973626	1
1133167	0	563738	0
1133167	0	5674622	1
1133167	0	5674623	0
1133167	0	5787117	0
1133167	0	6112586	1
1133167	0	6112587	1
1133167	0	6112590	1
1133167	0	6112592	1
1133167	0	6257038	1
1133167	0	6467518	1
1133167	0	6467522	0
1133167	0	6467523	1
1133167	0	6467524	1
1133167	0	7093509	1
1133167	0	7218012	1
1133167	0	7793408	1
1133167	0	7793409	1
1133167	0	8033644	0
1133167	0	8033645	1
1133167	0	8033650	1
1133167	0	8160224	1
1133167	0	8160230	0
1133167	0	8160241	1
1133167	0	8160243	1
1133167	0	823274	1
1133167	0	823275	1
1133167	0	8255705	1
1133167	0	8255706	1
130510	0	1110766	2
130510	0	1494930	2
130510	0	1494932	2
130510	0	1494934	3
130510	0	1494935	2
130510	0	1494936	3
130510	0	1494938	3
130510	0	1494939	3
130510	0	1972336	0
130510	0	203718	3
130510	0	2982053	3
130510	0	3155839	0
130510	0	3913773	1
130510	0	3913778	1
130510	0	4722583	1
130510	0	5148418	0
130510	0	5732822	1
130510	0	6835270	2
130510	0	7125238	0
130510	0	7125239	2
130510	0	7125241	3
130510	0	7501557	3
130510	0	7501558	3
130510	0	7501563	2
130510	0	799647	3
130510	0	8354778	1
130510	0	8612902	3
130510	0	8612903	3
130510	0	8612904	2
130510	0	8612905	2
130510	0	8612906	3
130510	0	8612909	3
130510	0	8612910	3
130510	0	996732	2
130510	0	996740	2
131843	0	2041693	3
131843	0	31718	0
131843	0	3432705	0
131843	0	348760	0
131843	0	3841396	3
131843	0	3937054	0
131843	0	4136087	0
131843	0	4338356	2
131843	0	4806979	2
131843	0	5715075	0
131843	0	6121785	0
131843	0	6629203	0
131843	0	6863389	0
131843	0	8305151	3
131843	0	8305152	5
131843	0	8305153	5
131843	0	8305154	5
131843	0	8305155	5
131843	0	8305156	5
131843	0	8305158	5
131843	0	8456964	0
131843	0	8456965	0
131843	0	8456967	0
131843	0	8456970	0
131843	0	8710812	2
131843	0	8710813	2
131843	0	935618	0
131843	0	935619	0
131843	0	935621	0
131843	0	935626	0
131843	0	985988	3
131843	0	985989	3
131843	0	985990	3
131843	0	985991	3
131843	0	985992	3
131843	0	985994	5
131843	0	985995	2
146187	0	2226093	0
146187	0	3615731	0
146187	0	4214925	0
146187	0	4741857	1
146187	0	4777144	4
146187	0	6015025	1
146187	0	6015026	0
146187	0	6430258	0
146187	0	744165	1
146187	0	744167	1
146187	0	76348	1
146187	0	8434617	1
146187	0	8434618	1
146187	0	8434619	4
146187	0	8434620	1
146187	0	8434621	4
146187	0	8434622	1
146187	0	8434623	4
146187	0	8434624	4
146187	0	8434625	4
146187	0	8434626	4
148538	0	1299824	0
148538	0	1311206	0
148538	0	1311209	0
148538	0	1384447	3
148538	0	1384448	3
148538	0	1828171	0
148538	0	1950974	0
148538	0	1950976	0
148538	0	1950979	0
148538	0	1950983	3
148538	0	1969519	0
148538	0	1969521	3
148538	0	1985491	3
148538	0	2033800	0
148538	0	208314	0
148538	0	231453	3
148538	0	231455	3
148538	0	2455774	3
148538	0	2455775	0
148538	0	2915327	0
148538	0	332400	0
148538	0	332401	0
148538	0	3353306	0
148538	0	3557943	0
148538	0	3918785	0
148538	0	398535	3
148538	0	4185812	0
148538	0	4264129	0
148538	0	4447598	0
148538	0	4447601	3
148538	0	4539654	3
148538	0	4539657	0
148538	0	4607263	3
148538	0	4959638	3
148538	0	5077704	0
148538	0	5077707	0
148538	0	5077709	0
148538	0	5171603	0
148538	0	615407	0
148538	0	6697437	0
148538	0	6846343	3
148538	0	6894608	0
148538	0	7407803	3
148538	0	7407812	0
148538	0	8283527	0
148538	0	8283530	3
148538	0	8283531	3
148538	0	8283532	3
148538	0	985488	0
148538	0	985490	3
148538	0	985491	3
148538	0	985494	3
156493	0	1034435	0
156493	0	1171595	0
156493	0	1277723	1
156493	0	1277725	1
156493	0	1277727	1
156493	0	1960255	1
156493	0	1960257	1
156493	0	1960259	1
156493	0	1960260	1
156493	0	2259183	1
156493	0	2317807	1
156493	0	2411918	1
156493	0	2598786	0
156493	0	2598787	0
156493	0	2612490	0
156493	0	2612491	1
156493	0	2612492	1
156493	0	2612493	1
156493	0	2717163	1
156493	0	2928702	1
156493	0	2928707	1
156493	0	2949801	1
156493	0	2949802	1
156493	0	3288595	1
156493	0	3288596	1
156493	0	3288597	1
156493	0	3288598	1
156493	0	3288600	1
156493	0	3288601	1
156493	0	3288603	1
156493	0	349638	1
156493	0	3603920	1
156493	0	4527706	0
156493	0	4583221	1
156493	0	5479187	0
156493	0	5530082	0
156493	0	6139382	1
156493	0	6139386	1
156493	0	6524746	1
156493	0	6775071	1
156493	0	7371077	1
156493	0	8182159	1
156493	0	8182160	1
156493	0	8182161	1
156493	0	8182162	1
156493	0	8182165	1
156493	0	8182166	1
156493	0	8273017	1
156493	0	8273019	1
156493	0	8393766	0
156493	0	8820526	1
156493	0	885944	1
156493	0	911790	0
156493	0	95512	1
156493	0	95514	1
156493	0	95517	0
156493	0	95518	1
156493	0	95521	1
168216	0	1183706	2
168216	0	1301465	2
168216	0	1301466	0
168216	0	1301467	2
168216	0	1301469	2
168216	0	1301471	2
168216	0	1301472	2
168216	0	1301474	2
168216	0	13499	0
168216	0	1381477	2
168216	0	1735358	0
168216	0	1735360	2
168216	0	1924796	2
168216	0	1924800	0
168216	0	2036279	2
168216	0	2069992	2
168216	0	2210775	2
168216	0	2210780	2
168216	0	2265769	0
168216	0	2659074	0
168216	0	2790904	2
168216	0	2806307	0
168216	0	290826	0
168216	0	3174840	0
168216	0	3198687	2
168216	0	3198689	2
168216	0	3344828	2
168216	0	3344837	0
168216	0	3399713	2
168216	0	3681095	2
168216	0	3830857	2
168216	0	3908773	2
168216	0	3908774	2
168216	0	3908776	2
168216	0	3908777	2
168216	0	4191395	2
168216	0	4324492	0
168216	0	4600607	0
168216	0	5024307	2
168216	0	5935476	2
168216	0	6061718	2
168216	0	6061722	2
168216	0	6213322	2
168216	0	6213325	2
168216	0	6264731	2
168216	0	6264733	2
168216	0	6282561	2
168216	0	6426632	2
168216	0	6426634	2
168216	0	6584042	0
168216	0	7337513	2
168216	0	7492753	0
168216	0	8185131	2
168216	0	8185135	2
168216	0	8185137	2
168216	0	8252763	0
168216	0	8639633	2
168216	0	8723467	2
168216	0	8731617	2
168216	0	8731621	2
168216	0	8731622	2
168216	0	8731623	2
168216	0	8731624	0
182539	0	1307235	4
182539	0	1638687	4
182539	0	1638689	0
182539	0	1638690	0
182539	0	1654895	0
182539	0	2092202	0
182539	0	2165968	0
182539	0	2909959	0
182539	0	2909960	0
182539	0	2909961	4
182539	0	3293878	0
182539	0	330179	0
182539	0	3389569	0
182539	0	3760957	0
182539	0	3883077	4
182539	0	3883081	4
182539	0	4448399	0
182539	0	4487755	0
182539	0	5567729	0
182539	0	5567732	0
182539	0	57443	4
182539	0	57444	0
182539	0	57447	4
182539	0	57448	0
182539	0	57449	0
182539	0	57452	0
182539	0	6097108	0
182539	0	6282909	0
182539	0	6783449	0
182539	0	6807900	0
182539	0	6816571	0
182539	0	6816572	0
182539	0	6816573	0
182539	0	6816576	0
182539	0	6980965	0
182539	0	7050579	4
182539	0	721170	0
182539	0	7371255	4
182539	0	7371257	0
182539	0	7371259	4
182539	0	7371261	0
182539	0	7371262	0
182539	0	7408022	0
182539	0	7527837	0
182539	0	7583024	0
182539	0	762792	0
182539	0	7690609	4
182539	0	7807063	0
182539	0	7883763	0
182539	0	8299659	4
182539	0	8299660	0
182539	0	8299668	0
182539	0	8515182	4
182539	0	8598792	0
182539	0	8757178	4
182539	0	8757179	0
182539	0	8757180	4
182539	0	8757181	4
182539	0	8757182	0
183378	0	1289489	1
183378	0	1289490	1
183378	0	1289492	1
183378	0	1289496	1
183378	0	1289497	1
183378	0	2089154	0
183378	0	2493332	1
183378	0	2533260	0
183378	0	3093215	1
183378	0	3185611	1
183378	0	4493914	1
183378	0	4493915	1
183378	0	4493916	1
183378	0	4493920	1
183378	0	4493921	1
183378	0	4803847	1
183378	0	4803848	1
183378	0	4803850	0
183378	0	4856305	0
183378	0	5534703	1
183378	0	5534707	1
183378	0	5534711	1
183378	0	5817927	1
183378	0	7398706	1
183378	0	7449744	1
183378	0	7449748	1
183378	0	7449752	1
183378	0	7677975	1
183378	0	7952865	0
183378	0	8121380	0
183378	0	8570256	1
183378	0	8570257	1
183378	0	8570258	1
183378	0	8577215	0
183378	0	8794302	0
183378	0	8794304	1
183378	0	8794308	0
19335	0	1143050	5
19335	0	1389478	0
19335	0	1389479	0
19335	0	1469573	1
19335	0	161606	1
19335	0	1717015	1
19335	0	1720387	1
19335	0	1720388	0
19335	0	1720389	1
19335	0	1720393	1
19335	0	1720394	1
19335	0	1720395	1
19335	0	1726	0
19335	0	1729	0
19335	0	1915754	0
19335	0	2020519	1
19335	0	2046505	1
19335	0	211275	1
19335	0	2250973	1
19335	0	2304005	1
19335	0	2437769	1
19335	0	2874497	1
19335	0	2874503	1
19335	0	3045567	1
19335	0	3175481	1
19335	0	3175484	1
19335	0	342431	1
19335	0	354219	0
19335	0	3615077	1
19335	0	3615079	0
19335	0	429851	1
19335	0	4480942	1
19335	0	4480943	0
19335	0	4480945	1
19335	0	478232	1
19335	0	4843828	1
19335	0	5078863	0
19335	0	527690	0
19335	0	527692	1
19335	0	527695	0
19335	0	527697	0
19335	0	5508122	0
19335	0	5732401	1
19335	0	584350	1
19335	0	6124004	1
19335	0	6294314	1
19335	0	6452949	1
19335	0	6510257	1
19335	0	6512137	1
19335	0	6512144	5
19335	0	6773977	0
19335	0	6902386	1
19335	0	6999135	0
19335	0	7042455	1
19335	0	7050803	1
19335	0	7122355	5
19335	0	7235457	1
19335	0	7267248	0
19335	0	7460273	1
19335	0	772225	1
19335	0	772234	1
19335	0	7856992	1
19335	0	8061829	1
19335	0	8151642	1
19335	0	8151650	1
19335	0	819168	1
19335	0	8412681	1
19335	0	8412682	1
19335	0	8412683	1
19335	0	8412684	1
19335	0	8412685	1
19335	0	8412687	1
19335	0	8635981	1
19335	0	8635984	1
19335	0	8786632	1
19335	0	93557	1
207786	0	1029962	1
207786	0	1392579	1
207786	0	1392585	5
207786	0	1667536	1
207786	0	2051020	1
207786	0	2763917	1
207786	0	2998723	1
207786	0	4218707	1
207786	0	4613065	1
207786	0	5175109	0
207786	0	6031630	1
207786	0	7510472	5
207786	0	7599318	1
207786	0	7639366	1
207786	0	7941579	5
207786	0	8185064	0
207786	0	8273754	1
207786	0	8273755	1
207786	0	8273757	1
207786	0	8273758	5
207786	0	8273759	1
207786	0	8273760	1
207786	0	8273761	5
207786	0	8273762	5
207786	0	8273763	1
207786	0	8367880	0
264014	0	1610706	1
264014	0	1610707	1
264014	0	1610711	0
264014	0	1610712	0
264014	0	1804644	1
264014	0	2223171	0
264014	0	2474346	1
264014	0	2572557	1
264014	0	2688537	0
264014	0	3338825	1
264014	0	3338827	1
264014	0	3338828	0
264014	0	3372501	1
264014	0	3396076	1
264014	0	3666584	0
264014	0	4239616	0
264014	0	447992	1
264014	0	4647186	1
264014	0	4687213	1
264014	0	4834547	1
264014	0	4834548	1
264014	0	528372	1
264014	0	528380	1
264014	0	5328095	1
264014	0	5611210	1
264014	0	5611219	1
264014	0	5635521	0
264014	0	5950718	1
264014	0	5950719	1
264014	0	5950721	1
264014	0	5950722	1
264014	0	5950723	1
264014	0	5950726	1
264014	0	6105566	1
264014	0	6105572	1
264014	0	6555322	1
264014	0	6641238	1
264014	0	6791760	1
264014	0	684616	1
264014	0	7326934	1
264014	0	8012101	1
264014	0	935825	1
264014	0	96851	1
264014	0	96852	0
264014	0	96854	1
264014	0	96855	1
264014	0	96857	1
264014	0	96858	1
359349	0	1394087	1
359349	0	15800	0
359349	0	1830517	1
359349	0	2293820	1
359349	0	2826510	1
359349	0	2826512	1
359349	0	3193824	1
359349	0	3223831	1
359349	0	3223833	1
359349	0	3900185	1
359349	0	4013723	1
359349	0	4020470	1
359349	0	4020477	1
359349	0	4463573	0
359349	0	457673	1
359349	0	5219977	0
359349	0	5615181	1
359349	0	576628	1
359349	0	576629	1
359349	0	6108721	1
359349	0	68647	1
359349	0	68648	1
359349	0	68649	1
359349	0	68653	1
359349	0	8058873	1
359349	0	943229	1
405717	0	1589738	0
405717	0	1849743	0
405717	0	1984962	0
405717	0	2125641	0
405717	0	2365659	0
405717	0	2365660	0
405717	0	2365661	0
405717	0	2365664	0
405717	0	2365665	0
405717	0	2514107	0
405717	0	2642838	0
405717	0	2702419	0
405717	0	2702423	0
405717	0	273851	0
405717	0	2747484	0
405717	0	2747485	0
405717	0	2747488	5
405717	0	2747492	0
405717	0	2879960	0
405717	0	3033900	0
405717	0	3274915	0
405717	0	3274918	0
405717	0	3803378	0
405717	0	3986303	0
405717	0	4432155	0
405717	0	4704973	0
405717	0	4704975	0
405717	0	4704978	0
405717	0	4828118	5
405717	0	5079482	0
405717	0	5274649	0
405717	0	5428443	0
405717	0	5638740	0
405717	0	576346	0
405717	0	6426483	0
405717	0	6442862	0
405717	0	6654653	0
405717	0	6654655	0
405717	0	6678050	0
405717	0	702391	0
405717	0	7170626	0
405717	0	7170630	5
405717	0	7288990	0
405717	0	7288996	0
405717	0	7447941	0
405717	0	7447943	0
405717	0	758582	0
405717	0	758586	0
405717	0	7728831	0
405717	0	7896211	0
405717	0	7965240	0
405717	0	8156519	0
405717	0	8433852	0
405717	0	8433854	5
405717	0	8433858	0
443396	0	1055834	2
443396	0	1305463	1
443396	0	1360104	0
443396	0	1465664	2
443396	0	1465667	2
443396	0	1525423	0
443396	0	1843486	0
443396	0	1852807	2
443396	0	1852813	1
443396	0	2007121	1
443396	0	2138579	1
443396	0	2143845	2
443396	0	2143847	2
443396	0	2143849	1
443396	0	215693	2
443396	0	2373504	2
443396	0	2490482	2
443396	0	2490486	2
443396	0	3007982	2
443396	0	3103988	2
443396	0	3103995	2
443396	0	3118073	0
443396	0	3256974	2
443396	0	3299623	2
443396	0	3323246	1
443396	0	3440850	2
443396	0	3526411	1
443396	0	355277	2
443396	0	3599520	2
443396	0	3617225	2
443396	0	368001	1
443396	0	3721948	2
443396	0	4041361	5
443396	0	4052112	2
443396	0	4052116	2
443396	0	4052118	2
443396	0	4052120	2
443396	0	415545	0
443396	0	4205261	1
443396	0	4205264	2
443396	0	4236355	2
443396	0	4271045	0
443396	0	4511531	1
443396	0	4526741	2
443396	0	4526744	2
443396	0	4526747	2
443396	0	453706	2
443396	0	456708	2
443396	0	456710	2
443396	0	458179	1
443396	0	4638554	5
443396	0	4676619	1
443396	0	4774806	2
443396	0	4792649	1
443396	0	4792650	2
443396	0	4792652	2
443396	0	4792653	0
443396	0	4792654	2
443396	0	4792655	1
443396	0	483935	0
443396	0	4896251	1
443396	0	4935430	2
443396	0	5048838	2
443396	0	5048839	2
443396	0	5053511	2
443396	0	5065439	0
443396	0	5644797	1
443396	0	6953654	2
443396	0	6974032	1
443396	0	7251120	2
443396	0	7422742	2
443396	0	7620278	0
443396	0	7620279	1
443396	0	8079039	2
443396	0	8079040	1
443396	0	8079043	2
443396	0	8079046	2
443396	0	8171402	2
443396	0	8188606	1
443396	0	8329279	1
443396	0	8348187	1
443396	0	8536118	5
443396	0	8536121	2
443396	0	8536122	2
443396	0	8536123	2
443396	0	8793491	2
451602	0	1094138	5
451602	0	127537	0
451602	0	1277289	1
451602	0	1277290	1
451602	0	1277293	1
451602	0	1302756	1
451602	0	1314129	1
451602	0	1626653	0
451602	0	1897982	1
451602	0	2176450	1
451602	0	2176453	1
451602	0	2176454	1
451602	0	2176455	1
451602	0	2176458	1
451602	0	2176459	1
451602	0	2244882	0
451602	0	2312864	1
451602	0	2618829	1
451602	0	2922145	0
451602	0	3090666	0
451602	0	3177691	5
451602	0	3177699	1
451602	0	3790251	1
451602	0	4176454	0
451602	0	4345752	1
451602	0	4453605	1
451602	0	4453608	1
451602	0	4874640	1
451602	0	4874641	1
451602	0	5000376	1
451602	0	5179251	5
451602	0	5475308	1
451602	0	5538936	1
451602	0	5538937	1
451602	0	5538938	1
451602	0	5538942	1
451602	0	5655693	1
451602	0	6286975	1
451602	0	6286977	1
451602	0	6286980	1
451602	0	6286981	1
451602	0	654120	1
451602	0	6719255	0
451602	0	7800959	5
451602	0	7804169	1
451602	0	7804170	1
451602	0	8019873	0
451602	0	8033470	0
451602	0	8214452	1
451602	0	8383461	1
451602	0	8390518	1
451602	0	8390525	1
451602	0	8540470	1
451602	0	8540473	1
451602	0	8621776	1
451602	0	8621784	1
451602	0	8787234	1
451602	0	998695	0
47923	0	1681332	2
47923	0	1681334	2
47923	0	1681336	2
47923	0	1681338	0
47923	0	1681339	2
47923	0	1868437	0
47923	0	3348834	0
47923	0	3348838	0
47923	0	3986046	0
47923	0	4297620	2
47923	0	473809	2
47923	0	5032362	2
47923	0	5147527	0
47923	0	5417580	0
47923	0	5417582	2
47923	0	618556	0
47923	0	6191	0
47923	0	6241147	2
47923	0	6241148	2
47923	0	6241150	2
47923	0	6241151	2
47923	0	6241152	2
47923	0	6241153	2
47923	0	6241154	2
47923	0	6643066	2
47923	0	6919836	2
47923	0	8348762	2
47923	0	8418681	2
47923	0	8418683	2
47923	0	8418686	2
47923	0	8641104	2
47923	0	8641106	2
47923	0	8641107	2
47923	0	913042	2
47923	0	986177	2
489204	0	1038489	0
489204	0	1051492	0
489204	0	1051494	0
489204	0	1051498	0
489204	0	113238	0
489204	0	1225589	0
489204	0	1225591	0
489204	0	1228655	0
489204	0	1231677	0
489204	0	1276947	5
489204	0	1310106	0
489204	0	1310107	0
489204	0	1310108	0
489204	0	1360627	0
489204	0	136257	0
489204	0	1430550	0
489204	0	1479542	0
489204	0	152948	0
489204	0	152954	0
489204	0	1538587	0
489204	0	1759354	0
489204	0	1777014	0
489204	0	1778458	0
489204	0	185678	0
489204	0	1950269	0
489204	0	2053095	0
489204	0	2163701	0
489204	0	216490	0
489204	0	216492	0
489204	0	2268651	0
489204	0	2268652	0
489204	0	2268657	0
489204	0	3438216	0
489204	0	35919	0
489204	0	3623668	0
489204	0	3728445	0
489204	0	385083	0
489204	0	3980126	0
489204	0	4088951	0
489204	0	4387756	0
489204	0	4586570	0
489204	0	46493	0
489204	0	4890939	0
489204	0	4917998	0
489204	0	4918005	0
489204	0	4927308	0
489204	0	5005765	0
489204	0	533017	0
489204	0	5519177	0
489204	0	5541650	0
489204	0	5583224	0
489204	0	5629373	0
489204	0	5815957	0
489204	0	5842847	0
489204	0	5842850	0
489204	0	5895917	0
489204	0	6084785	0
489204	0	6087666	0
489204	0	6087671	0
489204	0	6327174	0
489204	0	6327175	0
489204	0	6327177	0
489204	0	6327181	0
489204	0	6343845	0
489204	0	6536367	0
489204	0	6542578	0
489204	0	6581771	0
489204	0	6652052	0
489204	0	6665319	0
489204	0	678245	0
489204	0	6816322	0
489204	0	6894988	0
489204	0	7113153	0
489204	0	7116533	0
489204	0	753265	0
489204	0	7564977	0
489204	0	7564980	0
489204	0	7923800	0
489204	0	8054792	0
489204	0	8376905	0
489204	0	8376910	0
489204	0	8463820	5
489204	0	8463823	5
489204	0	852250	0
489204	0	852257	0
489204	0	855963	0
489204	0	855972	0
489204	0	8585816	0
489204	0	8594271	0
489204	0	8594272	0
489204	0	8594280	0
489204	0	872467	0
489204	0	872470	0
489204	0	8737051	0
489204	0	8737053	0
489204	0	8781574	0
489204	0	8781577	0
489204	0	890797	0
489204	0	973923	0
490595	0	1160847	2
490595	0	1288938	0
490595	0	1652460	2
490595	0	1929910	2
490595	0	1929911	0
490595	0	3572695	0
490595	0	3833407	0
490595	0	3937196	0
490595	0	3937197	2
490595	0	3937200	0
490595	0	3937203	2
490595	0	4082315	0
490595	0	4737059	2
490595	0	4737060	2
490595	0	4737061	2
490595	0	4737063	2
490595	0	4737064	2
490595	0	4737065	2
490595	0	4737066	2
490595	0	4737067	0
490595	0	4842889	2
490595	0	4842890	2
490595	0	4842891	2
490595	0	4842897	0
490595	0	5112294	0
490595	0	5247992	2
490595	0	5247999	2
490595	0	549465	2
490595	0	6045591	0
490595	0	6066626	0
490595	0	6742119	2
490595	0	7839904	0
490595	0	7839906	2
490595	0	805046	2
490595	0	805048	2
490595	0	805051	2
490595	0	8485139	2
490595	0	8485141	2
490595	0	903932	0
527433	0	1187918	3
527433	0	1217016	3
527433	0	1251475	0
527433	0	1379236	3
527433	0	1379237	0
527433	0	1379240	3
527433	0	1379245	3
527433	0	1511548	3
527433	0	1664518	3
527433	0	1664523	3
527433	0	1993691	0
527433	0	1993699	0
527433	0	2045580	3
527433	0	2331989	0
527433	0	2496224	0
527433	0	2565413	0
527433	0	269422	0
527433	0	269423	0
527433	0	269425	0
527433	0	269426	0
527433	0	269428	0
527433	0	269430	0
527433	0	2722036	0
527433	0	3093197	3
527433	0	3294599	3
527433	0	3425595	3
527433	0	3786813	0
527433	0	3835729	3
527433	0	3835731	3
527433	0	3835732	3
527433	0	3835736	0
527433	0	4046876	3
527433	0	4064455	3
527433	0	4351170	0
527433	0	4402992	0
527433	0	467601	3
527433	0	4903731	0
527433	0	4958697	0
527433	0	5466807	3
527433	0	5466810	3
527433	0	547444	3
527433	0	5603301	0
527433	0	5629888	0
527433	0	5672164	0
527433	0	5672170	3
527433	0	5690943	0
527433	0	6015377	0
527433	0	6038397	0
527433	0	6065675	3
527433	0	6186391	0
527433	0	6186393	3
527433	0	6215001	3
527433	0	6215002	0
527433	0	6398041	3
527433	0	6667279	0
527433	0	729489	3
527433	0	7357591	3
527433	0	7607669	3
527433	0	7799466	3
527433	0	8306449	0
527433	0	8306450	3
527433	0	8306451	0
527433	0	8322920	0
527433	0	8617271	5
527433	0	8617273	0
527433	0	8617274	0
527433	0	8617276	0
527433	0	8827925	3
527433	0	8827928	3
527433	0	975967	3
573724	0	1165129	1
573724	0	1509940	1
573724	0	1509942	1
573724	0	162151	1
573724	0	1816038	1
573724	0	2133806	1
573724	0	2417985	0
573724	0	2635262	1
573724	0	3146236	1
573724	0	3146238	0
573724	0	3365631	1
573724	0	3365633	0
573724	0	3365636	1
573724	0	3365638	1
573724	0	394136	1
573724	0	394139	1
573724	0	394142	1
573724	0	4017883	0
573724	0	5047796	1
573724	0	5310530	1
573724	0	5339620	1
573724	0	5721829	1
573724	0	6776717	1
573724	0	7104825	1
573724	0	7104826	1
573724	0	7199669	1
573724	0	7199673	1
573724	0	7384325	0
573724	0	7384332	0
573724	0	7609927	1
573724	0	7674859	1
573724	0	8441642	1
573724	0	87405	1
573724	0	8833192	1
573724	0	8833194	1
833860	0	115142	2
833860	0	1400521	0
833860	0	1524402	0
833860	0	1524406	0
833860	0	1579406	0
833860	0	1889863	2
833860	0	2022688	2
833860	0	2188108	0
833860	0	2206194	2
833860	0	2206195	2
833860	0	2206196	2
833860	0	2206197	2
833860	0	2206198	2
833860	0	2206200	2
833860	0	2386361	2
833860	0	2654110	0
833860	0	2702357	2
833860	0	3087481	2
833860	0	3337877	0
833860	0	3421947	2
833860	0	3437281	5
833860	0	3437284	2
833860	0	3437285	2
833860	0	3437286	2
833860	0	3437288	2
833860	0	3437289	2
833860	0	3437290	2
833860	0	3924121	0
833860	0	4086002	0
833860	0	4431446	2
833860	0	4565899	0
833860	0	4881965	2
833860	0	4983652	0
833860	0	5012386	2
833860	0	5167510	2
833860	0	5167512	2
833860	0	5167513	2
833860	0	5167518	2
833860	0	5652528	0
833860	0	5832657	2
833860	0	6209174	0
833860	0	6211801	2
833860	0	6218032	2
833860	0	6230220	2
833860	0	6230221	2
833860	0	6230222	2
833860	0	6230223	2
833860	0	6230225	2
833860	0	6230226	2
833860	0	6230227	2
833860	0	6230228	2
833860	0	6230229	2
833860	0	6297606	0
833860	0	6621549	0
833860	0	6875877	2
833860	0	7038170	2
833860	0	7140183	0
833860	0	7435480	0
833860	0	756921	2
833860	0	7706738	2
833860	0	771855	2
833860	0	8344031	2
833860	0	8683095	0
833860	0	8833502	2
833860	0	8833504	2
833860	0	8833506	2
833860	0	8833509	2
855410	0	103039	5
855410	0	1047903	0
855410	0	1094091	4
855410	0	1147809	0
855410	0	1147810	0
855410	0	1147811	0
855410	0	1186979	4
855410	0	133350	0
855410	0	1394855	5
855410	0	1441918	0
855410	0	1599285	0
855410	0	1685597	0
855410	0	1824277	4
855410	0	1824278	0
855410	0	1947769	5
855410	0	2117094	0
855410	0	212609	0
855410	0	2273664	0
855410	0	2350118	0
855410	0	2402680	0
855410	0	2499355	4
855410	0	2506511	0
855410	0	2890365	5
855410	0	2969826	0
855410	0	3530756	5
855410	0	3530757	5
855410	0	3530758	5
855410	0	3530762	5
855410	0	369516	0
855410	0	3723410	0
855410	0	3723411	0
855410	0	3723413	0
855410	0	3723415	0
855410	0	3920974	0
855410	0	3946561	0
855410	0	4084193	0
855410	0	4406031	0
855410	0	4616842	4
855410	0	4636144	0
855410	0	4708041	5
855410	0	4708042	0
855410	0	4708045	4
855410	0	4708046	5
855410	0	4708047	5
855410	0	4733967	0
855410	0	4980050	5
855410	0	5053555	0
855410	0	5053561	0
855410	0	5095701	4
855410	0	5095702	4
855410	0	5239970	0
855410	0	5465915	0
855410	0	5608554	0
855410	0	5723210	0
855410	0	5799774	0
855410	0	5962462	0
855410	0	6257436	4
855410	0	6385718	0
855410	0	6385724	0
855410	0	6481239	5
855410	0	6481240	0
855410	0	6522121	0
855410	0	6615899	0
855410	0	6647485	0
855410	0	681984	0
855410	0	681987	0
855410	0	681993	0
855410	0	7031506	4
855410	0	7099015	0
855410	0	71807	0
855410	0	7210777	0
855410	0	722968	0
855410	0	7340395	4
855410	0	7380061	0
855410	0	7548527	0
855410	0	7747483	0
855410	0	8157623	0
855410	0	8157624	0
855410	0	8157632	0
855410	0	8271172	0
855410	0	8543392	0
855410	0	862689	0
855410	0	862695	0
855410	0	8645167	0
855410	0	8651770	5
855410	0	8651771	5
855410	0	8651772	4
855410	0	8651773	5
855410	0	8651775	5
855410	0	8651776	4
855410	0	8651778	4
855410	0	8663507	0
855410	0	8671032	0
855410	0	8671033	0
855410	0	8720966	5
855410	0	8776516	0
855410	0	8776519	0
855410	0	8776520	0
855410	0	8792394	0
855410	0	884430	0
855410	0	889438	4
855410	0	902854	0
855410	0	936546	0
855410	0	944479	0
87181	0	1179100	1
87181	0	123547	1
87181	0	1950526	3
87181	0	1950532	3
87181	0	2530227	1
87181	0	2986227	1
87181	0	3216315	1
87181	0	3216319	1
87181	0	4190143	0
87181	0	4689523	3
87181	0	4689525	1
87181	0	47210	0
87181	0	4786305	1
87181	0	5103077	1
87181	0	5197130	0
87181	0	5197135	1
87181	0	5469038	3
87181	0	5497677	3
87181	0	6484575	3
87181	0	6484576	3
87181	0	6484578	1
87181	0	6521366	3
87181	0	6685092	3
87181	0	742425	3
87181	0	7666831	0
87181	0	8151926	1
87181	0	8332546	3
87181	0	8332547	3
87181	0	8332550	1
87181	0	8332555	1
87181	0	8499367	1
87181	0	8534129	3
87181	0	8534130	3
87181	0	8534134	3
87181	0	8565420	1
87181	0	8683178	1
87181	0	8683185	3
87452	0	1395625	0
87452	0	1395631	0
87452	0	1598547	0
87452	0	1749882	0
87452	0	186931	0
87452	0	186939	0
87452	0	2624886	0
87452	0	3242437	0
87452	0	4008486	0
87452	0	4634899	0
87452	0	4866237	0
87452	0	4872055	0
87452	0	4993648	0
87452	0	5180105	0
87452	0	5286924	0
87452	0	5296736	0
87452	0	5751686	0
87452	0	5851090	0
87452	0	5851095	0
87452	0	6018160	0
87452	0	6018162	0
87452	0	6018163	0
87452	0	6018164	0
87452	0	6018165	0
87452	0	6018166	0
87452	0	6018168	0
87452	0	7843984	0
87452	0	7965004	0
87452	0	7965005	0
87452	0	7965007	0
87452	0	7965008	0
87452	0	7965010	0
87452	0	8055167	0
87452	0	8152220	0
87452	0	8152222	0
87452	0	8213478	0
87452	0	8333912	0
87452	0	8333916	0
87452	0	8333917	0
87452	0	8333918	0
87452	0	8333919	0
87452	0	8333920	0
87452	0	8333921	0
87452	0	8436571	0
87452	0	8436578	0
87452	0	8436579	0
87452	0	861789	0
87452	0	8680815	0
87452	0	8819111	0
87452	0	8819112	5
87452	0	8819113	0
87452	0	8819116	0
915593	0	1396701	0
915593	0	1772930	0
915593	0	1972028	0
915593	0	2210592	0
915593	0	2210593	0
915593	0	275726	0
915593	0	2923496	0
915593	0	2923497	0
915593	0	3485338	0
915593	0	3523599	0
915593	0	3538160	5
915593	0	3538161	0
915593	0	3538163	0
915593	0	3538164	0
915593	0	3538166	0
915593	0	3538168	0
915593	0	4566816	0
915593	0	4566818	0
915593	0	4566819	0
915593	0	4566822	0
915593	0	4834226	0
915593	0	4998398	0
915593	0	5774009	0
915593	0	5931262	5
915593	0	5931266	0
915593	0	5931268	0
915593	0	5931269	0
915593	0	6181638	0
915593	0	6761341	0
915593	0	6761344	0
915593	0	6923052	0
915593	0	7709320	0
915593	0	7861749	0
915593	0	7861755	0
915593	0	8002855	0
915593	0	8029524	0
915593	0	8029525	0
915593	0	8029527	0
915593	0	8029531	0
915593	0	8029533	0
915593	0	8103065	0
915593	0	8103067	0
915593	0	8178996	0
915593	0	8178998	0
915593	0	82105	0
915593	0	82106	0
915593	0	82107	5
915593	0	82108	0
915593	0	82110	0
915593	0	82113	0
915593	0	8402969	0
915593	0	8402970	0
915593	0	8402971	5
915593	0	8402972	0
915593	0	8455304	0
962179	0	1645080	2
962179	0	1645086	1
962179	0	1645087	2
962179	0	2329697	2
962179	0	2329699	4
962179	0	2329701	2
962179	0	2978864	4
962179	0	2978866	4
962179	0	2978870	2
962179	0	302861	1
962179	0	3705165	4
962179	0	3896632	2
962179	0	4257873	1
962179	0	4309122	0
962179	0	4511499	4
962179	0	4511501	0
962179	0	4511503	2
962179	0	4511504	0
962179	0	4606386	4
962179	0	4606387	2
962179	0	534563	2
962179	0	536176	4
962179	0	5427063	1
962179	0	5653652	0
962179	0	5653659	4
962179	0	5773189	0
962179	0	5919340	2
962179	0	5919342	2
962179	0	6675259	2
962179	0	6898289	4
962179	0	6980697	2
962179	0	8689054	0
962179	0	8689056	0
962179	0	8689057	0
962179	0	8785367	2
962179	0	8785369	2
962179	0	8785371	4
962179	0	8785374	2
