1037798	0	2157450	0
1037798	0	2157456	1
1037798	0	2258765	0
1037798	0	2360247	0
1037798	0	2360252	0
1037798	0	2781960	1
1037798	0	2781965	2
1037798	0	2781966	2
1037798	0	2787508	1
1037798	0	3167284	2
1037798	0	3387556	2
1037798	0	3620983	3
1037798	0	3620986	3
1037798	0	3620991	2
1037798	0	3641634	3
1037798	0	3641640	2
1037798	0	4055260	1
1037798	0	4095286	2
1037798	0	4114288	1
1037798	0	4182093	2
1037798	0	4227882	1
1037798	0	4291373	0
1037798	0	4468467	2
1037798	0	4788864	1
1037798	0	4818124	2
1037798	0	4818129	2
1037798	0	4974552	2
1037798	0	5006527	1
1037798	0	5438881	2
1037798	0	6060285	1
1037798	0	6792682	0
1037798	0	6792685	2
1037798	0	6963992	2
1037798	0	720665	2
1037798	0	7466652	2
1037798	0	7822415	3
1037798	0	7961603	2
1037798	0	7967207	2
1037798	0	8224670	2
1037798	0	8537479	2
1037798	0	8760864	1
1037798	0	8760865	2
1037798	0	8760866	3
1037798	0	8760867	2
1037798	0	8760868	2
1037798	0	8760870	2
1037798	0	8760871	3
1037798	0	8760873	1
1037798	0	8780802	0
1037798	0	994978	2
104861	0	1017092	3
104861	0	1046334	3
104861	0	1046339	3
104861	0	1055594	2
104861	0	1304632	3
104861	0	1313687	3
104861	0	1357961	2
104861	0	1442348	3
104861	0	146170	3
104861	0	146174	3
104861	0	1567102	3
104861	0	171927	3
104861	0	1773805	3
104861	0	1773807	3
104861	0	1811410	2
104861	0	1948963	3
104861	0	2158194	3
104861	0	2294849	3
104861	0	2377050	3
104861	0	2497738	2
104861	0	2600385	1
104861	0	2611066	3
104861	0	3443173	3
104861	0	3443176	3
104861	0	3925933	3
104861	0	4017854	3
104861	0	4017856	3
104861	0	4017858	2
104861	0	409268	3
104861	0	4199743	3
104861	0	4350439	2
104861	0	4583548	3
104861	0	459675	2
104861	0	459676	2
104861	0	4717134	2
104861	0	5138467	3
104861	0	5138469	2
104861	0	5138471	3
104861	0	5138472	3
104861	0	5138473	3
104861	0	5138474	2
104861	0	5138476	3
104861	0	5150431	2
104861	0	5248340	3
104861	0	5248341	3
104861	0	5405670	2
104861	0	5667475	3
104861	0	5688415	3
104861	0	5688416	3
104861	0	5688417	3
104861	0	5688418	3
104861	0	5688420	3
104861	0	5703400	3
104861	0	5703401	3
104861	0	5801822	3
104861	0	5836442	3
104861	0	5864689	2
104861	0	5864693	2
104861	0	599604	3
104861	0	6156641	1
104861	0	6187055	3
104861	0	629273	2
104861	0	629274	3
104861	0	629276	3
104861	0	629277	3
104861	0	629278	3
104861	0	6351571	3
104861	0	6467577	3
104861	0	6467580	3
104861	0	6467581	3
104861	0	6585554	3
104861	0	6653674	3
104861	0	6653676	3
104861	0	6653677	3
104861	0	6653678	3
104861	0	6653679	3
104861	0	6658615	2
104861	0	6704672	3
104861	0	6904992	3
104861	0	7034375	2
104861	0	715676	2
104861	0	7462393	2
104861	0	7506029	3
104861	0	8259116	3
104861	0	8260035	3
104861	0	8349574	3
104861	0	8495099	3
104861	0	8546158	3
104861	0	8546162	3
1063750	0	1074552	2
1063750	0	118643	2
1063750	0	12266	2
1063750	0	1747827	0
1063750	0	1866486	3
1063750	0	1923499	2
1063750	0	1923500	2
1063750	0	1923506	3
1063750	0	2220585	2
1063750	0	2230089	3
1063750	0	2230090	2
1063750	0	2391456	2
1063750	0	2391457	2
1063750	0	2470328	2
1063750	0	2496767	2
1063750	0	2516	0
1063750	0	2768117	3
1063750	0	2768123	3
1063750	0	2868845	0
1063750	0	2881841	0
1063750	0	2997653	0
1063750	0	3076179	2
1063750	0	309313	2
1063750	0	3259884	2
1063750	0	3259889	2
1063750	0	3259892	2
1063750	0	330159	2
1063750	0	330165	2
1063750	0	3327051	2
1063750	0	3610446	2
1063750	0	3654231	2
1063750	0	3973418	2
1063750	0	3973423	2
1063750	0	4158202	2
1063750	0	4164404	0
1063750	0	4329899	0
1063750	0	4337526	3
1063750	0	4337527	3
1063750	0	4337529	3
1063750	0	4337532	3
1063750	0	4349323	0
1063750	0	4414266	0
1063750	0	4718159	2
1063750	0	4718161	3
1063750	0	4788295	2
1063750	0	4788296	1
1063750	0	4788297	1
1063750	0	4788299	1
1063750	0	4823168	1
1063750	0	4823169	1
1063750	0	4834969	2
1063750	0	4834974	2
1063750	0	5123011	0
1063750	0	5442711	3
1063750	0	5442717	1
1063750	0	5956099	3
1063750	0	5956102	2
1063750	0	6093904	0
1063750	0	6127389	3
1063750	0	6347205	2
1063750	0	6436703	0
1063750	0	6666451	1
1063750	0	7146781	2
1063750	0	7571423	3
1063750	0	7571428	2
1063750	0	7778351	0
1063750	0	7778354	2
1063750	0	7781460	2
1063750	0	7837936	3
1063750	0	7837938	2
1063750	0	7952964	2
1063750	0	7952965	2
1063750	0	7952966	2
1063750	0	7952971	3
1063750	0	8170640	3
1063750	0	819283	2
1063750	0	819284	2
1063750	0	8239876	2
1063750	0	8239877	3
1063750	0	8384979	2
1063750	0	8640242	2
1063750	0	8670789	0
1063750	0	8722081	2
1063750	0	8821734	3
1063750	0	8821735	3
1103812	0	1214791	0
1103812	0	1583317	2
1103812	0	1614303	2
1103812	0	1659850	2
1103812	0	1659852	2
1103812	0	2332189	3
1103812	0	2703108	1
1103812	0	2703111	0
1103812	0	2750961	2
1103812	0	2750965	2
1103812	0	2790080	1
1103812	0	3591090	1
1103812	0	3672737	0
1103812	0	3672744	1
1103812	0	3843263	1
1103812	0	3843267	2
1103812	0	3843269	2
1103812	0	3940091	2
1103812	0	4044289	1
1103812	0	4292848	2
1103812	0	4401695	2
1103812	0	4455026	0
1103812	0	4679037	0
1103812	0	4679038	0
1103812	0	4824831	1
1103812	0	4937953	1
1103812	0	5190505	1
1103812	0	5823139	0
1103812	0	5974245	0
1103812	0	6289840	2
1103812	0	6569474	0
1103812	0	7430771	1
1103812	0	7753287	0
1103812	0	8157968	2
1103812	0	8220081	2
1103812	0	8220085	3
1103812	0	8220086	3
1103812	0	8220087	2
1103812	0	8220088	3
1103812	0	8220089	2
1103812	0	8224175	1
1103812	0	8224183	2
1103812	0	8293805	2
1103812	0	955560	0
1103812	0	961775	0
1106007	0	1334328	3
1106007	0	1334330	3
1106007	0	1334334	3
1106007	0	1334335	3
1106007	0	1334336	3
1106007	0	1530299	2
1106007	0	2143418	2
1106007	0	2384069	3
1106007	0	2464375	3
1106007	0	2621981	2
1106007	0	2672601	3
1106007	0	2672608	3
1106007	0	2777113	3
1106007	0	2960558	3
1106007	0	2960561	3
1106007	0	2960563	3
1106007	0	2960566	3
1106007	0	3390428	3
1106007	0	3537614	1
1106007	0	4173709	3
1106007	0	4173712	3
1106007	0	4382105	1
1106007	0	5174765	2
1106007	0	5279699	2
1106007	0	5774818	3
1106007	0	5780388	3
1106007	0	5836920	2
1106007	0	6126194	3
1106007	0	6126197	3
1106007	0	6209484	3
1106007	0	7211746	2
1106007	0	746358	3
1106007	0	765663	2
1106007	0	7685383	3
1106007	0	7685384	3
1106007	0	7685385	3
1106007	0	7685388	3
1106007	0	7726655	2
1106007	0	8199521	3
1106007	0	8204457	3
1106007	0	8521673	3
1110199	0	167604	1
1110199	0	1901876	2
1110199	0	1901877	2
1110199	0	1901878	3
1110199	0	1901879	2
1110199	0	1901881	2
1110199	0	1901882	3
1110199	0	2218462	1
1110199	0	239444	2
1110199	0	2474406	2
1110199	0	2796199	2
1110199	0	2796830	1
1110199	0	3647394	2
1110199	0	3838638	3
1110199	0	3838645	2
1110199	0	398442	1
1110199	0	4053652	2
1110199	0	4057232	1
1110199	0	4489656	2
1110199	0	4504233	2
1110199	0	4511137	3
1110199	0	4511144	2
1110199	0	4588784	2
1110199	0	4949578	1
1110199	0	5172684	2
1110199	0	5172688	2
1110199	0	5218014	2
1110199	0	554521	0
1110199	0	5857921	2
1110199	0	6368887	2
1110199	0	6368891	2
1110199	0	6392463	2
1110199	0	6392469	1
1110199	0	7174098	1
1110199	0	7221366	2
1110199	0	7369955	2
1110199	0	7628031	1
1110199	0	7680811	2
1110199	0	8160518	3
1110199	0	8160519	2
1110199	0	8160520	3
1110199	0	8160523	2
1110199	0	8160524	1
1110199	0	8160527	2
1110199	0	8301971	2
1112341	0	1267520	1
1112341	0	1369482	1
1112341	0	1373651	1
1112341	0	1450347	2
1112341	0	2096427	0
1112341	0	2096429	0
1112341	0	2253155	2
1112341	0	2626927	2
1112341	0	2663365	1
1112341	0	2694630	1
1112341	0	2694636	1
1112341	0	2694637	2
1112341	0	2735215	1
1112341	0	2735219	1
1112341	0	3118343	2
1112341	0	3493341	2
1112341	0	3795887	1
1112341	0	3795896	1
1112341	0	4022846	1
1112341	0	4022849	2
1112341	0	4416075	1
1112341	0	4703755	2
1112341	0	4977768	0
1112341	0	5043405	0
1112341	0	524251	1
1112341	0	550571	1
1112341	0	6016292	0
1112341	0	6102033	1
1112341	0	6164791	2
1112341	0	6311795	2
1112341	0	6311801	2
1112341	0	6342847	2
1112341	0	6478665	1
1112341	0	6681382	1
1112341	0	6726340	2
1112341	0	6726341	2
1112341	0	6726342	2
1112341	0	6726344	2
1112341	0	6726345	2
1112341	0	6726346	1
1112341	0	6740558	0
1112341	0	6903063	1
1112341	0	7079776	2
1112341	0	7079779	1
1112341	0	7242813	0
1112341	0	8139249	1
1112341	0	8139250	1
1112341	0	8139251	1
1112341	0	8139253	2
1112341	0	8139255	2
1112341	0	8139256	2
1112341	0	8139257	2
1112341	0	8139258	3
1112341	0	8326588	1
1112341	0	8337125	2
1112341	0	8337129	2
1112341	0	8442178	1
1112341	0	8606160	1
1112341	0	8606161	1
1112341	0	90432	0
1113437	0	1066532	2
1113437	0	1066538	2
1113437	0	1280568	3
1113437	0	1280569	2
1113437	0	1454814	3
1113437	0	1768727	3
1113437	0	2001933	3
1113437	0	2001934	3
1113437	0	2226349	3
1113437	0	2354940	2
1113437	0	2354941	2
1113437	0	2354947	3
1113437	0	2595628	1
1113437	0	2884191	2
1113437	0	3125154	3
1113437	0	3518300	1
1113437	0	3880944	3
1113437	0	4016930	2
1113437	0	4016937	2
1113437	0	4367832	3
1113437	0	4473156	3
1113437	0	4473157	3
1113437	0	4498864	3
1113437	0	4498867	2
1113437	0	4751835	3
1113437	0	4751839	2
1113437	0	4981632	1
1113437	0	5188746	1
1113437	0	5188747	2
1113437	0	520325	1
1113437	0	5328098	3
1113437	0	5346404	3
1113437	0	5514586	3
1113437	0	5546288	3
1113437	0	5546289	2
1113437	0	5938418	2
1113437	0	5938425	3
1113437	0	5996691	2
1113437	0	5996693	2
1113437	0	6021898	2
1113437	0	6021902	3
1113437	0	6174328	3
1113437	0	6302495	1
1113437	0	631949	3
1113437	0	6455610	2
1113437	0	6486041	1
1113437	0	6593846	2
1113437	0	6597538	1
1113437	0	7377275	1
1113437	0	7377277	3
1113437	0	7385219	2
1113437	0	7385222	2
1113437	0	742037	3
1113437	0	742040	3
1113437	0	742044	3
1113437	0	7618564	0
1113437	0	8128790	3
1113437	0	8128793	2
1113437	0	8128794	3
1113437	0	8128796	3
1113437	0	8128798	2
1113437	0	8162984	2
1113437	0	8729219	3
1114646	0	1884059	2
1114646	0	2201127	2
1114646	0	2647994	3
1114646	0	266552	2
1114646	0	2911039	2
1114646	0	2911040	2
1114646	0	2931848	0
1114646	0	3056368	2
1114646	0	4332918	2
1114646	0	444374	3
1114646	0	444375	1
1114646	0	444377	2
1114646	0	444380	3
1114646	0	444382	0
1114646	0	5279567	3
1114646	0	5417949	2
1114646	0	5417952	3
1114646	0	5417953	3
1114646	0	5417954	3
1114646	0	5569142	2
1114646	0	5640859	3
1114646	0	579554	2
1114646	0	5959593	3
1114646	0	6704400	3
1114646	0	6704401	2
1114646	0	6711103	2
1114646	0	687064	3
1114646	0	7196961	2
1114646	0	771368	2
1114646	0	7984234	2
1114646	0	8117087	2
1114646	0	8117089	3
1114646	0	8117090	3
1114646	0	8117091	3
1114646	0	8117092	2
1114646	0	8117093	1
1114646	0	8117094	2
1114646	0	8117096	3
1114646	0	8665820	2
1114819	0	1248112	3
1114819	0	1302004	3
1114819	0	1315993	3
1114819	0	1315994	3
1114819	0	1315995	3
1114819	0	1315996	3
1114819	0	1315998	3
1114819	0	1625836	3
1114819	0	1724520	3
1114819	0	1724525	3
1114819	0	1724528	2
1114819	0	1738242	3
1114819	0	1738250	3
1114819	0	2136434	3
1114819	0	344350	3
1114819	0	3484458	3
1114819	0	3781418	3
1114819	0	3906954	3
1114819	0	3906959	3
1114819	0	4890560	3
1114819	0	5165249	3
1114819	0	534362	3
1114819	0	5521371	3
1114819	0	5521373	3
1114819	0	5628952	3
1114819	0	6900766	3
1114819	0	6900774	3
1114819	0	6941478	3
1114819	0	694737	3
1114819	0	785027	3
1114819	0	8022276	3
1114819	0	8022277	1
1114819	0	8022280	3
1114819	0	8115435	3
1114819	0	8115439	3
1114819	0	8115440	3
1114819	0	8336229	3
1114819	0	8336230	3
1114819	0	8508263	3
1114819	0	8625086	3
1114819	0	8754397	3
1114819	0	8754398	3
1114819	0	8754404	2
1114819	0	988370	3
1114819	0	988373	3
1114819	0	988376	3
1115776	0	1551024	0
1115776	0	1729576	1
1115776	0	2052730	1
1115776	0	2364285	2
1115776	0	3081626	1
1115776	0	3344355	2
1115776	0	3469357	2
1115776	0	4131485	1
1115776	0	4314169	2
1115776	0	4314170	2
1115776	0	4314171	1
1115776	0	4314172	2
1115776	0	4314173	2
1115776	0	4314174	2
1115776	0	4314175	2
1115776	0	4314176	2
1115776	0	4314178	1
1115776	0	4487937	1
1115776	0	5264931	2
1115776	0	5599692	2
1115776	0	5605159	1
1115776	0	5950738	1
1115776	0	600966	0
1115776	0	6989198	1
1115776	0	8106317	2
1115776	0	8106318	1
1115776	0	8106320	2
1115776	0	8106321	2
1115776	0	8106322	1
1115776	0	8106323	0
1115776	0	8106324	1
1115776	0	8495250	1
1115776	0	8673352	1
1117099	0	1068642	0
1117099	0	1123496	0
1117099	0	1389420	3
1117099	0	1445087	0
1117099	0	1798612	3
1117099	0	1798620	3
1117099	0	2715359	0
1117099	0	3104260	0
1117099	0	3349612	3
1117099	0	3522902	1
1117099	0	3543106	3
1117099	0	4131489	0
1117099	0	4441325	2
1117099	0	4458509	3
1117099	0	4458512	3
1117099	0	4573811	2
1117099	0	514314	0
1117099	0	5286535	2
1117099	0	5286538	3
1117099	0	5286539	3
1117099	0	6122720	3
1117099	0	6122721	2
1117099	0	6122722	3
1117099	0	6122723	3
1117099	0	6534818	2
1117099	0	6993942	2
1117099	0	714808	3
1117099	0	7163733	0
1117099	0	7407593	0
1117099	0	8019446	0
1117099	0	8093931	2
1117099	0	8093932	3
1117099	0	8093934	3
1117099	0	8446501	3
1117099	0	8446504	2
1117099	0	8446505	3
1117099	0	8446506	2
1117099	0	8838111	2
1121402	0	182366	2
1121402	0	182368	3
1121402	0	182369	3
1121402	0	182370	0
1121402	0	182372	3
1121402	0	182373	0
1121402	0	188211	1
1121402	0	188213	2
1121402	0	188214	1
1121402	0	188217	1
1121402	0	188218	1
1121402	0	3511789	2
1121402	0	3785308	2
1121402	0	3785309	1
1121402	0	4293064	0
1121402	0	5189913	2
1121402	0	7125980	2
1121402	0	7125981	3
1121402	0	7125983	2
1121402	0	7125987	2
1121402	0	7142994	2
1121402	0	8052617	2
1121402	0	8052620	3
1121402	0	8052621	2
1121402	0	8052622	2
1121402	0	8052623	2
1121402	0	8052624	2
1121402	0	8089444	2
1121709	0	1112487	0
1121709	0	1114393	0
1121709	0	1392360	0
1121709	0	1640511	0
1121709	0	16845	0
1121709	0	2051808	0
1121709	0	2517708	0
1121709	0	2615981	1
1121709	0	2662730	0
1121709	0	2851223	0
1121709	0	3030903	0
1121709	0	3064096	0
1121709	0	3381112	1
1121709	0	3423059	3
1121709	0	3423060	2
1121709	0	3423061	3
1121709	0	3423062	3
1121709	0	3423063	2
1121709	0	3423064	3
1121709	0	3423065	2
1121709	0	3423066	0
1121709	0	3423067	3
1121709	0	3446958	0
1121709	0	3552218	0
1121709	0	3691568	0
1121709	0	3833130	0
1121709	0	3875032	0
1121709	0	402054	0
1121709	0	4580131	0
1121709	0	4580133	0
1121709	0	4644464	0
1121709	0	4836900	1
1121709	0	5014378	0
1121709	0	511306	0
1121709	0	5264299	0
1121709	0	6007524	0
1121709	0	6600	1
1121709	0	6630430	0
1121709	0	669004	0
1121709	0	701349	0
1121709	0	7209949	0
1121709	0	7565881	1
1121709	0	8049577	3
1121709	0	8049578	3
1121709	0	8049579	2
1121709	0	8049580	2
1121709	0	8049582	2
1121709	0	8049583	3
1121709	0	8049584	2
1121709	0	8049585	2
1121709	0	8049586	1
1121709	0	8283424	0
1121709	0	8297863	0
1121709	0	8500135	0
1121709	0	862855	0
1121709	0	88402	0
1121709	0	950984	0
1124210	0	131190	3
1124210	0	1383617	0
1124210	0	1383624	0
1124210	0	1689639	3
1124210	0	1702009	0
1124210	0	181177	2
1124210	0	2070515	3
1124210	0	2089544	2
1124210	0	2258591	3
1124210	0	2258592	3
1124210	0	2258593	2
1124210	0	2258594	3
1124210	0	2258595	2
1124210	0	2258596	2
1124210	0	2258597	3
1124210	0	2433601	2
1124210	0	2433604	2
1124210	0	2461683	2
1124210	0	2494574	3
1124210	0	2494577	2
1124210	0	2650269	2
1124210	0	2685123	3
1124210	0	2728448	3
1124210	0	2753148	3
1124210	0	3162331	2
1124210	0	3289568	3
1124210	0	3466956	3
1124210	0	3517427	2
1124210	0	3520550	0
1124210	0	3520553	0
1124210	0	3546600	0
1124210	0	3573857	0
1124210	0	3680798	0
1124210	0	3680800	0
1124210	0	3680801	0
1124210	0	3680802	0
1124210	0	3859923	0
1124210	0	3937735	0
1124210	0	3944481	0
1124210	0	4074146	0
1124210	0	4074149	1
1124210	0	4425464	0
1124210	0	4648414	2
1124210	0	475041	0
1124210	0	4794725	0
1124210	0	4942992	2
1124210	0	4957842	0
1124210	0	4958358	1
1124210	0	5032711	3
1124210	0	5039696	1
1124210	0	5056100	0
1124210	0	5281846	0
1124210	0	546158	0
1124210	0	555792	1
1124210	0	5587711	2
1124210	0	5664148	3
1124210	0	5940134	0
1124210	0	5941717	3
1124210	0	607910	1
1124210	0	6146809	3
1124210	0	6233255	2
1124210	0	6255796	3
1124210	0	6498977	2
1124210	0	6541864	2
1124210	0	6541868	3
1124210	0	6814012	0
1124210	0	6814015	0
1124210	0	6814017	1
1124210	0	6992534	0
1124210	0	7203360	3
1124210	0	7205919	0
1124210	0	7205920	0
1124210	0	7224102	3
1124210	0	7234570	0
1124210	0	7278463	0
1124210	0	7443583	3
1124210	0	7443586	3
1124210	0	7695217	2
1124210	0	7756779	0
1124210	0	7806221	3
1124210	0	7806222	3
1124210	0	7851118	0
1124210	0	8026735	2
1124210	0	8026737	3
1124210	0	8026740	2
1124210	0	8026743	3
1124210	0	8087702	3
1124210	0	8355477	2
1124210	0	8492305	2
1124210	0	8547690	3
1124210	0	8650642	2
1124210	0	8802909	3
1124210	0	92049	2
1124210	0	931165	3
1129237	0	128982	3
1129237	0	128984	3
1129237	0	128989	3
1129237	0	1721142	1
1129237	0	2152821	2
1129237	0	2697746	2
1129237	0	2697752	3
1129237	0	3131122	3
1129237	0	3683096	2
1129237	0	3905055	2
1129237	0	3905057	3
1129237	0	3905802	3
1129237	0	4254811	3
1129237	0	4254815	3
1129237	0	4254816	2
1129237	0	4884964	2
1129237	0	5619502	2
1129237	0	5627214	3
1129237	0	5906130	3
1129237	0	6080460	2
1129237	0	6343520	2
1129237	0	7874566	1
1129237	0	7911557	3
1129237	0	806652	2
1129237	0	8203445	0
1129237	0	8450766	2
1129237	0	8588122	3
1129237	0	8588219	2
1129237	0	8588222	0
1129237	0	8588226	0
1129237	0	8588227	2
1129237	0	8682824	3
1129237	0	998748	2
1129237	0	998751	3
1133167	0	1379370	3
1133167	0	1824479	3
1133167	0	1824480	3
1133167	0	1824484	2
1133167	0	1824485	3
1133167	0	1824486	3
1133167	0	1824488	3
1133167	0	1883272	3
1133167	0	1883273	3
1133167	0	1883281	3
1133167	0	190803	3
1133167	0	190804	3
1133167	0	190806	3
1133167	0	190809	3
1133167	0	2010281	3
1133167	0	2276678	3
1133167	0	3023120	3
1133167	0	3023123	3
1133167	0	3074599	3
1133167	0	3355083	2
1133167	0	3421898	3
1133167	0	3421900	3
1133167	0	3421903	3
1133167	0	3421906	3
1133167	0	3953805	3
1133167	0	434120	3
1133167	0	434121	3
1133167	0	434124	3
1133167	0	434125	3
1133167	0	4443370	2
1133167	0	4443375	3
1133167	0	4498474	3
1133167	0	4498479	3
1133167	0	4550240	3
1133167	0	4550244	3
1133167	0	4712273	3
1133167	0	4712279	2
1133167	0	4922619	3
1133167	0	4926197	3
1133167	0	4926204	3
1133167	0	4973626	3
1133167	0	563738	2
1133167	0	5674622	3
1133167	0	5674623	2
1133167	0	5787117	2
1133167	0	6112586	3
1133167	0	6112587	3
1133167	0	6112590	3
1133167	0	6112592	3
1133167	0	6257038	3
1133167	0	6467518	3
1133167	0	6467522	2
1133167	0	6467523	3
1133167	0	6467524	3
1133167	0	7093509	3
1133167	0	7218012	3
1133167	0	7793408	3
1133167	0	7793409	3
1133167	0	8033644	2
1133167	0	8033645	3
1133167	0	8033650	3
1133167	0	8160224	3
1133167	0	8160230	2
1133167	0	8160241	3
1133167	0	8160243	3
1133167	0	823274	3
1133167	0	823275	3
1133167	0	8255705	3
1133167	0	8255706	3
130510	0	1110766	2
130510	0	1494930	2
130510	0	1494932	2
130510	0	1494934	3
130510	0	1494935	2
130510	0	1494936	3
130510	0	1494938	3
130510	0	1494939	3
130510	0	1972336	0
130510	0	203718	3
130510	0	2982053	3
130510	0	3155839	0
130510	0	3913773	1
130510	0	3913778	1
130510	0	4722583	1
130510	0	5148418	0
130510	0	5732822	1
130510	0	6835270	2
130510	0	7125238	0
130510	0	7125239	2
130510	0	7125241	3
130510	0	7501557	3
130510	0	7501558	3
130510	0	7501563	2
130510	0	799647	3
130510	0	8354778	1
130510	0	8612902	3
130510	0	8612903	3
130510	0	8612904	2
130510	0	8612905	2
130510	0	8612906	3
130510	0	8612909	3
130510	0	8612910	3
130510	0	996732	2
130510	0	996740	2
131843	0	2041693	2
131843	0	31718	0
131843	0	3432705	0
131843	0	348760	0
131843	0	3841396	2
131843	0	3937054	0
131843	0	4136087	0
131843	0	4338356	1
131843	0	4806979	1
131843	0	5715075	0
131843	0	6121785	0
131843	0	6629203	0
131843	0	6863389	0
131843	0	8305151	2
131843	0	8305152	3
131843	0	8305153	3
131843	0	8305154	3
131843	0	8305155	3
131843	0	8305156	3
131843	0	8305158	3
131843	0	8456964	0
131843	0	8456965	0
131843	0	8456967	0
131843	0	8456970	0
131843	0	8710812	1
131843	0	8710813	1
131843	0	935618	0
131843	0	935619	0
131843	0	935621	0
131843	0	935626	0
131843	0	985988	2
131843	0	985989	2
131843	0	985990	2
131843	0	985991	2
131843	0	985992	2
131843	0	985994	3
131843	0	985995	1
146187	0	2226093	1
146187	0	3615731	1
146187	0	4214925	1
146187	0	4741857	2
146187	0	4777144	3
146187	0	6015025	2
146187	0	6015026	1
146187	0	6430258	1
146187	0	744165	2
146187	0	744167	2
146187	0	76348	2
146187	0	8434617	2
146187	0	8434618	2
146187	0	8434619	3
146187	0	8434620	2
146187	0	8434621	3
146187	0	8434622	2
146187	0	8434623	3
146187	0	8434624	3
146187	0	8434625	3
146187	0	8434626	3
148538	0	1299824	2
148538	0	1311206	2
148538	0	1311209	2
148538	0	1384447	3
148538	0	1384448	3
148538	0	1828171	2
148538	0	1950974	2
148538	0	1950976	2
148538	0	1950979	2
148538	0	1950983	3
148538	0	1969519	2
148538	0	1969521	3
148538	0	1985491	3
148538	0	2033800	2
148538	0	208314	2
148538	0	231453	3
148538	0	231455	3
148538	0	2455774	3
148538	0	2455775	2
148538	0	2915327	1
148538	0	332400	2
148538	0	332401	2
148538	0	3353306	2
148538	0	3557943	2
148538	0	3918785	2
148538	0	398535	3
148538	0	4185812	2
148538	0	4264129	1
148538	0	4447598	2
148538	0	4447601	3
148538	0	4539654	3
148538	0	4539657	2
148538	0	4607263	3
148538	0	4959638	3
148538	0	5077704	2
148538	0	5077707	1
148538	0	5077709	1
148538	0	5171603	2
148538	0	615407	2
148538	0	6697437	2
148538	0	6846343	3
148538	0	6894608	2
148538	0	7407803	3
148538	0	7407812	2
148538	0	8283527	1
148538	0	8283530	3
148538	0	8283531	3
148538	0	8283532	3
148538	0	985488	2
148538	0	985490	3
148538	0	985491	3
148538	0	985494	3
156493	0	1034435	2
156493	0	1171595	1
156493	0	1277723	3
156493	0	1277725	3
156493	0	1277727	3
156493	0	1960255	3
156493	0	1960257	3
156493	0	1960259	3
156493	0	1960260	3
156493	0	2259183	3
156493	0	2317807	3
156493	0	2411918	3
156493	0	2598786	2
156493	0	2598787	2
156493	0	2612490	2
156493	0	2612491	3
156493	0	2612492	3
156493	0	2612493	3
156493	0	2717163	3
156493	0	2928702	3
156493	0	2928707	3
156493	0	2949801	3
156493	0	2949802	3
156493	0	3288595	3
156493	0	3288596	3
156493	0	3288597	3
156493	0	3288598	3
156493	0	3288600	3
156493	0	3288601	3
156493	0	3288603	3
156493	0	349638	3
156493	0	3603920	3
156493	0	4527706	2
156493	0	4583221	3
156493	0	5479187	1
156493	0	5530082	2
156493	0	6139382	3
156493	0	6139386	3
156493	0	6524746	3
156493	0	6775071	3
156493	0	7371077	3
156493	0	8182159	3
156493	0	8182160	3
156493	0	8182161	3
156493	0	8182162	3
156493	0	8182165	3
156493	0	8182166	3
156493	0	8273017	3
156493	0	8273019	3
156493	0	8393766	2
156493	0	8820526	3
156493	0	885944	3
156493	0	911790	2
156493	0	95512	3
156493	0	95514	3
156493	0	95517	2
156493	0	95518	3
156493	0	95521	3
168216	0	1183706	3
168216	0	1301465	3
168216	0	1301466	2
168216	0	1301467	3
168216	0	1301469	3
168216	0	1301471	3
168216	0	1301472	3
168216	0	1301474	3
168216	0	13499	2
168216	0	1381477	3
168216	0	1735358	2
168216	0	1735360	3
168216	0	1924796	3
168216	0	1924800	2
168216	0	2036279	3
168216	0	2069992	3
168216	0	2210775	3
168216	0	2210780	3
168216	0	2265769	2
168216	0	2659074	2
168216	0	2790904	3
168216	0	2806307	2
168216	0	290826	2
168216	0	3174840	2
168216	0	3198687	3
168216	0	3198689	3
168216	0	3344828	3
168216	0	3344837	2
168216	0	3399713	3
168216	0	3681095	3
168216	0	3830857	3
168216	0	3908773	3
168216	0	3908774	3
168216	0	3908776	3
168216	0	3908777	3
168216	0	4191395	3
168216	0	4324492	2
168216	0	4600607	2
168216	0	5024307	3
168216	0	5935476	3
168216	0	6061718	3
168216	0	6061722	3
168216	0	6213322	3
168216	0	6213325	3
168216	0	6264731	3
168216	0	6264733	3
168216	0	6282561	3
168216	0	6426632	3
168216	0	6426634	3
168216	0	6584042	2
168216	0	7337513	3
168216	0	7492753	2
168216	0	8185131	3
168216	0	8185135	3
168216	0	8185137	3
168216	0	8252763	2
168216	0	8639633	3
168216	0	8723467	3
168216	0	8731617	3
168216	0	8731621	3
168216	0	8731622	3
168216	0	8731623	3
168216	0	8731624	2
182539	0	1307235	3
182539	0	1638687	3
182539	0	1638689	2
182539	0	1638690	2
182539	0	1654895	2
182539	0	2092202	2
182539	0	2165968	2
182539	0	2909959	2
182539	0	2909960	2
182539	0	2909961	3
182539	0	3293878	2
182539	0	330179	2
182539	0	3389569	2
182539	0	3760957	2
182539	0	3883077	3
182539	0	3883081	3
182539	0	4448399	2
182539	0	4487755	2
182539	0	5567729	2
182539	0	5567732	2
182539	0	57443	3
182539	0	57444	2
182539	0	57447	3
182539	0	57448	2
182539	0	57449	2
182539	0	57452	2
182539	0	6097108	2
182539	0	6282909	2
182539	0	6783449	2
182539	0	6807900	2
182539	0	6816571	2
182539	0	6816572	2
182539	0	6816573	2
182539	0	6816576	2
182539	0	6980965	2
182539	0	7050579	3
182539	0	721170	2
182539	0	7371255	3
182539	0	7371257	2
182539	0	7371259	3
182539	0	7371261	2
182539	0	7371262	2
182539	0	7408022	2
182539	0	7527837	2
182539	0	7583024	2
182539	0	762792	2
182539	0	7690609	3
182539	0	7807063	2
182539	0	7883763	2
182539	0	8299659	3
182539	0	8299660	2
182539	0	8299668	2
182539	0	8515182	3
182539	0	8598792	2
182539	0	8757178	3
182539	0	8757179	2
182539	0	8757180	3
182539	0	8757181	3
182539	0	8757182	2
183378	0	1289489	3
183378	0	1289490	3
183378	0	1289492	3
183378	0	1289496	3
183378	0	1289497	3
183378	0	2089154	1
183378	0	2493332	3
183378	0	2533260	2
183378	0	3093215	3
183378	0	3185611	3
183378	0	4493914	3
183378	0	4493915	3
183378	0	4493916	3
183378	0	4493920	3
183378	0	4493921	3
183378	0	4803847	3
183378	0	4803848	3
183378	0	4803850	2
183378	0	4856305	1
183378	0	5534703	3
183378	0	5534707	3
183378	0	5534711	3
183378	0	5817927	3
183378	0	7398706	3
183378	0	7449744	3
183378	0	7449748	3
183378	0	7449752	3
183378	0	7677975	3
183378	0	7952865	2
183378	0	8121380	2
183378	0	8570256	3
183378	0	8570257	3
183378	0	8570258	3
183378	0	8577215	2
183378	0	8794302	2
183378	0	8794304	3
183378	0	8794308	2
19335	0	1143050	3
19335	0	1389478	1
19335	0	1389479	1
19335	0	1469573	2
19335	0	161606	2
19335	0	1717015	2
19335	0	1720387	2
19335	0	1720388	1
19335	0	1720389	2
19335	0	1720393	2
19335	0	1720394	2
19335	0	1720395	2
19335	0	1726	1
19335	0	1729	1
19335	0	1915754	1
19335	0	2020519	2
19335	0	2046505	2
19335	0	211275	2
19335	0	2250973	2
19335	0	2304005	2
19335	0	2437769	2
19335	0	2874497	2
19335	0	2874503	2
19335	0	3045567	2
19335	0	3175481	2
19335	0	3175484	2
19335	0	342431	2
19335	0	354219	1
19335	0	3615077	2
19335	0	3615079	1
19335	0	429851	2
19335	0	4480942	2
19335	0	4480943	1
19335	0	4480945	2
19335	0	478232	2
19335	0	4843828	2
19335	0	5078863	1
19335	0	527690	1
19335	0	527692	2
19335	0	527695	0
19335	0	527697	1
19335	0	5508122	1
19335	0	5732401	2
19335	0	584350	2
19335	0	6124004	2
19335	0	6294314	2
19335	0	6452949	2
19335	0	6510257	2
19335	0	6512137	2
19335	0	6512144	3
19335	0	6773977	1
19335	0	6902386	2
19335	0	6999135	1
19335	0	7042455	2
19335	0	7050803	2
19335	0	7122355	3
19335	0	7235457	2
19335	0	7267248	1
19335	0	7460273	2
19335	0	772225	2
19335	0	772234	2
19335	0	7856992	2
19335	0	8061829	2
19335	0	8151642	2
19335	0	8151650	2
19335	0	819168	2
19335	0	8412681	2
19335	0	8412682	2
19335	0	8412683	2
19335	0	8412684	2
19335	0	8412685	2
19335	0	8412687	2
19335	0	8635981	2
19335	0	8635984	2
19335	0	8786632	2
19335	0	93557	2
207786	0	1029962	2
207786	0	1392579	2
207786	0	1392585	3
207786	0	1667536	1
207786	0	2051020	2
207786	0	2763917	2
207786	0	2998723	1
207786	0	4218707	2
207786	0	4613065	2
207786	0	5175109	0
207786	0	6031630	2
207786	0	7510472	3
207786	0	7599318	2
207786	0	7639366	2
207786	0	7941579	3
207786	0	8185064	0
207786	0	8273754	2
207786	0	8273755	1
207786	0	8273757	2
207786	0	8273758	3
207786	0	8273759	2
207786	0	8273760	2
207786	0	8273761	3
207786	0	8273762	3
207786	0	8273763	2
207786	0	8367880	0
264014	0	1610706	3
264014	0	1610707	3
264014	0	1610711	2
264014	0	1610712	2
264014	0	1804644	3
264014	0	2223171	2
264014	0	2474346	3
264014	0	2572557	3
264014	0	2688537	2
264014	0	3338825	3
264014	0	3338827	3
264014	0	3338828	2
264014	0	3372501	3
264014	0	3396076	3
264014	0	3666584	2
264014	0	4239616	2
264014	0	447992	3
264014	0	4647186	3
264014	0	4687213	3
264014	0	4834547	3
264014	0	4834548	3
264014	0	528372	3
264014	0	528380	3
264014	0	5328095	3
264014	0	5611210	3
264014	0	5611219	3
264014	0	5635521	2
264014	0	5950718	3
264014	0	5950719	3
264014	0	5950721	3
264014	0	5950722	3
264014	0	5950723	3
264014	0	5950726	3
264014	0	6105566	3
264014	0	6105572	3
264014	0	6555322	3
264014	0	6641238	3
264014	0	6791760	3
264014	0	684616	3
264014	0	7326934	3
264014	0	8012101	3
264014	0	935825	3
264014	0	96851	3
264014	0	96852	2
264014	0	96854	3
264014	0	96855	3
264014	0	96857	3
264014	0	96858	3
359349	0	1394087	2
359349	0	15800	0
359349	0	1830517	3
359349	0	2293820	3
359349	0	2826510	3
359349	0	2826512	3
359349	0	3193824	3
359349	0	3223831	3
359349	0	3223833	3
359349	0	3900185	3
359349	0	4013723	3
359349	0	4020470	3
359349	0	4020477	3
359349	0	4463573	0
359349	0	457673	3
359349	0	5219977	0
359349	0	5615181	3
359349	0	576628	3
359349	0	576629	3
359349	0	6108721	3
359349	0	68647	3
359349	0	68648	3
359349	0	68649	3
359349	0	68653	2
359349	0	8058873	2
359349	0	943229	3
405717	0	1589738	2
405717	0	1849743	2
405717	0	1984962	2
405717	0	2125641	2
405717	0	2365659	2
405717	0	2365660	1
405717	0	2365661	2
405717	0	2365664	1
405717	0	2365665	2
405717	0	2514107	2
405717	0	2642838	2
405717	0	2702419	2
405717	0	2702423	2
405717	0	273851	1
405717	0	2747484	2
405717	0	2747485	2
405717	0	2747488	3
405717	0	2747492	2
405717	0	2879960	2
405717	0	3033900	2
405717	0	3274915	2
405717	0	3274918	2
405717	0	3803378	2
405717	0	3986303	2
405717	0	4432155	2
405717	0	4704973	2
405717	0	4704975	2
405717	0	4704978	2
405717	0	4828118	3
405717	0	5079482	2
405717	0	5274649	2
405717	0	5428443	2
405717	0	5638740	2
405717	0	576346	1
405717	0	6426483	1
405717	0	6442862	2
405717	0	6654653	2
405717	0	6654655	2
405717	0	6678050	2
405717	0	702391	2
405717	0	7170626	2
405717	0	7170630	3
405717	0	7288990	2
405717	0	7288996	2
405717	0	7447941	2
405717	0	7447943	2
405717	0	758582	2
405717	0	758586	2
405717	0	7728831	2
405717	0	7896211	2
405717	0	7965240	2
405717	0	8156519	2
405717	0	8433852	2
405717	0	8433854	3
405717	0	8433858	2
443396	0	1055834	2
443396	0	1305463	1
443396	0	1360104	0
443396	0	1465664	2
443396	0	1465667	2
443396	0	1525423	0
443396	0	1843486	0
443396	0	1852807	2
443396	0	1852813	1
443396	0	2007121	1
443396	0	2138579	1
443396	0	2143845	2
443396	0	2143847	2
443396	0	2143849	1
443396	0	215693	2
443396	0	2373504	2
443396	0	2490482	2
443396	0	2490486	2
443396	0	3007982	2
443396	0	3103988	2
443396	0	3103995	2
443396	0	3118073	0
443396	0	3256974	2
443396	0	3299623	2
443396	0	3323246	1
443396	0	3440850	2
443396	0	3526411	1
443396	0	355277	2
443396	0	3599520	2
443396	0	3617225	2
443396	0	368001	1
443396	0	3721948	2
443396	0	4041361	3
443396	0	4052112	2
443396	0	4052116	2
443396	0	4052118	2
443396	0	4052120	2
443396	0	415545	0
443396	0	4205261	1
443396	0	4205264	2
443396	0	4236355	2
443396	0	4271045	0
443396	0	4511531	1
443396	0	4526741	2
443396	0	4526744	2
443396	0	4526747	2
443396	0	453706	2
443396	0	456708	2
443396	0	456710	2
443396	0	458179	1
443396	0	4638554	3
443396	0	4676619	1
443396	0	4774806	2
443396	0	4792649	1
443396	0	4792650	2
443396	0	4792652	2
443396	0	4792653	0
443396	0	4792654	2
443396	0	4792655	1
443396	0	483935	0
443396	0	4896251	1
443396	0	4935430	2
443396	0	5048838	2
443396	0	5048839	2
443396	0	5053511	2
443396	0	5065439	0
443396	0	5644797	1
443396	0	6953654	2
443396	0	6974032	1
443396	0	7251120	2
443396	0	7422742	2
443396	0	7620278	0
443396	0	7620279	1
443396	0	8079039	2
443396	0	8079040	1
443396	0	8079043	2
443396	0	8079046	2
443396	0	8171402	2
443396	0	8188606	1
443396	0	8329279	1
443396	0	8348187	1
443396	0	8536118	3
443396	0	8536121	2
443396	0	8536122	2
443396	0	8536123	2
443396	0	8793491	2
451602	0	1094138	3
451602	0	127537	1
451602	0	1277289	2
451602	0	1277290	2
451602	0	1277293	2
451602	0	1302756	2
451602	0	1314129	2
451602	0	1626653	1
451602	0	1897982	2
451602	0	2176450	2
451602	0	2176453	2
451602	0	2176454	2
451602	0	2176455	2
451602	0	2176458	2
451602	0	2176459	2
451602	0	2244882	1
451602	0	2312864	2
451602	0	2618829	2
451602	0	2922145	1
451602	0	3090666	1
451602	0	3177691	3
451602	0	3177699	2
451602	0	3790251	2
451602	0	4176454	1
451602	0	4345752	2
451602	0	4453605	2
451602	0	4453608	2
451602	0	4874640	2
451602	0	4874641	2
451602	0	5000376	2
451602	0	5179251	3
451602	0	5475308	2
451602	0	5538936	2
451602	0	5538937	2
451602	0	5538938	2
451602	0	5538942	2
451602	0	5655693	2
451602	0	6286975	2
451602	0	6286977	2
451602	0	6286980	2
451602	0	6286981	2
451602	0	654120	2
451602	0	6719255	0
451602	0	7800959	3
451602	0	7804169	2
451602	0	7804170	2
451602	0	8019873	0
451602	0	8033470	1
451602	0	8214452	2
451602	0	8383461	2
451602	0	8390518	2
451602	0	8390525	2
451602	0	8540470	2
451602	0	8540473	2
451602	0	8621776	2
451602	0	8621784	2
451602	0	8787234	2
451602	0	998695	1
47923	0	1681332	3
47923	0	1681334	3
47923	0	1681336	3
47923	0	1681338	2
47923	0	1681339	3
47923	0	1868437	2
47923	0	3348834	2
47923	0	3348838	2
47923	0	3986046	2
47923	0	4297620	3
47923	0	473809	3
47923	0	5032362	3
47923	0	5147527	2
47923	0	5417580	2
47923	0	5417582	3
47923	0	618556	2
47923	0	6191	2
47923	0	6241147	3
47923	0	6241148	3
47923	0	6241150	3
47923	0	6241151	3
47923	0	6241152	3
47923	0	6241153	3
47923	0	6241154	3
47923	0	6643066	3
47923	0	6919836	3
47923	0	8348762	3
47923	0	8418681	3
47923	0	8418683	3
47923	0	8418686	3
47923	0	8641104	3
47923	0	8641106	3
47923	0	8641107	3
47923	0	913042	3
47923	0	986177	3
489204	0	1038489	2
489204	0	1051492	2
489204	0	1051494	2
489204	0	1051498	2
489204	0	113238	2
489204	0	1225589	2
489204	0	1225591	2
489204	0	1228655	2
489204	0	1231677	2
489204	0	1276947	3
489204	0	1310106	1
489204	0	1310107	2
489204	0	1310108	1
489204	0	1360627	2
489204	0	136257	2
489204	0	1430550	2
489204	0	1479542	2
489204	0	152948	2
489204	0	152954	2
489204	0	1538587	2
489204	0	1759354	2
489204	0	1777014	2
489204	0	1778458	2
489204	0	185678	2
489204	0	1950269	2
489204	0	2053095	2
489204	0	2163701	2
489204	0	216490	2
489204	0	216492	2
489204	0	2268651	2
489204	0	2268652	2
489204	0	2268657	2
489204	0	3438216	2
489204	0	35919	2
489204	0	3623668	2
489204	0	3728445	2
489204	0	385083	2
489204	0	3980126	2
489204	0	4088951	2
489204	0	4387756	2
489204	0	4586570	2
489204	0	46493	2
489204	0	4890939	2
489204	0	4917998	2
489204	0	4918005	2
489204	0	4927308	2
489204	0	5005765	2
489204	0	533017	2
489204	0	5519177	2
489204	0	5541650	2
489204	0	5583224	1
489204	0	5629373	2
489204	0	5815957	2
489204	0	5842847	2
489204	0	5842850	2
489204	0	5895917	2
489204	0	6084785	2
489204	0	6087666	2
489204	0	6087671	2
489204	0	6327174	2
489204	0	6327175	2
489204	0	6327177	2
489204	0	6327181	2
489204	0	6343845	2
489204	0	6536367	2
489204	0	6542578	2
489204	0	6581771	2
489204	0	6652052	2
489204	0	6665319	2
489204	0	678245	2
489204	0	6816322	2
489204	0	6894988	2
489204	0	7113153	2
489204	0	7116533	2
489204	0	753265	2
489204	0	7564977	2
489204	0	7564980	2
489204	0	7923800	2
489204	0	8054792	2
489204	0	8376905	2
489204	0	8376910	2
489204	0	8463820	3
489204	0	8463823	3
489204	0	852250	2
489204	0	852257	2
489204	0	855963	2
489204	0	855972	2
489204	0	8585816	2
489204	0	8594271	2
489204	0	8594272	2
489204	0	8594280	2
489204	0	872467	2
489204	0	872470	2
489204	0	8737051	2
489204	0	8737053	2
489204	0	8781574	2
489204	0	8781577	2
489204	0	890797	2
489204	0	973923	2
490595	0	1160847	3
490595	0	1288938	2
490595	0	1652460	3
490595	0	1929910	3
490595	0	1929911	2
490595	0	3572695	2
490595	0	3833407	2
490595	0	3937196	2
490595	0	3937197	3
490595	0	3937200	2
490595	0	3937203	3
490595	0	4082315	1
490595	0	4737059	3
490595	0	4737060	3
490595	0	4737061	3
490595	0	4737063	3
490595	0	4737064	3
490595	0	4737065	3
490595	0	4737066	3
490595	0	4737067	2
490595	0	4842889	3
490595	0	4842890	3
490595	0	4842891	3
490595	0	4842897	2
490595	0	5112294	2
490595	0	5247992	3
490595	0	5247999	3
490595	0	549465	3
490595	0	6045591	0
490595	0	6066626	2
490595	0	6742119	3
490595	0	7839904	2
490595	0	7839906	3
490595	0	805046	3
490595	0	805048	3
490595	0	805051	3
490595	0	8485139	3
490595	0	8485141	3
490595	0	903932	1
527433	0	1187918	2
527433	0	1217016	2
527433	0	1251475	1
527433	0	1379236	2
527433	0	1379237	1
527433	0	1379240	2
527433	0	1379245	2
527433	0	1511548	2
527433	0	1664518	2
527433	0	1664523	2
527433	0	1993691	1
527433	0	1993699	1
527433	0	2045580	2
527433	0	2331989	1
527433	0	2496224	1
527433	0	2565413	1
527433	0	269422	1
527433	0	269423	1
527433	0	269425	1
527433	0	269426	1
527433	0	269428	1
527433	0	269430	1
527433	0	2722036	1
527433	0	3093197	2
527433	0	3294599	2
527433	0	3425595	2
527433	0	3786813	1
527433	0	3835729	2
527433	0	3835731	2
527433	0	3835732	2
527433	0	3835736	1
527433	0	4046876	2
527433	0	4064455	2
527433	0	4351170	1
527433	0	4402992	1
527433	0	467601	2
527433	0	4903731	1
527433	0	4958697	1
527433	0	5466807	2
527433	0	5466810	2
527433	0	547444	2
527433	0	5603301	1
527433	0	5629888	1
527433	0	5672164	1
527433	0	5672170	2
527433	0	5690943	1
527433	0	6015377	1
527433	0	6038397	1
527433	0	6065675	2
527433	0	6186391	1
527433	0	6186393	2
527433	0	6215001	2
527433	0	6215002	1
527433	0	6398041	2
527433	0	6667279	1
527433	0	729489	2
527433	0	7357591	2
527433	0	7607669	2
527433	0	7799466	2
527433	0	8306449	1
527433	0	8306450	2
527433	0	8306451	1
527433	0	8322920	1
527433	0	8617271	3
527433	0	8617273	1
527433	0	8617274	1
527433	0	8617276	1
527433	0	8827925	2
527433	0	8827928	2
527433	0	975967	2
573724	0	1165129	3
573724	0	1509940	3
573724	0	1509942	3
573724	0	162151	3
573724	0	1816038	3
573724	0	2133806	3
573724	0	2417985	2
573724	0	2635262	3
573724	0	3146236	3
573724	0	3146238	2
573724	0	3365631	3
573724	0	3365633	2
573724	0	3365636	3
573724	0	3365638	3
573724	0	394136	3
573724	0	394139	3
573724	0	394142	3
573724	0	4017883	2
573724	0	5047796	3
573724	0	5310530	3
573724	0	5339620	3
573724	0	5721829	3
573724	0	6776717	3
573724	0	7104825	3
573724	0	7104826	3
573724	0	7199669	3
573724	0	7199673	3
573724	0	7384325	2
573724	0	7384332	2
573724	0	7609927	3
573724	0	7674859	3
573724	0	8441642	3
573724	0	87405	3
573724	0	8833192	3
573724	0	8833194	3
833860	0	115142	1
833860	0	1400521	0
833860	0	1524402	0
833860	0	1524406	0
833860	0	1579406	0
833860	0	1889863	2
833860	0	2022688	2
833860	0	2188108	0
833860	0	2206194	2
833860	0	2206195	2
833860	0	2206196	2
833860	0	2206197	2
833860	0	2206198	1
833860	0	2206200	2
833860	0	2386361	2
833860	0	2654110	0
833860	0	2702357	1
833860	0	3087481	2
833860	0	3337877	0
833860	0	3421947	1
833860	0	3437281	3
833860	0	3437284	2
833860	0	3437285	2
833860	0	3437286	2
833860	0	3437288	2
833860	0	3437289	1
833860	0	3437290	2
833860	0	3924121	0
833860	0	4086002	0
833860	0	4431446	2
833860	0	4565899	0
833860	0	4881965	2
833860	0	4983652	0
833860	0	5012386	2
833860	0	5167510	2
833860	0	5167512	2
833860	0	5167513	2
833860	0	5167518	2
833860	0	5652528	0
833860	0	5832657	2
833860	0	6209174	0
833860	0	6211801	2
833860	0	6218032	2
833860	0	6230220	2
833860	0	6230221	2
833860	0	6230222	2
833860	0	6230223	2
833860	0	6230225	2
833860	0	6230226	2
833860	0	6230227	2
833860	0	6230228	2
833860	0	6230229	2
833860	0	6297606	0
833860	0	6621549	0
833860	0	6875877	1
833860	0	7038170	2
833860	0	7140183	0
833860	0	7435480	0
833860	0	756921	1
833860	0	7706738	2
833860	0	771855	2
833860	0	8344031	2
833860	0	8683095	0
833860	0	8833502	2
833860	0	8833504	2
833860	0	8833506	2
833860	0	8833509	2
855410	0	103039	2
855410	0	1047903	0
855410	0	1094091	1
855410	0	1147809	0
855410	0	1147810	0
855410	0	1147811	0
855410	0	1186979	1
855410	0	133350	0
855410	0	1394855	2
855410	0	1441918	0
855410	0	1599285	0
855410	0	1685597	0
855410	0	1824277	1
855410	0	1824278	0
855410	0	1947769	2
855410	0	2117094	0
855410	0	212609	0
855410	0	2273664	0
855410	0	2350118	0
855410	0	2402680	0
855410	0	2499355	1
855410	0	2506511	0
855410	0	2890365	3
855410	0	2969826	0
855410	0	3530756	2
855410	0	3530757	3
855410	0	3530758	3
855410	0	3530762	3
855410	0	369516	0
855410	0	3723410	0
855410	0	3723411	0
855410	0	3723413	0
855410	0	3723415	0
855410	0	3920974	0
855410	0	3946561	0
855410	0	4084193	0
855410	0	4406031	0
855410	0	4616842	1
855410	0	4636144	0
855410	0	4708041	2
855410	0	4708042	0
855410	0	4708045	1
855410	0	4708046	3
855410	0	4708047	2
855410	0	4733967	0
855410	0	4980050	2
855410	0	5053555	0
855410	0	5053561	0
855410	0	5095701	1
855410	0	5095702	1
855410	0	5239970	0
855410	0	5465915	0
855410	0	5608554	0
855410	0	5723210	0
855410	0	5799774	0
855410	0	5962462	0
855410	0	6257436	1
855410	0	6385718	0
855410	0	6385724	0
855410	0	6481239	2
855410	0	6481240	0
855410	0	6522121	0
855410	0	6615899	0
855410	0	6647485	0
855410	0	681984	0
855410	0	681987	0
855410	0	681993	0
855410	0	7031506	1
855410	0	7099015	0
855410	0	71807	0
855410	0	7210777	0
855410	0	722968	0
855410	0	7340395	1
855410	0	7380061	0
855410	0	7548527	0
855410	0	7747483	0
855410	0	8157623	0
855410	0	8157624	0
855410	0	8157632	0
855410	0	8271172	0
855410	0	8543392	0
855410	0	862689	0
855410	0	862695	0
855410	0	8645167	0
855410	0	8651770	2
855410	0	8651771	2
855410	0	8651772	1
855410	0	8651773	3
855410	0	8651775	2
855410	0	8651776	1
855410	0	8651778	1
855410	0	8663507	0
855410	0	8671032	0
855410	0	8671033	0
855410	0	8720966	2
855410	0	8776516	0
855410	0	8776519	0
855410	0	8776520	0
855410	0	8792394	0
855410	0	884430	0
855410	0	889438	1
855410	0	902854	0
855410	0	936546	0
855410	0	944479	0
87181	0	1179100	2
87181	0	123547	2
87181	0	1950526	3
87181	0	1950532	3
87181	0	2530227	2
87181	0	2986227	2
87181	0	3216315	2
87181	0	3216319	2
87181	0	4190143	1
87181	0	4689523	3
87181	0	4689525	2
87181	0	47210	0
87181	0	4786305	2
87181	0	5103077	2
87181	0	5197130	0
87181	0	5197135	2
87181	0	5469038	3
87181	0	5497677	3
87181	0	6484575	3
87181	0	6484576	3
87181	0	6484578	2
87181	0	6521366	3
87181	0	6685092	3
87181	0	742425	3
87181	0	7666831	1
87181	0	8151926	2
87181	0	8332546	3
87181	0	8332547	3
87181	0	8332550	2
87181	0	8332555	2
87181	0	8499367	2
87181	0	8534129	3
87181	0	8534130	3
87181	0	8534134	3
87181	0	8565420	2
87181	0	8683178	2
87181	0	8683185	3
87452	0	1395625	2
87452	0	1395631	2
87452	0	1598547	2
87452	0	1749882	2
87452	0	186931	2
87452	0	186939	2
87452	0	2624886	2
87452	0	3242437	2
87452	0	4008486	2
87452	0	4634899	2
87452	0	4866237	2
87452	0	4872055	2
87452	0	4993648	2
87452	0	5180105	2
87452	0	5286924	2
87452	0	5296736	2
87452	0	5751686	2
87452	0	5851090	2
87452	0	5851095	2
87452	0	6018160	2
87452	0	6018162	2
87452	0	6018163	2
87452	0	6018164	2
87452	0	6018165	2
87452	0	6018166	2
87452	0	6018168	2
87452	0	7843984	2
87452	0	7965004	2
87452	0	7965005	2
87452	0	7965007	2
87452	0	7965008	2
87452	0	7965010	2
87452	0	8055167	2
87452	0	8152220	2
87452	0	8152222	2
87452	0	8213478	2
87452	0	8333912	2
87452	0	8333916	2
87452	0	8333917	2
87452	0	8333918	2
87452	0	8333919	2
87452	0	8333920	2
87452	0	8333921	2
87452	0	8436571	2
87452	0	8436578	2
87452	0	8436579	2
87452	0	861789	2
87452	0	8680815	2
87452	0	8819111	2
87452	0	8819112	3
87452	0	8819113	2
87452	0	8819116	2
915593	0	1396701	2
915593	0	1772930	2
915593	0	1972028	2
915593	0	2210592	2
915593	0	2210593	2
915593	0	275726	2
915593	0	2923496	2
915593	0	2923497	2
915593	0	3485338	2
915593	0	3523599	1
915593	0	3538160	3
915593	0	3538161	2
915593	0	3538163	2
915593	0	3538164	2
915593	0	3538166	2
915593	0	3538168	2
915593	0	4566816	2
915593	0	4566818	2
915593	0	4566819	2
915593	0	4566822	2
915593	0	4834226	2
915593	0	4998398	2
915593	0	5774009	2
915593	0	5931262	3
915593	0	5931266	2
915593	0	5931268	2
915593	0	5931269	2
915593	0	6181638	2
915593	0	6761341	2
915593	0	6761344	2
915593	0	6923052	2
915593	0	7709320	2
915593	0	7861749	2
915593	0	7861755	2
915593	0	8002855	2
915593	0	8029524	2
915593	0	8029525	2
915593	0	8029527	2
915593	0	8029531	2
915593	0	8029533	2
915593	0	8103065	2
915593	0	8103067	2
915593	0	8178996	2
915593	0	8178998	2
915593	0	82105	1
915593	0	82106	2
915593	0	82107	3
915593	0	82108	2
915593	0	82110	2
915593	0	82113	2
915593	0	8402969	1
915593	0	8402970	2
915593	0	8402971	3
915593	0	8402972	2
915593	0	8455304	2
962179	0	1645080	2
962179	0	1645086	1
962179	0	1645087	2
962179	0	2329697	2
962179	0	2329699	3
962179	0	2329701	2
962179	0	2978864	3
962179	0	2978866	3
962179	0	2978870	2
962179	0	302861	1
962179	0	3705165	3
962179	0	3896632	2
962179	0	4257873	1
962179	0	4309122	0
962179	0	4511499	3
962179	0	4511501	0
962179	0	4511503	2
962179	0	4511504	0
962179	0	4606386	3
962179	0	4606387	2
962179	0	534563	2
962179	0	536176	3
962179	0	5427063	1
962179	0	5653652	0
962179	0	5653659	3
962179	0	5773189	0
962179	0	5919340	2
962179	0	5919342	2
962179	0	6675259	2
962179	0	6898289	3
962179	0	6980697	2
962179	0	8689054	0
962179	0	8689056	0
962179	0	8689057	0
962179	0	8785367	2
962179	0	8785369	2
962179	0	8785371	3
962179	0	8785374	2
