1030303	0	1161432	2
1030303	0	1161439	1
1030303	0	1305520	1
1030303	0	1305521	1
1030303	0	1305528	0
1030303	0	1451848	1
1030303	0	1615360	0
1030303	0	176183	1
1030303	0	1905988	1
1030303	0	2047616	0
1030303	0	3062381	1
1030303	0	3083670	2
1030303	0	3302249	1
1030303	0	3302251	0
1030303	0	3302252	1
1030303	0	3302255	2
1030303	0	3318757	0
1030303	0	3327029	2
1030303	0	3601008	0
1030303	0	3738183	1
1030303	0	3880502	2
1030303	0	4236749	1
1030303	0	4245507	0
1030303	0	4358004	1
1030303	0	4542060	1
1030303	0	5130399	0
1030303	0	5533597	0
1030303	0	5681381	0
1030303	0	5681385	0
1030303	0	6054030	0
1030303	0	6222298	0
1030303	0	6271629	1
1030303	0	6895305	0
1030303	0	6939422	1
1030303	0	6939426	1
1030303	0	6939428	1
1030303	0	6939430	1
1030303	0	6939431	1
1030303	0	700079	0
1030303	0	7156982	2
1030303	0	7168323	0
1030303	0	7168324	1
1030303	0	7259969	1
1030303	0	7284047	0
1030303	0	7284052	1
1030303	0	7508058	2
1030303	0	7661516	0
1030303	0	8726429	2
1030303	0	8726430	3
1030303	0	8726432	0
1030303	0	8726433	2
1030303	0	8726434	2
1030303	0	8726435	3
1030303	0	8726436	2
1030303	0	8726437	3
1030303	0	979606	1
1037496	0	2556452	2
1037496	0	2725825	3
1037496	0	2725834	2
1037496	0	2902707	2
1037496	0	3725934	3
1037496	0	3725936	2
1037496	0	3725937	3
1037496	0	3852733	3
1037496	0	4174376	2
1037496	0	4174377	3
1037496	0	4187303	2
1037496	0	4187305	3
1037496	0	4187307	2
1037496	0	4187309	2
1037496	0	4760907	3
1037496	0	4760908	2
1037496	0	4760912	3
1037496	0	4760914	2
1037496	0	4760915	2
1037496	0	4905511	2
1037496	0	4912160	2
1037496	0	4912162	2
1037496	0	4912163	2
1037496	0	4912167	2
1037496	0	4993566	2
1037496	0	57410	2
1037496	0	5927420	2
1037496	0	6866284	2
1037496	0	7287404	3
1037496	0	7766583	3
1037496	0	7766584	2
1037496	0	7766585	2
1037496	0	7766587	3
1037496	0	8805888	0
1043135	0	1637694	2
1043135	0	1637695	3
1043135	0	1637701	2
1043135	0	1845636	2
1043135	0	1845639	0
1043135	0	2443319	2
1043135	0	2443321	2
1043135	0	2664986	2
1043135	0	2664989	3
1043135	0	2664992	3
1043135	0	2664993	2
1043135	0	2664994	1
1043135	0	2664995	3
1043135	0	3378240	2
1043135	0	3878603	3
1043135	0	3878608	2
1043135	0	4355523	3
1043135	0	4541688	2
1043135	0	4994428	3
1043135	0	4994429	1
1043135	0	5262285	1
1043135	0	5262288	3
1043135	0	5262289	3
1043135	0	650641	2
1043135	0	650642	3
1043135	0	7022077	1
1043135	0	7137848	3
1043135	0	7137849	3
1043135	0	7137851	3
1043135	0	8224806	2
1043135	0	8224813	1
1043135	0	8694697	1
1043135	0	8694701	1
1043135	0	8694703	1
1043135	0	8696952	3
1043135	0	8696953	2
1043135	0	8696954	2
1043135	0	8696956	3
1043135	0	8696957	3
1043135	0	8696958	1
1043135	0	8696960	2
1043135	0	8696961	3
1051399	0	1678171	0
1051399	0	1678175	2
1051399	0	2180779	2
1051399	0	2250216	1
1051399	0	2427011	1
1051399	0	2768271	3
1051399	0	2845499	0
1051399	0	2866972	0
1051399	0	2866975	3
1051399	0	2866978	3
1051399	0	2894408	3
1051399	0	2978630	0
1051399	0	2978635	0
1051399	0	3174240	2
1051399	0	3446937	0
1051399	0	3681695	0
1051399	0	3694758	0
1051399	0	3773237	0
1051399	0	3854986	1
1051399	0	3854988	1
1051399	0	3854989	1
1051399	0	3943224	1
1051399	0	3943227	1
1051399	0	3943228	3
1051399	0	3943229	3
1051399	0	3969385	3
1051399	0	3969388	3
1051399	0	4084314	2
1051399	0	4171289	0
1051399	0	4251971	3
1051399	0	4352399	1
1051399	0	4368654	0
1051399	0	4368659	0
1051399	0	4380507	3
1051399	0	4380510	3
1051399	0	4418228	1
1051399	0	4426182	3
1051399	0	4426187	3
1051399	0	4426188	3
1051399	0	4486012	2
1051399	0	4513307	0
1051399	0	4552288	2
1051399	0	4681235	0
1051399	0	4729565	3
1051399	0	4736961	0
1051399	0	4815630	0
1051399	0	4878563	1
1051399	0	5041683	0
1051399	0	5186393	0
1051399	0	5348043	1
1051399	0	570299	0
1051399	0	69812	1
1051399	0	69813	3
1051399	0	69818	3
1051399	0	69819	1
1051399	0	745839	1
1051399	0	7744096	1
1051399	0	7760091	0
1051399	0	7815275	3
1051399	0	7848669	0
1051399	0	7848670	1
1051399	0	7848674	0
1051399	0	8712317	0
1051399	0	8818330	0
1064670	0	1237071	1
1064670	0	129459	2
1064670	0	129461	2
1064670	0	129462	2
1064670	0	129463	2
1064670	0	129467	2
1064670	0	129468	2
1064670	0	1567821	2
1064670	0	1567824	2
1064670	0	1760662	0
1064670	0	2839843	2
1064670	0	2977156	2
1064670	0	2977159	2
1064670	0	2977160	2
1064670	0	2998832	1
1064670	0	3079526	2
1064670	0	3333956	0
1064670	0	3644829	1
1064670	0	3741166	0
1064670	0	3807086	1
1064670	0	3826026	2
1064670	0	402493	2
1064670	0	4114926	2
1064670	0	4845639	1
1064670	0	5888407	1
1064670	0	6062648	2
1064670	0	6824284	2
1064670	0	6824285	2
1064670	0	6824287	2
1064670	0	6824288	2
1064670	0	6824289	2
1064670	0	6991411	0
1064670	0	736681	2
1064670	0	7556560	1
1064670	0	7734392	1
1064670	0	8100015	2
1064670	0	8100018	2
1064670	0	8100020	2
1064670	0	816339	2
1064670	0	816340	2
1064670	0	8337453	2
1064670	0	8337455	1
1064670	0	8680897	3
1064670	0	8680901	3
1064670	0	8680902	2
1064670	0	8680903	3
1064670	0	8680904	3
1064670	0	8680905	3
1064670	0	8680906	2
1064670	0	8734273	2
1071750	0	3016474	2
1071750	0	3016481	2
1071750	0	3575934	2
1071750	0	3850956	2
1071750	0	3928913	3
1071750	0	3928914	2
1071750	0	3928915	2
1071750	0	3928916	2
1071750	0	3928917	2
1071750	0	3928918	2
1071750	0	3928919	2
1071750	0	4133644	2
1071750	0	4717401	3
1071750	0	4794978	2
1071750	0	6508491	2
1071750	0	6508493	2
1071750	0	6508494	2
1071750	0	6508498	2
1071750	0	7778577	2
1071750	0	8378383	2
1071750	0	8378385	2
1071750	0	8378386	2
1071750	0	8378389	2
1071750	0	8378390	2
1071750	0	8378391	2
1071750	0	8698268	2
1071750	0	8698269	2
1071750	0	8698270	2
1071750	0	8698271	2
1071750	0	8698272	2
1071750	0	8698273	2
1071750	0	8698274	3
1071750	0	8698275	2
1071750	0	8698276	2
1105792	0	1088729	3
1105792	0	1620080	0
1105792	0	2668971	2
1105792	0	342876	2
1105792	0	3813126	3
1105792	0	4193893	0
1105792	0	4545233	3
1105792	0	5063488	3
1105792	0	5665835	2
1105792	0	6412594	3
1105792	0	6977017	3
1105792	0	7102720	3
1105792	0	7480463	0
1105792	0	8201610	2
1105792	0	8201611	3
1105792	0	8201612	3
1105792	0	8201613	3
1105792	0	8201614	3
1105792	0	8201615	3
1105792	0	8201616	3
1105792	0	8201617	2
1105792	0	8201618	3
1105792	0	8201619	3
1106979	0	2306620	3
1106979	0	2884219	2
1106979	0	3290646	2
1106979	0	3290649	2
1106979	0	3290651	3
1106979	0	348054	3
1106979	0	348055	3
1106979	0	348057	3
1106979	0	4219185	1
1106979	0	430215	0
1106979	0	7557632	2
1106979	0	7674419	2
1106979	0	799359	3
1106979	0	8190133	3
1106979	0	8190134	3
1106979	0	8190137	3
1106979	0	8190139	3
1106979	0	8190140	3
1108651	0	1325612	1
1108651	0	1421349	3
1108651	0	1421350	3
1108651	0	1421351	3
1108651	0	1421352	3
1108651	0	1421353	3
1108651	0	1421354	3
1108651	0	1421355	3
1108651	0	1457501	2
1108651	0	1482137	1
1108651	0	1643324	3
1108651	0	1646383	0
1108651	0	1649639	3
1108651	0	1738015	2
1108651	0	2024963	3
1108651	0	2065792	0
1108651	0	2141336	3
1108651	0	2475817	2
1108651	0	2564930	3
1108651	0	2682940	2
1108651	0	2745683	3
1108651	0	3102788	3
1108651	0	3102791	2
1108651	0	3102792	3
1108651	0	4304301	2
1108651	0	488271	2
1108651	0	4911228	2
1108651	0	5330509	3
1108651	0	5330510	3
1108651	0	5830553	3
1108651	0	6058576	2
1108651	0	6348741	2
1108651	0	6517914	1
1108651	0	6522183	3
1108651	0	6620938	0
1108651	0	6623205	2
1108651	0	6635998	3
1108651	0	6636001	3
1108651	0	6663873	0
1108651	0	6731792	3
1108651	0	6756165	2
1108651	0	6916357	3
1108651	0	7904315	2
1108651	0	815597	2
1108651	0	8175407	3
1108651	0	8175408	3
1108651	0	8175409	3
1108651	0	8175410	2
1108651	0	8175411	3
1108651	0	8175412	3
1108651	0	8175414	3
1108651	0	8175415	3
1108651	0	8258085	3
1108651	0	8289552	3
1108651	0	8289554	3
1108651	0	8289556	3
1108651	0	8289557	3
1108651	0	8289561	3
1108651	0	8591633	2
1109707	0	1011113	3
1109707	0	1143386	3
1109707	0	1143389	3
1109707	0	1190624	2
1109707	0	1230608	3
1109707	0	1255271	2
1109707	0	1608567	3
1109707	0	1719371	3
1109707	0	1719372	2
1109707	0	1719374	2
1109707	0	1823563	2
1109707	0	1911564	3
1109707	0	2245437	3
1109707	0	2510185	2
1109707	0	2646535	2
1109707	0	3039465	2
1109707	0	3039466	2
1109707	0	3982977	3
1109707	0	4099609	3
1109707	0	4122615	2
1109707	0	4122618	2
1109707	0	4236627	2
1109707	0	4237062	2
1109707	0	4294915	2
1109707	0	4332695	2
1109707	0	4370752	3
1109707	0	4370753	3
1109707	0	458599	3
1109707	0	458603	2
1109707	0	4788762	2
1109707	0	5121347	3
1109707	0	5145050	2
1109707	0	517840	2
1109707	0	517849	2
1109707	0	5415865	2
1109707	0	5740304	2
1109707	0	5813142	2
1109707	0	5826551	2
1109707	0	5942603	2
1109707	0	5947139	3
1109707	0	5947140	2
1109707	0	603152	2
1109707	0	6238285	3
1109707	0	6752975	2
1109707	0	679386	2
1109707	0	6872195	3
1109707	0	7030351	2
1109707	0	7241557	2
1109707	0	7566099	2
1109707	0	7566102	2
1109707	0	7671117	2
1109707	0	7671118	2
1109707	0	7671120	2
1109707	0	771002	3
1109707	0	771745	3
1109707	0	7979663	3
1109707	0	8008033	2
1109707	0	8165491	1
1109707	0	8165497	2
1109707	0	8363279	3
1109707	0	8363280	2
1110678	0	1174910	2
1110678	0	1191773	2
1110678	0	1263295	2
1110678	0	1273671	2
1110678	0	1273674	2
1110678	0	1273677	2
1110678	0	1327784	2
1110678	0	1368315	2
1110678	0	1555304	2
1110678	0	1710934	2
1110678	0	2126363	2
1110678	0	2310814	1
1110678	0	2713703	2
1110678	0	2713704	2
1110678	0	2713705	2
1110678	0	2713707	2
1110678	0	2713708	2
1110678	0	2713709	2
1110678	0	2713710	2
1110678	0	2713711	2
1110678	0	2748417	0
1110678	0	3116196	2
1110678	0	3195542	1
1110678	0	3559144	2
1110678	0	358450	3
1110678	0	3719134	2
1110678	0	3898227	2
1110678	0	4105531	2
1110678	0	4517440	2
1110678	0	4562240	2
1110678	0	4671167	2
1110678	0	4671169	2
1110678	0	4938479	0
1110678	0	5260903	1
1110678	0	5272210	2
1110678	0	5510586	2
1110678	0	5719597	2
1110678	0	5719602	2
1110678	0	6028890	1
1110678	0	6132506	0
1110678	0	6132507	0
1110678	0	6512111	2
1110678	0	6512116	2
1110678	0	6512117	2
1110678	0	6632692	2
1110678	0	6704694	2
1110678	0	7139329	2
1110678	0	7142094	2
1110678	0	7238156	2
1110678	0	741943	2
1110678	0	7487380	2
1110678	0	7671274	2
1110678	0	7681504	2
1110678	0	7822741	1
1110678	0	7822742	2
1110678	0	7822744	2
1110678	0	7833464	2
1110678	0	8092357	2
1110678	0	8155909	2
1110678	0	8155910	2
1110678	0	8155912	3
1110678	0	8155913	3
1110678	0	8155914	3
1110678	0	8159105	2
1110678	0	8319126	2
1110678	0	8378139	2
1110678	0	8541271	2
1113256	0	2168017	2
1113256	0	2285445	0
1113256	0	2808248	3
1113256	0	3129397	2
1113256	0	4655257	3
1113256	0	5236650	0
1113256	0	5365819	0
1113256	0	5542279	0
1113256	0	6718038	2
1113256	0	6915168	1
1113256	0	7494942	1
1113256	0	7557212	3
1113256	0	7561111	3
1113256	0	7561113	3
1113256	0	7561114	3
1113256	0	7561115	3
1113256	0	7561116	2
1113256	0	7561117	3
1113256	0	7561118	2
1113256	0	7561120	3
1113256	0	8040362	2
1113256	0	8130528	2
1113256	0	8130529	2
1113256	0	8130530	3
1113256	0	8130535	3
1113256	0	8447987	0
1115210	0	1139086	2
1115210	0	1139088	1
1115210	0	1139091	1
1115210	0	1537119	0
1115210	0	1592599	1
1115210	0	2168219	2
1115210	0	2168224	1
1115210	0	2237161	2
1115210	0	2690664	2
1115210	0	3031188	1
1115210	0	3031191	1
1115210	0	3525807	2
1115210	0	3676753	1
1115210	0	3793694	1
1115210	0	3793701	0
1115210	0	382378	1
1115210	0	3901001	1
1115210	0	409739	1
1115210	0	4189777	1
1115210	0	4450403	0
1115210	0	4450404	1
1115210	0	4722362	0
1115210	0	4781712	2
1115210	0	4791665	0
1115210	0	4902828	0
1115210	0	4981876	0
1115210	0	5547291	1
1115210	0	5547292	1
1115210	0	5547293	1
1115210	0	5547294	1
1115210	0	5547295	1
1115210	0	5547298	1
1115210	0	5547299	0
1115210	0	5769768	2
1115210	0	585138	1
1115210	0	5874877	1
1115210	0	71287	1
1115210	0	7440361	1
1115210	0	7440363	1
1115210	0	7440364	0
1115210	0	7487597	2
1115210	0	7487600	0
1115210	0	7487601	1
1115210	0	7628774	1
1115210	0	7666784	0
1115210	0	778989	2
1115210	0	8111878	2
1115210	0	8111879	2
1115210	0	8111881	1
1115210	0	8111882	2
1115210	0	8111883	1
1115210	0	8111884	2
1115210	0	8111885	2
1115210	0	8111886	3
1115210	0	8111887	2
1115210	0	8237862	0
1115210	0	8237865	0
1115210	0	8390252	1
1115210	0	8390254	1
1115210	0	840010	1
1115210	0	840012	1
1115210	0	845823	1
1115210	0	845828	2
1115210	0	8561242	1
1116380	0	1242073	1
1116380	0	1422757	2
1116380	0	1422760	2
1116380	0	1422761	1
1116380	0	1537443	3
1116380	0	1537447	3
1116380	0	1635678	2
1116380	0	1645711	0
1116380	0	1883474	1
1116380	0	189097	1
1116380	0	2302568	1
1116380	0	2302571	2
1116380	0	2557536	1
1116380	0	2626979	1
1116380	0	2626982	0
1116380	0	283258	2
1116380	0	283261	2
1116380	0	283262	2
1116380	0	283264	2
1116380	0	283266	2
1116380	0	283267	3
1116380	0	2960678	3
1116380	0	3588232	2
1116380	0	3588234	2
1116380	0	3680690	1
1116380	0	4118339	2
1116380	0	444969	1
1116380	0	5073073	0
1116380	0	5104772	1
1116380	0	5104773	2
1116380	0	5104774	1
1116380	0	5104775	1
1116380	0	5104779	1
1116380	0	521341	2
1116380	0	521345	2
1116380	0	5395322	1
1116380	0	5654382	0
1116380	0	5752652	2
1116380	0	5752653	2
1116380	0	5752657	1
1116380	0	6385486	0
1116380	0	6431022	0
1116380	0	684555	1
1116380	0	684558	2
1116380	0	684559	1
1116380	0	7215246	0
1116380	0	765646	2
1116380	0	7659172	1
1116380	0	7879731	0
1116380	0	8100541	3
1116380	0	8100542	3
1116380	0	8100543	3
1116380	0	8100545	3
1116380	0	8100546	3
1116380	0	8100548	2
1116380	0	8113949	2
1116380	0	8371014	0
1116380	0	8612548	0
1116380	0	8784326	1
1116380	0	8784331	0
1121353	0	1122644	2
1121353	0	1259245	2
1121353	0	1470180	2
1121353	0	1643468	2
1121353	0	1713980	2
1121353	0	1718235	0
1121353	0	1727596	2
1121353	0	1854970	2
1121353	0	1886363	2
1121353	0	1891190	1
1121353	0	1949495	2
1121353	0	195110	2
1121353	0	2043904	2
1121353	0	2213823	2
1121353	0	2213824	2
1121353	0	2260259	2
1121353	0	2474382	2
1121353	0	2477448	2
1121353	0	3405327	2
1121353	0	3405776	2
1121353	0	3527298	2
1121353	0	3541849	1
1121353	0	3541854	2
1121353	0	3641804	2
1121353	0	3658919	2
1121353	0	3658920	2
1121353	0	3658922	2
1121353	0	3658923	2
1121353	0	3683368	2
1121353	0	3763468	2
1121353	0	3856519	2
1121353	0	4249422	2
1121353	0	4255177	2
1121353	0	4259960	2
1121353	0	4405874	2
1121353	0	4440318	3
1121353	0	4440326	2
1121353	0	4595103	2
1121353	0	4828747	3
1121353	0	4872676	2
1121353	0	4881885	2
1121353	0	4969906	2
1121353	0	5065103	0
1121353	0	5300162	0
1121353	0	5357560	2
1121353	0	5407059	2
1121353	0	5540041	2
1121353	0	5540043	2
1121353	0	5572759	2
1121353	0	5584830	2
1121353	0	5606060	1
1121353	0	5642762	1
1121353	0	5754666	2
1121353	0	5884499	2
1121353	0	623603	0
1121353	0	623604	0
1121353	0	6352616	2
1121353	0	6352617	2
1121353	0	6352622	2
1121353	0	6379159	1
1121353	0	6381283	2
1121353	0	6599525	2
1121353	0	6606564	2
1121353	0	7070396	2
1121353	0	7191734	2
1121353	0	7344839	2
1121353	0	7363356	2
1121353	0	8041299	2
1121353	0	8053108	2
1121353	0	8053109	2
1121353	0	8053110	2
1121353	0	8053112	2
1121353	0	8053113	2
1121353	0	8053117	2
1121353	0	8081420	2
1121353	0	8083913	0
1121353	0	8261242	2
1121353	0	8436349	2
1121353	0	858644	1
1121353	0	8671649	2
1121353	0	8684415	1
1121353	0	8728942	2
1121353	0	8728948	2
1121353	0	935133	2
1121353	0	937044	2
1121353	0	946643	2
1121353	0	946647	2
1122767	0	1176273	2
1122767	0	1253475	3
1122767	0	1575377	1
1122767	0	1901639	3
1122767	0	2019367	2
1122767	0	2019371	2
1122767	0	2358778	3
1122767	0	2859904	2
1122767	0	2859907	3
1122767	0	3407781	2
1122767	0	3559293	3
1122767	0	4102083	2
1122767	0	4161416	3
1122767	0	4161419	3
1122767	0	4461311	3
1122767	0	4461313	3
1122767	0	4550504	3
1122767	0	458261	3
1122767	0	468959	3
1122767	0	4784605	3
1122767	0	4824677	2
1122767	0	4824679	2
1122767	0	5285491	2
1122767	0	5796709	3
1122767	0	5877496	2
1122767	0	5877500	3
1122767	0	6179207	2
1122767	0	6179209	2
1122767	0	6179210	3
1122767	0	6179213	2
1122767	0	668427	3
1122767	0	6727509	3
1122767	0	6851717	3
1122767	0	6851720	2
1122767	0	7544609	2
1122767	0	7863109	2
1122767	0	8039583	2
1122767	0	8039590	2
1122767	0	884946	3
1122767	0	884952	2
1127540	0	1145263	0
1127540	0	1145264	0
1127540	0	1683442	0
1127540	0	2044364	3
1127540	0	2044366	2
1127540	0	2044368	3
1127540	0	2044369	1
1127540	0	2044370	3
1127540	0	2044371	2
1127540	0	2044372	2
1127540	0	2574460	3
1127540	0	4368062	0
1127540	0	5728324	3
1127540	0	5728333	2
1127540	0	5753339	2
1127540	0	8077956	0
1127540	0	8726954	3
1127540	0	8726955	2
1127540	0	8726956	3
1127540	0	8726957	2
1127540	0	8726958	3
1127540	0	8726959	2
1127540	0	8726960	2
1127540	0	8726961	3
1127540	0	8726962	2
1127540	0	8726963	2
1131069	0	1627668	2
1131069	0	1780963	2
1131069	0	1780965	0
1131069	0	1780966	0
1131069	0	1780968	1
1131069	0	1780969	0
1131069	0	1780970	0
1131069	0	1780971	2
1131069	0	2760729	3
1131069	0	2805723	2
1131069	0	2805726	3
1131069	0	3140073	0
1131069	0	3298559	2
1131069	0	4120158	3
1131069	0	429333	2
1131069	0	4311900	2
1131069	0	4318857	3
1131069	0	5211648	1
1131069	0	5455642	0
1131069	0	5871207	1
1131069	0	6661248	0
1131069	0	6809697	0
1131069	0	6809698	0
1131069	0	6809699	0
1131069	0	6809701	0
1131069	0	6809702	0
1131069	0	6809703	0
1131069	0	6907802	0
1131069	0	6907805	1
1131069	0	6907806	0
1131069	0	6907807	2
1131069	0	6907808	3
1131069	0	6907809	1
1131069	0	7275756	0
1131069	0	7275757	0
1131069	0	7315060	2
1131069	0	7419370	2
1131069	0	7610004	0
1131069	0	7610010	0
1131069	0	7962538	2
1131069	0	8191742	0
1131069	0	8191743	1
1131069	0	8432048	1
1131069	0	8432049	3
1131069	0	8432050	3
1131069	0	8432053	0
1131069	0	8669561	2
1132532	0	1012083	1
1132532	0	1229278	0
1132532	0	1245510	3
1132532	0	1245511	2
1132532	0	23962	1
1132532	0	23966	1
1132532	0	2536147	1
1132532	0	2762578	2
1132532	0	3299150	2
1132532	0	3406612	2
1132532	0	3643206	2
1132532	0	3797904	2
1132532	0	4110870	2
1132532	0	4591601	3
1132532	0	4851673	3
1132532	0	4851677	3
1132532	0	4893092	2
1132532	0	5041349	3
1132532	0	5053525	3
1132532	0	5510988	1
1132532	0	5910809	3
1132532	0	5989422	2
1132532	0	6117740	3
1132532	0	6117745	3
1132532	0	6142066	1
1132532	0	6150717	1
1132532	0	6176605	2
1132532	0	6189364	3
1132532	0	6189365	3
1132532	0	6189366	3
1132532	0	6189367	2
1132532	0	6189369	3
1132532	0	6191514	2
1132532	0	6832788	2
1132532	0	6832789	3
1132532	0	6832790	3
1132532	0	6832791	2
1132532	0	6832793	2
1132532	0	6832794	3
1132532	0	6832795	2
1132532	0	718132	3
1132532	0	7508490	3
1132532	0	7508491	3
1132532	0	7508493	3
1132532	0	7543160	2
1132532	0	7543163	2
1132532	0	7543164	3
1132532	0	7941105	3
1132532	0	8307656	3
1132532	0	8307661	3
1132532	0	8318621	3
1132532	0	8318622	3
1132532	0	94140	1
1132532	0	986668	3
1133579	0	1200778	2
1133579	0	1200780	2
1133579	0	1318194	2
1133579	0	1659305	2
1133579	0	1659306	2
1133579	0	1659308	3
1133579	0	1694484	1
1133579	0	1694485	2
1133579	0	1817052	3
1133579	0	1817055	3
1133579	0	1817057	2
1133579	0	2067537	2
1133579	0	2067540	1
1133579	0	2067544	2
1133579	0	2067545	1
1133579	0	2448462	2
1133579	0	2727068	2
1133579	0	2829602	2
1133579	0	3321778	2
1133579	0	3691482	2
1133579	0	3691484	2
1133579	0	3691486	3
1133579	0	3841449	2
1133579	0	4057637	2
1133579	0	4057642	2
1133579	0	4274862	2
1133579	0	4274863	3
1133579	0	4274864	2
1133579	0	4274865	2
1133579	0	4506270	2
1133579	0	4668677	2
1133579	0	4868943	1
1133579	0	4931641	2
1133579	0	4931642	2
1133579	0	4931644	2
1133579	0	4931645	2
1133579	0	5277542	2
1133579	0	5277543	3
1133579	0	6252755	2
1133579	0	6252757	2
1133579	0	6600375	3
1133579	0	670206	3
1133579	0	7011715	2
1133579	0	7011718	2
1133579	0	733202	2
1133579	0	733203	3
1133579	0	733207	2
1133579	0	733208	2
1133579	0	733210	2
1133579	0	8220878	2
1133579	0	8379135	2
1133579	0	852137	2
1136043	0	1056534	2
1136043	0	1056535	0
1136043	0	1056537	1
1136043	0	1056540	2
1136043	0	1634131	2
1136043	0	1634132	2
1136043	0	1634134	2
1136043	0	2428271	1
1136043	0	2701068	2
1136043	0	3028339	1
1136043	0	4882508	2
1136043	0	4970862	1
1136043	0	5000763	1
1136043	0	5477706	1
1136043	0	5575991	0
1136043	0	6420308	1
1136043	0	6883734	2
1136043	0	7880131	1
1136043	0	852195	1
1136043	0	852196	0
1136043	0	852197	1
1136043	0	8728069	2
1136043	0	8728070	2
1136043	0	8728071	3
1136043	0	8728072	2
1136043	0	8728074	3
1136043	0	8728076	3
1136043	0	8728077	3
1136043	0	8728078	1
1136047	0	1716878	2
1136047	0	1716882	2
1136047	0	2186578	3
1136047	0	2330118	2
1136047	0	2815435	2
1136047	0	2815436	1
1136047	0	3006066	2
1136047	0	3447385	1
1136047	0	3775376	2
1136047	0	3960078	1
1136047	0	3988779	2
1136047	0	512481	3
1136047	0	512482	3
1136047	0	512483	2
1136047	0	512487	2
1136047	0	512489	2
1136047	0	6093345	1
1136047	0	6499345	1
1136047	0	7009393	2
1136047	0	7540967	2
1136047	0	7540969	2
1136047	0	7571090	2
1136047	0	8328670	2
1136047	0	8724031	3
1136047	0	8724032	3
1136047	0	8724033	3
1136047	0	8724034	2
1136047	0	8724035	3
1136047	0	8724036	3
1136047	0	8724038	3
1136962	0	2293833	0
1136962	0	2668190	2
1136962	0	275377	0
1136962	0	277849	3
1136962	0	3293337	3
1136962	0	3348372	3
1136962	0	3646987	2
1136962	0	3863653	2
1136962	0	4088981	2
1136962	0	4170447	3
1136962	0	4548553	3
1136962	0	4589723	3
1136962	0	4589724	3
1136962	0	4589728	3
1136962	0	4589730	3
1136962	0	4601613	2
1136962	0	5414508	3
1136962	0	5471438	3
1136962	0	596001	3
1136962	0	6185710	3
1136962	0	6185711	3
1136962	0	6185712	3
1136962	0	6185714	3
1136962	0	6185715	2
1136962	0	6185716	2
1136962	0	6185717	3
1136962	0	6211004	3
1136962	0	6684779	3
1136962	0	7631079	3
1136962	0	7631083	2
1136962	0	7631084	2
1136962	0	8336574	3
1136962	0	8336578	2
118440	0	1072191	1
118440	0	1305126	2
118440	0	1323064	3
118440	0	1445681	1
118440	0	1445685	2
118440	0	1569786	3
118440	0	1569787	3
118440	0	158199	0
118440	0	158205	0
118440	0	1827531	1
118440	0	230122	2
118440	0	232473	3
118440	0	2504007	2
118440	0	2674158	1
118440	0	2699180	3
118440	0	2699188	3
118440	0	2843799	3
118440	0	2975214	0
118440	0	2975216	0
118440	0	3033116	2
118440	0	3104947	2
118440	0	3104953	1
118440	0	3647356	2
118440	0	3647357	1
118440	0	4236463	2
118440	0	4403465	2
118440	0	4403471	2
118440	0	4574420	1
118440	0	4737856	2
118440	0	4868258	2
118440	0	5149039	1
118440	0	5229209	0
118440	0	6360238	2
118440	0	6382751	2
118440	0	6382753	2
118440	0	6382755	1
118440	0	6609239	2
118440	0	6609240	2
118440	0	6687966	2
118440	0	6744365	3
118440	0	6744368	0
118440	0	6750547	2
118440	0	6750548	0
118440	0	6750549	0
118440	0	6750551	2
118440	0	6750552	1
118440	0	6750554	0
118440	0	6802137	3
118440	0	7035722	3
118440	0	7159218	2
118440	0	7539487	3
118440	0	7703789	0
118440	0	7967582	1
118440	0	8412702	3
118440	0	8527723	3
118440	0	8785852	2
121171	0	1278921	1
121171	0	1278923	3
121171	0	1278926	3
121171	0	2550806	3
121171	0	2550807	2
121171	0	2550810	3
121171	0	2550811	3
121171	0	2550813	2
121171	0	2550814	2
121171	0	259430	3
121171	0	259431	3
121171	0	259433	2
121171	0	259434	2
121171	0	259435	2
121171	0	259436	3
121171	0	259437	1
121171	0	2626101	3
121171	0	2631827	2
121171	0	2735732	2
121171	0	3092263	2
121171	0	3812019	2
121171	0	3812022	3
121171	0	451170	3
121171	0	451171	3
121171	0	451172	2
121171	0	451173	2
121171	0	451174	2
121171	0	451175	3
121171	0	451176	2
121171	0	5809826	2
121171	0	5809831	3
121171	0	5930988	1
121171	0	6580476	2
121171	0	7165126	1
121171	0	7224846	1
121171	0	8056821	1
121171	0	8164251	2
121171	0	8260188	2
121171	0	8260191	3
121171	0	8260192	3
121171	0	8260193	2
121171	0	8260194	2
121171	0	8260195	2
121171	0	8643275	2
135802	0	1103938	3
135802	0	1256034	2
135802	0	2539732	1
135802	0	2539740	1
135802	0	2739063	2
135802	0	2739069	2
135802	0	2739070	0
135802	0	3624450	2
135802	0	366625	0
135802	0	4007446	3
135802	0	4007447	1
135802	0	4347259	1
135802	0	4382396	3
135802	0	4411252	2
135802	0	4919670	3
135802	0	5394718	1
135802	0	6037331	2
135802	0	6037338	2
135802	0	663707	1
135802	0	7003682	3
135802	0	7020899	2
135802	0	7075501	2
135802	0	7144826	0
135802	0	7327478	2
135802	0	802446	2
135802	0	8120579	2
135802	0	8264847	2
135802	0	8692619	3
135802	0	8692620	2
135802	0	8692621	2
135802	0	8692622	2
135802	0	8692623	3
135802	0	8692624	3
135802	0	8692625	2
135802	0	8692626	3
135802	0	8692627	2
135802	0	8692628	3
141630	0	1157245	3
141630	0	1157249	3
141630	0	1157251	3
141630	0	1314689	2
141630	0	1353759	3
141630	0	1889340	3
141630	0	2173072	3
141630	0	2366119	3
141630	0	2366121	3
141630	0	2473236	2
141630	0	2752564	3
141630	0	2851002	3
141630	0	3000836	2
141630	0	3096184	3
141630	0	3139270	3
141630	0	340875	3
141630	0	3500851	3
141630	0	3500852	2
141630	0	3500854	3
141630	0	3500855	3
141630	0	3500856	3
141630	0	3500857	3
141630	0	3500860	3
141630	0	3672655	3
141630	0	3722955	1
141630	0	4098919	3
141630	0	4098924	3
141630	0	4101944	3
141630	0	4101946	3
141630	0	4101951	3
141630	0	4101953	3
141630	0	4422338	3
141630	0	4422339	3
141630	0	4422342	3
141630	0	4422344	3
141630	0	5098393	3
141630	0	5098396	3
141630	0	5098397	3
141630	0	5098398	3
141630	0	5126206	3
141630	0	5126207	2
141630	0	5337305	3
141630	0	5389973	3
141630	0	5694666	3
141630	0	5921140	3
141630	0	6007469	3
141630	0	6064897	3
141630	0	6290795	3
141630	0	6319711	3
141630	0	6496225	3
141630	0	6496226	3
141630	0	6496228	3
141630	0	6530476	3
141630	0	6580043	3
141630	0	6638749	3
141630	0	6861521	3
141630	0	6865899	3
141630	0	7107466	3
141630	0	7705603	3
141630	0	7985117	3
141630	0	7985118	3
141630	0	8068281	3
141630	0	806878	3
141630	0	8225222	3
141630	0	8319987	3
141630	0	8319989	3
141630	0	8319990	3
141630	0	8319991	3
141630	0	8319993	3
141630	0	861355	3
141630	0	8653585	3
141630	0	8653589	3
141630	0	8685361	3
141630	0	8768725	3
141630	0	885784	2
156498	0	104801	3
156498	0	104803	3
156498	0	1066785	2
156498	0	1066789	2
156498	0	1564664	0
156498	0	1584048	1
156498	0	1663164	3
156498	0	1840047	0
156498	0	2167314	3
156498	0	3288004	1
156498	0	3301559	3
156498	0	3301562	3
156498	0	3301563	3
156498	0	3397582	0
156498	0	3669926	2
156498	0	3852372	0
156498	0	4026114	2
156498	0	4273410	2
156498	0	4273412	2
156498	0	4273418	3
156498	0	4273419	3
156498	0	4325225	0
156498	0	4468111	1
156498	0	463355	0
156498	0	494576	1
156498	0	4960216	3
156498	0	4960218	1
156498	0	5606985	2
156498	0	6555091	0
156498	0	6648988	0
156498	0	7393854	0
156498	0	7393858	2
156498	0	7456851	1
156498	0	8146073	1
156498	0	824332	0
156498	0	8615232	0
156498	0	8648969	2
156498	0	8823842	1
169208	0	1395413	3
169208	0	1395417	3
169208	0	1395418	2
169208	0	1480206	0
169208	0	2294759	0
169208	0	2408681	1
169208	0	2888367	3
169208	0	3408570	1
169208	0	3561306	0
169208	0	3715860	3
169208	0	4085645	1
169208	0	4180364	0
169208	0	4202275	3
169208	0	4202278	3
169208	0	4321613	0
169208	0	4354838	0
169208	0	4580131	3
169208	0	4580132	2
169208	0	4580133	3
169208	0	4580137	1
169208	0	4580139	3
169208	0	4694325	0
169208	0	4728189	0
169208	0	4762134	2
169208	0	4762135	2
169208	0	4762140	3
169208	0	4762141	3
169208	0	4859432	3
169208	0	4859433	3
169208	0	4859437	3
169208	0	4859438	3
169208	0	5268915	2
169208	0	5541538	1
169208	0	5872890	1
169208	0	6252711	1
169208	0	6413011	1
169208	0	6435804	0
169208	0	6808748	3
169208	0	7169063	2
169208	0	721607	2
169208	0	721610	2
169208	0	7251639	3
169208	0	8230949	2
169208	0	8303019	2
169208	0	8411957	0
169208	0	8518731	2
169208	0	8518733	1
169208	0	85987	2
169208	0	85989	3
174463	0	1013078	1
174463	0	1024759	1
174463	0	1024761	2
174463	0	1024762	2
174463	0	1024763	1
174463	0	1024764	2
174463	0	1024766	1
174463	0	1024767	2
174463	0	102528	1
174463	0	1070616	1
174463	0	1479952	2
174463	0	1567952	1
174463	0	1567956	1
174463	0	1567958	1
174463	0	1567960	2
174463	0	1788354	1
174463	0	1788355	2
174463	0	1835370	1
174463	0	1835371	1
174463	0	1835375	2
174463	0	1835377	1
174463	0	1854166	2
174463	0	1854167	1
174463	0	2382185	1
174463	0	2533619	1
174463	0	2533622	1
174463	0	2533623	0
174463	0	2533624	1
174463	0	2533625	1
174463	0	2533626	1
174463	0	299161	1
174463	0	3213498	1
174463	0	3235293	0
174463	0	3501225	1
174463	0	3501229	0
174463	0	3716946	0
174463	0	3716947	0
174463	0	4275746	0
174463	0	4275747	0
174463	0	4275752	0
174463	0	4321177	1
174463	0	4452289	1
174463	0	4452291	0
174463	0	4501665	0
174463	0	4662168	0
174463	0	4665971	1
174463	0	470707	1
174463	0	470708	2
174463	0	470710	2
174463	0	470711	1
174463	0	470712	2
174463	0	4710618	2
174463	0	5084515	1
174463	0	5264564	1
174463	0	5264567	1
174463	0	5303493	1
174463	0	5303495	2
174463	0	5303496	1
174463	0	5538544	0
174463	0	5641976	1
174463	0	5688367	1
174463	0	5779094	1
174463	0	6083368	2
174463	0	6083369	2
174463	0	6083371	1
174463	0	6094016	1
174463	0	6094017	2
174463	0	6094019	1
174463	0	6294949	0
174463	0	6330267	0
174463	0	6718985	1
174463	0	6718987	2
174463	0	6867423	1
174463	0	7089624	2
174463	0	7089625	1
174463	0	7089627	1
174463	0	7089629	2
174463	0	7089630	1
174463	0	7089632	2
174463	0	7314482	0
174463	0	7812730	0
174463	0	8304451	1
174463	0	8304454	2
174463	0	8304456	3
174463	0	8304457	2
174463	0	8304458	3
174463	0	8454980	2
174463	0	8770949	1
23849	0	1034183	2
23849	0	1068470	2
23849	0	1158886	2
23849	0	1215556	1
23849	0	1333480	1
23849	0	1449785	1
23849	0	1460057	1
23849	0	1594083	1
23849	0	1601003	1
23849	0	1622747	1
23849	0	1739455	2
23849	0	178252	1
23849	0	1825393	1
23849	0	188190	2
23849	0	1944730	2
23849	0	2039331	1
23849	0	2055243	0
23849	0	2199035	2
23849	0	2209883	3
23849	0	2217275	2
23849	0	2516458	0
23849	0	2647769	3
23849	0	2674124	0
23849	0	3978767	2
23849	0	4188880	2
23849	0	4237823	2
23849	0	4281690	2
23849	0	4348282	1
23849	0	436721	1
23849	0	446099	1
23849	0	4491642	1
23849	0	4556932	2
23849	0	4556933	2
23849	0	4556938	1
23849	0	4712571	2
23849	0	4806514	1
23849	0	4834498	1
23849	0	4920679	1
23849	0	4942375	1
23849	0	4944603	2
23849	0	5143193	2
23849	0	5255098	2
23849	0	5340997	2
23849	0	542113	1
23849	0	5913890	2
23849	0	5925321	1
23849	0	6054726	1
23849	0	6252656	1
23849	0	6328471	1
23849	0	6667419	1
23849	0	6688737	2
23849	0	6688738	2
23849	0	6688741	1
23849	0	6688742	2
23849	0	6688743	2
23849	0	6705133	1
23849	0	6722889	1
23849	0	6722890	1
23849	0	6849942	1
23849	0	7014217	1
23849	0	7119957	2
23849	0	7160298	2
23849	0	7165935	1
23849	0	7402729	2
23849	0	7431268	1
23849	0	7519911	1
23849	0	7655100	2
23849	0	7845081	1
23849	0	799642	1
23849	0	8010558	2
23849	0	8010559	2
23849	0	8010560	2
23849	0	8010561	2
23849	0	8010562	2
23849	0	8010563	2
23849	0	8010564	2
23849	0	8010565	2
23849	0	8010566	2
23849	0	8013217	1
23849	0	8017141	2
23849	0	8052286	1
23849	0	8059826	1
23849	0	8126279	2
23849	0	8133127	1
23849	0	8162522	1
23849	0	8246990	1
23849	0	8264389	1
23849	0	8350307	1
23849	0	8466742	1
23849	0	8466743	1
23849	0	8466744	1
23849	0	8466750	1
23849	0	8665052	2
23849	0	8752783	2
23849	0	8769995	2
23849	0	886103	1
23849	0	958491	2
258062	0	1311741	3
258062	0	1348968	3
258062	0	1805967	3
258062	0	18103	2
258062	0	2087378	2
258062	0	2510542	2
258062	0	2707010	2
258062	0	2898169	3
258062	0	3012167	2
258062	0	3189004	2
258062	0	3195767	2
258062	0	3297029	1
258062	0	3392238	3
258062	0	3404354	2
258062	0	3683402	1
258062	0	3695217	2
258062	0	3777927	2
258062	0	3777928	2
258062	0	3777930	2
258062	0	3947010	2
258062	0	4155912	3
258062	0	4159145	2
258062	0	4159344	2
258062	0	4159345	2
258062	0	4174306	2
258062	0	4174308	2
258062	0	4174310	2
258062	0	4174313	2
258062	0	4595794	3
258062	0	4595795	3
258062	0	5456429	2
258062	0	5993823	3
258062	0	5993826	2
258062	0	6084336	3
258062	0	6084339	3
258062	0	63211	1
258062	0	639084	1
258062	0	6990374	3
258062	0	7068639	2
258062	0	7532084	1
258062	0	8694158	3
258062	0	8694161	3
258062	0	8694163	3
258062	0	91493	2
258062	0	955811	3
258062	0	955813	3
324585	0	1051441	1
324585	0	1536988	3
324585	0	1536989	2
324585	0	1536990	3
324585	0	1536995	2
324585	0	1536997	3
324585	0	2193462	0
324585	0	2194313	0
324585	0	2944861	0
324585	0	296622	1
324585	0	3608325	1
324585	0	405277	3
324585	0	405281	3
324585	0	405282	1
324585	0	4467785	0
324585	0	4532866	0
324585	0	4765769	2
324585	0	5131128	0
324585	0	5525879	3
324585	0	5610255	0
324585	0	5996798	0
324585	0	6369620	0
324585	0	6393239	0
324585	0	6480421	1
324585	0	6480422	2
324585	0	6565613	0
324585	0	6712393	0
324585	0	6842100	1
324585	0	7006319	0
324585	0	7519882	0
324585	0	7568187	0
324585	0	7653696	2
324585	0	7941122	1
324585	0	7941125	1
324585	0	7941129	1
324585	0	7941130	1
324585	0	7987550	0
324585	0	8290308	2
324585	0	8290309	3
324585	0	8290310	2
324585	0	8290314	3
324585	0	8310496	2
324585	0	8310498	3
324585	0	8310499	3
324585	0	8310502	3
324585	0	8310503	3
324585	0	8381474	0
324585	0	8467798	0
324585	0	8500120	3
324585	0	8500121	3
324585	0	8500123	3
324585	0	8500124	2
324585	0	8762257	2
330975	0	1097861	3
330975	0	1598185	3
330975	0	1637261	2
330975	0	2299996	2
330975	0	233944	3
330975	0	233945	2
330975	0	233946	3
330975	0	233948	2
330975	0	233949	2
330975	0	233950	2
330975	0	233951	3
330975	0	233952	3
330975	0	3240106	2
330975	0	3240112	3
330975	0	3256083	2
330975	0	3256084	3
330975	0	3297854	2
330975	0	3297855	3
330975	0	3297856	3
330975	0	3297857	3
330975	0	3297858	3
330975	0	3335804	2
330975	0	3857965	3
330975	0	4043524	0
330975	0	4108178	3
330975	0	4108179	2
330975	0	4392140	3
330975	0	4392141	2
330975	0	4392144	3
330975	0	4392147	3
330975	0	4620919	3
330975	0	4620920	2
330975	0	4620924	3
330975	0	4695292	3
330975	0	482130	3
330975	0	482131	2
330975	0	4896437	2
330975	0	5190215	3
330975	0	5196922	2
330975	0	5393803	3
330975	0	5393804	3
330975	0	5393805	3
330975	0	5427108	3
330975	0	5557976	3
330975	0	5557977	2
330975	0	5580311	2
330975	0	5750875	3
330975	0	5750877	2
330975	0	5750880	3
330975	0	6310757	3
330975	0	6559225	3
330975	0	6625786	2
330975	0	6693239	3
330975	0	702098	2
330975	0	7074783	2
330975	0	7624927	1
330975	0	7908218	1
330975	0	8327009	2
330975	0	8327012	3
330975	0	8541455	2
330975	0	8541461	3
332593	0	1167184	2
332593	0	1443723	2
332593	0	1443727	2
332593	0	1539776	2
332593	0	1650687	2
332593	0	1905432	1
332593	0	329112	2
332593	0	3336840	1
332593	0	3731313	3
332593	0	4023721	2
332593	0	4023722	2
332593	0	4431498	2
332593	0	4431502	2
332593	0	4614346	2
332593	0	4952095	2
332593	0	5241320	2
332593	0	5241321	2
332593	0	5241322	3
332593	0	5241323	2
332593	0	5241324	2
332593	0	5241326	2
332593	0	5241328	2
332593	0	5707522	0
332593	0	6007038	2
332593	0	6007041	1
332593	0	6007045	2
332593	0	6514779	1
332593	0	6514781	1
332593	0	6534081	2
332593	0	6534089	2
332593	0	6765225	2
332593	0	6765227	2
332593	0	7073993	1
332593	0	7073995	2
332593	0	7073996	2
332593	0	7073999	2
332593	0	8021425	1
332593	0	8091681	2
332593	0	8434869	2
332593	0	8434871	3
332593	0	8434872	1
332593	0	8434873	2
332593	0	8749229	2
332593	0	8749230	2
332593	0	8749231	2
336901	0	1521213	0
336901	0	1674353	0
336901	0	1768586	0
336901	0	213017	1
336901	0	2291851	0
336901	0	2291853	0
336901	0	2537065	1
336901	0	2589736	1
336901	0	2909600	1
336901	0	2934191	0
336901	0	3330854	2
336901	0	3386083	1
336901	0	3646550	2
336901	0	3987390	0
336901	0	4028521	1
336901	0	4048104	0
336901	0	4420994	0
336901	0	4789969	0
336901	0	4954233	0
336901	0	5064227	2
336901	0	5100469	0
336901	0	5147393	1
336901	0	5384135	0
336901	0	560665	0
336901	0	5901048	0
336901	0	6017280	1
336901	0	6017284	1
336901	0	6017286	1
336901	0	6017287	1
336901	0	6054128	0
336901	0	6096613	1
336901	0	6096614	1
336901	0	6560790	1
336901	0	7402234	0
336901	0	7459686	1
336901	0	7836253	0
336901	0	7836254	0
336901	0	7836255	1
336901	0	7836256	1
336901	0	7836258	1
336901	0	7836261	1
336901	0	8130980	1
336901	0	8528674	3
336901	0	8528675	2
336901	0	8528677	1
336901	0	8528678	3
336901	0	8528679	2
336901	0	8528680	1
336901	0	8528681	1
336901	0	8528682	1
336901	0	8740069	1
336901	0	8794743	0
390360	0	1032410	3
390360	0	1093722	1
390360	0	1139946	1
390360	0	1139949	2
390360	0	121529	1
390360	0	1326095	2
390360	0	1378333	3
390360	0	1378337	2
390360	0	1609998	2
390360	0	1927069	1
390360	0	2168033	2
390360	0	2173448	2
390360	0	217537	1
390360	0	217540	1
390360	0	2203875	2
390360	0	2203877	2
390360	0	2419904	3
390360	0	2784297	3
390360	0	3104906	0
390360	0	324991	2
390360	0	324992	2
390360	0	324994	2
390360	0	3518921	1
390360	0	3623762	1
390360	0	3988320	0
390360	0	425021	3
390360	0	4546335	1
390360	0	4619216	3
390360	0	4619218	3
390360	0	4683960	2
390360	0	473001	2
390360	0	5423359	2
390360	0	566410	1
390360	0	604111	2
390360	0	6179316	1
390360	0	6492799	2
390360	0	6492800	2
390360	0	6492801	2
390360	0	6492802	2
390360	0	6999350	2
390360	0	7166011	1
390360	0	7186643	2
390360	0	7406840	3
390360	0	7462672	2
390360	0	7666614	2
390360	0	7679050	3
390360	0	7807146	2
390360	0	8009002	3
390360	0	8384887	2
390360	0	844997	2
390360	0	860971	1
390360	0	8630609	3
390360	0	8630611	3
390360	0	8630612	3
390360	0	8630613	3
390360	0	8630614	3
390360	0	8630616	2
390360	0	8630617	2
390360	0	8630618	3
390360	0	963941	2
390360	0	963943	2
405163	0	1041997	2
405163	0	1108748	1
405163	0	1212298	2
405163	0	1234964	1
405163	0	1305759	2
405163	0	1330010	2
405163	0	1352545	1
405163	0	1352548	1
405163	0	1506457	1
405163	0	1518539	1
405163	0	1518541	2
405163	0	1567779	1
405163	0	1655999	1
405163	0	1667024	1
405163	0	1667027	2
405163	0	1893016	1
405163	0	1902864	0
405163	0	1902866	2
405163	0	2016025	2
405163	0	2055218	2
405163	0	2077809	2
405163	0	2139588	1
405163	0	2407799	1
405163	0	2748170	1
405163	0	2806293	1
405163	0	2806296	1
405163	0	289329	1
405163	0	2902930	1
405163	0	295189	2
405163	0	306987	1
405163	0	306992	1
405163	0	3216136	2
405163	0	3600866	2
405163	0	3602402	1
405163	0	3850032	1
405163	0	3918981	1
405163	0	3918983	2
405163	0	4058115	2
405163	0	4228172	2
405163	0	4232058	1
405163	0	429245	2
405163	0	429246	2
405163	0	429247	2
405163	0	4346504	2
405163	0	4409822	1
405163	0	4642223	1
405163	0	5095855	1
405163	0	5214452	2
405163	0	5248627	1
405163	0	5282651	2
405163	0	5514160	1
405163	0	5523884	1
405163	0	5658841	2
405163	0	5706290	2
405163	0	5706291	2
405163	0	5710977	1
405163	0	5746714	2
405163	0	5746717	2
405163	0	5768619	1
405163	0	5897402	1
405163	0	5909565	1
405163	0	5909571	3
405163	0	5922369	1
405163	0	6250234	1
405163	0	6289824	2
405163	0	6334781	2
405163	0	647592	2
405163	0	647594	2
405163	0	6689927	1
405163	0	6689928	2
405163	0	6707943	1
405163	0	6770821	1
405163	0	6796414	1
405163	0	6796624	2
405163	0	6877861	2
405163	0	6916264	3
405163	0	6945009	2
405163	0	6945011	3
405163	0	6945014	1
405163	0	6965575	2
405163	0	7044508	1
405163	0	7196947	1
405163	0	72203	0
405163	0	7392422	2
405163	0	7454159	1
405163	0	7622492	2
405163	0	7754279	2
405163	0	7969801	2
405163	0	8282533	1
405163	0	834747	2
405163	0	834754	2
405163	0	8445975	2
405163	0	8482540	0
405163	0	851536	2
405163	0	8608597	2
405163	0	8608603	1
405163	0	8633840	1
405163	0	863570	2
405163	0	8682163	2
405163	0	8682164	1
405163	0	8707747	2
405163	0	931373	2
405163	0	978353	2
42255	0	1470400	2
42255	0	1470405	0
42255	0	1601664	2
42255	0	1601667	2
42255	0	179535	2
42255	0	182410	2
42255	0	1896377	1
42255	0	1896381	0
42255	0	2067180	2
42255	0	2229964	1
42255	0	2584026	2
42255	0	2673765	0
42255	0	2799681	0
42255	0	2799685	0
42255	0	2834575	2
42255	0	2882385	0
42255	0	3063186	0
42255	0	3063187	0
42255	0	3063191	1
42255	0	3077466	2
42255	0	3077467	1
42255	0	3349782	1
42255	0	363752	1
42255	0	3716276	2
42255	0	3716279	1
42255	0	3716280	2
42255	0	3716282	1
42255	0	3723425	0
42255	0	3817242	1
42255	0	3817246	1
42255	0	471838	2
42255	0	5076181	2
42255	0	5326925	2
42255	0	5519434	2
42255	0	5550457	0
42255	0	5571057	1
42255	0	5778518	2
42255	0	5783297	2
42255	0	5783300	1
42255	0	5801316	1
42255	0	5921270	2
42255	0	5997797	2
42255	0	5997799	1
42255	0	5997800	0
42255	0	6098597	1
42255	0	6098598	2
42255	0	6098601	0
42255	0	6098603	2
42255	0	6120375	1
42255	0	6120376	1
42255	0	6159642	1
42255	0	6159644	1
42255	0	630087	2
42255	0	6307609	0
42255	0	6314164	2
42255	0	6487361	2
42255	0	6528860	2
42255	0	6784918	0
42255	0	6784924	1
42255	0	6971736	2
42255	0	6971740	2
42255	0	7123386	1
42255	0	7123389	0
42255	0	729163	1
42255	0	7688778	2
42255	0	7688780	0
42255	0	7944025	2
42255	0	7944026	2
42255	0	8012296	2
42255	0	8070166	2
42255	0	8286390	1
42255	0	8286391	1
42255	0	8286392	2
42255	0	8328839	1
42255	0	8328843	2
42255	0	8372967	0
42255	0	8372968	3
42255	0	857475	1
42255	0	857478	1
42255	0	857479	1
42255	0	8586795	0
42255	0	8720119	1
42255	0	8746188	3
42255	0	8746189	3
42255	0	8746190	1
42255	0	8746191	2
42255	0	8746192	1
42255	0	8746193	2
42255	0	8746194	2
42255	0	8746195	2
42255	0	8746196	2
42255	0	8746197	3
47210	0	1560499	2
47210	0	2042918	3
47210	0	2042923	2
47210	0	2042924	2
47210	0	2042926	2
47210	0	2042927	1
47210	0	2338383	2
47210	0	2338385	3
47210	0	2545998	3
47210	0	2545999	2
47210	0	2546001	3
47210	0	2546002	3
47210	0	2546005	3
47210	0	2546007	3
47210	0	3304358	3
47210	0	3304359	3
47210	0	3757931	3
47210	0	3757932	3
47210	0	4007104	3
47210	0	4007106	2
47210	0	4748994	2
47210	0	4748997	2
47210	0	4766143	1
47210	0	5207326	3
47210	0	5207328	3
47210	0	5207329	3
47210	0	5301404	3
47210	0	5301406	3
47210	0	5497272	3
47210	0	5497278	2
47210	0	5642104	3
47210	0	5691600	3
47210	0	6168517	2
47210	0	6180504	3
47210	0	6180507	2
47210	0	6502207	2
47210	0	6502208	3
47210	0	6990781	2
47210	0	7367872	3
47210	0	7367873	2
47210	0	7367874	1
47210	0	7509249	3
47210	0	7509252	3
47210	0	7562282	2
47210	0	7562284	2
47210	0	8261978	2
47210	0	8646329	2
47210	0	8646330	3
47210	0	8646331	2
555530	0	1114218	3
555530	0	1447386	3
555530	0	1526190	2
555530	0	1536620	3
555530	0	1554646	1
555530	0	1618154	2
555530	0	1672654	3
555530	0	1754577	3
555530	0	1754578	2
555530	0	1754579	3
555530	0	1754584	3
555530	0	1807676	3
555530	0	1897713	3
555530	0	1897716	3
555530	0	1897718	3
555530	0	1897720	2
555530	0	2217431	3
555530	0	2354213	2
555530	0	264683	3
555530	0	2805520	3
555530	0	2906190	3
555530	0	2978164	3
555530	0	2978171	3
555530	0	338636	3
555530	0	3559167	2
555530	0	3703992	3
555530	0	3717582	3
555530	0	3764719	3
555530	0	4071550	3
555530	0	4137963	2
555530	0	4137964	3
555530	0	4238674	3
555530	0	4240158	3
555530	0	4296807	1
555530	0	448525	3
555530	0	448529	3
555530	0	4744248	3
555530	0	474541	3
555530	0	474544	3
555530	0	480988	3
555530	0	5106749	3
555530	0	5182520	3
555530	0	561169	1
555530	0	5753585	3
555530	0	5846397	3
555530	0	6078221	3
555530	0	6078228	3
555530	0	6108232	2
555530	0	6221470	3
555530	0	6225332	3
555530	0	6309262	3
555530	0	6434719	3
555530	0	6449364	3
555530	0	6450951	3
555530	0	6450953	3
555530	0	6485976	3
555530	0	6579581	2
555530	0	668366	3
555530	0	6869537	3
555530	0	6913116	3
555530	0	6936082	3
555530	0	6938328	3
555530	0	6990474	3
555530	0	7179784	3
555530	0	7179789	3
555530	0	7179791	3
555530	0	7232504	3
555530	0	7246139	3
555530	0	7339147	3
555530	0	7349580	3
555530	0	7419503	3
555530	0	7475084	3
555530	0	7606337	3
555530	0	7766457	3
555530	0	7766465	3
555530	0	8025704	2
555530	0	8097532	3
555530	0	8276743	2
555530	0	8461277	3
555530	0	8637526	3
555530	0	910809	2
555530	0	971429	2
583468	0	119352	3
583468	0	119354	3
583468	0	1546128	3
583468	0	1675561	3
583468	0	1675562	3
583468	0	1675564	3
583468	0	1675566	3
583468	0	2080306	2
583468	0	2267048	3
583468	0	2267052	3
583468	0	2267054	3
583468	0	3466606	3
583468	0	3466607	3
583468	0	6286922	3
583468	0	6286927	2
583468	0	6286928	3
583468	0	6578660	3
583468	0	6654310	2
583468	0	7450717	3
583468	0	7450718	3
583468	0	7450725	3
583468	0	7465955	3
583468	0	7491697	3
583468	0	7491698	3
583468	0	7491700	3
583468	0	7491704	3
583468	0	7491705	3
583468	0	7706119	3
583468	0	7706120	3
583468	0	7706122	3
583468	0	7744346	3
583468	0	7744347	3
583468	0	7744348	3
583468	0	7744349	3
583468	0	7744350	3
583468	0	7744351	3
583468	0	8144451	3
583468	0	8326078	2
583468	0	8326080	3
583468	0	8395840	3
583468	0	914666	3
583468	0	914668	3
640502	0	1034851	3
640502	0	1091791	2
640502	0	1091795	3
640502	0	1226398	2
640502	0	1226405	3
640502	0	1304073	2
640502	0	1467731	1
640502	0	1467737	1
640502	0	172502	3
640502	0	1754997	3
640502	0	1775697	3
640502	0	1854588	3
640502	0	1957247	3
640502	0	1957252	3
640502	0	208378	2
640502	0	2096762	3
640502	0	2096764	2
640502	0	2442847	3
640502	0	2445381	2
640502	0	2701130	2
640502	0	2808569	3
640502	0	2808576	2
640502	0	2989518	2
640502	0	2989520	3
640502	0	3255505	1
640502	0	3263516	3
640502	0	3511308	3
640502	0	3511310	2
640502	0	3551380	2
640502	0	3678130	2
640502	0	3992434	3
640502	0	4088602	0
640502	0	4088606	3
640502	0	409318	3
640502	0	4132983	3
640502	0	418508	3
640502	0	4261742	3
640502	0	4422928	0
640502	0	4778464	3
640502	0	5073872	3
640502	0	5150987	3
640502	0	5150990	3
640502	0	5161853	2
640502	0	5539487	3
640502	0	598202	3
640502	0	598204	2
640502	0	6146400	3
640502	0	6304677	2
640502	0	6414861	0
640502	0	6497380	2
640502	0	6497385	3
640502	0	6679958	3
640502	0	6730883	2
640502	0	6730884	3
640502	0	6730887	3
640502	0	6985038	3
640502	0	7109037	3
640502	0	7160373	1
640502	0	7456406	3
640502	0	7540167	3
640502	0	77134	3
640502	0	8003526	2
640502	0	8412227	3
640502	0	8412229	3
640502	0	8451475	3
67316	0	1114355	1
67316	0	1134520	1
67316	0	1191975	2
67316	0	1233288	1
67316	0	1261955	2
67316	0	1277368	1
67316	0	1325092	1
67316	0	1401789	2
67316	0	1408563	1
67316	0	1920786	1
67316	0	1974374	0
67316	0	1974375	1
67316	0	209702	2
67316	0	2268657	2
67316	0	2365991	1
67316	0	2688813	2
67316	0	2930660	3
67316	0	2930661	2
67316	0	3063530	1
67316	0	308681	1
67316	0	3250707	2
67316	0	3272839	2
67316	0	3393479	2
67316	0	3557361	0
67316	0	3761777	2
67316	0	3810716	1
67316	0	3810719	1
67316	0	3857558	2
67316	0	3871324	2
67316	0	3942287	2
67316	0	4141330	1
67316	0	4163705	1
67316	0	4163707	1
67316	0	4180169	1
67316	0	44015	1
67316	0	450305	1
67316	0	450309	1
67316	0	4789318	2
67316	0	4789322	2
67316	0	481471	1
67316	0	4863059	2
67316	0	4922572	1
67316	0	5029981	1
67316	0	5029984	1
67316	0	5181841	1
67316	0	5195161	2
67316	0	5252008	1
67316	0	6091258	1
67316	0	6148105	1
67316	0	6221796	0
67316	0	6290080	1
67316	0	6387611	2
67316	0	6439840	2
67316	0	6507744	1
67316	0	6607539	0
67316	0	6607541	1
67316	0	6607542	2
67316	0	6680964	3
67316	0	6680965	1
67316	0	6680966	2
67316	0	6680967	1
67316	0	6680968	1
67316	0	6683215	1
67316	0	6764671	2
67316	0	6764674	2
67316	0	6905735	1
67316	0	6925995	2
67316	0	7019081	2
67316	0	7027708	1
67316	0	7112302	2
67316	0	7114279	2
67316	0	7348851	3
67316	0	7418431	2
67316	0	7418432	2
67316	0	7418438	2
67316	0	7513151	2
67316	0	7630885	2
67316	0	7701876	2
67316	0	800359	3
67316	0	8003840	1
67316	0	8161992	2
67316	0	8200130	1
67316	0	8261797	1
67316	0	8285748	1
67316	0	8308297	2
67316	0	8308718	2
67316	0	8312258	3
67316	0	8312265	2
67316	0	8377581	2
67316	0	8431632	1
67316	0	8431637	1
67316	0	8473319	1
67316	0	8773687	1
673670	0	1178245	3
673670	0	1282792	3
673670	0	1282794	3
673670	0	1398748	3
673670	0	1454201	2
673670	0	1511452	3
673670	0	1511453	2
673670	0	1511457	2
673670	0	1511459	3
673670	0	1905068	2
673670	0	1954736	2
673670	0	1954745	2
673670	0	2240351	3
673670	0	2240354	3
673670	0	2240356	2
673670	0	2240359	2
673670	0	3345262	3
673670	0	3345263	2
673670	0	3345266	3
673670	0	3345269	2
673670	0	3592286	3
673670	0	3607495	3
673670	0	3607500	3
673670	0	3607501	2
673670	0	4013566	3
673670	0	4013570	2
673670	0	6084748	2
673670	0	6342707	1
673670	0	6989198	3
673670	0	7257297	2
673670	0	7257300	2
673670	0	7257301	3
673670	0	7257302	2
673670	0	7257303	1
673670	0	7257304	3
673670	0	7257306	3
673670	0	7583949	3
673670	0	7732030	2
673670	0	7772630	2
673670	0	7772637	3
673670	0	824934	2
673670	0	8495250	3
673670	0	8524263	3
673670	0	8554511	3
673670	0	8632357	3
673670	0	8632359	3
673670	0	8632360	3
673670	0	8632361	2
673670	0	8632362	3
673670	0	8632363	2
673670	0	8632364	3
673670	0	8632365	2
673670	0	867190	2
673670	0	867197	2
673670	0	8735640	3
673670	0	8735643	3
673670	0	8773078	2
701453	0	100342	1
701453	0	2036076	3
701453	0	4330671	3
701453	0	4330672	2
701453	0	4330673	2
701453	0	4330675	2
701453	0	4330676	3
701453	0	4330677	2
701453	0	4330678	2
701453	0	4330679	3
701453	0	4330680	3
701453	0	4355643	2
701453	0	4355645	3
701453	0	4355647	3
701453	0	4355649	3
701453	0	4355652	3
701453	0	4832975	2
701453	0	688613	2
701453	0	688614	3
701453	0	688615	3
701453	0	688618	3
701453	0	6927982	1
701453	0	6999084	1
701453	0	6999087	1
701453	0	7259848	2
701453	0	7586972	2
701453	0	7806569	2
701453	0	781518	2
701453	0	8402346	2
701453	0	8402348	2
701453	0	8402349	2
701453	0	8402350	2
701453	0	8626140	2
701453	0	8626142	3
701453	0	8626143	2
701453	0	8626145	2
701453	0	8626149	2
730539	0	1520038	0
730539	0	1625667	2
730539	0	1625670	2
730539	0	1625674	2
730539	0	239231	2
730539	0	2666436	2
730539	0	2666442	2
730539	0	2666443	2
730539	0	2666444	3
730539	0	3320012	2
730539	0	3476824	2
730539	0	3944257	2
730539	0	437275	1
730539	0	437276	2
730539	0	4539974	2
730539	0	4605022	3
730539	0	4885113	0
730539	0	5428552	2
730539	0	6734967	2
730539	0	7129068	1
730539	0	7916064	3
730539	0	8276217	2
730539	0	8276218	3
730539	0	8276221	2
730539	0	8276222	2
730539	0	8276223	2
730539	0	8327959	2
730539	0	8577876	2
730539	0	8577877	3
730539	0	8577878	2
730539	0	8577879	2
730539	0	8577880	2
730539	0	8577882	2
768208	0	2056879	0
768208	0	2379474	2
768208	0	240435	1
768208	0	240436	1
768208	0	2968691	0
768208	0	2988811	0
768208	0	3171396	0
768208	0	3515882	2
768208	0	3515884	3
768208	0	3564080	0
768208	0	3710762	1
768208	0	37604	0
768208	0	4251602	2
768208	0	5025777	0
768208	0	5039567	0
768208	0	52154	3
768208	0	52155	3
768208	0	52156	3
768208	0	52157	3
768208	0	52158	3
768208	0	52159	2
768208	0	52160	3
768208	0	52161	3
768208	0	52162	2
768208	0	52163	3
768208	0	5222129	1
768208	0	581991	0
768208	0	6846418	0
768208	0	6944794	2
768208	0	7272040	1
768208	0	7272041	0
768208	0	7272045	0
768208	0	813102	3
768208	0	8170966	0
768208	0	8187702	0
768208	0	820489	0
768208	0	8525681	3
768208	0	8525683	3
768208	0	8615154	0
768208	0	8619622	0
768208	0	8802293	0
768208	0	955479	0
877809	0	1050327	3
877809	0	1335170	3
877809	0	1550610	3
877809	0	1550611	2
877809	0	1550613	3
877809	0	1821652	1
877809	0	2298374	2
877809	0	2515032	3
877809	0	2515036	2
877809	0	2640804	2
877809	0	3248714	2
877809	0	3328100	2
877809	0	35107	2
877809	0	35108	2
877809	0	35109	3
877809	0	35111	2
877809	0	35113	2
877809	0	35114	2
877809	0	35115	2
877809	0	3716286	2
877809	0	3879161	2
877809	0	3982277	2
877809	0	4402455	2
877809	0	4635482	2
877809	0	4888926	3
877809	0	4888929	3
877809	0	4888932	2
877809	0	5196143	2
877809	0	5196148	3
877809	0	5229370	1
877809	0	5850349	2
877809	0	5940393	2
877809	0	5940394	2
877809	0	6269999	2
877809	0	6704838	2
877809	0	6942008	1
877809	0	7040022	2
877809	0	7050366	3
877809	0	7346771	2
877809	0	788181	2
877809	0	7906970	2
877809	0	7906974	2
877809	0	7952694	2
877809	0	8165590	2
877809	0	8290072	1
877809	0	8659718	2
911232	0	1674264	1
911232	0	1847345	2
911232	0	1879470	1
911232	0	1879472	1
911232	0	1879474	1
911232	0	1879475	1
911232	0	2154975	1
911232	0	2428679	0
911232	0	2609560	0
911232	0	2921796	0
911232	0	2999924	1
911232	0	2999925	2
911232	0	2999926	0
911232	0	2999927	2
911232	0	2999928	1
911232	0	2999929	1
911232	0	2999930	1
911232	0	2999931	1
911232	0	2999932	1
911232	0	2999933	1
911232	0	3089566	0
911232	0	3113875	0
911232	0	337628	2
911232	0	3976215	0
911232	0	4517906	1
911232	0	4967291	1
911232	0	4967292	0
911232	0	4967294	2
911232	0	4967295	1
911232	0	4967296	0
911232	0	4967297	1
911232	0	4967298	0
911232	0	4967299	2
911232	0	6261251	2
911232	0	6261252	1
911232	0	6732192	1
911232	0	6732195	1
911232	0	6928649	2
911232	0	6928653	2
911232	0	6928655	2
911232	0	7231607	1
911232	0	7238675	1
911232	0	7532423	1
911232	0	8027890	1
911232	0	8534943	2
911232	0	8712510	0
911232	0	8816617	1
911232	0	8816618	1
911232	0	8816620	2
911232	0	8816621	1
911232	0	8816622	2
911232	0	8816623	1
911232	0	8816624	1
911232	0	8816626	1
914916	0	1027218	2
914916	0	1183903	2
914916	0	1183904	2
914916	0	1183905	2
914916	0	1194681	2
914916	0	1194685	2
914916	0	1501494	2
914916	0	1545740	3
914916	0	1545741	2
914916	0	1545742	2
914916	0	2001626	2
914916	0	2001628	2
914916	0	2200004	2
914916	0	2631739	2
914916	0	2631743	2
914916	0	2631747	2
914916	0	2754113	2
914916	0	2989234	3
914916	0	3057739	2
914916	0	3170839	2
914916	0	3253278	2
914916	0	3253279	2
914916	0	3530681	2
914916	0	3535611	2
914916	0	3573852	2
914916	0	3586559	2
914916	0	3763841	2
914916	0	4425460	2
914916	0	4482576	2
914916	0	4571857	2
914916	0	4854255	2
914916	0	4884201	2
914916	0	4955073	2
914916	0	4958358	2
914916	0	5039693	2
914916	0	5177082	2
914916	0	5363821	2
914916	0	5380650	3
914916	0	5439629	2
914916	0	5730352	2
914916	0	5730355	2
914916	0	5730356	2
914916	0	5730357	3
914916	0	5730358	1
914916	0	6042348	2
914916	0	6042350	3
914916	0	6071696	2
914916	0	6613409	2
914916	0	6818272	2
914916	0	6818273	2
914916	0	7040507	2
914916	0	7081903	2
914916	0	7240123	2
914916	0	7241370	0
914916	0	7798477	2
914916	0	7798479	2
914916	0	7798480	2
914916	0	8027657	1
914916	0	8129165	2
914916	0	8348854	1
914916	0	8520449	2
914916	0	8563840	2
914916	0	8689503	3
914916	0	8772516	2
914916	0	8772517	3
914916	0	8772518	2
914916	0	8772520	2
914916	0	8772521	2
914916	0	8772524	2
914916	0	8772525	2
938400	0	1571994	0
938400	0	2009152	1
938400	0	2071046	2
938400	0	2208294	0
938400	0	2371820	1
938400	0	2484350	1
938400	0	2532047	2
938400	0	2532049	3
938400	0	2659899	1
938400	0	2870509	2
938400	0	2870514	3
938400	0	2958099	1
938400	0	2958107	3
938400	0	2962205	2
938400	0	2962208	3
938400	0	2962212	3
938400	0	3088746	3
938400	0	3088747	3
938400	0	3088748	3
938400	0	3088751	1
938400	0	3088755	1
938400	0	3353755	2
938400	0	3353757	2
938400	0	3353759	2
938400	0	3353762	3
938400	0	3353763	2
938400	0	3353764	3
938400	0	3820294	2
938400	0	3820295	2
938400	0	3914686	3
938400	0	4207807	2
938400	0	47281	2
938400	0	47286	1
938400	0	47290	2
938400	0	4956057	3
938400	0	4956059	3
938400	0	4956060	1
938400	0	4956063	2
938400	0	4956064	3
938400	0	504473	3
938400	0	5061328	1
938400	0	6246560	1
938400	0	6246564	1
938400	0	6499450	1
938400	0	6501473	3
938400	0	6937213	2
938400	0	7004405	2
938400	0	7004406	3
938400	0	7239121	1
938400	0	7239123	1
938400	0	7313620	3
938400	0	7313626	3
938400	0	7396872	1
938400	0	7787197	2
938400	0	8309427	2
938400	0	8309433	3
938400	0	8678066	3
938400	0	8723838	2
940547	0	1493024	2
940547	0	2667345	2
940547	0	2667347	3
940547	0	2667353	2
940547	0	2814756	3
940547	0	3624263	2
940547	0	3706456	3
940547	0	4481817	1
940547	0	4664997	2
940547	0	4664999	2
940547	0	4665002	1
940547	0	4696640	3
940547	0	4800890	2
940547	0	4800891	2
940547	0	4864599	3
940547	0	506003	2
940547	0	5118373	3
940547	0	5118378	2
940547	0	5300647	2
940547	0	5300651	2
940547	0	5300654	2
940547	0	5831702	2
940547	0	5831703	3
940547	0	5831707	2
940547	0	5831708	2
940547	0	5831709	2
940547	0	5831711	3
940547	0	5951249	2
940547	0	61068	3
940547	0	61070	2
940547	0	61071	3
940547	0	6404591	1
940547	0	6656482	2
940547	0	6782541	2
940547	0	6782543	2
940547	0	6948118	2
940547	0	7259157	2
940547	0	7280582	2
940547	0	7280584	2
940547	0	7282174	2
940547	0	7282176	2
940547	0	7951561	2
940547	0	8219044	2
940547	0	8219052	2
940547	0	8219244	2
940547	0	8219248	2
940547	0	8219249	2
940547	0	8269679	3
940547	0	8269680	3
940547	0	837714	2
940547	0	8772071	3
940547	0	8772073	3
940547	0	8772074	2
940547	0	8772075	2
940547	0	8805005	2
940547	0	8805011	2
940547	0	964766	2
940547	0	964772	2
997622	0	2182282	1
997622	0	2467749	3
997622	0	3604711	2
997622	0	3767367	1
997622	0	406412	1
997622	0	406418	2
997622	0	4357743	3
997622	0	4518222	3
997622	0	4543861	3
997622	0	4543864	3
997622	0	4543865	2
997622	0	4543867	3
997622	0	4543869	2
997622	0	4558331	1
997622	0	4596839	3
997622	0	4643388	3
997622	0	4643389	2
997622	0	4643392	3
997622	0	4643394	2
997622	0	4643397	2
997622	0	4700298	2
997622	0	5430569	1
997622	0	5430574	1
997622	0	5719834	1
997622	0	72291	3
997622	0	73459	2
997622	0	73460	3
997622	0	73462	2
997622	0	73465	2
997622	0	8533348	3
997622	0	8684996	2
997622	0	8813537	3
997622	0	941632	2
