1037798	0	1668145	2
1037798	0	1693397	1
1037798	0	2081844	1
1037798	0	2258762	3
1037798	0	2258763	4
1037798	0	2258765	5
1037798	0	2360245	2
1037798	0	2360246	3
1037798	0	2360247	2
1037798	0	2360249	3
1037798	0	2360251	2
1037798	0	2360252	5
1037798	0	2781960	5
1037798	0	2781962	5
1037798	0	2781965	2
1037798	0	2781966	3
1037798	0	2787508	2
1037798	0	2840240	1
1037798	0	2868740	2
1037798	0	2970891	2
1037798	0	2970892	0
1037798	0	2970895	0
1037798	0	2970897	2
1037798	0	2989290	3
1037798	0	3055262	2
1037798	0	3078992	1
1037798	0	3187018	2
1037798	0	3245239	1
1037798	0	3265446	4
1037798	0	3265449	4
1037798	0	3265450	4
1037798	0	3265451	5
1037798	0	3274897	3
1037798	0	3310848	0
1037798	0	3310851	2
1037798	0	3310854	2
1037798	0	3310855	2
1037798	0	3375471	5
1037798	0	3405265	1
1037798	0	3620983	5
1037798	0	3620986	5
1037798	0	3620991	3
1037798	0	3641634	5
1037798	0	3788223	0
1037798	0	3805294	4
1037798	0	3914692	4
1037798	0	3958148	1
1037798	0	4571199	1
1037798	0	4618582	0
1037798	0	4640082	1
1037798	0	4715286	2
1037798	0	4818124	5
1037798	0	4818129	3
1037798	0	4824239	4
1037798	0	4824243	4
1037798	0	4867051	0
1037798	0	4932830	0
1037798	0	4948770	3
1037798	0	4948775	2
1037798	0	4948777	4
1037798	0	5006521	2
1037798	0	5006527	5
1037798	0	5099520	5
1037798	0	5326070	2
1037798	0	5685966	1
1037798	0	6030393	1
1037798	0	6915000	0
1037798	0	6963992	5
1037798	0	7208741	2
1037798	0	7281941	5
1037798	0	7412882	4
1037798	0	7465379	3
1037798	0	7604812	2
1037798	0	7689060	1
1037798	0	7779667	4
1037798	0	7817007	4
1037798	0	7817011	4
1037798	0	7822415	5
1037798	0	793254	4
1037798	0	7961603	2
1037798	0	8199019	1
1037798	0	8199025	2
1037798	0	8208397	5
1037798	0	8223340	1
1037798	0	8346417	0
1037798	0	8417606	0
1037798	0	8417608	2
1037798	0	8537479	5
1037798	0	8760864	5
1037798	0	8760865	2
1037798	0	8760866	5
1037798	0	8760867	5
1037798	0	8760870	5
1037798	0	8760871	5
1037798	0	8760873	5
1037798	0	8766193	1
1037798	0	8780802	5
1037798	0	8780804	2
1037798	0	8780809	4
1037798	0	8780810	5
104861	0	1017092	5
104861	0	1046334	5
104861	0	1046339	5
104861	0	1058524	4
104861	0	1304632	1
104861	0	1424216	1
104861	0	1453718	0
104861	0	146170	5
104861	0	146171	2
104861	0	146172	2
104861	0	146174	2
104861	0	1567102	5
104861	0	1773805	4
104861	0	1773807	3
104861	0	1811410	1
104861	0	1948963	4
104861	0	2377050	2
104861	0	257138	0
104861	0	2611066	1
104861	0	2916631	1
104861	0	3329746	2
104861	0	3443173	4
104861	0	3443176	2
104861	0	3925933	3
104861	0	4017854	5
104861	0	4017855	0
104861	0	4017856	5
104861	0	4017858	5
104861	0	4230210	2
104861	0	4230213	1
104861	0	4350439	3
104861	0	454829	0
104861	0	459676	4
104861	0	505928	0
104861	0	5091798	0
104861	0	5138467	3
104861	0	5138468	2
104861	0	5138469	5
104861	0	5138471	2
104861	0	5138472	4
104861	0	5138473	5
104861	0	5138474	5
104861	0	5138476	2
104861	0	5150431	2
104861	0	5248340	4
104861	0	5248341	5
104861	0	5340891	1
104861	0	5394110	1
104861	0	5394112	1
104861	0	5483490	4
104861	0	5652262	2
104861	0	5652264	2
104861	0	5652266	2
104861	0	5667474	1
104861	0	5667475	5
104861	0	5688415	4
104861	0	5688416	3
104861	0	5688417	5
104861	0	5688418	3
104861	0	5688421	2
104861	0	5703400	2
104861	0	5703401	4
104861	0	5776561	0
104861	0	5801822	5
104861	0	5836442	5
104861	0	5864695	2
104861	0	599604	5
104861	0	6187055	5
104861	0	6187058	1
104861	0	6241793	2
104861	0	629270	5
104861	0	629273	2
104861	0	629274	5
104861	0	629276	5
104861	0	629277	3
104861	0	629278	2
104861	0	6467577	5
104861	0	6467578	2
104861	0	6467579	2
104861	0	6467580	5
104861	0	6467581	4
104861	0	6585554	4
104861	0	6653674	5
104861	0	6653675	2
104861	0	6653676	3
104861	0	6653677	1
104861	0	6653678	3
104861	0	6704672	5
104861	0	6904992	1
104861	0	7034375	2
104861	0	7302612	0
104861	0	8138536	3
104861	0	8260035	1
104861	0	8349574	1
104861	0	8482618	0
104861	0	8495099	4
104861	0	8546158	4
104861	0	8546160	2
104861	0	8546162	4
104861	0	863349	0
1063750	0	1074552	4
1063750	0	118643	0
1063750	0	143600	1
1063750	0	1580962	1
1063750	0	1580964	0
1063750	0	1866482	2
1063750	0	1866486	5
1063750	0	1922590	4
1063750	0	1923506	5
1063750	0	2230089	5
1063750	0	2230091	0
1063750	0	2230095	2
1063750	0	2470328	5
1063750	0	2569816	2
1063750	0	2768123	5
1063750	0	2787250	2
1063750	0	309313	2
1063750	0	3134992	3
1063750	0	3134994	3
1063750	0	3259884	2
1063750	0	3259889	5
1063750	0	3259891	2
1063750	0	3259892	2
1063750	0	330159	3
1063750	0	330165	2
1063750	0	3327047	2
1063750	0	3327049	2
1063750	0	3327050	1
1063750	0	3327053	1
1063750	0	3327054	1
1063750	0	340263	2
1063750	0	3654231	1
1063750	0	3654236	3
1063750	0	3973418	2
1063750	0	3973423	4
1063750	0	3994446	2
1063750	0	4158202	3
1063750	0	4158205	3
1063750	0	4182558	1
1063750	0	4337526	5
1063750	0	4337527	5
1063750	0	4337528	4
1063750	0	4337529	5
1063750	0	4337532	4
1063750	0	4487115	2
1063750	0	4542127	1
1063750	0	4559130	2
1063750	0	4718157	0
1063750	0	4718159	0
1063750	0	4718161	4
1063750	0	4788295	4
1063750	0	4795722	0
1063750	0	4802036	5
1063750	0	4834969	4
1063750	0	4834974	3
1063750	0	5062363	2
1063750	0	5237507	2
1063750	0	5256198	1
1063750	0	5360360	1
1063750	0	5423928	2
1063750	0	5423929	2
1063750	0	5423931	3
1063750	0	5442711	5
1063750	0	5590573	0
1063750	0	5590575	1
1063750	0	5590581	0
1063750	0	5956099	5
1063750	0	5956102	5
1063750	0	5956106	2
1063750	0	6127385	4
1063750	0	6127387	2
1063750	0	6127389	5
1063750	0	7247263	0
1063750	0	7247264	1
1063750	0	7571423	5
1063750	0	7571424	1
1063750	0	7571428	2
1063750	0	7778348	1
1063750	0	7778351	3
1063750	0	7778354	5
1063750	0	7837936	5
1063750	0	7837938	4
1063750	0	7952964	4
1063750	0	7952965	5
1063750	0	7952966	5
1063750	0	7952967	4
1063750	0	7952971	5
1063750	0	8183810	2
1063750	0	819283	4
1063750	0	819284	4
1063750	0	8239876	5
1063750	0	8239877	5
1063750	0	8384971	4
1063750	0	8384978	1
1063750	0	8418269	0
1063750	0	8640242	5
1063750	0	8821734	5
1063750	0	8821735	5
1063750	0	8821736	3
1063750	0	8821737	2
1103812	0	1214791	1
1103812	0	1294072	5
1103812	0	1659852	5
1103812	0	1881756	1
1103812	0	1991366	2
1103812	0	1996540	1
1103812	0	2093195	2
1103812	0	2108518	0
1103812	0	2137472	1
1103812	0	2156106	2
1103812	0	2156110	1
1103812	0	2226743	4
1103812	0	2586283	4
1103812	0	2602251	2
1103812	0	2703108	5
1103812	0	2703110	4
1103812	0	2703111	2
1103812	0	2703114	4
1103812	0	2720842	2
1103812	0	2920657	1
1103812	0	2920658	3
1103812	0	292717	2
1103812	0	292718	3
1103812	0	292719	2
1103812	0	292721	2
1103812	0	3591090	4
1103812	0	3591092	4
1103812	0	3591094	4
1103812	0	3672737	4
1103812	0	3672738	2
1103812	0	3672744	2
1103812	0	3789475	2
1103812	0	3843267	5
1103812	0	3843269	5
1103812	0	3843271	5
1103812	0	3870791	1
1103812	0	3940091	5
1103812	0	3964593	4
1103812	0	4044288	2
1103812	0	4044289	2
1103812	0	4044290	3
1103812	0	4059664	2
1103812	0	4241925	0
1103812	0	4241929	0
1103812	0	4292848	5
1103812	0	4322056	4
1103812	0	4322057	2
1103812	0	4322058	3
1103812	0	4469205	0
1103812	0	4566582	0
1103812	0	4824831	2
1103812	0	4937953	1
1103812	0	5116383	1
1103812	0	5156597	3
1103812	0	5175448	2
1103812	0	5372063	2
1103812	0	5416250	1
1103812	0	5757954	0
1103812	0	5974245	5
1103812	0	5976811	5
1103812	0	6103245	5
1103812	0	6128049	0
1103812	0	6230372	1
1103812	0	6254481	0
1103812	0	6294457	1
1103812	0	6569474	5
1103812	0	6604321	5
1103812	0	6627381	2
1103812	0	6842213	5
1103812	0	6924733	3
1103812	0	7242599	5
1103812	0	7246728	4
1103812	0	7259761	2
1103812	0	7280664	4
1103812	0	7280672	1
1103812	0	737449	2
1103812	0	737450	2
1103812	0	737451	4
1103812	0	737454	2
1103812	0	7430769	4
1103812	0	7430771	5
1103812	0	7491609	1
1103812	0	7729484	3
1103812	0	7873020	0
1103812	0	8157968	5
1103812	0	8205165	0
1103812	0	8220081	5
1103812	0	8220085	5
1103812	0	8220086	5
1103812	0	8220087	5
1103812	0	8220089	5
1103812	0	8224175	5
1103812	0	8224177	3
1103812	0	8224183	5
1103812	0	8293805	5
1103812	0	865879	3
1103812	0	8755009	4
1103812	0	896505	1
1103812	0	955560	2
1103812	0	961775	3
1106007	0	1294320	5
1106007	0	1334328	5
1106007	0	1334330	5
1106007	0	1334331	5
1106007	0	1334332	2
1106007	0	1334334	5
1106007	0	1334335	5
1106007	0	1334336	5
1106007	0	1560243	4
1106007	0	2186171	1
1106007	0	2317280	0
1106007	0	2464373	4
1106007	0	2464374	1
1106007	0	2464375	5
1106007	0	2464376	2
1106007	0	2464377	0
1106007	0	2464378	4
1106007	0	2464379	3
1106007	0	2464382	3
1106007	0	2513606	4
1106007	0	2513608	2
1106007	0	2513609	2
1106007	0	2603424	2
1106007	0	2621976	1
1106007	0	2672601	5
1106007	0	2672608	5
1106007	0	2777111	4
1106007	0	2798876	2
1106007	0	2866627	4
1106007	0	2866633	1
1106007	0	2960558	5
1106007	0	2960561	4
1106007	0	2960563	5
1106007	0	2960564	2
1106007	0	2960566	5
1106007	0	3184240	2
1106007	0	3530025	0
1106007	0	3537611	2
1106007	0	3567188	2
1106007	0	3759894	1
1106007	0	4004166	2
1106007	0	4004169	5
1106007	0	4004170	4
1106007	0	4004173	4
1106007	0	4089153	2
1106007	0	4102293	1
1106007	0	4114225	1
1106007	0	4173709	5
1106007	0	4173712	5
1106007	0	4382098	0
1106007	0	4382102	0
1106007	0	4382105	0
1106007	0	4781863	2
1106007	0	4781867	3
1106007	0	4794671	2
1106007	0	5174765	1
1106007	0	5204536	5
1106007	0	5204538	3
1106007	0	5204544	4
1106007	0	5279699	2
1106007	0	5279702	4
1106007	0	5279704	4
1106007	0	5774817	0
1106007	0	5774818	5
1106007	0	5780388	4
1106007	0	5836920	2
1106007	0	5993698	2
1106007	0	6126197	1
1106007	0	6182968	2
1106007	0	6209484	0
1106007	0	6282108	3
1106007	0	6282110	3
1106007	0	6303269	2
1106007	0	6963994	1
1106007	0	7343428	0
1106007	0	746358	4
1106007	0	7685380	5
1106007	0	7685382	3
1106007	0	7685383	5
1106007	0	7685384	3
1106007	0	7685385	5
1106007	0	7685386	4
1106007	0	7685387	2
1106007	0	7685388	5
1106007	0	7726655	2
1106007	0	7978149	0
1106007	0	8141084	1
1106007	0	8141089	2
1106007	0	8199521	5
1106007	0	8204457	5
1106007	0	8204463	1
1106007	0	8204464	2
1106007	0	8214505	1
1106007	0	8521668	2
1106007	0	8521673	5
1106007	0	8521674	1
1106007	0	899461	1
1106007	0	899465	2
1106007	0	899467	3
1106007	0	899468	3
1110199	0	100114	2
1110199	0	1144987	2
1110199	0	1592475	0
1110199	0	1592477	1
1110199	0	1778454	1
1110199	0	1809286	1
1110199	0	1901876	5
1110199	0	1901877	5
1110199	0	1901878	5
1110199	0	1901879	5
1110199	0	1901881	5
1110199	0	1901882	5
1110199	0	2094434	2
1110199	0	227145	2
1110199	0	2301115	4
1110199	0	2316525	4
1110199	0	239444	1
1110199	0	2474406	5
1110199	0	2621289	2
1110199	0	2649042	0
1110199	0	2655848	1
1110199	0	2655849	1
1110199	0	2657991	1
1110199	0	2796204	3
1110199	0	2854608	1
1110199	0	291162	3
1110199	0	2923633	2
1110199	0	3226995	2
1110199	0	3238116	2
1110199	0	3270582	2
1110199	0	3270584	3
1110199	0	328010	2
1110199	0	3515650	2
1110199	0	362174	4
1110199	0	3647394	0
1110199	0	3838638	5
1110199	0	3838645	4
1110199	0	3865139	2
1110199	0	3865142	2
1110199	0	4027239	3
1110199	0	4057232	4
1110199	0	421	4
1110199	0	4489656	2
1110199	0	4504233	2
1110199	0	4511137	5
1110199	0	4511144	4
1110199	0	4674430	5
1110199	0	4800726	5
1110199	0	4800728	2
1110199	0	4800731	1
1110199	0	4800732	5
1110199	0	5049363	5
1110199	0	5060491	3
1110199	0	5074861	1
1110199	0	5387204	4
1110199	0	5479	5
1110199	0	5516092	3
1110199	0	5641717	0
1110199	0	5641718	0
1110199	0	5857919	1
1110199	0	5857920	3
1110199	0	5857921	5
1110199	0	5857924	2
1110199	0	5857925	0
1110199	0	6056861	4
1110199	0	618109	5
1110199	0	6368891	5
1110199	0	6392463	5
1110199	0	6392469	3
1110199	0	6573362	2
1110199	0	6594555	5
1110199	0	6734090	1
1110199	0	68578	3
1110199	0	6993901	2
1110199	0	712229	1
1110199	0	7221487	2
1110199	0	7221489	0
1110199	0	7344200	0
1110199	0	7362622	0
1110199	0	7439380	2
1110199	0	7842393	1
1110199	0	8157172	4
1110199	0	8157174	4
1110199	0	8160518	5
1110199	0	8160519	5
1110199	0	8160520	5
1110199	0	8160521	4
1110199	0	8160523	0
1110199	0	8160524	4
1110199	0	8160526	4
1110199	0	8160527	5
1110199	0	830201	2
1110199	0	8404306	5
1110199	0	8404307	2
1110199	0	847931	4
1110199	0	863984	2
1110199	0	863987	1
1110199	0	955120	3
1110199	0	975292	2
1110199	0	986780	5
1112341	0	1228459	1
1112341	0	1373648	4
1112341	0	1373651	2
1112341	0	2095995	1
1112341	0	2095998	2
1112341	0	2173822	2
1112341	0	2253155	5
1112341	0	2386656	0
1112341	0	2468298	3
1112341	0	2596431	4
1112341	0	2596432	4
1112341	0	2663365	3
1112341	0	2694630	4
1112341	0	2694631	2
1112341	0	2694632	2
1112341	0	2694633	2
1112341	0	2694635	4
1112341	0	2694636	4
1112341	0	2694637	4
1112341	0	2694638	0
1112341	0	2735215	2
1112341	0	2735219	4
1112341	0	2841738	0
1112341	0	3252208	1
1112341	0	3274664	2
1112341	0	3274669	0
1112341	0	3291145	2
1112341	0	3291146	2
1112341	0	3291148	3
1112341	0	3291151	2
1112341	0	3352255	2
1112341	0	3524227	1
1112341	0	3795887	5
1112341	0	3795896	5
1112341	0	3922197	2
1112341	0	4022846	5
1112341	0	4022849	5
1112341	0	4390804	0
1112341	0	4416075	5
1112341	0	4561900	1
1112341	0	478773	2
1112341	0	4977768	2
1112341	0	5043407	1
1112341	0	5043413	0
1112341	0	508019	3
1112341	0	5133283	1
1112341	0	5133287	1
1112341	0	524251	2
1112341	0	550571	5
1112341	0	6164791	5
1112341	0	6311794	0
1112341	0	6311795	5
1112341	0	6311799	2
1112341	0	6311801	4
1112341	0	6342847	5
1112341	0	6459590	2
1112341	0	6459592	1
1112341	0	6681382	5
1112341	0	6681384	4
1112341	0	6681385	4
1112341	0	6726337	2
1112341	0	6726338	1
1112341	0	6726340	5
1112341	0	6726342	4
1112341	0	6726344	5
1112341	0	6726346	5
1112341	0	6903063	5
1112341	0	6947368	4
1112341	0	7079776	5
1112341	0	7088037	0
1112341	0	7194370	1
1112341	0	7194371	2
1112341	0	7194372	1
1112341	0	7194374	1
1112341	0	7492851	0
1112341	0	7615749	2
1112341	0	7615752	2
1112341	0	7708623	3
1112341	0	7708629	2
1112341	0	7880073	1
1112341	0	8134792	3
1112341	0	8134796	2
1112341	0	8139253	5
1112341	0	8139255	5
1112341	0	8139256	5
1112341	0	8139257	5
1112341	0	8139258	5
1112341	0	8326587	3
1112341	0	8326588	0
1112341	0	8337125	5
1112341	0	8337129	5
1112341	0	8442174	3
1112341	0	8442176	3
1112341	0	8442177	4
1112341	0	8442178	4
1112341	0	8442180	3
1112341	0	8474289	1
1112341	0	8606160	5
1112341	0	8606161	5
1112341	0	875123	2
1113437	0	1066538	5
1113437	0	1280244	0
1113437	0	1280568	5
1113437	0	1280569	5
1113437	0	1280570	1
1113437	0	1454814	3
1113437	0	1768727	4
1113437	0	1768729	1
1113437	0	1896939	2
1113437	0	1896943	2
1113437	0	2001933	1
1113437	0	2001934	5
1113437	0	2226349	5
1113437	0	2305870	0
1113437	0	2354940	2
1113437	0	2354941	1
1113437	0	2354947	5
1113437	0	2595623	1
1113437	0	2595628	0
1113437	0	2884191	4
1113437	0	3026984	1
1113437	0	3089474	4
1113437	0	3125154	5
1113437	0	3880944	5
1113437	0	4016930	5
1113437	0	4016933	1
1113437	0	4016934	0
1113437	0	4016937	4
1113437	0	4016939	1
1113437	0	4064657	0
1113437	0	4216336	4
1113437	0	4367832	4
1113437	0	4473156	3
1113437	0	4473157	5
1113437	0	4498867	5
1113437	0	4751835	5
1113437	0	4751837	2
1113437	0	4751839	5
1113437	0	5188745	0
1113437	0	5188746	0
1113437	0	5188747	3
1113437	0	5188751	2
1113437	0	5346399	1
1113437	0	5346404	4
1113437	0	5362609	1
1113437	0	5514586	5
1113437	0	5514589	0
1113437	0	5546288	5
1113437	0	555333	2
1113437	0	555340	2
1113437	0	5781997	4
1113437	0	5938418	5
1113437	0	5938420	3
1113437	0	5938421	2
1113437	0	5938425	5
1113437	0	5938426	3
1113437	0	5996691	5
1113437	0	5996693	0
1113437	0	6017938	2
1113437	0	6017945	2
1113437	0	6021902	3
1113437	0	6174328	5
1113437	0	631949	5
1113437	0	6455610	2
1113437	0	6593841	2
1113437	0	6593842	1
1113437	0	6593846	2
1113437	0	6597538	1
1113437	0	6688843	2
1113437	0	6688848	4
1113437	0	7377270	2
1113437	0	7377271	1
1113437	0	7377275	0
1113437	0	7385215	2
1113437	0	7385217	4
1113437	0	7385219	4
1113437	0	7385221	4
1113437	0	7385222	2
1113437	0	742037	5
1113437	0	742040	5
1113437	0	742042	2
1113437	0	742044	5
1113437	0	742045	2
1113437	0	7497495	2
1113437	0	7890527	3
1113437	0	8128790	2
1113437	0	8128793	5
1113437	0	8128794	5
1113437	0	8128795	2
1113437	0	8128799	1
1113437	0	8162984	2
1113437	0	8503447	3
1113437	0	8503450	4
1113437	0	8503451	2
1113437	0	8503453	4
1113437	0	8503455	4
1113437	0	8729212	1
1113437	0	8729216	3
1113437	0	8729218	2
1113437	0	8729219	3
1114646	0	1029800	1
1114646	0	1092561	2
1114646	0	1262730	2
1114646	0	1262731	2
1114646	0	1304419	0
1114646	0	1304420	3
1114646	0	1566448	4
1114646	0	1612682	4
1114646	0	1713625	3
1114646	0	1834998	3
1114646	0	1964991	2
1114646	0	2022387	0
1114646	0	2180675	2
1114646	0	2180676	4
1114646	0	2180679	2
1114646	0	2180680	3
1114646	0	2180681	4
1114646	0	2180682	2
1114646	0	218636	4
1114646	0	2245935	5
1114646	0	2475349	0
1114646	0	2475352	2
1114646	0	2524143	4
1114646	0	2647994	5
1114646	0	266552	5
1114646	0	2689906	2
1114646	0	2695583	0
1114646	0	2695584	4
1114646	0	2911035	5
1114646	0	2911040	5
1114646	0	2920691	2
1114646	0	2920692	2
1114646	0	2931846	3
1114646	0	2931848	5
1114646	0	3036935	3
1114646	0	3044326	1
1114646	0	3234628	1
1114646	0	355643	1
1114646	0	3862734	4
1114646	0	3928491	3
1114646	0	3942330	3
1114646	0	3988011	1
1114646	0	4031078	2
1114646	0	4298437	0
1114646	0	444374	5
1114646	0	444375	5
1114646	0	444380	5
1114646	0	4553944	5
1114646	0	4694680	4
1114646	0	4694682	1
1114646	0	4694686	0
1114646	0	4695602	2
1114646	0	4695603	2
1114646	0	4969104	1
1114646	0	501560	2
1114646	0	5133385	2
1114646	0	5139287	1
1114646	0	5140466	4
1114646	0	5279567	5
1114646	0	5640856	5
1114646	0	5640859	5
1114646	0	5746856	2
1114646	0	5775469	1
1114646	0	5911409	0
1114646	0	5948732	4
1114646	0	6034385	3
1114646	0	6124144	1
1114646	0	6124145	2
1114646	0	6378933	2
1114646	0	6378941	1
1114646	0	6644245	4
1114646	0	6704400	5
1114646	0	6704401	5
1114646	0	6722658	2
1114646	0	6764330	0
1114646	0	7037697	0
1114646	0	7098750	2
1114646	0	7166314	4
1114646	0	7234440	1
1114646	0	7403628	4
1114646	0	7531387	2
1114646	0	7531391	0
1114646	0	7675374	1
1114646	0	7675379	2
1114646	0	7948885	2
1114646	0	8117087	5
1114646	0	8117089	5
1114646	0	8117090	5
1114646	0	8117091	5
1114646	0	8117094	5
1114646	0	8117096	5
1114646	0	8212098	2
1114646	0	831444	5
1114646	0	8329774	5
1114646	0	843464	3
1114646	0	857788	5
1114646	0	8662669	1
1114646	0	8665820	5
1114646	0	8736509	1
1114646	0	966296	4
1114819	0	1009500	3
1114819	0	1248112	5
1114819	0	1302004	4
1114819	0	1302007	3
1114819	0	1315993	5
1114819	0	1315994	5
1114819	0	1315996	4
1114819	0	1315998	5
1114819	0	1419798	5
1114819	0	1419801	2
1114819	0	1625836	2
1114819	0	1724520	5
1114819	0	1724521	1
1114819	0	1724525	1
1114819	0	1724526	3
1114819	0	1724528	3
1114819	0	1735443	3
1114819	0	1738242	2
1114819	0	1738250	5
1114819	0	1816958	0
1114819	0	1852066	1
1114819	0	2212059	2
1114819	0	2477692	3
1114819	0	255279	1
1114819	0	2590451	1
1114819	0	2590453	2
1114819	0	2590454	3
1114819	0	2590455	1
1114819	0	2831393	2
1114819	0	344350	4
1114819	0	344351	2
1114819	0	3484458	4
1114819	0	3781418	5
1114819	0	3781419	2
1114819	0	3906952	4
1114819	0	3906954	2
1114819	0	3906959	5
1114819	0	4890560	4
1114819	0	5019832	0
1114819	0	5019839	0
1114819	0	5156171	2
1114819	0	5165249	4
1114819	0	534362	4
1114819	0	5521371	5
1114819	0	5521373	5
1114819	0	5628950	0
1114819	0	5628952	5
1114819	0	5718417	2
1114819	0	6202321	2
1114819	0	6564169	1
1114819	0	6900766	4
1114819	0	6900767	2
1114819	0	6900769	1
1114819	0	6900773	2
1114819	0	6900774	5
1114819	0	6941478	5
1114819	0	694735	1
1114819	0	694737	5
1114819	0	7132894	1
1114819	0	750446	2
1114819	0	7588045	2
1114819	0	7803429	1
1114819	0	7803435	5
1114819	0	785027	5
1114819	0	785028	1
1114819	0	8022276	5
1114819	0	8022279	0
1114819	0	8022280	5
1114819	0	8024890	2
1114819	0	8027206	2
1114819	0	8027210	0
1114819	0	8088109	1
1114819	0	8088111	2
1114819	0	8096817	3
1114819	0	8096824	4
1114819	0	8115435	5
1114819	0	8115439	5
1114819	0	8115440	4
1114819	0	8115700	2
1114819	0	8115705	0
1114819	0	8336225	3
1114819	0	8336229	2
1114819	0	8336230	5
1114819	0	8336232	4
1114819	0	8480574	4
1114819	0	8508255	2
1114819	0	8508259	2
1114819	0	8508263	4
1114819	0	8579830	0
1114819	0	8579832	0
1114819	0	8625086	5
1114819	0	8736056	5
1114819	0	8754397	3
1114819	0	8754398	2
1114819	0	8754404	1
1114819	0	8768742	0
1114819	0	988370	4
1114819	0	988373	5
1114819	0	988376	2
1114819	0	988378	1
1115776	0	1014595	1
1115776	0	1031044	1
1115776	0	1036904	5
1115776	0	1059921	2
1115776	0	1068769	1
1115776	0	1134851	0
1115776	0	1143727	1
1115776	0	1282792	2
1115776	0	1286495	3
1115776	0	1397089	2
1115776	0	1402571	2
1115776	0	1461944	1
1115776	0	1551024	5
1115776	0	1593001	2
1115776	0	1593006	2
1115776	0	1729572	5
1115776	0	1729576	5
1115776	0	1758373	4
1115776	0	1864868	0
1115776	0	1966458	4
1115776	0	2120345	2
1115776	0	2210164	1
1115776	0	2236540	2
1115776	0	2514462	2
1115776	0	2579216	3
1115776	0	2579218	0
1115776	0	2813898	2
1115776	0	2813901	4
1115776	0	2837985	0
1115776	0	3469357	5
1115776	0	3564568	0
1115776	0	3607500	1
1115776	0	3641822	0
1115776	0	3797905	2
1115776	0	3923601	3
1115776	0	4059004	1
1115776	0	4131485	5
1115776	0	4298199	1
1115776	0	4314169	5
1115776	0	4314170	5
1115776	0	4314171	5
1115776	0	4314173	5
1115776	0	4314174	5
1115776	0	4314175	5
1115776	0	4314176	5
1115776	0	455489	2
1115776	0	4689931	0
1115776	0	4745971	3
1115776	0	4981720	3
1115776	0	5022043	1
1115776	0	5124440	4
1115776	0	5599687	4
1115776	0	5599692	5
1115776	0	5752822	2
1115776	0	577820	0
1115776	0	5900625	5
1115776	0	6037179	2
1115776	0	6044207	0
1115776	0	6150628	0
1115776	0	622467	2
1115776	0	6247337	3
1115776	0	6316241	2
1115776	0	642039	4
1115776	0	6648060	4
1115776	0	6705802	2
1115776	0	6705804	4
1115776	0	6705805	1
1115776	0	6705806	4
1115776	0	6705807	4
1115776	0	6705808	2
1115776	0	6705811	3
1115776	0	6935971	2
1115776	0	6973128	2
1115776	0	6989198	5
1115776	0	707643	4
1115776	0	7129170	4
1115776	0	7129179	4
1115776	0	7171247	1
1115776	0	729789	2
1115776	0	7462690	2
1115776	0	7693347	2
1115776	0	7779192	1
1115776	0	790229	3
1115776	0	790232	3
1115776	0	8106317	5
1115776	0	8106318	5
1115776	0	8106320	5
1115776	0	8106321	5
1115776	0	8106322	5
1115776	0	8106323	4
1115776	0	8106324	5
1115776	0	8177309	2
1115776	0	830976	1
1115776	0	8357383	4
1115776	0	8495250	5
1115776	0	8495256	5
1115776	0	8621772	2
1115776	0	8673352	5
1115776	0	8757348	3
1115776	0	900809	1
1117099	0	1000103	2
1117099	0	1042612	1
1117099	0	1123494	4
1117099	0	1123496	2
1117099	0	1250347	2
1117099	0	1252737	1
1117099	0	1389420	4
1117099	0	1445087	5
1117099	0	1542026	2
1117099	0	1798612	4
1117099	0	1798620	5
1117099	0	189601	2
1117099	0	2109695	0
1117099	0	2113599	2
1117099	0	2620701	1
1117099	0	3097070	2
1117099	0	3104260	3
1117099	0	3104266	2
1117099	0	3108942	0
1117099	0	3128109	2
1117099	0	334615	3
1117099	0	3349609	3
1117099	0	3349612	5
1117099	0	3522902	3
1117099	0	3543106	5
1117099	0	3633442	1
1117099	0	3921953	2
1117099	0	4016466	2
1117099	0	4441325	5
1117099	0	4458506	4
1117099	0	4458507	1
1117099	0	4458509	5
1117099	0	4458510	5
1117099	0	4458512	5
1117099	0	4528327	1
1117099	0	4698220	2
1117099	0	4815809	1
1117099	0	484696	2
1117099	0	5020963	2
1117099	0	514314	4
1117099	0	5258462	3
1117099	0	5278136	2
1117099	0	5286535	5
1117099	0	5286538	5
1117099	0	5286539	5
1117099	0	5354862	2
1117099	0	5699286	4
1117099	0	5752877	2
1117099	0	5874017	2
1117099	0	5950908	1
1117099	0	5978474	0
1117099	0	5979211	2
1117099	0	6122720	5
1117099	0	6122721	5
1117099	0	6122722	5
1117099	0	6122723	5
1117099	0	6122724	5
1117099	0	6178371	1
1117099	0	6398915	2
1117099	0	6411781	3
1117099	0	6411786	2
1117099	0	6534818	5
1117099	0	6776508	1
1117099	0	6832520	1
1117099	0	6858988	0
1117099	0	6912420	1
1117099	0	6917898	1
1117099	0	6940549	0
1117099	0	6940550	2
1117099	0	6940552	4
1117099	0	6940553	2
1117099	0	6940555	4
1117099	0	6940556	2
1117099	0	6940557	4
1117099	0	6940558	4
1117099	0	6993942	5
1117099	0	700498	1
1117099	0	714808	4
1117099	0	7163733	3
1117099	0	7261488	1
1117099	0	7313639	0
1117099	0	7313643	0
1117099	0	7514071	2
1117099	0	7514072	3
1117099	0	7610604	3
1117099	0	8019446	3
1117099	0	8072929	0
1117099	0	8093927	4
1117099	0	8093931	5
1117099	0	8093932	5
1117099	0	8093934	5
1117099	0	809963	0
1117099	0	8144478	0
1117099	0	8446501	5
1117099	0	8446502	5
1117099	0	8446504	5
1117099	0	8446505	5
1117099	0	8446506	4
1117099	0	8714082	4
1117099	0	8838111	4
1121402	0	100212	1
1121402	0	1111229	1
1121402	0	1249682	2
1121402	0	1249685	1
1121402	0	1249687	5
1121402	0	1249689	2
1121402	0	1275439	2
1121402	0	1323047	2
1121402	0	1323048	2
1121402	0	1429447	2
1121402	0	1508436	2
1121402	0	182364	4
1121402	0	182365	3
1121402	0	182366	5
1121402	0	182367	4
1121402	0	182368	5
1121402	0	182369	5
1121402	0	182370	2
1121402	0	182371	4
1121402	0	182372	5
1121402	0	182373	2
1121402	0	18281	3
1121402	0	188209	4
1121402	0	188210	4
1121402	0	188211	4
1121402	0	188213	5
1121402	0	188214	5
1121402	0	188215	5
1121402	0	188216	4
1121402	0	188217	5
1121402	0	188218	4
1121402	0	1902388	2
1121402	0	1902392	3
1121402	0	2042119	4
1121402	0	2191941	2
1121402	0	2516420	4
1121402	0	2664284	1
1121402	0	2681041	0
1121402	0	2681045	2
1121402	0	2681048	2
1121402	0	2765629	0
1121402	0	2914522	1
1121402	0	2938358	0
1121402	0	2938359	1
1121402	0	3368448	2
1121402	0	3412904	3
1121402	0	3412909	3
1121402	0	3511789	5
1121402	0	3511795	3
1121402	0	3674187	3
1121402	0	3691381	0
1121402	0	3785307	4
1121402	0	3785308	5
1121402	0	3785309	5
1121402	0	3785310	5
1121402	0	4140833	2
1121402	0	43770	3
1121402	0	4620823	2
1121402	0	465105	0
1121402	0	4671455	1
1121402	0	4797699	2
1121402	0	4893520	2
1121402	0	5189911	1
1121402	0	5189913	5
1121402	0	5662146	2
1121402	0	5662147	1
1121402	0	5662150	3
1121402	0	5894958	2
1121402	0	6001847	5
1121402	0	63087	1
1121402	0	6319745	1
1121402	0	6873412	1
1121402	0	7125978	4
1121402	0	7125980	5
1121402	0	7125981	5
1121402	0	7125982	2
1121402	0	7125983	5
1121402	0	7125985	4
1121402	0	7125987	5
1121402	0	7134098	1
1121402	0	7142994	5
1121402	0	7196397	0
1121402	0	7489485	2
1121402	0	7489486	2
1121402	0	7489487	3
1121402	0	7489488	2
1121402	0	7775354	0
1121402	0	8052617	5
1121402	0	8052619	4
1121402	0	8052620	5
1121402	0	8052621	5
1121402	0	8052622	5
1121402	0	8052623	4
1121402	0	8052624	5
1121402	0	8102106	0
1121402	0	8356941	1
1121402	0	8376430	1
1121402	0	8469784	0
1121402	0	879274	2
1121402	0	8836130	0
1121709	0	1578771	0
1121709	0	1752809	5
1121709	0	1752813	5
1121709	0	1764269	4
1121709	0	1764270	4
1121709	0	1764272	1
1121709	0	1767105	1
1121709	0	181615	4
1121709	0	2046428	2
1121709	0	2046431	4
1121709	0	2046433	4
1121709	0	2051808	3
1121709	0	2051809	3
1121709	0	2051813	5
1121709	0	210479	0
1121709	0	2133181	4
1121709	0	2133183	2
1121709	0	2422660	1
1121709	0	2422665	1
1121709	0	2422667	2
1121709	0	2486852	1
1121709	0	2703197	3
1121709	0	2703203	1
1121709	0	2706640	3
1121709	0	2706644	5
1121709	0	2706645	5
1121709	0	2706646	3
1121709	0	3059199	1
1121709	0	3115495	0
1121709	0	3124096	1
1121709	0	3151648	1
1121709	0	3158259	3
1121709	0	3165925	2
1121709	0	3312963	3
1121709	0	3423059	5
1121709	0	3423061	5
1121709	0	3423062	5
1121709	0	3423063	5
1121709	0	3423064	5
1121709	0	3423065	5
1121709	0	3423067	5
1121709	0	3451595	4
1121709	0	3465619	2
1121709	0	3469590	4
1121709	0	356326	4
1121709	0	3632519	4
1121709	0	3762335	2
1121709	0	3823024	2
1121709	0	3968031	2
1121709	0	4089247	0
1121709	0	4135691	3
1121709	0	4153489	2
1121709	0	4556902	2
1121709	0	4566164	5
1121709	0	4566169	2
1121709	0	487598	4
1121709	0	4928895	2
1121709	0	5027050	0
1121709	0	555963	2
1121709	0	555965	2
1121709	0	555970	2
1121709	0	5614874	0
1121709	0	5707731	2
1121709	0	5716707	2
1121709	0	5716708	4
1121709	0	5963606	2
1121709	0	6115793	2
1121709	0	6166394	4
1121709	0	6216040	1
1121709	0	626887	4
1121709	0	6381007	2
1121709	0	6850861	5
1121709	0	696351	1
1121709	0	700135	3
1121709	0	7339512	0
1121709	0	7460019	2
1121709	0	7465195	1
1121709	0	788051	2
1121709	0	8024810	2
1121709	0	8024811	5
1121709	0	8024819	3
1121709	0	8049577	5
1121709	0	8049578	5
1121709	0	8049580	5
1121709	0	8049582	5
1121709	0	8049583	5
1121709	0	8049584	5
1121709	0	8049585	5
1121709	0	8049586	5
1121709	0	8114448	2
1121709	0	8297863	5
1121709	0	8535271	2
1121709	0	8558420	0
1121709	0	8610864	4
1121709	0	8614743	0
1121709	0	8668847	1
1121709	0	8668848	1
1121709	0	8776540	1
1121709	0	8800882	0
1121709	0	918204	5
1124210	0	1027213	2
1124210	0	1120858	2
1124210	0	1194689	3
1124210	0	1251133	4
1124210	0	1251135	2
1124210	0	1362721	4
1124210	0	1383615	1
1124210	0	1383617	2
1124210	0	1383624	5
1124210	0	1702008	4
1124210	0	1702010	5
1124210	0	181177	5
1124210	0	2089544	5
1124210	0	2199998	2
1124210	0	2220482	1
1124210	0	2258591	5
1124210	0	2258592	5
1124210	0	2258596	5
1124210	0	2303834	0
1124210	0	2303836	5
1124210	0	2632281	5
1124210	0	2632288	1
1124210	0	2728448	5
1124210	0	273573	0
1124210	0	2754117	2
1124210	0	2895509	1
1124210	0	3031380	5
1124210	0	3046380	3
1124210	0	3057000	2
1124210	0	3152177	2
1124210	0	3426722	1
1124210	0	3446170	5
1124210	0	3520550	5
1124210	0	3520551	0
1124210	0	3520553	4
1124210	0	3546600	5
1124210	0	3573857	2
1124210	0	3607859	4
1124210	0	3680798	5
1124210	0	3680799	5
1124210	0	3680801	5
1124210	0	3680802	5
1124210	0	3680805	4
1124210	0	371351	2
1124210	0	371352	3
1124210	0	371357	2
1124210	0	3722759	3
1124210	0	3750818	0
1124210	0	3750819	1
1124210	0	3750823	2
1124210	0	3937735	5
1124210	0	4057442	0
1124210	0	4074146	4
1124210	0	4074152	0
1124210	0	4425464	2
1124210	0	4706417	3
1124210	0	4794725	5
1124210	0	4794729	2
1124210	0	4840515	0
1124210	0	4957842	3
1124210	0	4958356	4
1124210	0	4958358	3
1124210	0	502337	2
1124210	0	5056100	1
1124210	0	5056103	4
1124210	0	5281846	5
1124210	0	5281849	3
1124210	0	5366912	0
1124210	0	546154	4
1124210	0	546158	1
1124210	0	555792	2
1124210	0	5681258	4
1124210	0	5938409	4
1124210	0	5940130	2
1124210	0	6186845	0
1124210	0	6263923	2
1124210	0	6263926	2
1124210	0	6363262	2
1124210	0	6704887	4
1124210	0	6896369	1
1124210	0	6896372	2
1124210	0	6992534	1
1124210	0	6992537	2
1124210	0	7205923	2
1124210	0	7208694	3
1124210	0	7234570	5
1124210	0	7278459	1
1124210	0	7278463	0
1124210	0	7443586	5
1124210	0	7566672	1
1124210	0	7566675	2
1124210	0	7581155	1
1124210	0	7746535	4
1124210	0	7756779	1
1124210	0	7756780	2
1124210	0	7756781	4
1124210	0	7835796	3
1124210	0	7851118	5
1124210	0	8026737	5
1124210	0	829948	1
1129237	0	1020793	2
1129237	0	1080294	3
1129237	0	1128332	0
1129237	0	1160807	3
1129237	0	120308	2
1129237	0	120313	2
1129237	0	120314	1
1129237	0	120315	2
1129237	0	128982	5
1129237	0	128984	5
1129237	0	128986	4
1129237	0	128989	5
1129237	0	1460453	1
1129237	0	1549858	0
1129237	0	1768895	0
1129237	0	1770027	3
1129237	0	1857133	1
1129237	0	2152821	4
1129237	0	2189983	1
1129237	0	2189992	1
1129237	0	2580204	4
1129237	0	2696926	5
1129237	0	2697746	5
1129237	0	2697752	5
1129237	0	275594	1
1129237	0	2972916	0
1129237	0	3016192	2
1129237	0	302210	4
1129237	0	305086	2
1129237	0	3195674	1
1129237	0	3227129	2
1129237	0	3352740	0
1129237	0	3641168	4
1129237	0	3683096	4
1129237	0	3905055	5
1129237	0	3905057	5
1129237	0	3905799	3
1129237	0	3905800	2
1129237	0	3905802	5
1129237	0	3905804	2
1129237	0	4066969	2
1129237	0	4141004	2
1129237	0	4141005	2
1129237	0	4141009	2
1129237	0	4141012	5
1129237	0	4254811	5
1129237	0	4254815	5
1129237	0	4254816	5
1129237	0	4509081	2
1129237	0	461835	3
1129237	0	4801130	3
1129237	0	4904403	2
1129237	0	4904405	2
1129237	0	4915547	4
1129237	0	5619502	5
1129237	0	5831781	5
1129237	0	5831788	5
1129237	0	5906130	5
1129237	0	5906134	3
1129237	0	5916672	2
1129237	0	6063090	1
1129237	0	6080452	2
1129237	0	6080460	5
1129237	0	6080461	1
1129237	0	6122985	1
1129237	0	6172874	3
1129237	0	6285414	0
1129237	0	6343520	4
1129237	0	6343521	4
1129237	0	6343523	2
1129237	0	6366866	1
1129237	0	6575090	0
1129237	0	6640165	4
1129237	0	6718101	1
1129237	0	6903787	1
1129237	0	6956014	3
1129237	0	7049948	2
1129237	0	7049951	2
1129237	0	7050921	4
1129237	0	710733	4
1129237	0	7397082	1
1129237	0	767820	2
1129237	0	7911557	5
1129237	0	8093065	0
1129237	0	8093067	2
1129237	0	8165055	4
1129237	0	8217253	0
1129237	0	824966	3
1129237	0	8373739	1
1129237	0	8431281	2
1129237	0	8450766	5
1129237	0	8469255	0
1129237	0	8588219	4
1129237	0	8588222	5
1129237	0	8588223	2
1129237	0	8588226	5
1129237	0	8588227	4
1129237	0	8682824	5
1129237	0	998748	5
1129237	0	998751	5
1133167	0	1379370	0
1133167	0	1824479	5
1133167	0	1824480	5
1133167	0	1824481	1
1133167	0	1824483	1
1133167	0	1824484	4
1133167	0	1824485	5
1133167	0	1824486	5
1133167	0	1824487	2
1133167	0	1824488	5
1133167	0	1883272	1
1133167	0	1883273	4
1133167	0	1883276	2
1133167	0	1883280	3
1133167	0	1883281	2
1133167	0	190802	4
1133167	0	190803	5
1133167	0	190804	5
1133167	0	190805	2
1133167	0	190806	5
1133167	0	190809	2
1133167	0	190810	3
1133167	0	190811	2
1133167	0	2010281	0
1133167	0	2276678	5
1133167	0	2613291	3
1133167	0	2613296	5
1133167	0	3023120	5
1133167	0	3023123	5
1133167	0	3074598	3
1133167	0	3074599	5
1133167	0	3355083	4
1133167	0	3391439	4
1133167	0	3421898	1
1133167	0	3421899	3
1133167	0	3421900	1
1133167	0	3421906	1
1133167	0	3953805	2
1133167	0	434119	5
1133167	0	434120	5
1133167	0	434121	5
1133167	0	434123	2
1133167	0	434125	5
1133167	0	4443370	0
1133167	0	4443375	2
1133167	0	4498474	5
1133167	0	4498476	3
1133167	0	4498477	0
1133167	0	4498479	5
1133167	0	4550240	5
1133167	0	4550243	1
1133167	0	4550244	4
1133167	0	4712279	2
1133167	0	4922619	5
1133167	0	4926197	4
1133167	0	4926204	0
1133167	0	4973626	5
1133167	0	5674623	4
1133167	0	5787117	4
1133167	0	6103289	0
1133167	0	6112585	1
1133167	0	6112586	4
1133167	0	6112587	4
1133167	0	6112590	5
1133167	0	6142	2
1133167	0	6257034	2
1133167	0	6299575	0
1133167	0	6467518	5
1133167	0	6467523	1
1133167	0	7093509	2
1133167	0	7093510	2
1133167	0	7093511	2
1133167	0	7093513	0
1133167	0	7217705	4
1133167	0	7218015	0
1133167	0	7218016	1
1133167	0	7486600	3
1133167	0	7486602	0
1133167	0	7762240	1
1133167	0	7793408	3
1133167	0	7793409	1
1133167	0	7793411	2
1133167	0	7793414	2
1133167	0	7793416	1
1133167	0	8003301	3
1133167	0	8033644	4
1133167	0	8033645	2
1133167	0	8033647	2
1133167	0	8033650	4
1133167	0	8160224	1
1133167	0	8160241	2
1133167	0	8160243	2
1133167	0	823272	4
1133167	0	823274	2
1133167	0	823275	2
1133167	0	823276	1
1133167	0	823277	3
1133167	0	8255705	2
1133167	0	8255706	5
1133167	0	8415743	2
130510	0	1023333	2
130510	0	1024747	2
130510	0	1075438	0
130510	0	1086581	1
130510	0	1244228	5
130510	0	1262133	4
130510	0	133053	2
130510	0	1494930	5
130510	0	1494931	5
130510	0	1494935	5
130510	0	1494936	5
130510	0	1494938	5
130510	0	1494939	5
130510	0	1672906	4
130510	0	1881833	5
130510	0	1881837	4
130510	0	203714	5
130510	0	203718	4
130510	0	203721	5
130510	0	2407055	4
130510	0	2407059	2
130510	0	2407061	3
130510	0	2689146	2
130510	0	3185954	2
130510	0	319552	4
130510	0	3217576	3
130510	0	3351230	0
130510	0	3825435	0
130510	0	3922560	2
130510	0	3922562	2
130510	0	3922565	3
130510	0	3922567	3
130510	0	3944664	1
130510	0	4237516	2
130510	0	4237523	2
130510	0	435588	4
130510	0	474935	1
130510	0	474939	4
130510	0	4979634	1
130510	0	5148415	2
130510	0	5148418	5
130510	0	5255918	5
130510	0	5622536	2
130510	0	5667812	1
130510	0	5668638	0
130510	0	5668641	0
130510	0	5668642	4
130510	0	5668645	2
130510	0	5742790	1
130510	0	584737	2
130510	0	5984058	4
130510	0	5988738	1
130510	0	6172269	1
130510	0	6237995	0
130510	0	6412174	1
130510	0	6542824	3
130510	0	6614911	2
130510	0	6614916	0
130510	0	665170	1
130510	0	6685197	1
130510	0	6780516	3
130510	0	6780520	2
130510	0	6797524	2
130510	0	6835270	0
130510	0	7125239	5
130510	0	7125241	5
130510	0	7127694	3
130510	0	7129387	4
130510	0	7129391	3
130510	0	7136329	4
130510	0	7220651	1
130510	0	7226975	2
130510	0	7226977	2
130510	0	7442006	0
130510	0	7501557	5
130510	0	7501558	5
130510	0	7569030	1
130510	0	768251	5
130510	0	7717233	5
130510	0	799647	5
130510	0	7997887	4
130510	0	8094072	1
130510	0	8287348	4
130510	0	8287352	1
130510	0	8354777	2
130510	0	8354778	2
130510	0	8384388	2
130510	0	8384389	2
130510	0	8612902	5
130510	0	8612903	5
130510	0	8612904	5
130510	0	8612905	4
130510	0	8612906	5
130510	0	8612909	5
130510	0	8612910	5
130510	0	8617103	3
130510	0	87224	0
130510	0	87227	2
130510	0	905737	2
130510	0	956561	3
131843	0	1096618	0
131843	0	1208161	2
131843	0	1412225	2
131843	0	1505736	2
131843	0	1568857	0
131843	0	1568859	1
131843	0	1792434	1
131843	0	1810541	2
131843	0	1811758	3
131843	0	1842861	1
131843	0	1958967	5
131843	0	2010626	0
131843	0	20432	2
131843	0	2084839	5
131843	0	2162844	2
131843	0	2287018	2
131843	0	2348818	4
131843	0	2493973	1
131843	0	2493976	2
131843	0	2493980	0
131843	0	2581898	2
131843	0	25837	4
131843	0	2703804	1
131843	0	2820664	1
131843	0	2929665	1
131843	0	3049466	1
131843	0	3049467	4
131843	0	3049468	4
131843	0	3049470	4
131843	0	3049471	4
131843	0	3049474	4
131843	0	3336280	2
131843	0	348760	3
131843	0	3527399	2
131843	0	3590884	2
131843	0	3690753	2
131843	0	4091094	2
131843	0	4136087	5
131843	0	427728	2
131843	0	4338356	0
131843	0	4439041	0
131843	0	4471157	4
131843	0	4766288	1
131843	0	488608	5
131843	0	4996623	1
131843	0	5103706	5
131843	0	5212622	2
131843	0	5318362	1
131843	0	5597629	2
131843	0	569918	2
131843	0	5715075	3
131843	0	6041799	0
131843	0	6041800	2
131843	0	6121785	5
131843	0	6121787	2
131843	0	631979	4
131843	0	6491660	1
131843	0	6524077	4
131843	0	6524083	0
131843	0	6629203	3
131843	0	6629206	3
131843	0	6863388	3
131843	0	6863389	3
131843	0	7191466	4
131843	0	7474324	2
131843	0	7748962	3
131843	0	8083953	3
131843	0	8098280	2
131843	0	8132210	2
131843	0	8187665	5
131843	0	8187667	4
131843	0	8187668	1
131843	0	8187672	5
131843	0	8305152	5
131843	0	8305153	5
131843	0	8305156	5
131843	0	8305158	5
131843	0	8456967	5
131843	0	8484009	3
131843	0	8495582	1
131843	0	8495584	0
131843	0	8495587	4
131843	0	8495589	1
131843	0	8710813	5
131843	0	8727566	2
131843	0	8780259	2
131843	0	926337	0
131843	0	935618	5
131843	0	935619	5
131843	0	935620	4
131843	0	935621	5
131843	0	935623	4
131843	0	935626	5
131843	0	985988	5
131843	0	985989	5
131843	0	985990	5
131843	0	985991	5
131843	0	985992	5
131843	0	985994	5
131843	0	985995	5
146187	0	1028972	3
146187	0	1073946	2
146187	0	1077549	4
146187	0	1220481	2
146187	0	1230566	4
146187	0	1246738	2
146187	0	1367173	2
146187	0	1369241	2
146187	0	1543946	0
146187	0	1636405	0
146187	0	1841192	1
146187	0	1841197	5
146187	0	1884866	0
146187	0	1937161	2
146187	0	1972078	4
146187	0	2009635	1
146187	0	2226093	5
146187	0	2246719	1
146187	0	2246721	1
146187	0	2257806	5
146187	0	2257810	4
146187	0	2345122	2
146187	0	2365484	2
146187	0	2444447	2
146187	0	2918498	0
146187	0	3017615	0
146187	0	3017618	1
146187	0	3129298	2
146187	0	315525	5
146187	0	3241340	2
146187	0	3593186	0
146187	0	3615731	5
146187	0	3891371	0
146187	0	3963184	2
146187	0	3963185	4
146187	0	3963187	4
146187	0	4214923	5
146187	0	4214925	5
146187	0	45008	1
146187	0	4619183	0
146187	0	4741857	5
146187	0	4777144	5
146187	0	4878079	1
146187	0	4921740	4
146187	0	4921741	2
146187	0	4992658	1
146187	0	5217815	3
146187	0	5238589	0
146187	0	5238595	4
146187	0	5332230	2
146187	0	5566562	2
146187	0	5566569	2
146187	0	5590506	1
146187	0	5590508	5
146187	0	5746033	1
146187	0	5746034	1
146187	0	5836454	3
146187	0	5836455	2
146187	0	5999108	2
146187	0	6015024	3
146187	0	6015026	4
146187	0	6015027	4
146187	0	6430258	5
146187	0	6430260	4
146187	0	6483698	3
146187	0	6483699	3
146187	0	6483701	2
146187	0	6929047	2
146187	0	7021122	1
146187	0	7021127	2
146187	0	7021128	2
146187	0	7405002	5
146187	0	744163	4
146187	0	744165	5
146187	0	744166	1
146187	0	744167	5
146187	0	744171	4
146187	0	76342	3
146187	0	76344	4
146187	0	76346	3
146187	0	76348	5
146187	0	76349	3
146187	0	76350	1
146187	0	7704674	4
146187	0	7704677	3
146187	0	7704679	1
146187	0	7772761	2
146187	0	7956019	2
146187	0	8434617	5
146187	0	8434618	5
146187	0	8434619	5
146187	0	8434620	5
146187	0	8434621	5
146187	0	8434622	5
146187	0	8434623	5
146187	0	8434624	5
146187	0	8434625	5
146187	0	8434626	5
146187	0	8489394	0
146187	0	8664004	2
148538	0	1147038	2
148538	0	1147044	2
148538	0	1299824	4
148538	0	1311206	5
148538	0	1311209	5
148538	0	1384447	4
148538	0	1384448	5
148538	0	153920	3
148538	0	1671257	2
148538	0	1736918	3
148538	0	1746240	1
148538	0	1828171	5
148538	0	1950976	0
148538	0	1950979	4
148538	0	1950983	4
148538	0	1969519	2
148538	0	1969520	3
148538	0	1969521	2
148538	0	1985491	5
148538	0	2033800	2
148538	0	208314	3
148538	0	231450	1
148538	0	231453	5
148538	0	231455	5
148538	0	23586	0
148538	0	23588	0
148538	0	2368189	1
148538	0	2643562	5
148538	0	2731875	1
148538	0	2915322	2
148538	0	2915323	4
148538	0	2993239	2
148538	0	332400	2
148538	0	332401	2
148538	0	332402	3
148538	0	332406	1
148538	0	3353306	5
148538	0	3545040	2
148538	0	3557943	2
148538	0	3631449	0
148538	0	3752521	0
148538	0	3918785	5
148538	0	3997733	2
148538	0	4185812	4
148538	0	4185814	4
148538	0	4264121	2
148538	0	4264129	4
148538	0	4447598	4
148538	0	4447601	5
148538	0	451558	1
148538	0	4539654	5
148538	0	4539657	5
148538	0	4539659	4
148538	0	4539660	1
148538	0	4539663	3
148538	0	4553351	1
148538	0	4607262	1
148538	0	4607263	4
148538	0	4959637	2
148538	0	4959638	4
148538	0	4997090	0
148538	0	5077704	3
148538	0	5077707	4
148538	0	5171599	1
148538	0	5171603	5
148538	0	5171605	2
148538	0	5592682	0
148538	0	581145	2
148538	0	615402	1
148538	0	615407	4
148538	0	6353501	1
148538	0	6485499	2
148538	0	6517685	2
148538	0	6518598	0
148538	0	6543862	5
148538	0	6697437	3
148538	0	6704661	4
148538	0	6787071	1
148538	0	6846340	2
148538	0	6846343	2
148538	0	6853480	3
148538	0	6894608	5
148538	0	7157817	0
148538	0	7407803	5
148538	0	7407812	5
148538	0	8139872	1
148538	0	8283527	5
148538	0	8283531	5
148538	0	8283532	5
148538	0	844359	1
148538	0	844360	0
148538	0	844363	2
148538	0	8618875	2
148538	0	985487	2
148538	0	985488	5
148538	0	985489	2
148538	0	985490	5
148538	0	985491	5
148538	0	985492	3
148538	0	985494	5
156493	0	1101603	0
156493	0	1101607	2
156493	0	1277720	2
156493	0	1277725	2
156493	0	1277726	3
156493	0	1277727	5
156493	0	1960255	5
156493	0	1960257	5
156493	0	1960259	2
156493	0	1960260	5
156493	0	1960261	5
156493	0	2123395	1
156493	0	2259179	4
156493	0	2259180	3
156493	0	2259182	2
156493	0	2259183	5
156493	0	2317807	4
156493	0	2378078	0
156493	0	2411918	4
156493	0	2598786	5
156493	0	2598787	5
156493	0	2612486	2
156493	0	2612490	3
156493	0	2612491	4
156493	0	2612492	3
156493	0	2612493	5
156493	0	2616512	1
156493	0	2708309	1
156493	0	2717163	5
156493	0	2928700	1
156493	0	2928702	2
156493	0	2928704	1
156493	0	2928705	4
156493	0	2928707	5
156493	0	2949801	5
156493	0	2949802	4
156493	0	3288595	4
156493	0	3288596	5
156493	0	3288597	4
156493	0	3288598	2
156493	0	3288599	3
156493	0	3288600	5
156493	0	3288601	5
156493	0	3288603	4
156493	0	349638	2
156493	0	349640	1
156493	0	349643	3
156493	0	349644	2
156493	0	3603920	2
156493	0	3603922	1
156493	0	4396054	0
156493	0	4527706	1
156493	0	4583221	5
156493	0	4940228	2
156493	0	4940232	0
156493	0	5346660	2
156493	0	5479187	0
156493	0	5530082	2
156493	0	5555919	2
156493	0	5752576	1
156493	0	6139383	3
156493	0	6139386	5
156493	0	627305	0
156493	0	627311	0
156493	0	6524746	2
156493	0	6775071	5
156493	0	7371077	4
156493	0	7371078	2
156493	0	7371079	4
156493	0	7371081	1
156493	0	7431316	2
156493	0	750111	1
156493	0	8029433	0
156493	0	8182159	4
156493	0	8182160	5
156493	0	8182161	5
156493	0	8182162	5
156493	0	8182165	5
156493	0	8182166	2
156493	0	8245444	1
156493	0	8266017	3
156493	0	8273011	4
156493	0	8273017	5
156493	0	8273018	1
156493	0	8273019	2
156493	0	8820526	4
156493	0	8820527	1
156493	0	885944	4
156493	0	892013	1
156493	0	911790	0
156493	0	911791	3
156493	0	911794	2
156493	0	911795	2
156493	0	95512	2
156493	0	95514	5
156493	0	95515	5
156493	0	95518	2
156493	0	95519	0
156493	0	95521	3
156493	0	994486	2
168216	0	1090089	2
168216	0	1090095	0
168216	0	1183706	2
168216	0	1301465	5
168216	0	1301466	1
168216	0	1301467	3
168216	0	1301469	5
168216	0	1301471	3
168216	0	1301472	4
168216	0	1301473	2
168216	0	1301474	5
168216	0	13499	1
168216	0	1381477	5
168216	0	1735360	5
168216	0	1860843	1
168216	0	2036279	2
168216	0	2210775	2
168216	0	2210780	2
168216	0	2265769	2
168216	0	2790904	4
168216	0	2806307	4
168216	0	3198681	0
168216	0	3198683	1
168216	0	3198686	0
168216	0	3198687	4
168216	0	3198689	2
168216	0	3344828	5
168216	0	3344837	4
168216	0	3399712	5
168216	0	3399713	2
168216	0	3399715	4
168216	0	3399716	0
168216	0	3399718	2
168216	0	3463556	3
168216	0	3681093	1
168216	0	3681095	5
168216	0	3681097	2
168216	0	3681100	4
168216	0	3830857	5
168216	0	3908773	4
168216	0	3908774	5
168216	0	3908775	3
168216	0	3908776	5
168216	0	3908777	2
168216	0	4191395	2
168216	0	4191396	1
168216	0	4245218	2
168216	0	4324490	2
168216	0	4324491	2
168216	0	4324492	2
168216	0	4600607	3
168216	0	4600610	0
168216	0	5004346	1
168216	0	5024307	1
168216	0	5024311	2
168216	0	5024313	2
168216	0	5114458	2
168216	0	5935474	2
168216	0	5935476	4
168216	0	6012600	3
168216	0	6061718	4
168216	0	6061721	2
168216	0	6061722	5
168216	0	6061726	1
168216	0	6213322	5
168216	0	6213323	2
168216	0	6213324	1
168216	0	6213325	5
168216	0	6219118	5
168216	0	6264731	5
168216	0	6264732	4
168216	0	6264733	2
168216	0	6264734	4
168216	0	6264735	2
168216	0	6282560	0
168216	0	6426630	4
168216	0	6426631	4
168216	0	6426632	5
168216	0	6426633	3
168216	0	6426634	5
168216	0	6426637	0
168216	0	6426638	5
168216	0	6584042	1
168216	0	7337513	3
168216	0	7492751	0
168216	0	7492755	3
168216	0	7595682	0
168216	0	7595684	1
168216	0	8048968	1
168216	0	8185131	5
168216	0	8185135	5
168216	0	8185137	5
168216	0	8319218	1
168216	0	856274	0
168216	0	8731617	5
168216	0	8731618	1
168216	0	8731621	4
168216	0	8731622	5
168216	0	8731623	5
168216	0	8731624	3
182539	0	1138302	2
182539	0	1307232	4
182539	0	1307234	3
182539	0	1307235	5
182539	0	1631878	0
182539	0	1638687	4
182539	0	1638689	4
182539	0	1638690	4
182539	0	1798203	4
182539	0	1798209	1
182539	0	1882552	4
182539	0	1938505	0
182539	0	1956769	4
182539	0	1956775	4
182539	0	2009617	4
182539	0	2041085	2
182539	0	2041086	1
182539	0	2273384	3
182539	0	2635847	1
182539	0	2787602	3
182539	0	2792292	0
182539	0	2898184	1
182539	0	2909954	4
182539	0	2909960	5
182539	0	2909961	5
182539	0	330179	2
182539	0	3389569	1
182539	0	3411356	0
182539	0	3412553	1
182539	0	3448160	1
182539	0	3760957	2
182539	0	3760960	2
182539	0	3883077	5
182539	0	3883081	5
182539	0	4468612	2
182539	0	4481306	1
182539	0	4502746	1
182539	0	4680571	1
182539	0	4730803	3
182539	0	5020094	3
182539	0	5167181	2
182539	0	5238129	3
182539	0	5289650	2
182539	0	5407068	2
182539	0	5418437	1
182539	0	5567729	5
182539	0	57443	5
182539	0	57444	5
182539	0	57447	5
182539	0	57448	5
182539	0	57449	4
182539	0	57450	2
182539	0	5871834	0
182539	0	5922040	0
182539	0	5927340	1
182539	0	6037973	5
182539	0	6097108	2
182539	0	6282906	4
182539	0	6282907	3
182539	0	6282909	2
182539	0	6807899	2
182539	0	6816571	2
182539	0	6816572	4
182539	0	6816573	3
182539	0	6816574	4
182539	0	6816576	2
182539	0	6816577	0
182539	0	6816579	4
182539	0	6878266	2
182539	0	6893378	3
182539	0	6895489	2
182539	0	6895490	1
182539	0	6895491	0
182539	0	6895494	2
182539	0	6895498	2
182539	0	7088372	2
182539	0	7203204	2
182539	0	7371255	5
182539	0	7371257	5
182539	0	7371259	5
182539	0	7371261	5
182539	0	7371262	5
182539	0	7579347	3
182539	0	7579350	0
182539	0	7583024	5
182539	0	8141165	1
182539	0	8263097	1
182539	0	8299659	5
182539	0	8299661	5
182539	0	8299665	5
182539	0	8299668	5
182539	0	830471	2
182539	0	8430328	0
182539	0	8617642	2
182539	0	8757178	5
182539	0	8757179	5
182539	0	8757180	5
182539	0	8757181	5
182539	0	8757183	2
182539	0	999065	2
183378	0	1014273	0
183378	0	1050571	2
183378	0	1289489	5
183378	0	1289490	5
183378	0	1289492	5
183378	0	1289493	3
183378	0	1289494	0
183378	0	1289495	2
183378	0	1289496	5
183378	0	1289497	5
183378	0	1623917	0
183378	0	1730037	2
183378	0	1730041	2
183378	0	1730044	2
183378	0	2352713	3
183378	0	2458929	1
183378	0	2458930	1
183378	0	2533256	2
183378	0	3093214	5
183378	0	3093215	0
183378	0	3116669	2
183378	0	3116670	1
183378	0	3116671	1
183378	0	3116672	1
183378	0	3185607	4
183378	0	3185611	5
183378	0	3195586	0
183378	0	327908	3
183378	0	331489	2
183378	0	3389578	4
183378	0	3389579	4
183378	0	3389580	4
183378	0	3389581	5
183378	0	3389585	2
183378	0	3922973	1
183378	0	4493913	4
183378	0	4493914	5
183378	0	4493915	5
183378	0	4493916	4
183378	0	4493917	5
183378	0	4493918	1
183378	0	4493920	4
183378	0	4493921	3
183378	0	4493922	1
183378	0	4727412	2
183378	0	4727417	5
183378	0	4727418	4
183378	0	4803847	5
183378	0	4803848	5
183378	0	5064308	2
183378	0	5146119	0
183378	0	5352985	2
183378	0	5352987	2
183378	0	5352988	1
183378	0	5352991	2
183378	0	5352992	0
183378	0	5460936	3
183378	0	5460939	4
183378	0	5460941	2
183378	0	5534703	3
183378	0	5534707	5
183378	0	5534710	3
183378	0	5534711	4
183378	0	5817927	5
183378	0	6109461	4
183378	0	6182927	1
183378	0	6332454	0
183378	0	6548233	2
183378	0	6548235	1
183378	0	6711439	1
183378	0	6711446	2
183378	0	7052828	1
183378	0	7449744	5
183378	0	7449747	2
183378	0	7449748	5
183378	0	7449750	4
183378	0	7449751	5
183378	0	7449752	5
183378	0	749539	2
183378	0	749540	2
183378	0	749542	3
183378	0	7593941	0
183378	0	7678696	1
183378	0	7703397	2
183378	0	7952868	2
183378	0	8107956	0
183378	0	8121375	3
183378	0	8121377	2
183378	0	8507877	1
183378	0	8570257	5
183378	0	8570258	5
183378	0	8570260	4
183378	0	8767240	4
183378	0	8767241	2
183378	0	8794302	4
183378	0	8794303	2
183378	0	8794304	3
183378	0	8794306	5
183378	0	8794307	5
183378	0	8794308	5
19335	0	1143050	2
19335	0	1160863	3
19335	0	1160871	3
19335	0	1169915	2
19335	0	1316347	2
19335	0	132896	1
19335	0	1374917	1
19335	0	1504744	2
19335	0	1504746	3
19335	0	1504748	0
19335	0	1568083	1
19335	0	161606	4
19335	0	1717015	3
19335	0	1720387	5
19335	0	1720388	2
19335	0	1720389	5
19335	0	1720391	2
19335	0	1720393	0
19335	0	1720395	5
19335	0	1905037	2
19335	0	1906594	2
19335	0	1906597	2
19335	0	1915755	2
19335	0	211275	5
19335	0	2250973	5
19335	0	2304004	4
19335	0	2304005	5
19335	0	2437769	5
19335	0	2459779	4
19335	0	2874497	5
19335	0	2874503	5
19335	0	29850	2
19335	0	3121938	2
19335	0	3175484	5
19335	0	342431	5
19335	0	354219	3
19335	0	3559593	4
19335	0	3559596	5
19335	0	3615077	2
19335	0	3615078	2
19335	0	3615080	3
19335	0	3615083	2
19335	0	429850	0
19335	0	429851	0
19335	0	4480942	2
19335	0	4480943	2
19335	0	4480945	1
19335	0	4482795	0
19335	0	5051739	1
19335	0	5078863	5
19335	0	5091471	1
19335	0	527692	4
19335	0	527695	3
19335	0	527697	4
19335	0	5508122	2
19335	0	554950	5
19335	0	5711215	3
19335	0	5711216	1
19335	0	584350	1
19335	0	5870000	4
19335	0	6184951	5
19335	0	6238007	1
19335	0	6510257	5
19335	0	6512137	4
19335	0	6512138	2
19335	0	6512144	5
19335	0	677305	2
19335	0	6902384	3
19335	0	6902386	4
19335	0	6902389	4
19335	0	7050803	5
19335	0	7122355	5
19335	0	7198045	2
19335	0	7235457	4
19335	0	7267248	1
19335	0	7367411	4
19335	0	7454464	2
19335	0	7464793	0
19335	0	7692043	1
19335	0	772227	0
19335	0	772234	4
19335	0	7763208	2
19335	0	7783924	0
19335	0	7915861	1
19335	0	7961908	1
19335	0	8015294	5
19335	0	8061829	3
19335	0	8061830	1
19335	0	8231218	4
19335	0	8412681	5
19335	0	8412682	5
19335	0	8412683	5
19335	0	8412684	5
19335	0	8633126	5
19335	0	8754859	1
19335	0	8786632	0
19335	0	8828697	4
19335	0	8828698	2
19335	0	8828699	0
19335	0	93557	2
207786	0	106270	0
207786	0	1081011	4
207786	0	1335084	3
207786	0	1392585	5
207786	0	1667536	2
207786	0	1667542	4
207786	0	1667544	2
207786	0	1935627	0
207786	0	2051016	2
207786	0	2051020	5
207786	0	2051023	2
207786	0	2113005	1
207786	0	2253658	0
207786	0	2406561	4
207786	0	2440415	4
207786	0	2457541	3
207786	0	2457542	5
207786	0	2621344	0
207786	0	2704919	2
207786	0	2763917	5
207786	0	2763922	2
207786	0	2775837	2
207786	0	2969232	2
207786	0	3308288	1
207786	0	3322527	2
207786	0	3855672	4
207786	0	3896738	2
207786	0	4058692	0
207786	0	4218707	5
207786	0	4342505	2
207786	0	4393128	4
207786	0	4393134	2
207786	0	4599409	1
207786	0	4599411	2
207786	0	4613061	5
207786	0	4613063	5
207786	0	4613065	5
207786	0	4672265	1
207786	0	4724265	2
207786	0	4759179	4
207786	0	4759180	2
207786	0	4759183	2
207786	0	4826651	1
207786	0	4900224	4
207786	0	4908979	2
207786	0	493415	4
207786	0	493416	2
207786	0	5175109	1
207786	0	5175113	3
207786	0	524450	2
207786	0	5266140	3
207786	0	5288615	2
207786	0	5288617	0
207786	0	5297036	4
207786	0	5297038	2
207786	0	5624830	1
207786	0	5624831	3
207786	0	5845832	4
207786	0	5845834	4
207786	0	6031623	5
207786	0	6031626	4
207786	0	6031630	5
207786	0	6390609	0
207786	0	6526575	2
207786	0	6563691	1
207786	0	6736451	1
207786	0	6822431	4
207786	0	688492	1
207786	0	7124129	5
207786	0	7401955	0
207786	0	7510472	5
207786	0	7605691	1
207786	0	7622404	0
207786	0	7622406	1
207786	0	7639366	5
207786	0	7643812	2
207786	0	7643819	2
207786	0	7941579	5
207786	0	7963300	1
207786	0	7963301	1
207786	0	8049019	4
207786	0	8053029	3
207786	0	8185061	5
207786	0	8185064	5
207786	0	8185065	2
207786	0	8185069	1
207786	0	8211377	3
207786	0	8273754	5
207786	0	8273755	5
207786	0	8273757	5
207786	0	8273758	5
207786	0	8273759	5
207786	0	8273760	5
207786	0	8273761	5
207786	0	8273762	5
207786	0	8273763	5
207786	0	8367876	3
207786	0	8367880	3
207786	0	8441727	3
207786	0	860807	0
264014	0	1610706	5
264014	0	1610707	4
264014	0	1610710	2
264014	0	1610711	2
264014	0	1804644	4
264014	0	2223171	5
264014	0	2420367	4
264014	0	2474340	0
264014	0	2474341	2
264014	0	2474342	2
264014	0	2474346	5
264014	0	2498165	1
264014	0	2498169	4
264014	0	2572557	0
264014	0	2689662	2
264014	0	331929	1
264014	0	331931	3
264014	0	331932	2
264014	0	331934	3
264014	0	3338821	0
264014	0	3338822	0
264014	0	3338825	5
264014	0	3338827	5
264014	0	3338828	3
264014	0	3372501	5
264014	0	3396076	5
264014	0	3577341	1
264014	0	3577342	2
264014	0	3577343	4
264014	0	3577344	4
264014	0	3577345	2
264014	0	3577347	3
264014	0	3666584	1
264014	0	3841908	2
264014	0	3841909	0
264014	0	4259227	2
264014	0	447992	4
264014	0	4647186	2
264014	0	4687213	4
264014	0	4710717	0
264014	0	4834543	5
264014	0	4834544	0
264014	0	4834547	5
264014	0	4834548	2
264014	0	528372	4
264014	0	528375	1
264014	0	528379	2
264014	0	528380	2
264014	0	5328095	5
264014	0	5583424	1
264014	0	5611210	1
264014	0	5611211	1
264014	0	5611212	3
264014	0	5611213	0
264014	0	5611214	3
264014	0	5611218	4
264014	0	5611219	5
264014	0	5635515	2
264014	0	5635519	2
264014	0	5635521	2
264014	0	5635522	2
264014	0	5819142	0
264014	0	5819145	1
264014	0	58386	4
264014	0	5849268	1
264014	0	5849270	3
264014	0	5950718	4
264014	0	5950719	5
264014	0	5950721	5
264014	0	5950722	5
264014	0	5950723	5
264014	0	5950724	1
264014	0	5950726	5
264014	0	6105566	5
264014	0	6105569	4
264014	0	6105571	2
264014	0	6105572	5
264014	0	6333839	1
264014	0	6334964	2
264014	0	6337909	2
264014	0	6413951	1
264014	0	6555322	2
264014	0	6641238	5
264014	0	6791760	5
264014	0	684616	3
264014	0	7323467	5
264014	0	7323471	1
264014	0	7326932	1
264014	0	7326934	4
264014	0	7326936	4
264014	0	8012101	3
264014	0	8801661	0
264014	0	935825	2
264014	0	96851	5
264014	0	96852	3
264014	0	96854	2
264014	0	96855	5
264014	0	96857	5
264014	0	96858	5
264014	0	96859	2
359349	0	1394087	5
359349	0	15800	1
359349	0	15801	0
359349	0	15805	1
359349	0	15808	1
359349	0	1622452	0
359349	0	1622455	2
359349	0	1622457	1
359349	0	1830509	2
359349	0	1830512	5
359349	0	1830516	4
359349	0	1830517	5
359349	0	1892864	1
359349	0	2293820	5
359349	0	2490397	4
359349	0	2826510	5
359349	0	2826511	1
359349	0	2826512	5
359349	0	2826513	1
359349	0	3126806	3
359349	0	3176539	2
359349	0	3176541	2
359349	0	3176542	1
359349	0	3187960	2
359349	0	3193824	5
359349	0	3215620	1
359349	0	3223831	5
359349	0	3223833	5
359349	0	3265497	1
359349	0	3645754	2
359349	0	3645755	2
359349	0	3739664	3
359349	0	3739666	2
359349	0	3893098	2
359349	0	3900185	5
359349	0	4013723	5
359349	0	4020470	5
359349	0	4020471	4
359349	0	4020472	3
359349	0	4020474	4
359349	0	4020475	4
359349	0	4020476	4
359349	0	4020477	5
359349	0	4020478	3
359349	0	4020479	3
359349	0	4087265	2
359349	0	4344099	1
359349	0	4344101	0
359349	0	4463568	1
359349	0	4474866	3
359349	0	457673	5
359349	0	4624153	4
359349	0	4881617	3
359349	0	5219970	2
359349	0	5219971	0
359349	0	5219972	2
359349	0	5219973	0
359349	0	5219976	4
359349	0	5219977	1
359349	0	5414623	3
359349	0	5547394	2
359349	0	5613485	2
359349	0	5615181	5
359349	0	5615187	0
359349	0	576627	3
359349	0	576628	5
359349	0	576629	5
359349	0	576631	2
359349	0	576632	4
359349	0	576634	4
359349	0	576635	4
359349	0	5773713	2
359349	0	5773716	2
359349	0	5773717	0
359349	0	5773718	0
359349	0	5806110	0
359349	0	6081008	4
359349	0	6108721	5
359349	0	6226414	0
359349	0	6440028	3
359349	0	68647	5
359349	0	68648	5
359349	0	68649	5
359349	0	68650	2
359349	0	68653	5
359349	0	68656	4
359349	0	7015246	1
359349	0	7062669	1
359349	0	7062671	4
359349	0	7277971	2
359349	0	7544501	2
359349	0	7544503	2
359349	0	7544505	2
359349	0	7579883	4
359349	0	8058867	5
359349	0	8058873	5
359349	0	8125299	2
359349	0	8167114	2
359349	0	8748954	2
359349	0	943229	5
405717	0	1849743	3
405717	0	1976406	2
405717	0	1984962	5
405717	0	2002865	1
405717	0	2125641	2
405717	0	2280962	1
405717	0	2347443	1
405717	0	2365659	2
405717	0	2365660	3
405717	0	2365662	2
405717	0	2365663	3
405717	0	2365665	2
405717	0	2514107	5
405717	0	2642838	5
405717	0	2702419	5
405717	0	2702423	4
405717	0	273851	1
405717	0	2747484	5
405717	0	2747485	5
405717	0	2747486	2
405717	0	2747491	4
405717	0	2747492	4
405717	0	2768521	2
405717	0	28372	1
405717	0	2879959	0
405717	0	2879960	4
405717	0	2879963	5
405717	0	2879964	2
405717	0	3033900	5
405717	0	3033903	3
405717	0	3033904	4
405717	0	3033905	2
405717	0	3040883	2
405717	0	3274915	2
405717	0	3274918	3
405717	0	3274946	0
405717	0	3274947	0
405717	0	3514259	3
405717	0	3986303	4
405717	0	3986305	3
405717	0	3986306	2
405717	0	3986307	4
405717	0	3986308	4
405717	0	3986309	4
405717	0	4489661	3
405717	0	4489666	5
405717	0	4612478	1
405717	0	4704973	4
405717	0	4704975	5
405717	0	4704978	5
405717	0	4776928	2
405717	0	4804772	1
405717	0	4804774	0
405717	0	4828118	5
405717	0	4987955	1
405717	0	5079482	5
405717	0	5638740	4
405717	0	5690233	1
405717	0	5690234	1
405717	0	5690237	1
405717	0	6419725	2
405717	0	6442862	1
405717	0	6654652	2
405717	0	6654653	5
405717	0	6654655	5
405717	0	6654658	2
405717	0	6654660	2
405717	0	6725571	0
405717	0	702383	4
405717	0	702386	2
405717	0	7170624	4
405717	0	7170625	0
405717	0	7170626	5
405717	0	7170629	2
405717	0	7170630	5
405717	0	7170631	2
405717	0	7201359	2
405717	0	7201361	4
405717	0	7288990	5
405717	0	7288996	5
405717	0	7447941	4
405717	0	7447942	3
405717	0	7447943	3
405717	0	758582	2
405717	0	758586	5
405717	0	7589975	2
405717	0	7728831	5
405717	0	7896211	5
405717	0	7896212	1
405717	0	8156519	5
405717	0	8433852	2
405717	0	8433854	5
405717	0	8433856	2
405717	0	8433858	5
405717	0	8433860	1
405717	0	8510161	0
405717	0	8610271	1
405717	0	8674360	0
405717	0	8689634	0
405717	0	8689639	0
443396	0	1130886	4
443396	0	1135750	0
443396	0	1305463	2
443396	0	1474266	4
443396	0	1474272	5
443396	0	1474273	4
443396	0	1474275	4
443396	0	1515376	1
443396	0	156039	1
443396	0	1852807	5
443396	0	1852809	3
443396	0	1852813	2
443396	0	1852815	2
443396	0	1886308	0
443396	0	2007121	2
443396	0	2143849	5
443396	0	215692	1
443396	0	215693	5
443396	0	2347288	4
443396	0	2373504	3
443396	0	2490482	3
443396	0	2490486	5
443396	0	2562345	2
443396	0	2638081	1
443396	0	2783346	2
443396	0	2795882	3
443396	0	2983440	1
443396	0	3103988	5
443396	0	3103990	4
443396	0	3103991	2
443396	0	3103993	2
443396	0	3103994	1
443396	0	3103995	5
443396	0	3103996	3
443396	0	3143561	5
443396	0	3143566	2
443396	0	3143567	2
443396	0	3203454	2
443396	0	3256974	1
443396	0	3299623	0
443396	0	3323246	5
443396	0	3340080	2
443396	0	3617224	3
443396	0	3636507	5
443396	0	401022	0
443396	0	4041358	4
443396	0	4052112	5
443396	0	4052116	4
443396	0	4052118	4
443396	0	4052120	4
443396	0	4064886	1
443396	0	4236355	2
443396	0	4378963	0
443396	0	4526747	5
443396	0	456708	5
443396	0	4676619	5
443396	0	4708168	0
443396	0	4774806	2
443396	0	4774809	2
443396	0	4896249	2
443396	0	5065439	3
443396	0	5083543	3
443396	0	5308674	2
443396	0	5311404	1
443396	0	5515423	5
443396	0	5515424	4
443396	0	5530640	0
443396	0	5607635	2
443396	0	5836915	1
443396	0	5836917	1
443396	0	5937130	1
443396	0	5943262	1
443396	0	5943263	2
443396	0	6179578	5
443396	0	6179582	4
443396	0	6639382	0
443396	0	6716493	0
443396	0	6881583	3
443396	0	6953654	5
443396	0	6974030	5
443396	0	6974032	5
443396	0	7099882	2
443396	0	7251120	2
443396	0	7275626	1
443396	0	7703621	0
443396	0	7856436	1
443396	0	7985417	2
443396	0	8128953	4
443396	0	8128954	3
443396	0	8128958	2
443396	0	8171402	5
443396	0	8188606	5
443396	0	8329276	5
443396	0	8329277	4
443396	0	8329278	4
443396	0	8329279	5
443396	0	8536118	5
443396	0	8536121	2
443396	0	8536123	5
443396	0	8793491	2
451602	0	1078133	4
451602	0	1078134	4
451602	0	1094131	1
451602	0	1094139	2
451602	0	127537	0
451602	0	1277286	2
451602	0	1277287	0
451602	0	1277289	2
451602	0	1277290	5
451602	0	1277293	2
451602	0	1277294	4
451602	0	1314125	1
451602	0	1314126	1
451602	0	1314127	0
451602	0	1626653	2
451602	0	1640289	1
451602	0	1715030	1
451602	0	2084909	3
451602	0	2176450	5
451602	0	2176453	5
451602	0	2176455	5
451602	0	2176458	5
451602	0	2176459	5
451602	0	2231421	0
451602	0	2244874	3
451602	0	2312864	5
451602	0	2486933	1
451602	0	2486937	0
451602	0	2922145	2
451602	0	2942560	1
451602	0	3090664	2
451602	0	3090666	5
451602	0	3090667	5
451602	0	3090670	3
451602	0	3119126	1
451602	0	3177691	5
451602	0	3177694	2
451602	0	3177699	2
451602	0	3493825	2
451602	0	3493827	2
451602	0	4453605	5
451602	0	4453606	2
451602	0	4453608	4
451602	0	4487185	2
451602	0	4550410	2
451602	0	4559055	2
451602	0	4874640	5
451602	0	4874641	3
451602	0	4874645	2
451602	0	5053852	3
451602	0	5053854	0
451602	0	5179245	2
451602	0	5179246	0
451602	0	5179249	1
451602	0	5179250	2
451602	0	5179251	5
451602	0	5211036	3
451602	0	5475308	5
451602	0	5475312	1
451602	0	5538936	4
451602	0	5538938	5
451602	0	5538942	5
451602	0	5655693	4
451602	0	5655695	2
451602	0	5897795	1
451602	0	6132119	3
451602	0	6286973	2
451602	0	6286975	5
451602	0	6286976	4
451602	0	6286977	5
451602	0	6286978	4
451602	0	6286979	3
451602	0	6286980	4
451602	0	6286981	2
451602	0	6286982	5
451602	0	654120	0
451602	0	6618755	1
451602	0	6618756	5
451602	0	6719255	1
451602	0	7800959	2
451602	0	7804169	5
451602	0	8019873	4
451602	0	8025740	0
451602	0	8214451	3
451602	0	8214452	5
451602	0	8295166	0
451602	0	8383461	5
451602	0	8383462	2
451602	0	8383463	1
451602	0	8383465	3
451602	0	8390518	5
451602	0	8390525	5
451602	0	8485131	1
451602	0	8485136	2
451602	0	8540468	4
451602	0	8540470	2
451602	0	8540473	4
451602	0	8621776	4
451602	0	96222	4
451602	0	96229	4
47923	0	1346412	4
47923	0	1346419	0
47923	0	1488918	2
47923	0	1508656	1
47923	0	1508658	2
47923	0	1508659	1
47923	0	1569550	0
47923	0	1681331	4
47923	0	1681332	5
47923	0	1681334	4
47923	0	1681336	5
47923	0	1681337	4
47923	0	1681339	4
47923	0	1681340	4
47923	0	1827449	3
47923	0	1868437	4
47923	0	1868438	3
47923	0	1960681	2
47923	0	2297110	0
47923	0	2508227	3
47923	0	2670112	2
47923	0	2699736	2
47923	0	2831042	3
47923	0	2838668	1
47923	0	291219	4
47923	0	3348838	1
47923	0	3630935	0
47923	0	3688361	3
47923	0	3853973	2
47923	0	3853976	1
47923	0	3883230	1
47923	0	3946163	1
47923	0	4202492	2
47923	0	4297620	5
47923	0	4523464	0
47923	0	4652795	4
47923	0	473807	5
47923	0	473809	5
47923	0	5032362	5
47923	0	5032364	3
47923	0	5137400	2
47923	0	5147526	3
47923	0	5147528	0
47923	0	5147529	2
47923	0	525511	2
47923	0	5282403	2
47923	0	5310899	0
47923	0	5417577	1
47923	0	5417578	1
47923	0	5417579	1
47923	0	5417581	0
47923	0	5417582	5
47923	0	5417584	2
47923	0	5586331	4
47923	0	5595916	3
47923	0	566677	1
47923	0	5878044	0
47923	0	5936354	1
47923	0	5966643	3
47923	0	6067090	1
47923	0	618554	5
47923	0	618556	5
47923	0	6191	4
47923	0	6222131	2
47923	0	6241147	5
47923	0	6241148	5
47923	0	6241150	5
47923	0	6241151	5
47923	0	6241152	5
47923	0	6241153	4
47923	0	6241154	5
47923	0	6272906	3
47923	0	6626703	2
47923	0	6643066	5
47923	0	6919836	5
47923	0	7071691	2
47923	0	7071695	2
47923	0	7086728	2
47923	0	7417276	2
47923	0	7644552	2
47923	0	766019	2
47923	0	7902936	2
47923	0	7936847	2
47923	0	8327407	4
47923	0	8348762	5
47923	0	8418678	4
47923	0	8418681	5
47923	0	8418683	5
47923	0	8418684	1
47923	0	8418686	5
47923	0	8421421	2
47923	0	8619129	0
47923	0	8641104	4
47923	0	8641106	5
47923	0	8641107	5
47923	0	8808653	2
47923	0	913042	5
47923	0	913045	1
47923	0	917160	2
47923	0	986177	5
489204	0	1038489	5
489204	0	1051498	3
489204	0	114148	4
489204	0	1225589	4
489204	0	1225591	1
489204	0	1228655	1
489204	0	1231677	1
489204	0	136257	4
489204	0	1418933	2
489204	0	1479542	2
489204	0	152948	5
489204	0	152951	1
489204	0	152954	5
489204	0	1538587	3
489204	0	1759354	5
489204	0	1759357	2
489204	0	1777014	3
489204	0	1778458	5
489204	0	1778462	1
489204	0	1887699	0
489204	0	2016623	2
489204	0	2163701	0
489204	0	216492	4
489204	0	2268651	5
489204	0	2268652	2
489204	0	2268656	2
489204	0	2798565	0
489204	0	2915961	3
489204	0	2915963	3
489204	0	2959687	2
489204	0	3053140	2
489204	0	34397	2
489204	0	3503620	0
489204	0	3728445	5
489204	0	385083	2
489204	0	3898929	3
489204	0	4029846	4
489204	0	4159416	2
489204	0	416864	2
489204	0	4218637	0
489204	0	4279451	1
489204	0	4387756	4
489204	0	4586570	5
489204	0	46493	2
489204	0	46496	1
489204	0	4892626	0
489204	0	4917998	5
489204	0	4918001	1
489204	0	4927308	5
489204	0	533011	2
489204	0	533017	5
489204	0	535375	1
489204	0	5399753	0
489204	0	5480215	3
489204	0	5524072	0
489204	0	5629373	2
489204	0	5815957	5
489204	0	5856571	3
489204	0	5895917	5
489204	0	6087666	4
489204	0	6087671	4
489204	0	6327174	5
489204	0	6327175	4
489204	0	6327176	1
489204	0	6327177	5
489204	0	6327181	4
489204	0	6327182	2
489204	0	6542578	5
489204	0	66437	2
489204	0	6652052	4
489204	0	678245	5
489204	0	6816322	5
489204	0	6988530	2
489204	0	7108296	1
489204	0	7113090	0
489204	0	7113153	4
489204	0	7116533	3
489204	0	753265	4
489204	0	7576597	0
489204	0	7734612	2
489204	0	8376905	1
489204	0	8376906	4
489204	0	852250	2
489204	0	855963	5
489204	0	855967	2
489204	0	855969	2
489204	0	855972	5
489204	0	8585816	1
489204	0	8594271	2
489204	0	8594272	5
489204	0	8594273	5
489204	0	8594276	1
489204	0	8594277	2
489204	0	8594280	2
489204	0	872467	3
489204	0	872470	5
489204	0	8729935	1
489204	0	8737051	5
489204	0	8781574	4
489204	0	973923	5
490595	0	1160847	5
490595	0	1288942	3
490595	0	1288943	2
490595	0	1288946	2
490595	0	1370801	2
490595	0	1370802	1
490595	0	1473259	5
490595	0	1652460	5
490595	0	1929910	5
490595	0	1929911	4
490595	0	2433509	2
490595	0	3497870	2
490595	0	3497876	1
490595	0	3833407	5
490595	0	3833409	3
490595	0	3833413	2
490595	0	3833414	2
490595	0	3837431	0
490595	0	3937195	4
490595	0	3937196	5
490595	0	3937197	5
490595	0	3937200	3
490595	0	3937201	4
490595	0	3937202	4
490595	0	3937203	5
490595	0	4082315	2
490595	0	4082319	1
490595	0	4082324	1
490595	0	4604269	2
490595	0	4737059	4
490595	0	4737060	5
490595	0	4737061	4
490595	0	4737062	4
490595	0	4737063	5
490595	0	4737064	5
490595	0	4737065	5
490595	0	4737066	4
490595	0	4737067	3
490595	0	4737068	4
490595	0	4763066	4
490595	0	4842889	5
490595	0	4842890	5
490595	0	4842891	5
490595	0	4842894	3
490595	0	4842895	4
490595	0	4842896	3
490595	0	4842897	5
490595	0	4905043	1
490595	0	4954285	1
490595	0	4954289	1
490595	0	5112294	4
490595	0	5128293	1
490595	0	5247992	5
490595	0	5247999	5
490595	0	5248000	3
490595	0	526093	3
490595	0	5359212	2
490595	0	5359213	2
490595	0	549465	5
490595	0	549466	2
490595	0	559485	1
490595	0	5612095	0
490595	0	5612099	2
490595	0	5633631	2
490595	0	6045591	1
490595	0	6045596	0
490595	0	6192935	0
490595	0	6686784	3
490595	0	6742119	4
490595	0	6976961	1
490595	0	7045861	1
490595	0	7065743	0
490595	0	7192856	0
490595	0	7192859	0
490595	0	7192862	1
490595	0	7340532	5
490595	0	7340533	2
490595	0	7422680	3
490595	0	7698191	2
490595	0	7698199	2
490595	0	777201	0
490595	0	7839903	2
490595	0	7839904	2
490595	0	7839905	2
490595	0	7839906	2
490595	0	7839908	2
490595	0	7957548	0
490595	0	7957550	2
490595	0	805046	5
490595	0	805047	4
490595	0	805048	5
490595	0	805049	0
490595	0	805051	5
490595	0	805052	1
490595	0	8406244	1
490595	0	8485139	5
490595	0	8485140	4
490595	0	8485141	5
490595	0	8716499	2
490595	0	903932	2
527433	0	1125933	3
527433	0	1212784	2
527433	0	1212787	2
527433	0	124440	0
527433	0	1251475	1
527433	0	1251480	2
527433	0	1379236	5
527433	0	1379237	2
527433	0	1379238	2
527433	0	1379240	5
527433	0	1379245	5
527433	0	1404580	1
527433	0	1511548	5
527433	0	1511549	3
527433	0	1511551	2
527433	0	1511556	3
527433	0	1664518	2
527433	0	1753604	2
527433	0	2045580	2
527433	0	2331983	0
527433	0	2331989	3
527433	0	2496224	1
527433	0	2496227	4
527433	0	2565413	2
527433	0	2649533	1
527433	0	269422	5
527433	0	269423	4
527433	0	269424	2
527433	0	269425	4
527433	0	269426	5
527433	0	269428	5
527433	0	269430	3
527433	0	2722034	0
527433	0	2722036	3
527433	0	2931558	1
527433	0	2931562	1
527433	0	3294599	4
527433	0	3294600	3
527433	0	3774357	2
527433	0	3774360	0
527433	0	3786813	5
527433	0	3835729	5
527433	0	3835731	5
527433	0	3835732	2
527433	0	3835735	2
527433	0	3973284	2
527433	0	4064455	2
527433	0	4064457	0
527433	0	422236	0
527433	0	4351179	2
527433	0	4402992	5
527433	0	4402995	2
527433	0	467601	5
527433	0	4903731	2
527433	0	4958696	1
527433	0	4958697	1
527433	0	5034544	1
527433	0	5154358	0
527433	0	5295980	1
527433	0	5466807	5
527433	0	5466810	5
527433	0	5466812	2
527433	0	5479497	4
527433	0	5479502	2
527433	0	5603305	4
527433	0	5672170	1
527433	0	5690938	4
527433	0	5690947	1
527433	0	5878263	0
527433	0	6015377	4
527433	0	6038397	3
527433	0	6065674	2
527433	0	6065681	1
527433	0	6186391	4
527433	0	6186393	5
527433	0	6186394	4
527433	0	6186395	4
527433	0	6215001	5
527433	0	6215002	5
527433	0	6398043	1
527433	0	653101	3
527433	0	6743088	0
527433	0	6743093	2
527433	0	7357591	5
527433	0	7514088	5
527433	0	7607669	5
527433	0	8306449	4
527433	0	8306451	5
527433	0	8371764	2
527433	0	8617267	5
527433	0	8617269	1
527433	0	8617270	2
527433	0	8617271	5
527433	0	8617273	4
527433	0	8617275	0
527433	0	8617276	4
527433	0	8761458	3
527433	0	8827925	4
527433	0	8827928	5
527433	0	975967	5
573724	0	1005335	2
573724	0	1005338	1
573724	0	1021036	0
573724	0	104856	1
573724	0	1165128	3
573724	0	1165129	5
573724	0	1293333	2
573724	0	1509940	5
573724	0	1509942	5
573724	0	1509943	1
573724	0	1509944	2
573724	0	162151	4
573724	0	1816038	5
573724	0	2133806	4
573724	0	2186124	2
573724	0	2417985	2
573724	0	2635262	5
573724	0	305009	1
573724	0	3059589	2
573724	0	3059590	3
573724	0	3059592	0
573724	0	3059593	3
573724	0	3146236	4
573724	0	3146238	5
573724	0	3146240	3
573724	0	3365631	4
573724	0	3365632	3
573724	0	3365633	4
573724	0	3365634	0
573724	0	3365635	3
573724	0	3365636	5
573724	0	3365637	0
573724	0	3365638	5
573724	0	3365639	2
573724	0	3365640	1
573724	0	3492364	2
573724	0	3546092	0
573724	0	3617636	4
573724	0	3795243	2
573724	0	394136	5
573724	0	394138	5
573724	0	394139	4
573724	0	394141	4
573724	0	394142	5
573724	0	4360246	2
573724	0	5047796	5
573724	0	5185664	1
573724	0	5185671	1
573724	0	5310530	5
573724	0	5339620	5
573724	0	5384308	2
573724	0	5721829	5
573724	0	5721831	3
573724	0	5962420	1
573724	0	5962423	5
573724	0	5962424	2
573724	0	5962426	2
573724	0	5962428	4
573724	0	6496777	2
573724	0	6776717	5
573724	0	7104825	5
573724	0	7104826	0
573724	0	7104827	2
573724	0	7199667	2
573724	0	7199669	5
573724	0	7199672	2
573724	0	7199673	5
573724	0	7199675	4
573724	0	7384329	1
573724	0	7384331	4
573724	0	7384332	4
573724	0	7384333	1
573724	0	7530702	1
573724	0	7609926	2
573724	0	7609927	4
573724	0	7609928	4
573724	0	7609929	1
573724	0	7609930	2
573724	0	7609932	2
573724	0	7674854	0
573724	0	7674858	2
573724	0	7674859	5
573724	0	7964601	3
573724	0	8047166	3
573724	0	8047170	1
573724	0	8047172	1
573724	0	8441637	4
573724	0	8441642	5
573724	0	8444727	1
573724	0	8444728	3
573724	0	8444730	0
573724	0	8690218	0
573724	0	8728790	0
573724	0	87400	2
573724	0	87404	2
573724	0	87405	5
573724	0	87409	2
573724	0	8833192	5
573724	0	8833194	5
573724	0	8833199	2
833860	0	115142	4
833860	0	1187661	4
833860	0	1219653	1
833860	0	1361867	4
833860	0	1361868	0
833860	0	1521600	2
833860	0	1603168	0
833860	0	1733841	4
833860	0	1889863	5
833860	0	1913651	2
833860	0	2022688	3
833860	0	2037474	2
833860	0	207381	0
833860	0	2206194	5
833860	0	2206195	3
833860	0	2206196	5
833860	0	2206197	4
833860	0	2206198	2
833860	0	2206199	2
833860	0	2206200	3
833860	0	2654110	0
833860	0	2702357	4
833860	0	2702358	1
833860	0	3087477	2
833860	0	3087481	5
833860	0	3087483	2
833860	0	3096	0
833860	0	3162226	1
833860	0	3318545	2
833860	0	3421947	2
833860	0	3437281	5
833860	0	3437283	4
833860	0	3437284	5
833860	0	3437285	5
833860	0	3437286	5
833860	0	3437288	5
833860	0	3437289	2
833860	0	3437290	4
833860	0	3494809	1
833860	0	3990986	1
833860	0	4046122	2
833860	0	4046123	1
833860	0	4046129	2
833860	0	4121472	0
833860	0	4229067	2
833860	0	4544257	1
833860	0	456068	0
833860	0	4881965	5
833860	0	5082855	0
833860	0	5167510	5
833860	0	5167511	2
833860	0	5167512	3
833860	0	5167513	5
833860	0	5167514	1
833860	0	5167518	5
833860	0	5255471	2
833860	0	5268870	2
833860	0	5832657	3
833860	0	5897836	4
833860	0	5897837	1
833860	0	5897839	2
833860	0	596153	2
833860	0	5988243	1
833860	0	6083481	4
833860	0	6218032	5
833860	0	6218035	2
833860	0	6218036	3
833860	0	6218040	2
833860	0	6230220	5
833860	0	6230221	5
833860	0	6230222	5
833860	0	6230223	5
833860	0	6230224	4
833860	0	6230225	5
833860	0	6230226	5
833860	0	6230227	5
833860	0	6230228	4
833860	0	6230229	5
833860	0	6292957	2
833860	0	6804392	0
833860	0	6812180	2
833860	0	6875877	3
833860	0	7038169	0
833860	0	7038170	3
833860	0	7061642	2
833860	0	771855	3
833860	0	7944293	4
833860	0	8344031	5
833860	0	8400004	1
833860	0	8400005	1
833860	0	8400007	2
833860	0	8697642	3
833860	0	8705868	1
833860	0	8767220	2
833860	0	8767221	1
833860	0	8833502	4
833860	0	8833504	4
833860	0	8833506	5
833860	0	8833509	5
833860	0	921798	1
855410	0	1018504	3
855410	0	1028259	2
855410	0	103039	5
855410	0	1039206	0
855410	0	1039210	1
855410	0	1200408	2
855410	0	1328798	1
855410	0	133350	0
855410	0	1394855	2
855410	0	1461779	0
855410	0	1494093	3
855410	0	1494095	4
855410	0	1494097	4
855410	0	1625109	3
855410	0	1625111	4
855410	0	1687125	2
855410	0	1751632	0
855410	0	1756333	2
855410	0	1821211	3
855410	0	1947640	0
855410	0	1947769	4
855410	0	2117094	5
855410	0	212609	5
855410	0	217349	4
855410	0	2219618	2
855410	0	2395815	2
855410	0	2402680	0
855410	0	263328	1
855410	0	2637679	1
855410	0	2854643	1
855410	0	2976406	4
855410	0	2989045	1
855410	0	3357223	2
855410	0	3530756	5
855410	0	3530757	5
855410	0	3530758	5
855410	0	3530762	5
855410	0	364430	2
855410	0	3670425	3
855410	0	3923830	2
855410	0	3956603	5
855410	0	4096017	4
855410	0	4253173	0
855410	0	4279706	1
855410	0	4616840	2
855410	0	4616842	0
855410	0	4708041	5
855410	0	4708042	5
855410	0	4708045	5
855410	0	4708046	5
855410	0	4708047	5
855410	0	4733967	0
855410	0	4778582	3
855410	0	4930970	2
855410	0	5012968	4
855410	0	5022594	1
855410	0	5106715	2
855410	0	5577267	1
855410	0	5608554	4
855410	0	5740974	4
855410	0	5740979	1
855410	0	5740982	2
855410	0	621485	1
855410	0	6432578	2
855410	0	6481240	2
855410	0	6561011	2
855410	0	6566606	1
855410	0	6815713	1
855410	0	6815714	3
855410	0	6815715	2
855410	0	6859966	4
855410	0	6859967	1
855410	0	7031506	5
855410	0	7031507	2
855410	0	7031508	2
855410	0	7031509	5
855410	0	7031514	3
855410	0	7043020	3
855410	0	7063035	1
855410	0	71807	4
855410	0	7225358	2
855410	0	7329903	4
855410	0	7548527	5
855410	0	8180251	0
855410	0	828650	4
855410	0	8391962	2
855410	0	8402605	2
855410	0	847674	3
855410	0	8496293	4
855410	0	8651770	5
855410	0	8651771	5
855410	0	8651772	5
855410	0	8651773	5
855410	0	8651775	5
855410	0	8651778	5
855410	0	8776516	2
855410	0	889438	5
855410	0	936544	5
855410	0	936546	5
855410	0	992162	2
87181	0	1054971	2
87181	0	1059517	5
87181	0	123547	4
87181	0	1622419	1
87181	0	1622428	2
87181	0	1700168	2
87181	0	1766470	1
87181	0	1852747	0
87181	0	1902827	0
87181	0	1950526	5
87181	0	1950532	5
87181	0	2307974	2
87181	0	2307979	4
87181	0	2307980	0
87181	0	2528292	1
87181	0	2528296	2
87181	0	2530227	5
87181	0	2530252	4
87181	0	2530257	2
87181	0	2556144	3
87181	0	2556146	0
87181	0	2556150	1
87181	0	2556151	2
87181	0	2556153	5
87181	0	2986227	5
87181	0	2993464	3
87181	0	3216315	5
87181	0	3363613	4
87181	0	3363614	2
87181	0	3363615	1
87181	0	3914970	3
87181	0	4632251	2
87181	0	4639455	4
87181	0	4689523	5
87181	0	4689524	2
87181	0	4689525	5
87181	0	47203	4
87181	0	47205	0
87181	0	47206	2
87181	0	47207	4
87181	0	47210	2
87181	0	47211	2
87181	0	47212	3
87181	0	4786305	5
87181	0	5103077	1
87181	0	5103079	1
87181	0	5197130	2
87181	0	5197133	3
87181	0	5197135	4
87181	0	5197136	0
87181	0	5197138	0
87181	0	5469038	5
87181	0	5497677	5
87181	0	5753301	3
87181	0	5758954	1
87181	0	5899049	2
87181	0	6429125	1
87181	0	6484575	5
87181	0	6484576	5
87181	0	6484577	2
87181	0	6484578	2
87181	0	6521360	1
87181	0	6521366	5
87181	0	6521367	1
87181	0	6685092	5
87181	0	6774305	2
87181	0	6969187	4
87181	0	7057928	2
87181	0	742425	5
87181	0	7504775	3
87181	0	7586365	2
87181	0	7666828	2
87181	0	7666831	4
87181	0	8151921	3
87181	0	8151922	1
87181	0	8151926	1
87181	0	8165400	0
87181	0	8165401	4
87181	0	8165403	1
87181	0	8165404	2
87181	0	8201558	0
87181	0	8332546	5
87181	0	8332547	5
87181	0	8332550	4
87181	0	8332551	2
87181	0	8332553	0
87181	0	8332555	3
87181	0	8522403	2
87181	0	8534129	5
87181	0	8534130	5
87181	0	8534133	2
87181	0	8534134	5
87181	0	8534135	4
87181	0	8534136	3
87181	0	8565420	5
87181	0	8664069	4
87181	0	8683178	1
87181	0	8683181	4
87181	0	8683183	5
87181	0	8683185	5
87452	0	1383633	0
87452	0	1395625	4
87452	0	1395631	2
87452	0	1395633	4
87452	0	1598547	1
87452	0	1723781	1
87452	0	186931	4
87452	0	186939	5
87452	0	1890452	2
87452	0	2026777	1
87452	0	2205470	4
87452	0	2282213	2
87452	0	2310395	1
87452	0	2624886	5
87452	0	2732501	1
87452	0	3191900	0
87452	0	3242437	2
87452	0	3732898	0
87452	0	3809020	0
87452	0	4008486	4
87452	0	408552	3
87452	0	4307932	1
87452	0	4307936	3
87452	0	4634896	2
87452	0	4634899	3
87452	0	4634903	2
87452	0	4634904	2
87452	0	4872055	5
87452	0	4993648	5
87452	0	5052039	0
87452	0	5219890	5
87452	0	5286924	5
87452	0	5506226	1
87452	0	5694209	0
87452	0	5694210	0
87452	0	5746167	4
87452	0	5751686	4
87452	0	5851090	3
87452	0	5851095	3
87452	0	5851096	1
87452	0	6018160	5
87452	0	6018161	2
87452	0	6018162	5
87452	0	6018163	5
87452	0	6018164	5
87452	0	6018165	5
87452	0	6018166	4
87452	0	6018167	3
87452	0	6018168	5
87452	0	6018169	5
87452	0	6289834	2
87452	0	6478928	2
87452	0	6600187	2
87452	0	7166743	1
87452	0	7166746	0
87452	0	7166749	1
87452	0	7304545	1
87452	0	7426326	1
87452	0	7426331	2
87452	0	7481965	0
87452	0	7843982	2
87452	0	7843984	5
87452	0	7965004	4
87452	0	7965005	5
87452	0	7965008	3
87452	0	7965010	1
87452	0	7965011	2
87452	0	8055174	4
87452	0	8081937	0
87452	0	8110621	2
87452	0	8126315	5
87452	0	8152220	3
87452	0	8152222	3
87452	0	8152223	2
87452	0	8152225	1
87452	0	8333912	5
87452	0	8333916	5
87452	0	8333917	2
87452	0	8333918	2
87452	0	8333919	5
87452	0	8333920	4
87452	0	8333921	5
87452	0	8344197	1
87452	0	8436571	4
87452	0	8436572	2
87452	0	8436574	2
87452	0	8436575	3
87452	0	8436576	2
87452	0	8436578	4
87452	0	8436579	4
87452	0	8453304	2
87452	0	8680815	5
87452	0	8680816	2
87452	0	8787615	2
87452	0	8819111	5
87452	0	8819112	5
87452	0	8819113	5
87452	0	8819114	4
87452	0	8819116	5
87452	0	994547	2
915593	0	1396701	5
915593	0	1396702	0
915593	0	1396705	2
915593	0	1396706	1
915593	0	1396707	2
915593	0	1772930	4
915593	0	1772932	1
915593	0	2210590	2
915593	0	2210591	4
915593	0	2210592	4
915593	0	2210593	4
915593	0	2210594	3
915593	0	2210595	4
915593	0	2210596	2
915593	0	2210597	4
915593	0	2210598	0
915593	0	2210599	1
915593	0	2588143	5
915593	0	2637186	1
915593	0	3143377	3
915593	0	3523599	1
915593	0	3523602	2
915593	0	3538159	4
915593	0	3538160	5
915593	0	3538161	5
915593	0	3538162	3
915593	0	3538163	2
915593	0	3538164	5
915593	0	3538165	1
915593	0	3538166	5
915593	0	3538167	1
915593	0	3538168	5
915593	0	3573473	2
915593	0	3573478	2
915593	0	3573479	4
915593	0	3991910	2
915593	0	4566815	4
915593	0	4566816	4
915593	0	4566817	3
915593	0	4566818	5
915593	0	4566819	3
915593	0	4566822	4
915593	0	4566823	4
915593	0	4691129	1
915593	0	4834226	5
915593	0	4998398	5
915593	0	5931266	1
915593	0	5931553	2
915593	0	6761341	2
915593	0	6761344	5
915593	0	6761345	0
915593	0	6761346	1
915593	0	6761348	5
915593	0	6923052	4
915593	0	6923055	0
915593	0	704072	0
915593	0	7709320	2
915593	0	7742098	2
915593	0	7837084	3
915593	0	7837086	3
915593	0	7861749	5
915593	0	7861751	1
915593	0	8002852	2
915593	0	8029524	5
915593	0	8029525	2
915593	0	8029527	2
915593	0	8029530	2
915593	0	8029532	1
915593	0	8029533	2
915593	0	8103065	5
915593	0	8103067	5
915593	0	8103068	3
915593	0	8178996	2
915593	0	8178998	4
915593	0	8178999	2
915593	0	8179000	0
915593	0	8179001	1
915593	0	8179003	0
915593	0	82105	5
915593	0	82106	5
915593	0	82107	5
915593	0	82108	5
915593	0	82109	2
915593	0	82110	2
915593	0	82111	1
915593	0	82113	2
915593	0	8275207	1
915593	0	8402967	2
915593	0	8402968	3
915593	0	8402969	5
915593	0	8402970	5
915593	0	8402971	5
915593	0	8402972	5
915593	0	8402973	4
915593	0	8402974	0
915593	0	8455301	3
915593	0	8455302	2
915593	0	8455304	5
915593	0	8455306	0
915593	0	8736930	0
962179	0	1006865	2
962179	0	1371846	0
962179	0	1645080	5
962179	0	1882903	2
962179	0	2121342	1
962179	0	2131895	4
962179	0	220191	2
962179	0	2329692	5
962179	0	2329693	5
962179	0	2329696	5
962179	0	2329697	5
962179	0	2329699	5
962179	0	2329700	4
962179	0	2329701	5
962179	0	2372123	2
962179	0	2433077	1
962179	0	2697161	1
962179	0	2781435	0
962179	0	2978864	5
962179	0	2978865	4
962179	0	2978866	5
962179	0	2978867	4
962179	0	2978868	2
962179	0	2978869	5
962179	0	2978870	5
962179	0	2978871	5
962179	0	302861	2
962179	0	302867	3
962179	0	3033200	1
962179	0	3046928	1
962179	0	3156128	0
962179	0	3173625	4
962179	0	3202309	0
962179	0	3422319	4
962179	0	3544337	2
962179	0	3705165	4
962179	0	3958152	1
962179	0	4257871	2
962179	0	4257872	4
962179	0	4257873	3
962179	0	4511499	5
962179	0	4511500	2
962179	0	4511502	2
962179	0	4511503	5
962179	0	4606386	5
962179	0	4606387	5
962179	0	4606388	2
962179	0	4610583	0
962179	0	5105844	2
962179	0	5123740	1
962179	0	5198217	1
962179	0	5282332	0
962179	0	529450	2
962179	0	5329867	3
962179	0	5340	1
962179	0	534563	5
962179	0	536176	5
962179	0	536177	4
962179	0	536178	2
962179	0	5653652	2
962179	0	5653653	2
962179	0	5653656	4
962179	0	5653657	1
962179	0	5653659	5
962179	0	5919340	5
962179	0	5919342	4
962179	0	5931179	1
962179	0	6675259	3
962179	0	6675260	2
962179	0	6675262	4
962179	0	6675264	2
962179	0	6700397	0
962179	0	6848170	0
962179	0	6898289	5
962179	0	6898293	3
962179	0	6904860	2
962179	0	6904861	2
962179	0	6904862	2
962179	0	6904863	3
962179	0	6980697	5
962179	0	7126017	2
962179	0	7126025	4
962179	0	7260027	0
962179	0	7344694	0
962179	0	7428149	4
962179	0	7733807	3
962179	0	7733810	3
962179	0	7851535	1
962179	0	8032264	2
962179	0	8362124	1
962179	0	8768974	1
962179	0	8785367	4
962179	0	8785368	3
962179	0	8785369	5
962179	0	8785370	2
962179	0	8785371	5
962179	0	8785373	3
962179	0	8785374	5
962179	0	8785375	2
962179	0	931124	1
