1037798	0	1668145	0
1037798	0	1693397	0
1037798	0	2081844	0
1037798	0	2258762	0
1037798	0	2258763	0
1037798	0	2258765	0
1037798	0	2360245	0
1037798	0	2360246	0
1037798	0	2360247	0
1037798	0	2360249	0
1037798	0	2360251	0
1037798	0	2360252	0
1037798	0	2781960	0
1037798	0	2781962	0
1037798	0	2781965	0
1037798	0	2781966	0
1037798	0	2787508	0
1037798	0	2840240	0
1037798	0	2868740	0
1037798	0	2970891	0
1037798	0	2970892	0
1037798	0	2970895	0
1037798	0	2970897	0
1037798	0	2989290	0
1037798	0	3055262	0
1037798	0	3078992	0
1037798	0	3187018	0
1037798	0	3245239	0
1037798	0	3265446	0
1037798	0	3265449	0
1037798	0	3265450	0
1037798	0	3265451	0
1037798	0	3274897	0
1037798	0	3310848	0
1037798	0	3310851	0
1037798	0	3310854	0
1037798	0	3310855	0
1037798	0	3375471	0
1037798	0	3405265	0
1037798	0	3620983	1
1037798	0	3620986	0
1037798	0	3620991	0
1037798	0	3641634	1
1037798	0	3788223	0
1037798	0	3805294	0
1037798	0	3914692	0
1037798	0	3958148	0
1037798	0	4571199	0
1037798	0	4618582	0
1037798	0	4640082	0
1037798	0	4715286	0
1037798	0	4818124	0
1037798	0	4818129	0
1037798	0	4824239	0
1037798	0	4824243	0
1037798	0	4867051	0
1037798	0	4932830	0
1037798	0	4948770	0
1037798	0	4948775	0
1037798	0	4948777	0
1037798	0	5006521	0
1037798	0	5006527	0
1037798	0	5099520	0
1037798	0	5326070	0
1037798	0	5685966	0
1037798	0	6030393	0
1037798	0	6915000	0
1037798	0	6963992	0
1037798	0	7208741	0
1037798	0	7281941	0
1037798	0	7412882	0
1037798	0	7465379	0
1037798	0	7604812	0
1037798	0	7689060	0
1037798	0	7779667	0
1037798	0	7817007	0
1037798	0	7817011	0
1037798	0	7822415	1
1037798	0	793254	0
1037798	0	7961603	0
1037798	0	8199019	0
1037798	0	8199025	0
1037798	0	8208397	0
1037798	0	8223340	0
1037798	0	8346417	0
1037798	0	8417606	0
1037798	0	8417608	0
1037798	0	8537479	1
1037798	0	8760864	0
1037798	0	8760865	0
1037798	0	8760866	1
1037798	0	8760867	1
1037798	0	8760870	0
1037798	0	8760871	1
1037798	0	8760873	0
1037798	0	8766193	0
1037798	0	8780802	0
1037798	0	8780804	0
1037798	0	8780809	0
1037798	0	8780810	0
104861	0	1017092	1
104861	0	1046334	1
104861	0	1046339	1
104861	0	1058524	1
104861	0	1304632	1
104861	0	1424216	1
104861	0	1453718	0
104861	0	146170	1
104861	0	146171	1
104861	0	146172	1
104861	0	146174	1
104861	0	1567102	1
104861	0	1773805	1
104861	0	1773807	1
104861	0	1811410	1
104861	0	1948963	1
104861	0	2377050	1
104861	0	257138	0
104861	0	2611066	1
104861	0	2916631	1
104861	0	3329746	1
104861	0	3443173	1
104861	0	3443176	1
104861	0	3925933	1
104861	0	4017854	1
104861	0	4017855	1
104861	0	4017856	1
104861	0	4017858	1
104861	0	4230210	1
104861	0	4230213	1
104861	0	4350439	1
104861	0	454829	0
104861	0	459676	1
104861	0	505928	0
104861	0	5091798	1
104861	0	5138467	1
104861	0	5138468	1
104861	0	5138469	1
104861	0	5138471	1
104861	0	5138472	1
104861	0	5138473	1
104861	0	5138474	1
104861	0	5138476	1
104861	0	5150431	1
104861	0	5248340	1
104861	0	5248341	1
104861	0	5340891	1
104861	0	5394110	1
104861	0	5394112	1
104861	0	5483490	1
104861	0	5652262	1
104861	0	5652264	1
104861	0	5652266	1
104861	0	5667474	1
104861	0	5667475	1
104861	0	5688415	1
104861	0	5688416	1
104861	0	5688417	1
104861	0	5688418	1
104861	0	5688421	1
104861	0	5703400	1
104861	0	5703401	1
104861	0	5776561	0
104861	0	5801822	1
104861	0	5836442	1
104861	0	5864695	1
104861	0	599604	1
104861	0	6187055	1
104861	0	6187058	1
104861	0	6241793	1
104861	0	629270	1
104861	0	629273	1
104861	0	629274	1
104861	0	629276	1
104861	0	629277	1
104861	0	629278	1
104861	0	6467577	1
104861	0	6467578	1
104861	0	6467579	1
104861	0	6467580	1
104861	0	6467581	1
104861	0	6585554	1
104861	0	6653674	1
104861	0	6653675	1
104861	0	6653676	1
104861	0	6653677	1
104861	0	6653678	1
104861	0	6704672	1
104861	0	6904992	1
104861	0	7034375	1
104861	0	7302612	1
104861	0	8138536	1
104861	0	8260035	1
104861	0	8349574	1
104861	0	8482618	0
104861	0	8495099	1
104861	0	8546158	1
104861	0	8546160	1
104861	0	8546162	1
104861	0	863349	0
1063750	0	1074552	1
1063750	0	118643	0
1063750	0	143600	0
1063750	0	1580962	0
1063750	0	1580964	0
1063750	0	1866482	1
1063750	0	1866486	1
1063750	0	1922590	1
1063750	0	1923506	1
1063750	0	2230089	1
1063750	0	2230091	0
1063750	0	2230095	1
1063750	0	2470328	1
1063750	0	2569816	1
1063750	0	2768123	1
1063750	0	2787250	1
1063750	0	309313	1
1063750	0	3134992	1
1063750	0	3134994	1
1063750	0	3259884	1
1063750	0	3259889	1
1063750	0	3259891	1
1063750	0	3259892	1
1063750	0	330159	1
1063750	0	330165	1
1063750	0	3327047	1
1063750	0	3327049	1
1063750	0	3327050	0
1063750	0	3327053	0
1063750	0	3327054	0
1063750	0	340263	1
1063750	0	3654231	0
1063750	0	3654236	1
1063750	0	3973418	1
1063750	0	3973423	1
1063750	0	3994446	1
1063750	0	4158202	1
1063750	0	4158205	1
1063750	0	4182558	1
1063750	0	4337526	1
1063750	0	4337527	1
1063750	0	4337528	1
1063750	0	4337529	1
1063750	0	4337532	1
1063750	0	4487115	1
1063750	0	4542127	0
1063750	0	4559130	1
1063750	0	4718157	0
1063750	0	4718159	0
1063750	0	4718161	1
1063750	0	4788295	1
1063750	0	4795722	0
1063750	0	4802036	1
1063750	0	4834969	1
1063750	0	4834974	1
1063750	0	5062363	1
1063750	0	5237507	1
1063750	0	5256198	0
1063750	0	5360360	1
1063750	0	5423928	1
1063750	0	5423929	1
1063750	0	5423931	1
1063750	0	5442711	1
1063750	0	5590573	0
1063750	0	5590575	0
1063750	0	5590581	0
1063750	0	5956099	1
1063750	0	5956102	1
1063750	0	5956106	1
1063750	0	6127385	1
1063750	0	6127387	1
1063750	0	6127389	1
1063750	0	7247263	0
1063750	0	7247264	1
1063750	0	7571423	1
1063750	0	7571424	1
1063750	0	7571428	1
1063750	0	7778348	0
1063750	0	7778351	1
1063750	0	7778354	1
1063750	0	7837936	1
1063750	0	7837938	1
1063750	0	7952964	1
1063750	0	7952965	1
1063750	0	7952966	1
1063750	0	7952967	1
1063750	0	7952971	1
1063750	0	8183810	1
1063750	0	819283	1
1063750	0	819284	1
1063750	0	8239876	1
1063750	0	8239877	1
1063750	0	8384971	1
1063750	0	8384978	0
1063750	0	8418269	0
1063750	0	8640242	1
1063750	0	8821734	1
1063750	0	8821735	1
1063750	0	8821736	1
1063750	0	8821737	1
1103812	0	1214791	0
1103812	0	1294072	0
1103812	0	1659852	1
1103812	0	1881756	0
1103812	0	1991366	0
1103812	0	1996540	0
1103812	0	2093195	0
1103812	0	2108518	0
1103812	0	2137472	0
1103812	0	2156106	0
1103812	0	2156110	0
1103812	0	2226743	0
1103812	0	2586283	0
1103812	0	2602251	0
1103812	0	2703108	0
1103812	0	2703110	0
1103812	0	2703111	0
1103812	0	2703114	0
1103812	0	2720842	0
1103812	0	2920657	0
1103812	0	2920658	0
1103812	0	292717	0
1103812	0	292718	0
1103812	0	292719	0
1103812	0	292721	0
1103812	0	3591090	0
1103812	0	3591092	0
1103812	0	3591094	0
1103812	0	3672737	0
1103812	0	3672738	0
1103812	0	3672744	0
1103812	0	3789475	0
1103812	0	3843267	1
1103812	0	3843269	1
1103812	0	3843271	1
1103812	0	3870791	0
1103812	0	3940091	1
1103812	0	3964593	0
1103812	0	4044288	0
1103812	0	4044289	0
1103812	0	4044290	0
1103812	0	4059664	0
1103812	0	4241925	0
1103812	0	4241929	0
1103812	0	4292848	1
1103812	0	4322056	0
1103812	0	4322057	0
1103812	0	4322058	0
1103812	0	4469205	0
1103812	0	4566582	0
1103812	0	4824831	0
1103812	0	4937953	0
1103812	0	5116383	0
1103812	0	5156597	0
1103812	0	5175448	0
1103812	0	5372063	0
1103812	0	5416250	0
1103812	0	5757954	0
1103812	0	5974245	0
1103812	0	5976811	0
1103812	0	6103245	0
1103812	0	6128049	0
1103812	0	6230372	0
1103812	0	6254481	0
1103812	0	6294457	0
1103812	0	6569474	0
1103812	0	6604321	0
1103812	0	6627381	0
1103812	0	6842213	0
1103812	0	6924733	0
1103812	0	7242599	0
1103812	0	7246728	0
1103812	0	7259761	0
1103812	0	7280664	0
1103812	0	7280672	0
1103812	0	737449	0
1103812	0	737450	0
1103812	0	737451	0
1103812	0	737454	0
1103812	0	7430769	0
1103812	0	7430771	0
1103812	0	7491609	0
1103812	0	7729484	0
1103812	0	7873020	0
1103812	0	8157968	1
1103812	0	8205165	0
1103812	0	8220081	1
1103812	0	8220085	1
1103812	0	8220086	1
1103812	0	8220087	1
1103812	0	8220089	1
1103812	0	8224175	0
1103812	0	8224177	0
1103812	0	8224183	1
1103812	0	8293805	1
1103812	0	865879	0
1103812	0	8755009	0
1103812	0	896505	0
1103812	0	955560	0
1103812	0	961775	0
1106007	0	1294320	1
1106007	0	1334328	1
1106007	0	1334330	1
1106007	0	1334331	1
1106007	0	1334332	0
1106007	0	1334334	1
1106007	0	1334335	1
1106007	0	1334336	1
1106007	0	1560243	0
1106007	0	2186171	0
1106007	0	2317280	0
1106007	0	2464373	0
1106007	0	2464374	0
1106007	0	2464375	1
1106007	0	2464376	0
1106007	0	2464377	0
1106007	0	2464378	0
1106007	0	2464379	0
1106007	0	2464382	0
1106007	0	2513606	0
1106007	0	2513608	0
1106007	0	2513609	0
1106007	0	2603424	0
1106007	0	2621976	0
1106007	0	2672601	1
1106007	0	2672608	1
1106007	0	2777111	0
1106007	0	2798876	0
1106007	0	2866627	0
1106007	0	2866633	0
1106007	0	2960558	1
1106007	0	2960561	0
1106007	0	2960563	1
1106007	0	2960564	0
1106007	0	2960566	1
1106007	0	3184240	0
1106007	0	3530025	0
1106007	0	3537611	0
1106007	0	3567188	0
1106007	0	3759894	0
1106007	0	4004166	0
1106007	0	4004169	0
1106007	0	4004170	0
1106007	0	4004173	0
1106007	0	4089153	0
1106007	0	4102293	0
1106007	0	4114225	0
1106007	0	4173709	1
1106007	0	4173712	1
1106007	0	4382098	0
1106007	0	4382102	0
1106007	0	4382105	0
1106007	0	4781863	0
1106007	0	4781867	0
1106007	0	4794671	0
1106007	0	5174765	0
1106007	0	5204536	1
1106007	0	5204538	0
1106007	0	5204544	0
1106007	0	5279699	0
1106007	0	5279702	0
1106007	0	5279704	0
1106007	0	5774817	0
1106007	0	5774818	1
1106007	0	5780388	0
1106007	0	5836920	0
1106007	0	5993698	0
1106007	0	6126197	0
1106007	0	6182968	0
1106007	0	6209484	0
1106007	0	6282108	0
1106007	0	6282110	0
1106007	0	6303269	0
1106007	0	6963994	0
1106007	0	7343428	0
1106007	0	746358	0
1106007	0	7685380	1
1106007	0	7685382	0
1106007	0	7685383	1
1106007	0	7685384	0
1106007	0	7685385	1
1106007	0	7685386	0
1106007	0	7685387	0
1106007	0	7685388	1
1106007	0	7726655	0
1106007	0	7978149	0
1106007	0	8141084	0
1106007	0	8141089	0
1106007	0	8199521	0
1106007	0	8204457	1
1106007	0	8204463	0
1106007	0	8204464	0
1106007	0	8214505	0
1106007	0	8521668	0
1106007	0	8521673	1
1106007	0	8521674	0
1106007	0	899461	0
1106007	0	899465	0
1106007	0	899467	0
1106007	0	899468	0
1110199	0	100114	0
1110199	0	1144987	0
1110199	0	1592475	0
1110199	0	1592477	0
1110199	0	1778454	0
1110199	0	1809286	0
1110199	0	1901876	1
1110199	0	1901877	1
1110199	0	1901878	1
1110199	0	1901879	1
1110199	0	1901881	1
1110199	0	1901882	1
1110199	0	2094434	0
1110199	0	227145	0
1110199	0	2301115	0
1110199	0	2316525	0
1110199	0	239444	0
1110199	0	2474406	0
1110199	0	2621289	0
1110199	0	2649042	0
1110199	0	2655848	0
1110199	0	2655849	0
1110199	0	2657991	0
1110199	0	2796204	0
1110199	0	2854608	0
1110199	0	291162	0
1110199	0	2923633	0
1110199	0	3226995	0
1110199	0	3238116	0
1110199	0	3270582	0
1110199	0	3270584	0
1110199	0	328010	0
1110199	0	3515650	0
1110199	0	362174	0
1110199	0	3647394	0
1110199	0	3838638	1
1110199	0	3838645	0
1110199	0	3865139	0
1110199	0	3865142	0
1110199	0	4027239	0
1110199	0	4057232	0
1110199	0	421	0
1110199	0	4489656	0
1110199	0	4504233	0
1110199	0	4511137	1
1110199	0	4511144	0
1110199	0	4674430	0
1110199	0	4800726	0
1110199	0	4800728	0
1110199	0	4800731	0
1110199	0	4800732	0
1110199	0	5049363	0
1110199	0	5060491	0
1110199	0	5074861	0
1110199	0	5387204	0
1110199	0	5479	0
1110199	0	5516092	0
1110199	0	5641717	0
1110199	0	5641718	0
1110199	0	5857919	0
1110199	0	5857920	0
1110199	0	5857921	1
1110199	0	5857924	0
1110199	0	5857925	0
1110199	0	6056861	0
1110199	0	618109	0
1110199	0	6368891	0
1110199	0	6392463	1
1110199	0	6392469	0
1110199	0	6573362	0
1110199	0	6594555	0
1110199	0	6734090	0
1110199	0	68578	0
1110199	0	6993901	0
1110199	0	712229	0
1110199	0	7221487	0
1110199	0	7221489	0
1110199	0	7344200	0
1110199	0	7362622	0
1110199	0	7439380	0
1110199	0	7842393	0
1110199	0	8157172	0
1110199	0	8157174	0
1110199	0	8160518	1
1110199	0	8160519	1
1110199	0	8160520	1
1110199	0	8160521	0
1110199	0	8160523	0
1110199	0	8160524	0
1110199	0	8160526	0
1110199	0	8160527	1
1110199	0	830201	0
1110199	0	8404306	0
1110199	0	8404307	0
1110199	0	847931	0
1110199	0	863984	0
1110199	0	863987	0
1110199	0	955120	0
1110199	0	975292	0
1110199	0	986780	0
1112341	0	1228459	0
1112341	0	1373648	1
1112341	0	1373651	1
1112341	0	2095995	0
1112341	0	2095998	1
1112341	0	2173822	1
1112341	0	2253155	1
1112341	0	2386656	0
1112341	0	2468298	1
1112341	0	2596431	1
1112341	0	2596432	1
1112341	0	2663365	1
1112341	0	2694630	1
1112341	0	2694631	1
1112341	0	2694632	1
1112341	0	2694633	1
1112341	0	2694635	1
1112341	0	2694636	1
1112341	0	2694637	1
1112341	0	2694638	0
1112341	0	2735215	1
1112341	0	2735219	1
1112341	0	2841738	0
1112341	0	3252208	0
1112341	0	3274664	1
1112341	0	3274669	0
1112341	0	3291145	1
1112341	0	3291146	1
1112341	0	3291148	1
1112341	0	3291151	1
1112341	0	3352255	1
1112341	0	3524227	0
1112341	0	3795887	1
1112341	0	3795896	1
1112341	0	3922197	1
1112341	0	4022846	1
1112341	0	4022849	1
1112341	0	4390804	0
1112341	0	4416075	1
1112341	0	4561900	0
1112341	0	478773	1
1112341	0	4977768	1
1112341	0	5043407	0
1112341	0	5043413	0
1112341	0	508019	1
1112341	0	5133283	1
1112341	0	5133287	0
1112341	0	524251	1
1112341	0	550571	1
1112341	0	6164791	1
1112341	0	6311794	0
1112341	0	6311795	1
1112341	0	6311799	1
1112341	0	6311801	1
1112341	0	6342847	1
1112341	0	6459590	1
1112341	0	6459592	0
1112341	0	6681382	1
1112341	0	6681384	1
1112341	0	6681385	1
1112341	0	6726337	1
1112341	0	6726338	0
1112341	0	6726340	1
1112341	0	6726342	1
1112341	0	6726344	1
1112341	0	6726346	1
1112341	0	6903063	1
1112341	0	6947368	1
1112341	0	7079776	1
1112341	0	7088037	0
1112341	0	7194370	1
1112341	0	7194371	1
1112341	0	7194372	0
1112341	0	7194374	1
1112341	0	7492851	0
1112341	0	7615749	1
1112341	0	7615752	1
1112341	0	7708623	1
1112341	0	7708629	1
1112341	0	7880073	0
1112341	0	8134792	1
1112341	0	8134796	1
1112341	0	8139253	1
1112341	0	8139255	1
1112341	0	8139256	1
1112341	0	8139257	1
1112341	0	8139258	1
1112341	0	8326587	1
1112341	0	8326588	0
1112341	0	8337125	1
1112341	0	8337129	1
1112341	0	8442174	1
1112341	0	8442176	1
1112341	0	8442177	1
1112341	0	8442178	1
1112341	0	8442180	1
1112341	0	8474289	0
1112341	0	8606160	1
1112341	0	8606161	1
1112341	0	875123	1
1113437	0	1066538	1
1113437	0	1280244	0
1113437	0	1280568	1
1113437	0	1280569	1
1113437	0	1280570	0
1113437	0	1454814	1
1113437	0	1768727	1
1113437	0	1768729	0
1113437	0	1896939	0
1113437	0	1896943	0
1113437	0	2001933	0
1113437	0	2001934	1
1113437	0	2226349	1
1113437	0	2305870	0
1113437	0	2354940	0
1113437	0	2354941	0
1113437	0	2354947	1
1113437	0	2595623	0
1113437	0	2595628	0
1113437	0	2884191	1
1113437	0	3026984	0
1113437	0	3089474	1
1113437	0	3125154	1
1113437	0	3880944	1
1113437	0	4016930	1
1113437	0	4016933	0
1113437	0	4016934	0
1113437	0	4016937	1
1113437	0	4016939	0
1113437	0	4064657	0
1113437	0	4216336	1
1113437	0	4367832	1
1113437	0	4473156	1
1113437	0	4473157	1
1113437	0	4498867	1
1113437	0	4751835	1
1113437	0	4751837	0
1113437	0	4751839	1
1113437	0	5188745	0
1113437	0	5188746	0
1113437	0	5188747	0
1113437	0	5188751	0
1113437	0	5346399	0
1113437	0	5346404	1
1113437	0	5362609	0
1113437	0	5514586	1
1113437	0	5514589	0
1113437	0	5546288	1
1113437	0	555333	0
1113437	0	555340	0
1113437	0	5781997	1
1113437	0	5938418	1
1113437	0	5938420	0
1113437	0	5938421	0
1113437	0	5938425	1
1113437	0	5938426	1
1113437	0	5996691	1
1113437	0	5996693	0
1113437	0	6017938	0
1113437	0	6017945	0
1113437	0	6021902	1
1113437	0	6174328	1
1113437	0	631949	1
1113437	0	6455610	0
1113437	0	6593841	0
1113437	0	6593842	0
1113437	0	6593846	0
1113437	0	6597538	0
1113437	0	6688843	0
1113437	0	6688848	1
1113437	0	7377270	0
1113437	0	7377271	0
1113437	0	7377275	0
1113437	0	7385215	0
1113437	0	7385217	1
1113437	0	7385219	1
1113437	0	7385221	1
1113437	0	7385222	0
1113437	0	742037	1
1113437	0	742040	1
1113437	0	742042	0
1113437	0	742044	1
1113437	0	742045	0
1113437	0	7497495	0
1113437	0	7890527	0
1113437	0	8128790	0
1113437	0	8128793	1
1113437	0	8128794	1
1113437	0	8128795	0
1113437	0	8128799	0
1113437	0	8162984	0
1113437	0	8503447	0
1113437	0	8503450	1
1113437	0	8503451	0
1113437	0	8503453	1
1113437	0	8503455	1
1113437	0	8729212	0
1113437	0	8729216	1
1113437	0	8729218	0
1113437	0	8729219	0
1114646	0	1029800	0
1114646	0	1092561	0
1114646	0	1262730	0
1114646	0	1262731	0
1114646	0	1304419	0
1114646	0	1304420	0
1114646	0	1566448	0
1114646	0	1612682	0
1114646	0	1713625	0
1114646	0	1834998	0
1114646	0	1964991	0
1114646	0	2022387	0
1114646	0	2180675	0
1114646	0	2180676	0
1114646	0	2180679	0
1114646	0	2180680	0
1114646	0	2180681	0
1114646	0	2180682	0
1114646	0	218636	0
1114646	0	2245935	0
1114646	0	2475349	0
1114646	0	2475352	0
1114646	0	2524143	0
1114646	0	2647994	1
1114646	0	266552	1
1114646	0	2689906	0
1114646	0	2695583	0
1114646	0	2695584	0
1114646	0	2911035	1
1114646	0	2911040	1
1114646	0	2920691	0
1114646	0	2920692	0
1114646	0	2931846	0
1114646	0	2931848	0
1114646	0	3036935	0
1114646	0	3044326	0
1114646	0	3234628	0
1114646	0	355643	0
1114646	0	3862734	0
1114646	0	3928491	0
1114646	0	3942330	0
1114646	0	3988011	0
1114646	0	4031078	0
1114646	0	4298437	0
1114646	0	444374	1
1114646	0	444375	0
1114646	0	444380	1
1114646	0	4553944	0
1114646	0	4694680	0
1114646	0	4694682	0
1114646	0	4694686	0
1114646	0	4695602	0
1114646	0	4695603	0
1114646	0	4969104	0
1114646	0	501560	0
1114646	0	5133385	0
1114646	0	5139287	0
1114646	0	5140466	0
1114646	0	5279567	1
1114646	0	5640856	1
1114646	0	5640859	1
1114646	0	5746856	0
1114646	0	5775469	0
1114646	0	5911409	0
1114646	0	5948732	0
1114646	0	6034385	0
1114646	0	6124144	0
1114646	0	6124145	0
1114646	0	6378933	0
1114646	0	6378941	0
1114646	0	6644245	0
1114646	0	6704400	1
1114646	0	6704401	1
1114646	0	6722658	0
1114646	0	6764330	0
1114646	0	7037697	0
1114646	0	7098750	0
1114646	0	7166314	0
1114646	0	7234440	0
1114646	0	7403628	0
1114646	0	7531387	0
1114646	0	7531391	0
1114646	0	7675374	0
1114646	0	7675379	0
1114646	0	7948885	0
1114646	0	8117087	1
1114646	0	8117089	1
1114646	0	8117090	1
1114646	0	8117091	1
1114646	0	8117094	1
1114646	0	8117096	1
1114646	0	8212098	0
1114646	0	831444	0
1114646	0	8329774	0
1114646	0	843464	0
1114646	0	857788	1
1114646	0	8662669	0
1114646	0	8665820	1
1114646	0	8736509	0
1114646	0	966296	0
1114819	0	1009500	1
1114819	0	1248112	1
1114819	0	1302004	1
1114819	0	1302007	1
1114819	0	1315993	1
1114819	0	1315994	1
1114819	0	1315996	1
1114819	0	1315998	1
1114819	0	1419798	1
1114819	0	1419801	1
1114819	0	1625836	1
1114819	0	1724520	1
1114819	0	1724521	1
1114819	0	1724525	1
1114819	0	1724526	1
1114819	0	1724528	1
1114819	0	1735443	1
1114819	0	1738242	1
1114819	0	1738250	1
1114819	0	1816958	1
1114819	0	1852066	1
1114819	0	2212059	1
1114819	0	2477692	1
1114819	0	255279	1
1114819	0	2590451	1
1114819	0	2590453	1
1114819	0	2590454	1
1114819	0	2590455	1
1114819	0	2831393	1
1114819	0	344350	1
1114819	0	344351	1
1114819	0	3484458	1
1114819	0	3781418	1
1114819	0	3781419	1
1114819	0	3906952	1
1114819	0	3906954	1
1114819	0	3906959	1
1114819	0	4890560	1
1114819	0	5019832	1
1114819	0	5019839	1
1114819	0	5156171	1
1114819	0	5165249	1
1114819	0	534362	1
1114819	0	5521371	1
1114819	0	5521373	1
1114819	0	5628950	1
1114819	0	5628952	1
1114819	0	5718417	1
1114819	0	6202321	1
1114819	0	6564169	1
1114819	0	6900766	1
1114819	0	6900767	1
1114819	0	6900769	1
1114819	0	6900773	1
1114819	0	6900774	1
1114819	0	6941478	1
1114819	0	694735	1
1114819	0	694737	1
1114819	0	7132894	1
1114819	0	750446	1
1114819	0	7588045	1
1114819	0	7803429	1
1114819	0	7803435	1
1114819	0	785027	1
1114819	0	785028	1
1114819	0	8022276	1
1114819	0	8022279	1
1114819	0	8022280	1
1114819	0	8024890	1
1114819	0	8027206	1
1114819	0	8027210	1
1114819	0	8088109	1
1114819	0	8088111	1
1114819	0	8096817	1
1114819	0	8096824	1
1114819	0	8115435	1
1114819	0	8115439	1
1114819	0	8115440	1
1114819	0	8115700	1
1114819	0	8115705	1
1114819	0	8336225	1
1114819	0	8336229	1
1114819	0	8336230	1
1114819	0	8336232	1
1114819	0	8480574	1
1114819	0	8508255	1
1114819	0	8508259	1
1114819	0	8508263	1
1114819	0	8579830	1
1114819	0	8579832	1
1114819	0	8625086	1
1114819	0	8736056	1
1114819	0	8754397	1
1114819	0	8754398	1
1114819	0	8754404	1
1114819	0	8768742	1
1114819	0	988370	1
1114819	0	988373	1
1114819	0	988376	1
1114819	0	988378	1
1115776	0	1014595	0
1115776	0	1031044	0
1115776	0	1036904	0
1115776	0	1059921	0
1115776	0	1068769	0
1115776	0	1134851	0
1115776	0	1143727	0
1115776	0	1282792	0
1115776	0	1286495	0
1115776	0	1397089	0
1115776	0	1402571	0
1115776	0	1461944	0
1115776	0	1551024	1
1115776	0	1593001	0
1115776	0	1593006	0
1115776	0	1729572	1
1115776	0	1729576	1
1115776	0	1758373	0
1115776	0	1864868	0
1115776	0	1966458	0
1115776	0	2120345	0
1115776	0	2210164	0
1115776	0	2236540	0
1115776	0	2514462	0
1115776	0	2579216	0
1115776	0	2579218	0
1115776	0	2813898	0
1115776	0	2813901	0
1115776	0	2837985	0
1115776	0	3469357	1
1115776	0	3564568	0
1115776	0	3607500	0
1115776	0	3641822	0
1115776	0	3797905	0
1115776	0	3923601	0
1115776	0	4059004	0
1115776	0	4131485	1
1115776	0	4298199	0
1115776	0	4314169	1
1115776	0	4314170	1
1115776	0	4314171	0
1115776	0	4314173	1
1115776	0	4314174	1
1115776	0	4314175	1
1115776	0	4314176	1
1115776	0	455489	0
1115776	0	4689931	0
1115776	0	4745971	0
1115776	0	4981720	0
1115776	0	5022043	0
1115776	0	5124440	0
1115776	0	5599687	0
1115776	0	5599692	1
1115776	0	5752822	0
1115776	0	577820	0
1115776	0	5900625	0
1115776	0	6037179	0
1115776	0	6044207	0
1115776	0	6150628	0
1115776	0	622467	0
1115776	0	6247337	0
1115776	0	6316241	0
1115776	0	642039	0
1115776	0	6648060	0
1115776	0	6705802	0
1115776	0	6705804	0
1115776	0	6705805	0
1115776	0	6705806	0
1115776	0	6705807	0
1115776	0	6705808	0
1115776	0	6705811	0
1115776	0	6935971	0
1115776	0	6973128	0
1115776	0	6989198	1
1115776	0	707643	0
1115776	0	7129170	0
1115776	0	7129179	0
1115776	0	7171247	0
1115776	0	729789	0
1115776	0	7462690	0
1115776	0	7693347	0
1115776	0	7779192	0
1115776	0	790229	0
1115776	0	790232	0
1115776	0	8106317	1
1115776	0	8106318	0
1115776	0	8106320	1
1115776	0	8106321	1
1115776	0	8106322	1
1115776	0	8106323	0
1115776	0	8106324	1
1115776	0	8177309	0
1115776	0	830976	0
1115776	0	8357383	0
1115776	0	8495250	1
1115776	0	8495256	1
1115776	0	8621772	0
1115776	0	8673352	1
1115776	0	8757348	0
1115776	0	900809	0
1117099	0	1000103	0
1117099	0	1042612	0
1117099	0	1123494	0
1117099	0	1123496	0
1117099	0	1250347	0
1117099	0	1252737	0
1117099	0	1389420	1
1117099	0	1445087	1
1117099	0	1542026	0
1117099	0	1798612	1
1117099	0	1798620	1
1117099	0	189601	0
1117099	0	2109695	0
1117099	0	2113599	0
1117099	0	2620701	0
1117099	0	3097070	0
1117099	0	3104260	0
1117099	0	3104266	0
1117099	0	3108942	0
1117099	0	3128109	0
1117099	0	334615	0
1117099	0	3349609	0
1117099	0	3349612	1
1117099	0	3522902	0
1117099	0	3543106	1
1117099	0	3633442	0
1117099	0	3921953	0
1117099	0	4016466	0
1117099	0	4441325	1
1117099	0	4458506	1
1117099	0	4458507	0
1117099	0	4458509	1
1117099	0	4458510	1
1117099	0	4458512	1
1117099	0	4528327	0
1117099	0	4698220	0
1117099	0	4815809	0
1117099	0	484696	0
1117099	0	5020963	0
1117099	0	514314	1
1117099	0	5258462	0
1117099	0	5278136	0
1117099	0	5286535	1
1117099	0	5286538	1
1117099	0	5286539	1
1117099	0	5354862	0
1117099	0	5699286	0
1117099	0	5752877	0
1117099	0	5874017	0
1117099	0	5950908	0
1117099	0	5978474	0
1117099	0	5979211	0
1117099	0	6122720	1
1117099	0	6122721	1
1117099	0	6122722	1
1117099	0	6122723	1
1117099	0	6122724	1
1117099	0	6178371	0
1117099	0	6398915	0
1117099	0	6411781	0
1117099	0	6411786	0
1117099	0	6534818	1
1117099	0	6776508	0
1117099	0	6832520	0
1117099	0	6858988	0
1117099	0	6912420	0
1117099	0	6917898	0
1117099	0	6940549	0
1117099	0	6940550	0
1117099	0	6940552	0
1117099	0	6940553	0
1117099	0	6940555	0
1117099	0	6940556	0
1117099	0	6940557	0
1117099	0	6940558	1
1117099	0	6993942	1
1117099	0	700498	0
1117099	0	714808	1
1117099	0	7163733	0
1117099	0	7261488	0
1117099	0	7313639	0
1117099	0	7313643	0
1117099	0	7514071	0
1117099	0	7514072	0
1117099	0	7610604	0
1117099	0	8019446	0
1117099	0	8072929	0
1117099	0	8093927	1
1117099	0	8093931	1
1117099	0	8093932	1
1117099	0	8093934	1
1117099	0	809963	0
1117099	0	8144478	0
1117099	0	8446501	1
1117099	0	8446502	1
1117099	0	8446504	1
1117099	0	8446505	1
1117099	0	8446506	1
1117099	0	8714082	1
1117099	0	8838111	1
1121402	0	100212	0
1121402	0	1111229	0
1121402	0	1249682	0
1121402	0	1249685	0
1121402	0	1249687	1
1121402	0	1249689	0
1121402	0	1275439	0
1121402	0	1323047	0
1121402	0	1323048	0
1121402	0	1429447	0
1121402	0	1508436	0
1121402	0	182364	1
1121402	0	182365	1
1121402	0	182366	1
1121402	0	182367	1
1121402	0	182368	1
1121402	0	182369	1
1121402	0	182370	0
1121402	0	182371	1
1121402	0	182372	1
1121402	0	182373	0
1121402	0	18281	0
1121402	0	188209	1
1121402	0	188210	1
1121402	0	188211	1
1121402	0	188213	1
1121402	0	188214	1
1121402	0	188215	1
1121402	0	188216	1
1121402	0	188217	1
1121402	0	188218	1
1121402	0	1902388	0
1121402	0	1902392	0
1121402	0	2042119	1
1121402	0	2191941	0
1121402	0	2516420	1
1121402	0	2664284	0
1121402	0	2681041	0
1121402	0	2681045	0
1121402	0	2681048	0
1121402	0	2765629	0
1121402	0	2914522	0
1121402	0	2938358	0
1121402	0	2938359	0
1121402	0	3368448	0
1121402	0	3412904	0
1121402	0	3412909	0
1121402	0	3511789	1
1121402	0	3511795	0
1121402	0	3674187	0
1121402	0	3691381	0
1121402	0	3785307	1
1121402	0	3785308	1
1121402	0	3785309	1
1121402	0	3785310	1
1121402	0	4140833	0
1121402	0	43770	0
1121402	0	4620823	0
1121402	0	465105	0
1121402	0	4671455	0
1121402	0	4797699	0
1121402	0	4893520	0
1121402	0	5189911	0
1121402	0	5189913	1
1121402	0	5662146	0
1121402	0	5662147	0
1121402	0	5662150	0
1121402	0	5894958	0
1121402	0	6001847	1
1121402	0	63087	0
1121402	0	6319745	0
1121402	0	6873412	0
1121402	0	7125978	1
1121402	0	7125980	1
1121402	0	7125981	1
1121402	0	7125982	0
1121402	0	7125983	1
1121402	0	7125985	1
1121402	0	7125987	1
1121402	0	7134098	0
1121402	0	7142994	1
1121402	0	7196397	0
1121402	0	7489485	0
1121402	0	7489486	0
1121402	0	7489487	0
1121402	0	7489488	0
1121402	0	7775354	0
1121402	0	8052617	1
1121402	0	8052619	1
1121402	0	8052620	1
1121402	0	8052621	1
1121402	0	8052622	1
1121402	0	8052623	1
1121402	0	8052624	1
1121402	0	8102106	0
1121402	0	8356941	0
1121402	0	8376430	0
1121402	0	8469784	0
1121402	0	879274	0
1121402	0	8836130	0
1121709	0	1578771	0
1121709	0	1752809	0
1121709	0	1752813	0
1121709	0	1764269	0
1121709	0	1764270	0
1121709	0	1764272	0
1121709	0	1767105	0
1121709	0	181615	0
1121709	0	2046428	0
1121709	0	2046431	0
1121709	0	2046433	0
1121709	0	2051808	0
1121709	0	2051809	0
1121709	0	2051813	0
1121709	0	210479	0
1121709	0	2133181	0
1121709	0	2133183	0
1121709	0	2422660	0
1121709	0	2422665	0
1121709	0	2422667	0
1121709	0	2486852	0
1121709	0	2703197	0
1121709	0	2703203	0
1121709	0	2706640	0
1121709	0	2706644	0
1121709	0	2706645	0
1121709	0	2706646	0
1121709	0	3059199	0
1121709	0	3115495	0
1121709	0	3124096	0
1121709	0	3151648	0
1121709	0	3158259	0
1121709	0	3165925	0
1121709	0	3312963	0
1121709	0	3423059	1
1121709	0	3423061	1
1121709	0	3423062	1
1121709	0	3423063	0
1121709	0	3423064	1
1121709	0	3423065	1
1121709	0	3423067	1
1121709	0	3451595	0
1121709	0	3465619	0
1121709	0	3469590	0
1121709	0	356326	0
1121709	0	3632519	0
1121709	0	3762335	0
1121709	0	3823024	0
1121709	0	3968031	0
1121709	0	4089247	0
1121709	0	4135691	0
1121709	0	4153489	0
1121709	0	4556902	0
1121709	0	4566164	0
1121709	0	4566169	0
1121709	0	487598	0
1121709	0	4928895	0
1121709	0	5027050	0
1121709	0	555963	0
1121709	0	555965	0
1121709	0	555970	0
1121709	0	5614874	0
1121709	0	5707731	0
1121709	0	5716707	0
1121709	0	5716708	0
1121709	0	5963606	0
1121709	0	6115793	0
1121709	0	6166394	0
1121709	0	6216040	0
1121709	0	626887	0
1121709	0	6381007	0
1121709	0	6850861	0
1121709	0	696351	0
1121709	0	700135	0
1121709	0	7339512	0
1121709	0	7460019	0
1121709	0	7465195	0
1121709	0	788051	0
1121709	0	8024810	0
1121709	0	8024811	0
1121709	0	8024819	0
1121709	0	8049577	1
1121709	0	8049578	1
1121709	0	8049580	1
1121709	0	8049582	1
1121709	0	8049583	1
1121709	0	8049584	1
1121709	0	8049585	1
1121709	0	8049586	1
1121709	0	8114448	0
1121709	0	8297863	0
1121709	0	8535271	0
1121709	0	8558420	0
1121709	0	8610864	0
1121709	0	8614743	0
1121709	0	8668847	0
1121709	0	8668848	0
1121709	0	8776540	0
1121709	0	8800882	0
1121709	0	918204	0
1124210	0	1027213	0
1124210	0	1120858	0
1124210	0	1194689	0
1124210	0	1251133	0
1124210	0	1251135	0
1124210	0	1362721	0
1124210	0	1383615	0
1124210	0	1383617	0
1124210	0	1383624	0
1124210	0	1702008	0
1124210	0	1702010	0
1124210	0	181177	1
1124210	0	2089544	1
1124210	0	2199998	0
1124210	0	2220482	0
1124210	0	2258591	1
1124210	0	2258592	1
1124210	0	2258596	1
1124210	0	2303834	0
1124210	0	2303836	0
1124210	0	2632281	0
1124210	0	2632288	0
1124210	0	2728448	1
1124210	0	273573	0
1124210	0	2754117	0
1124210	0	2895509	0
1124210	0	3031380	0
1124210	0	3046380	0
1124210	0	3057000	0
1124210	0	3152177	0
1124210	0	3426722	0
1124210	0	3446170	0
1124210	0	3520550	0
1124210	0	3520551	0
1124210	0	3520553	0
1124210	0	3546600	0
1124210	0	3573857	0
1124210	0	3607859	0
1124210	0	3680798	0
1124210	0	3680799	0
1124210	0	3680801	0
1124210	0	3680802	0
1124210	0	3680805	0
1124210	0	371351	0
1124210	0	371352	0
1124210	0	371357	0
1124210	0	3722759	0
1124210	0	3750818	0
1124210	0	3750819	0
1124210	0	3750823	0
1124210	0	3937735	0
1124210	0	4057442	0
1124210	0	4074146	0
1124210	0	4074152	0
1124210	0	4425464	0
1124210	0	4706417	0
1124210	0	4794725	0
1124210	0	4794729	0
1124210	0	4840515	0
1124210	0	4957842	0
1124210	0	4958356	0
1124210	0	4958358	0
1124210	0	502337	0
1124210	0	5056100	0
1124210	0	5056103	0
1124210	0	5281846	0
1124210	0	5281849	0
1124210	0	5366912	0
1124210	0	546154	0
1124210	0	546158	0
1124210	0	555792	0
1124210	0	5681258	0
1124210	0	5938409	0
1124210	0	5940130	0
1124210	0	6186845	0
1124210	0	6263923	0
1124210	0	6263926	0
1124210	0	6363262	0
1124210	0	6704887	0
1124210	0	6896369	0
1124210	0	6896372	0
1124210	0	6992534	0
1124210	0	6992537	0
1124210	0	7205923	0
1124210	0	7208694	0
1124210	0	7234570	0
1124210	0	7278459	0
1124210	0	7278463	0
1124210	0	7443586	1
1124210	0	7566672	0
1124210	0	7566675	0
1124210	0	7581155	0
1124210	0	7746535	0
1124210	0	7756779	0
1124210	0	7756780	0
1124210	0	7756781	0
1124210	0	7835796	0
1124210	0	7851118	0
1124210	0	8026737	1
1124210	0	829948	0
1129237	0	1020793	0
1129237	0	1080294	0
1129237	0	1128332	0
1129237	0	1160807	0
1129237	0	120308	0
1129237	0	120313	0
1129237	0	120314	0
1129237	0	120315	0
1129237	0	128982	1
1129237	0	128984	1
1129237	0	128986	0
1129237	0	128989	1
1129237	0	1460453	0
1129237	0	1549858	0
1129237	0	1768895	0
1129237	0	1770027	0
1129237	0	1857133	0
1129237	0	2152821	1
1129237	0	2189983	0
1129237	0	2189992	0
1129237	0	2580204	0
1129237	0	2696926	1
1129237	0	2697746	1
1129237	0	2697752	1
1129237	0	275594	0
1129237	0	2972916	0
1129237	0	3016192	0
1129237	0	302210	1
1129237	0	305086	0
1129237	0	3195674	0
1129237	0	3227129	0
1129237	0	3352740	0
1129237	0	3641168	1
1129237	0	3683096	0
1129237	0	3905055	1
1129237	0	3905057	1
1129237	0	3905799	0
1129237	0	3905800	0
1129237	0	3905802	1
1129237	0	3905804	0
1129237	0	4066969	0
1129237	0	4141004	0
1129237	0	4141005	0
1129237	0	4141009	0
1129237	0	4141012	1
1129237	0	4254811	1
1129237	0	4254815	1
1129237	0	4254816	1
1129237	0	4509081	0
1129237	0	461835	0
1129237	0	4801130	0
1129237	0	4904403	0
1129237	0	4904405	0
1129237	0	4915547	0
1129237	0	5619502	1
1129237	0	5831781	1
1129237	0	5831788	1
1129237	0	5906130	1
1129237	0	5906134	0
1129237	0	5916672	0
1129237	0	6063090	0
1129237	0	6080452	0
1129237	0	6080460	1
1129237	0	6080461	0
1129237	0	6122985	0
1129237	0	6172874	0
1129237	0	6285414	0
1129237	0	6343520	1
1129237	0	6343521	1
1129237	0	6343523	0
1129237	0	6366866	0
1129237	0	6575090	0
1129237	0	6640165	0
1129237	0	6718101	0
1129237	0	6903787	0
1129237	0	6956014	0
1129237	0	7049948	0
1129237	0	7049951	0
1129237	0	7050921	1
1129237	0	710733	1
1129237	0	7397082	0
1129237	0	767820	0
1129237	0	7911557	1
1129237	0	8093065	0
1129237	0	8093067	0
1129237	0	8165055	0
1129237	0	8217253	0
1129237	0	824966	0
1129237	0	8373739	0
1129237	0	8431281	0
1129237	0	8450766	1
1129237	0	8469255	0
1129237	0	8588219	1
1129237	0	8588222	1
1129237	0	8588223	0
1129237	0	8588226	1
1129237	0	8588227	1
1129237	0	8682824	1
1129237	0	998748	1
1129237	0	998751	1
1133167	0	1379370	1
1133167	0	1824479	1
1133167	0	1824480	1
1133167	0	1824481	1
1133167	0	1824483	1
1133167	0	1824484	1
1133167	0	1824485	1
1133167	0	1824486	1
1133167	0	1824487	1
1133167	0	1824488	1
1133167	0	1883272	1
1133167	0	1883273	1
1133167	0	1883276	1
1133167	0	1883280	1
1133167	0	1883281	1
1133167	0	190802	1
1133167	0	190803	1
1133167	0	190804	1
1133167	0	190805	1
1133167	0	190806	1
1133167	0	190809	1
1133167	0	190810	1
1133167	0	190811	1
1133167	0	2010281	1
1133167	0	2276678	1
1133167	0	2613291	1
1133167	0	2613296	1
1133167	0	3023120	1
1133167	0	3023123	1
1133167	0	3074598	1
1133167	0	3074599	1
1133167	0	3355083	1
1133167	0	3391439	1
1133167	0	3421898	1
1133167	0	3421899	1
1133167	0	3421900	1
1133167	0	3421906	1
1133167	0	3953805	1
1133167	0	434119	1
1133167	0	434120	1
1133167	0	434121	1
1133167	0	434123	1
1133167	0	434125	1
1133167	0	4443370	1
1133167	0	4443375	1
1133167	0	4498474	1
1133167	0	4498476	1
1133167	0	4498477	1
1133167	0	4498479	1
1133167	0	4550240	1
1133167	0	4550243	1
1133167	0	4550244	1
1133167	0	4712279	1
1133167	0	4922619	1
1133167	0	4926197	1
1133167	0	4926204	1
1133167	0	4973626	1
1133167	0	5674623	1
1133167	0	5787117	1
1133167	0	6103289	1
1133167	0	6112585	1
1133167	0	6112586	1
1133167	0	6112587	1
1133167	0	6112590	1
1133167	0	6142	1
1133167	0	6257034	1
1133167	0	6299575	1
1133167	0	6467518	1
1133167	0	6467523	1
1133167	0	7093509	1
1133167	0	7093510	1
1133167	0	7093511	1
1133167	0	7093513	1
1133167	0	7217705	1
1133167	0	7218015	1
1133167	0	7218016	1
1133167	0	7486600	1
1133167	0	7486602	1
1133167	0	7762240	1
1133167	0	7793408	1
1133167	0	7793409	1
1133167	0	7793411	1
1133167	0	7793414	1
1133167	0	7793416	1
1133167	0	8003301	1
1133167	0	8033644	1
1133167	0	8033645	1
1133167	0	8033647	1
1133167	0	8033650	1
1133167	0	8160224	1
1133167	0	8160241	1
1133167	0	8160243	1
1133167	0	823272	1
1133167	0	823274	1
1133167	0	823275	1
1133167	0	823276	1
1133167	0	823277	1
1133167	0	8255705	1
1133167	0	8255706	1
1133167	0	8415743	1
130510	0	1023333	0
130510	0	1024747	0
130510	0	1075438	0
130510	0	1086581	0
130510	0	1244228	0
130510	0	1262133	0
130510	0	133053	0
130510	0	1494930	1
130510	0	1494931	1
130510	0	1494935	1
130510	0	1494936	1
130510	0	1494938	1
130510	0	1494939	1
130510	0	1672906	0
130510	0	1881833	0
130510	0	1881837	0
130510	0	203714	0
130510	0	203718	0
130510	0	203721	0
130510	0	2407055	0
130510	0	2407059	0
130510	0	2407061	0
130510	0	2689146	0
130510	0	3185954	0
130510	0	319552	0
130510	0	3217576	0
130510	0	3351230	0
130510	0	3825435	0
130510	0	3922560	0
130510	0	3922562	0
130510	0	3922565	0
130510	0	3922567	0
130510	0	3944664	0
130510	0	4237516	0
130510	0	4237523	0
130510	0	435588	0
130510	0	474935	0
130510	0	474939	0
130510	0	4979634	0
130510	0	5148415	0
130510	0	5148418	0
130510	0	5255918	0
130510	0	5622536	0
130510	0	5667812	0
130510	0	5668638	0
130510	0	5668641	0
130510	0	5668642	0
130510	0	5668645	0
130510	0	5742790	0
130510	0	584737	0
130510	0	5984058	0
130510	0	5988738	0
130510	0	6172269	0
130510	0	6237995	0
130510	0	6412174	0
130510	0	6542824	0
130510	0	6614911	0
130510	0	6614916	0
130510	0	665170	0
130510	0	6685197	0
130510	0	6780516	0
130510	0	6780520	0
130510	0	6797524	0
130510	0	6835270	0
130510	0	7125239	1
130510	0	7125241	0
130510	0	7127694	0
130510	0	7129387	0
130510	0	7129391	0
130510	0	7136329	0
130510	0	7220651	0
130510	0	7226975	0
130510	0	7226977	0
130510	0	7442006	0
130510	0	7501557	0
130510	0	7501558	1
130510	0	7569030	0
130510	0	768251	0
130510	0	7717233	0
130510	0	799647	1
130510	0	7997887	0
130510	0	8094072	0
130510	0	8287348	0
130510	0	8287352	0
130510	0	8354777	0
130510	0	8354778	0
130510	0	8384388	0
130510	0	8384389	0
130510	0	8612902	1
130510	0	8612903	1
130510	0	8612904	1
130510	0	8612905	0
130510	0	8612906	1
130510	0	8612909	1
130510	0	8612910	1
130510	0	8617103	0
130510	0	87224	0
130510	0	87227	0
130510	0	905737	0
130510	0	956561	0
131843	0	1096618	0
131843	0	1208161	0
131843	0	1412225	0
131843	0	1505736	0
131843	0	1568857	0
131843	0	1568859	0
131843	0	1792434	0
131843	0	1810541	0
131843	0	1811758	0
131843	0	1842861	0
131843	0	1958967	0
131843	0	2010626	0
131843	0	20432	0
131843	0	2084839	0
131843	0	2162844	0
131843	0	2287018	0
131843	0	2348818	0
131843	0	2493973	0
131843	0	2493976	0
131843	0	2493980	0
131843	0	2581898	0
131843	0	25837	0
131843	0	2703804	0
131843	0	2820664	0
131843	0	2929665	0
131843	0	3049466	0
131843	0	3049467	0
131843	0	3049468	0
131843	0	3049470	0
131843	0	3049471	0
131843	0	3049474	0
131843	0	3336280	0
131843	0	348760	0
131843	0	3527399	0
131843	0	3590884	0
131843	0	3690753	0
131843	0	4091094	0
131843	0	4136087	0
131843	0	427728	0
131843	0	4338356	0
131843	0	4439041	0
131843	0	4471157	0
131843	0	4766288	0
131843	0	488608	0
131843	0	4996623	0
131843	0	5103706	0
131843	0	5212622	0
131843	0	5318362	0
131843	0	5597629	0
131843	0	569918	0
131843	0	5715075	0
131843	0	6041799	0
131843	0	6041800	0
131843	0	6121785	0
131843	0	6121787	0
131843	0	631979	0
131843	0	6491660	0
131843	0	6524077	0
131843	0	6524083	0
131843	0	6629203	0
131843	0	6629206	0
131843	0	6863388	0
131843	0	6863389	0
131843	0	7191466	0
131843	0	7474324	0
131843	0	7748962	0
131843	0	8083953	0
131843	0	8098280	0
131843	0	8132210	0
131843	0	8187665	0
131843	0	8187667	0
131843	0	8187668	0
131843	0	8187672	0
131843	0	8305152	1
131843	0	8305153	1
131843	0	8305156	1
131843	0	8305158	1
131843	0	8456967	0
131843	0	8484009	0
131843	0	8495582	0
131843	0	8495584	0
131843	0	8495587	0
131843	0	8495589	0
131843	0	8710813	1
131843	0	8727566	0
131843	0	8780259	0
131843	0	926337	0
131843	0	935618	0
131843	0	935619	0
131843	0	935620	0
131843	0	935621	0
131843	0	935623	0
131843	0	935626	0
131843	0	985988	1
131843	0	985989	1
131843	0	985990	1
131843	0	985991	1
131843	0	985992	1
131843	0	985994	1
131843	0	985995	1
146187	0	1028972	0
146187	0	1073946	0
146187	0	1077549	0
146187	0	1220481	0
146187	0	1230566	0
146187	0	1246738	0
146187	0	1367173	0
146187	0	1369241	0
146187	0	1543946	0
146187	0	1636405	0
146187	0	1841192	0
146187	0	1841197	1
146187	0	1884866	0
146187	0	1937161	0
146187	0	1972078	0
146187	0	2009635	0
146187	0	2226093	1
146187	0	2246719	0
146187	0	2246721	0
146187	0	2257806	1
146187	0	2257810	0
146187	0	2345122	0
146187	0	2365484	0
146187	0	2444447	0
146187	0	2918498	0
146187	0	3017615	0
146187	0	3017618	0
146187	0	3129298	0
146187	0	315525	0
146187	0	3241340	0
146187	0	3593186	0
146187	0	3615731	1
146187	0	3891371	0
146187	0	3963184	0
146187	0	3963185	0
146187	0	3963187	0
146187	0	4214923	1
146187	0	4214925	1
146187	0	45008	0
146187	0	4619183	0
146187	0	4741857	1
146187	0	4777144	1
146187	0	4878079	0
146187	0	4921740	0
146187	0	4921741	0
146187	0	4992658	0
146187	0	5217815	0
146187	0	5238589	0
146187	0	5238595	0
146187	0	5332230	0
146187	0	5566562	0
146187	0	5566569	0
146187	0	5590506	0
146187	0	5590508	1
146187	0	5746033	0
146187	0	5746034	0
146187	0	5836454	0
146187	0	5836455	0
146187	0	5999108	0
146187	0	6015024	0
146187	0	6015026	0
146187	0	6015027	0
146187	0	6430258	1
146187	0	6430260	0
146187	0	6483698	0
146187	0	6483699	0
146187	0	6483701	0
146187	0	6929047	0
146187	0	7021122	0
146187	0	7021127	0
146187	0	7021128	0
146187	0	7405002	1
146187	0	744163	0
146187	0	744165	1
146187	0	744166	0
146187	0	744167	1
146187	0	744171	0
146187	0	76342	0
146187	0	76344	0
146187	0	76346	0
146187	0	76348	1
146187	0	76349	0
146187	0	76350	0
146187	0	7704674	0
146187	0	7704677	0
146187	0	7704679	0
146187	0	7772761	0
146187	0	7956019	0
146187	0	8434617	1
146187	0	8434618	1
146187	0	8434619	1
146187	0	8434620	1
146187	0	8434621	1
146187	0	8434622	1
146187	0	8434623	1
146187	0	8434624	1
146187	0	8434625	1
146187	0	8434626	1
146187	0	8489394	0
146187	0	8664004	0
148538	0	1147038	1
148538	0	1147044	0
148538	0	1299824	1
148538	0	1311206	1
148538	0	1311209	1
148538	0	1384447	1
148538	0	1384448	1
148538	0	153920	1
148538	0	1671257	0
148538	0	1736918	1
148538	0	1746240	0
148538	0	1828171	1
148538	0	1950976	0
148538	0	1950979	1
148538	0	1950983	1
148538	0	1969519	1
148538	0	1969520	1
148538	0	1969521	1
148538	0	1985491	1
148538	0	2033800	0
148538	0	208314	1
148538	0	231450	0
148538	0	231453	1
148538	0	231455	1
148538	0	23586	0
148538	0	23588	0
148538	0	2368189	0
148538	0	2643562	1
148538	0	2731875	0
148538	0	2915322	1
148538	0	2915323	1
148538	0	2993239	0
148538	0	332400	1
148538	0	332401	1
148538	0	332402	1
148538	0	332406	0
148538	0	3353306	1
148538	0	3545040	0
148538	0	3557943	1
148538	0	3631449	0
148538	0	3752521	0
148538	0	3918785	1
148538	0	3997733	0
148538	0	4185812	1
148538	0	4185814	1
148538	0	4264121	0
148538	0	4264129	1
148538	0	4447598	1
148538	0	4447601	1
148538	0	451558	0
148538	0	4539654	1
148538	0	4539657	1
148538	0	4539659	1
148538	0	4539660	0
148538	0	4539663	1
148538	0	4553351	0
148538	0	4607262	0
148538	0	4607263	1
148538	0	4959637	0
148538	0	4959638	1
148538	0	4997090	0
148538	0	5077704	1
148538	0	5077707	1
148538	0	5171599	0
148538	0	5171603	1
148538	0	5171605	0
148538	0	5592682	0
148538	0	581145	1
148538	0	615402	0
148538	0	615407	1
148538	0	6353501	0
148538	0	6485499	1
148538	0	6517685	0
148538	0	6518598	0
148538	0	6543862	1
148538	0	6697437	1
148538	0	6704661	1
148538	0	6787071	0
148538	0	6846340	0
148538	0	6846343	0
148538	0	6853480	1
148538	0	6894608	1
148538	0	7157817	0
148538	0	7407803	1
148538	0	7407812	1
148538	0	8139872	0
148538	0	8283527	1
148538	0	8283531	1
148538	0	8283532	1
148538	0	844359	0
148538	0	844360	0
148538	0	844363	0
148538	0	8618875	0
148538	0	985487	0
148538	0	985488	1
148538	0	985489	1
148538	0	985490	1
148538	0	985491	1
148538	0	985492	1
148538	0	985494	1
156493	0	1101603	0
156493	0	1101607	1
156493	0	1277720	1
156493	0	1277725	1
156493	0	1277726	1
156493	0	1277727	1
156493	0	1960255	1
156493	0	1960257	1
156493	0	1960259	1
156493	0	1960260	1
156493	0	1960261	1
156493	0	2123395	1
156493	0	2259179	1
156493	0	2259180	1
156493	0	2259182	1
156493	0	2259183	1
156493	0	2317807	1
156493	0	2378078	0
156493	0	2411918	1
156493	0	2598786	1
156493	0	2598787	1
156493	0	2612486	1
156493	0	2612490	1
156493	0	2612491	1
156493	0	2612492	1
156493	0	2612493	1
156493	0	2616512	1
156493	0	2708309	1
156493	0	2717163	1
156493	0	2928700	1
156493	0	2928702	1
156493	0	2928704	1
156493	0	2928705	1
156493	0	2928707	1
156493	0	2949801	1
156493	0	2949802	1
156493	0	3288595	1
156493	0	3288596	1
156493	0	3288597	1
156493	0	3288598	1
156493	0	3288599	1
156493	0	3288600	1
156493	0	3288601	1
156493	0	3288603	1
156493	0	349638	1
156493	0	349640	0
156493	0	349643	1
156493	0	349644	1
156493	0	3603920	1
156493	0	3603922	1
156493	0	4396054	0
156493	0	4527706	1
156493	0	4583221	1
156493	0	4940228	1
156493	0	4940232	0
156493	0	5346660	1
156493	0	5479187	0
156493	0	5530082	1
156493	0	5555919	1
156493	0	5752576	0
156493	0	6139383	1
156493	0	6139386	1
156493	0	627305	0
156493	0	627311	0
156493	0	6524746	1
156493	0	6775071	1
156493	0	7371077	1
156493	0	7371078	1
156493	0	7371079	1
156493	0	7371081	0
156493	0	7431316	1
156493	0	750111	1
156493	0	8029433	0
156493	0	8182159	1
156493	0	8182160	1
156493	0	8182161	1
156493	0	8182162	1
156493	0	8182165	1
156493	0	8182166	1
156493	0	8245444	1
156493	0	8266017	1
156493	0	8273011	1
156493	0	8273017	1
156493	0	8273018	1
156493	0	8273019	1
156493	0	8820526	1
156493	0	8820527	1
156493	0	885944	1
156493	0	892013	0
156493	0	911790	0
156493	0	911791	1
156493	0	911794	1
156493	0	911795	1
156493	0	95512	1
156493	0	95514	1
156493	0	95515	1
156493	0	95518	1
156493	0	95519	0
156493	0	95521	1
156493	0	994486	1
168216	0	1090089	1
168216	0	1090095	1
168216	0	1183706	1
168216	0	1301465	1
168216	0	1301466	1
168216	0	1301467	1
168216	0	1301469	1
168216	0	1301471	1
168216	0	1301472	1
168216	0	1301473	1
168216	0	1301474	1
168216	0	13499	1
168216	0	1381477	1
168216	0	1735360	1
168216	0	1860843	1
168216	0	2036279	1
168216	0	2210775	1
168216	0	2210780	1
168216	0	2265769	1
168216	0	2790904	1
168216	0	2806307	1
168216	0	3198681	1
168216	0	3198683	1
168216	0	3198686	1
168216	0	3198687	1
168216	0	3198689	1
168216	0	3344828	1
168216	0	3344837	1
168216	0	3399712	1
168216	0	3399713	1
168216	0	3399715	1
168216	0	3399716	1
168216	0	3399718	1
168216	0	3463556	1
168216	0	3681093	1
168216	0	3681095	1
168216	0	3681097	1
168216	0	3681100	1
168216	0	3830857	1
168216	0	3908773	1
168216	0	3908774	1
168216	0	3908775	1
168216	0	3908776	1
168216	0	3908777	1
168216	0	4191395	1
168216	0	4191396	1
168216	0	4245218	1
168216	0	4324490	1
168216	0	4324491	1
168216	0	4324492	1
168216	0	4600607	1
168216	0	4600610	1
168216	0	5004346	1
168216	0	5024307	1
168216	0	5024311	1
168216	0	5024313	1
168216	0	5114458	1
168216	0	5935474	1
168216	0	5935476	1
168216	0	6012600	1
168216	0	6061718	1
168216	0	6061721	1
168216	0	6061722	1
168216	0	6061726	1
168216	0	6213322	1
168216	0	6213323	1
168216	0	6213324	1
168216	0	6213325	1
168216	0	6219118	1
168216	0	6264731	1
168216	0	6264732	1
168216	0	6264733	1
168216	0	6264734	1
168216	0	6264735	1
168216	0	6282560	1
168216	0	6426630	1
168216	0	6426631	1
168216	0	6426632	1
168216	0	6426633	1
168216	0	6426634	1
168216	0	6426637	1
168216	0	6426638	1
168216	0	6584042	1
168216	0	7337513	1
168216	0	7492751	1
168216	0	7492755	1
168216	0	7595682	1
168216	0	7595684	1
168216	0	8048968	1
168216	0	8185131	1
168216	0	8185135	1
168216	0	8185137	1
168216	0	8319218	1
168216	0	856274	1
168216	0	8731617	1
168216	0	8731618	1
168216	0	8731621	1
168216	0	8731622	1
168216	0	8731623	1
168216	0	8731624	1
182539	0	1138302	0
182539	0	1307232	0
182539	0	1307234	0
182539	0	1307235	1
182539	0	1631878	0
182539	0	1638687	1
182539	0	1638689	1
182539	0	1638690	1
182539	0	1798203	0
182539	0	1798209	0
182539	0	1882552	0
182539	0	1938505	0
182539	0	1956769	0
182539	0	1956775	0
182539	0	2009617	0
182539	0	2041085	0
182539	0	2041086	0
182539	0	2273384	0
182539	0	2635847	0
182539	0	2787602	0
182539	0	2792292	0
182539	0	2898184	0
182539	0	2909954	1
182539	0	2909960	1
182539	0	2909961	1
182539	0	330179	0
182539	0	3389569	0
182539	0	3411356	0
182539	0	3412553	0
182539	0	3448160	0
182539	0	3760957	0
182539	0	3760960	0
182539	0	3883077	1
182539	0	3883081	1
182539	0	4468612	0
182539	0	4481306	0
182539	0	4502746	0
182539	0	4680571	0
182539	0	4730803	0
182539	0	5020094	0
182539	0	5167181	0
182539	0	5238129	0
182539	0	5289650	0
182539	0	5407068	0
182539	0	5418437	0
182539	0	5567729	1
182539	0	57443	1
182539	0	57444	1
182539	0	57447	1
182539	0	57448	1
182539	0	57449	1
182539	0	57450	0
182539	0	5871834	0
182539	0	5922040	0
182539	0	5927340	0
182539	0	6037973	1
182539	0	6097108	0
182539	0	6282906	0
182539	0	6282907	0
182539	0	6282909	0
182539	0	6807899	0
182539	0	6816571	0
182539	0	6816572	1
182539	0	6816573	0
182539	0	6816574	1
182539	0	6816576	0
182539	0	6816577	0
182539	0	6816579	1
182539	0	6878266	0
182539	0	6893378	0
182539	0	6895489	0
182539	0	6895490	0
182539	0	6895491	0
182539	0	6895494	0
182539	0	6895498	0
182539	0	7088372	0
182539	0	7203204	0
182539	0	7371255	1
182539	0	7371257	1
182539	0	7371259	1
182539	0	7371261	1
182539	0	7371262	1
182539	0	7579347	0
182539	0	7579350	0
182539	0	7583024	1
182539	0	8141165	0
182539	0	8263097	0
182539	0	8299659	1
182539	0	8299661	1
182539	0	8299665	1
182539	0	8299668	1
182539	0	830471	0
182539	0	8430328	0
182539	0	8617642	0
182539	0	8757178	1
182539	0	8757179	1
182539	0	8757180	1
182539	0	8757181	1
182539	0	8757183	0
182539	0	999065	0
183378	0	1014273	0
183378	0	1050571	1
183378	0	1289489	1
183378	0	1289490	1
183378	0	1289492	1
183378	0	1289493	1
183378	0	1289494	0
183378	0	1289495	1
183378	0	1289496	1
183378	0	1289497	1
183378	0	1623917	0
183378	0	1730037	0
183378	0	1730041	0
183378	0	1730044	1
183378	0	2352713	1
183378	0	2458929	0
183378	0	2458930	0
183378	0	2533256	1
183378	0	3093214	1
183378	0	3093215	0
183378	0	3116669	0
183378	0	3116670	0
183378	0	3116671	0
183378	0	3116672	0
183378	0	3185607	1
183378	0	3185611	1
183378	0	3195586	0
183378	0	327908	1
183378	0	331489	1
183378	0	3389578	1
183378	0	3389579	1
183378	0	3389580	1
183378	0	3389581	1
183378	0	3389585	1
183378	0	3922973	0
183378	0	4493913	1
183378	0	4493914	1
183378	0	4493915	1
183378	0	4493916	1
183378	0	4493917	1
183378	0	4493918	0
183378	0	4493920	1
183378	0	4493921	1
183378	0	4493922	0
183378	0	4727412	1
183378	0	4727417	1
183378	0	4727418	1
183378	0	4803847	1
183378	0	4803848	1
183378	0	5064308	1
183378	0	5146119	0
183378	0	5352985	1
183378	0	5352987	0
183378	0	5352988	0
183378	0	5352991	0
183378	0	5352992	0
183378	0	5460936	1
183378	0	5460939	1
183378	0	5460941	1
183378	0	5534703	1
183378	0	5534707	1
183378	0	5534710	1
183378	0	5534711	1
183378	0	5817927	1
183378	0	6109461	1
183378	0	6182927	0
183378	0	6332454	0
183378	0	6548233	1
183378	0	6548235	0
183378	0	6711439	0
183378	0	6711446	0
183378	0	7052828	0
183378	0	7449744	1
183378	0	7449747	1
183378	0	7449748	1
183378	0	7449750	1
183378	0	7449751	1
183378	0	7449752	1
183378	0	749539	1
183378	0	749540	1
183378	0	749542	1
183378	0	7593941	0
183378	0	7678696	0
183378	0	7703397	0
183378	0	7952868	0
183378	0	8107956	0
183378	0	8121375	1
183378	0	8121377	1
183378	0	8507877	0
183378	0	8570257	1
183378	0	8570258	1
183378	0	8570260	1
183378	0	8767240	1
183378	0	8767241	1
183378	0	8794302	1
183378	0	8794303	1
183378	0	8794304	1
183378	0	8794306	1
183378	0	8794307	1
183378	0	8794308	1
19335	0	1143050	0
19335	0	1160863	0
19335	0	1160871	0
19335	0	1169915	0
19335	0	1316347	0
19335	0	132896	0
19335	0	1374917	0
19335	0	1504744	0
19335	0	1504746	0
19335	0	1504748	0
19335	0	1568083	0
19335	0	161606	0
19335	0	1717015	0
19335	0	1720387	1
19335	0	1720388	0
19335	0	1720389	1
19335	0	1720391	0
19335	0	1720393	0
19335	0	1720395	1
19335	0	1905037	0
19335	0	1906594	0
19335	0	1906597	0
19335	0	1915755	0
19335	0	211275	1
19335	0	2250973	0
19335	0	2304004	0
19335	0	2304005	0
19335	0	2437769	0
19335	0	2459779	0
19335	0	2874497	0
19335	0	2874503	0
19335	0	29850	0
19335	0	3121938	0
19335	0	3175484	1
19335	0	342431	1
19335	0	354219	0
19335	0	3559593	0
19335	0	3559596	0
19335	0	3615077	0
19335	0	3615078	0
19335	0	3615080	0
19335	0	3615083	0
19335	0	429850	0
19335	0	429851	0
19335	0	4480942	0
19335	0	4480943	0
19335	0	4480945	0
19335	0	4482795	0
19335	0	5051739	0
19335	0	5078863	0
19335	0	5091471	0
19335	0	527692	0
19335	0	527695	0
19335	0	527697	0
19335	0	5508122	0
19335	0	554950	0
19335	0	5711215	0
19335	0	5711216	0
19335	0	584350	0
19335	0	5870000	0
19335	0	6184951	0
19335	0	6238007	0
19335	0	6510257	0
19335	0	6512137	0
19335	0	6512138	0
19335	0	6512144	1
19335	0	677305	0
19335	0	6902384	0
19335	0	6902386	0
19335	0	6902389	0
19335	0	7050803	0
19335	0	7122355	1
19335	0	7198045	0
19335	0	7235457	0
19335	0	7267248	0
19335	0	7367411	0
19335	0	7454464	0
19335	0	7464793	0
19335	0	7692043	0
19335	0	772227	0
19335	0	772234	0
19335	0	7763208	0
19335	0	7783924	0
19335	0	7915861	0
19335	0	7961908	0
19335	0	8015294	0
19335	0	8061829	0
19335	0	8061830	0
19335	0	8231218	0
19335	0	8412681	1
19335	0	8412682	1
19335	0	8412683	1
19335	0	8412684	1
19335	0	8633126	0
19335	0	8754859	0
19335	0	8786632	0
19335	0	8828697	0
19335	0	8828698	0
19335	0	8828699	0
19335	0	93557	0
207786	0	106270	0
207786	0	1081011	0
207786	0	1335084	0
207786	0	1392585	1
207786	0	1667536	0
207786	0	1667542	0
207786	0	1667544	0
207786	0	1935627	0
207786	0	2051016	0
207786	0	2051020	0
207786	0	2051023	0
207786	0	2113005	0
207786	0	2253658	0
207786	0	2406561	0
207786	0	2440415	0
207786	0	2457541	0
207786	0	2457542	0
207786	0	2621344	0
207786	0	2704919	0
207786	0	2763917	1
207786	0	2763922	0
207786	0	2775837	0
207786	0	2969232	0
207786	0	3308288	0
207786	0	3322527	0
207786	0	3855672	0
207786	0	3896738	0
207786	0	4058692	0
207786	0	4218707	1
207786	0	4342505	0
207786	0	4393128	0
207786	0	4393134	0
207786	0	4599409	0
207786	0	4599411	0
207786	0	4613061	0
207786	0	4613063	0
207786	0	4613065	0
207786	0	4672265	0
207786	0	4724265	0
207786	0	4759179	0
207786	0	4759180	0
207786	0	4759183	0
207786	0	4826651	0
207786	0	4900224	0
207786	0	4908979	0
207786	0	493415	0
207786	0	493416	0
207786	0	5175109	0
207786	0	5175113	0
207786	0	524450	0
207786	0	5266140	0
207786	0	5288615	0
207786	0	5288617	0
207786	0	5297036	0
207786	0	5297038	0
207786	0	5624830	0
207786	0	5624831	0
207786	0	5845832	0
207786	0	5845834	0
207786	0	6031623	0
207786	0	6031626	0
207786	0	6031630	1
207786	0	6390609	0
207786	0	6526575	0
207786	0	6563691	0
207786	0	6736451	0
207786	0	6822431	0
207786	0	688492	0
207786	0	7124129	0
207786	0	7401955	0
207786	0	7510472	1
207786	0	7605691	0
207786	0	7622404	0
207786	0	7622406	0
207786	0	7639366	1
207786	0	7643812	0
207786	0	7643819	0
207786	0	7941579	1
207786	0	7963300	0
207786	0	7963301	0
207786	0	8049019	0
207786	0	8053029	0
207786	0	8185061	0
207786	0	8185064	0
207786	0	8185065	0
207786	0	8185069	0
207786	0	8211377	0
207786	0	8273754	1
207786	0	8273755	0
207786	0	8273757	0
207786	0	8273758	1
207786	0	8273759	0
207786	0	8273760	1
207786	0	8273761	1
207786	0	8273762	1
207786	0	8273763	1
207786	0	8367876	0
207786	0	8367880	0
207786	0	8441727	0
207786	0	860807	0
264014	0	1610706	1
264014	0	1610707	1
264014	0	1610710	1
264014	0	1610711	1
264014	0	1804644	1
264014	0	2223171	1
264014	0	2420367	1
264014	0	2474340	1
264014	0	2474341	1
264014	0	2474342	1
264014	0	2474346	1
264014	0	2498165	1
264014	0	2498169	1
264014	0	2572557	1
264014	0	2689662	1
264014	0	331929	1
264014	0	331931	1
264014	0	331932	1
264014	0	331934	1
264014	0	3338821	1
264014	0	3338822	1
264014	0	3338825	1
264014	0	3338827	1
264014	0	3338828	1
264014	0	3372501	1
264014	0	3396076	1
264014	0	3577341	1
264014	0	3577342	1
264014	0	3577343	1
264014	0	3577344	1
264014	0	3577345	1
264014	0	3577347	1
264014	0	3666584	1
264014	0	3841908	1
264014	0	3841909	1
264014	0	4259227	1
264014	0	447992	1
264014	0	4647186	1
264014	0	4687213	1
264014	0	4710717	1
264014	0	4834543	1
264014	0	4834544	1
264014	0	4834547	1
264014	0	4834548	1
264014	0	528372	1
264014	0	528375	1
264014	0	528379	1
264014	0	528380	1
264014	0	5328095	1
264014	0	5583424	1
264014	0	5611210	1
264014	0	5611211	1
264014	0	5611212	1
264014	0	5611213	1
264014	0	5611214	1
264014	0	5611218	1
264014	0	5611219	1
264014	0	5635515	1
264014	0	5635519	1
264014	0	5635521	1
264014	0	5635522	1
264014	0	5819142	1
264014	0	5819145	1
264014	0	58386	1
264014	0	5849268	1
264014	0	5849270	1
264014	0	5950718	1
264014	0	5950719	1
264014	0	5950721	1
264014	0	5950722	1
264014	0	5950723	1
264014	0	5950724	1
264014	0	5950726	1
264014	0	6105566	1
264014	0	6105569	1
264014	0	6105571	1
264014	0	6105572	1
264014	0	6333839	1
264014	0	6334964	1
264014	0	6337909	1
264014	0	6413951	1
264014	0	6555322	1
264014	0	6641238	1
264014	0	6791760	1
264014	0	684616	1
264014	0	7323467	1
264014	0	7323471	1
264014	0	7326932	1
264014	0	7326934	1
264014	0	7326936	1
264014	0	8012101	1
264014	0	8801661	1
264014	0	935825	1
264014	0	96851	1
264014	0	96852	1
264014	0	96854	1
264014	0	96855	1
264014	0	96857	1
264014	0	96858	1
264014	0	96859	1
359349	0	1394087	1
359349	0	15800	0
359349	0	15801	0
359349	0	15805	0
359349	0	15808	0
359349	0	1622452	0
359349	0	1622455	0
359349	0	1622457	0
359349	0	1830509	0
359349	0	1830512	1
359349	0	1830516	1
359349	0	1830517	1
359349	0	1892864	0
359349	0	2293820	1
359349	0	2490397	0
359349	0	2826510	1
359349	0	2826511	0
359349	0	2826512	1
359349	0	2826513	0
359349	0	3126806	0
359349	0	3176539	0
359349	0	3176541	0
359349	0	3176542	0
359349	0	3187960	0
359349	0	3193824	1
359349	0	3215620	0
359349	0	3223831	1
359349	0	3223833	1
359349	0	3265497	0
359349	0	3645754	0
359349	0	3645755	0
359349	0	3739664	0
359349	0	3739666	0
359349	0	3893098	0
359349	0	3900185	1
359349	0	4013723	1
359349	0	4020470	1
359349	0	4020471	0
359349	0	4020472	0
359349	0	4020474	0
359349	0	4020475	0
359349	0	4020476	0
359349	0	4020477	1
359349	0	4020478	0
359349	0	4020479	0
359349	0	4087265	0
359349	0	4344099	0
359349	0	4344101	0
359349	0	4463568	0
359349	0	4474866	0
359349	0	457673	1
359349	0	4624153	1
359349	0	4881617	0
359349	0	5219970	0
359349	0	5219971	0
359349	0	5219972	0
359349	0	5219973	0
359349	0	5219976	0
359349	0	5219977	0
359349	0	5414623	0
359349	0	5547394	0
359349	0	5613485	0
359349	0	5615181	1
359349	0	5615187	0
359349	0	576627	0
359349	0	576628	1
359349	0	576629	1
359349	0	576631	0
359349	0	576632	0
359349	0	576634	0
359349	0	576635	0
359349	0	5773713	0
359349	0	5773716	0
359349	0	5773717	0
359349	0	5773718	0
359349	0	5806110	0
359349	0	6081008	0
359349	0	6108721	1
359349	0	6226414	0
359349	0	6440028	0
359349	0	68647	1
359349	0	68648	1
359349	0	68649	1
359349	0	68650	0
359349	0	68653	1
359349	0	68656	0
359349	0	7015246	0
359349	0	7062669	0
359349	0	7062671	1
359349	0	7277971	0
359349	0	7544501	0
359349	0	7544503	0
359349	0	7544505	0
359349	0	7579883	1
359349	0	8058867	1
359349	0	8058873	1
359349	0	8125299	0
359349	0	8167114	0
359349	0	8748954	0
359349	0	943229	1
405717	0	1849743	0
405717	0	1976406	0
405717	0	1984962	1
405717	0	2002865	0
405717	0	2125641	0
405717	0	2280962	0
405717	0	2347443	0
405717	0	2365659	0
405717	0	2365660	0
405717	0	2365662	0
405717	0	2365663	0
405717	0	2365665	0
405717	0	2514107	1
405717	0	2642838	1
405717	0	2702419	1
405717	0	2702423	1
405717	0	273851	0
405717	0	2747484	1
405717	0	2747485	1
405717	0	2747486	0
405717	0	2747491	0
405717	0	2747492	0
405717	0	2768521	0
405717	0	28372	0
405717	0	2879959	0
405717	0	2879960	1
405717	0	2879963	1
405717	0	2879964	0
405717	0	3033900	1
405717	0	3033903	0
405717	0	3033904	1
405717	0	3033905	0
405717	0	3040883	0
405717	0	3274915	0
405717	0	3274918	0
405717	0	3274946	0
405717	0	3274947	0
405717	0	3514259	0
405717	0	3986303	1
405717	0	3986305	0
405717	0	3986306	0
405717	0	3986307	0
405717	0	3986308	0
405717	0	3986309	1
405717	0	4489661	0
405717	0	4489666	1
405717	0	4612478	0
405717	0	4704973	0
405717	0	4704975	1
405717	0	4704978	1
405717	0	4776928	0
405717	0	4804772	0
405717	0	4804774	0
405717	0	4828118	1
405717	0	4987955	0
405717	0	5079482	1
405717	0	5638740	0
405717	0	5690233	0
405717	0	5690234	0
405717	0	5690237	0
405717	0	6419725	0
405717	0	6442862	0
405717	0	6654652	0
405717	0	6654653	1
405717	0	6654655	1
405717	0	6654658	0
405717	0	6654660	0
405717	0	6725571	0
405717	0	702383	0
405717	0	702386	0
405717	0	7170624	0
405717	0	7170625	0
405717	0	7170626	1
405717	0	7170629	0
405717	0	7170630	1
405717	0	7170631	0
405717	0	7201359	0
405717	0	7201361	0
405717	0	7288990	1
405717	0	7288996	1
405717	0	7447941	0
405717	0	7447942	0
405717	0	7447943	0
405717	0	758582	0
405717	0	758586	1
405717	0	7589975	0
405717	0	7728831	1
405717	0	7896211	1
405717	0	7896212	0
405717	0	8156519	1
405717	0	8433852	0
405717	0	8433854	1
405717	0	8433856	0
405717	0	8433858	1
405717	0	8433860	0
405717	0	8510161	0
405717	0	8610271	0
405717	0	8674360	0
405717	0	8689634	0
405717	0	8689639	0
443396	0	1130886	0
443396	0	1135750	0
443396	0	1305463	0
443396	0	1474266	0
443396	0	1474272	0
443396	0	1474273	0
443396	0	1474275	0
443396	0	1515376	0
443396	0	156039	0
443396	0	1852807	0
443396	0	1852809	0
443396	0	1852813	0
443396	0	1852815	0
443396	0	1886308	0
443396	0	2007121	0
443396	0	2143849	0
443396	0	215692	0
443396	0	215693	0
443396	0	2347288	0
443396	0	2373504	0
443396	0	2490482	0
443396	0	2490486	0
443396	0	2562345	0
443396	0	2638081	0
443396	0	2783346	0
443396	0	2795882	0
443396	0	2983440	0
443396	0	3103988	0
443396	0	3103990	0
443396	0	3103991	0
443396	0	3103993	0
443396	0	3103994	0
443396	0	3103995	0
443396	0	3103996	0
443396	0	3143561	0
443396	0	3143566	0
443396	0	3143567	0
443396	0	3203454	0
443396	0	3256974	0
443396	0	3299623	0
443396	0	3323246	0
443396	0	3340080	0
443396	0	3617224	0
443396	0	3636507	0
443396	0	401022	0
443396	0	4041358	0
443396	0	4052112	0
443396	0	4052116	0
443396	0	4052118	0
443396	0	4052120	0
443396	0	4064886	0
443396	0	4236355	0
443396	0	4378963	0
443396	0	4526747	0
443396	0	456708	0
443396	0	4676619	0
443396	0	4708168	0
443396	0	4774806	0
443396	0	4774809	0
443396	0	4896249	0
443396	0	5065439	0
443396	0	5083543	0
443396	0	5308674	0
443396	0	5311404	0
443396	0	5515423	0
443396	0	5515424	0
443396	0	5530640	0
443396	0	5607635	0
443396	0	5836915	0
443396	0	5836917	0
443396	0	5937130	0
443396	0	5943262	0
443396	0	5943263	0
443396	0	6179578	0
443396	0	6179582	0
443396	0	6639382	0
443396	0	6716493	0
443396	0	6881583	0
443396	0	6953654	0
443396	0	6974030	0
443396	0	6974032	0
443396	0	7099882	0
443396	0	7251120	0
443396	0	7275626	0
443396	0	7703621	0
443396	0	7856436	0
443396	0	7985417	0
443396	0	8128953	0
443396	0	8128954	0
443396	0	8128958	0
443396	0	8171402	0
443396	0	8188606	0
443396	0	8329276	0
443396	0	8329277	0
443396	0	8329278	0
443396	0	8329279	0
443396	0	8536118	1
443396	0	8536121	0
443396	0	8536123	1
443396	0	8793491	0
451602	0	1078133	1
451602	0	1078134	1
451602	0	1094131	0
451602	0	1094139	0
451602	0	127537	0
451602	0	1277286	0
451602	0	1277287	0
451602	0	1277289	0
451602	0	1277290	1
451602	0	1277293	0
451602	0	1277294	1
451602	0	1314125	0
451602	0	1314126	0
451602	0	1314127	0
451602	0	1626653	0
451602	0	1640289	0
451602	0	1715030	0
451602	0	2084909	1
451602	0	2176450	1
451602	0	2176453	1
451602	0	2176455	1
451602	0	2176458	1
451602	0	2176459	1
451602	0	2231421	0
451602	0	2244874	0
451602	0	2312864	1
451602	0	2486933	0
451602	0	2486937	0
451602	0	2922145	0
451602	0	2942560	0
451602	0	3090664	0
451602	0	3090666	1
451602	0	3090667	1
451602	0	3090670	0
451602	0	3119126	0
451602	0	3177691	1
451602	0	3177694	0
451602	0	3177699	0
451602	0	3493825	0
451602	0	3493827	0
451602	0	4453605	1
451602	0	4453606	0
451602	0	4453608	1
451602	0	4487185	0
451602	0	4550410	0
451602	0	4559055	0
451602	0	4874640	1
451602	0	4874641	1
451602	0	4874645	0
451602	0	5053852	1
451602	0	5053854	0
451602	0	5179245	0
451602	0	5179246	0
451602	0	5179249	0
451602	0	5179250	0
451602	0	5179251	1
451602	0	5211036	0
451602	0	5475308	1
451602	0	5475312	0
451602	0	5538936	1
451602	0	5538938	1
451602	0	5538942	1
451602	0	5655693	1
451602	0	5655695	0
451602	0	5897795	0
451602	0	6132119	0
451602	0	6286973	0
451602	0	6286975	1
451602	0	6286976	1
451602	0	6286977	1
451602	0	6286978	1
451602	0	6286979	1
451602	0	6286980	1
451602	0	6286981	0
451602	0	6286982	1
451602	0	654120	0
451602	0	6618755	0
451602	0	6618756	1
451602	0	6719255	0
451602	0	7800959	0
451602	0	7804169	1
451602	0	8019873	1
451602	0	8025740	0
451602	0	8214451	1
451602	0	8214452	1
451602	0	8295166	0
451602	0	8383461	1
451602	0	8383462	0
451602	0	8383463	0
451602	0	8383465	1
451602	0	8390518	1
451602	0	8390525	1
451602	0	8485131	0
451602	0	8485136	0
451602	0	8540468	1
451602	0	8540470	0
451602	0	8540473	1
451602	0	8621776	1
451602	0	96222	1
451602	0	96229	1
47923	0	1346412	1
47923	0	1346419	0
47923	0	1488918	0
47923	0	1508656	0
47923	0	1508658	0
47923	0	1508659	0
47923	0	1569550	0
47923	0	1681331	1
47923	0	1681332	1
47923	0	1681334	1
47923	0	1681336	1
47923	0	1681337	1
47923	0	1681339	1
47923	0	1681340	1
47923	0	1827449	0
47923	0	1868437	1
47923	0	1868438	0
47923	0	1960681	0
47923	0	2297110	0
47923	0	2508227	0
47923	0	2670112	0
47923	0	2699736	0
47923	0	2831042	0
47923	0	2838668	0
47923	0	291219	1
47923	0	3348838	0
47923	0	3630935	0
47923	0	3688361	0
47923	0	3853973	0
47923	0	3853976	0
47923	0	3883230	0
47923	0	3946163	0
47923	0	4202492	0
47923	0	4297620	1
47923	0	4523464	0
47923	0	4652795	1
47923	0	473807	1
47923	0	473809	1
47923	0	5032362	1
47923	0	5032364	0
47923	0	5137400	0
47923	0	5147526	0
47923	0	5147528	0
47923	0	5147529	0
47923	0	525511	0
47923	0	5282403	0
47923	0	5310899	0
47923	0	5417577	0
47923	0	5417578	0
47923	0	5417579	0
47923	0	5417581	0
47923	0	5417582	1
47923	0	5417584	0
47923	0	5586331	1
47923	0	5595916	0
47923	0	566677	0
47923	0	5878044	0
47923	0	5936354	0
47923	0	5966643	0
47923	0	6067090	0
47923	0	618554	1
47923	0	618556	1
47923	0	6191	1
47923	0	6222131	0
47923	0	6241147	1
47923	0	6241148	1
47923	0	6241150	1
47923	0	6241151	1
47923	0	6241152	1
47923	0	6241153	1
47923	0	6241154	1
47923	0	6272906	0
47923	0	6626703	0
47923	0	6643066	1
47923	0	6919836	1
47923	0	7071691	0
47923	0	7071695	0
47923	0	7086728	0
47923	0	7417276	0
47923	0	7644552	0
47923	0	766019	0
47923	0	7902936	0
47923	0	7936847	0
47923	0	8327407	1
47923	0	8348762	1
47923	0	8418678	1
47923	0	8418681	1
47923	0	8418683	1
47923	0	8418684	0
47923	0	8418686	1
47923	0	8421421	0
47923	0	8619129	0
47923	0	8641104	1
47923	0	8641106	1
47923	0	8641107	1
47923	0	8808653	0
47923	0	913042	1
47923	0	913045	0
47923	0	917160	0
47923	0	986177	1
489204	0	1038489	1
489204	0	1051498	0
489204	0	114148	0
489204	0	1225589	1
489204	0	1225591	0
489204	0	1228655	0
489204	0	1231677	0
489204	0	136257	1
489204	0	1418933	0
489204	0	1479542	0
489204	0	152948	1
489204	0	152951	0
489204	0	152954	1
489204	0	1538587	0
489204	0	1759354	1
489204	0	1759357	0
489204	0	1777014	0
489204	0	1778458	1
489204	0	1778462	0
489204	0	1887699	0
489204	0	2016623	0
489204	0	2163701	0
489204	0	216492	1
489204	0	2268651	1
489204	0	2268652	0
489204	0	2268656	0
489204	0	2798565	0
489204	0	2915961	0
489204	0	2915963	0
489204	0	2959687	0
489204	0	3053140	0
489204	0	34397	0
489204	0	3503620	0
489204	0	3728445	1
489204	0	385083	0
489204	0	3898929	0
489204	0	4029846	0
489204	0	4159416	0
489204	0	416864	0
489204	0	4218637	0
489204	0	4279451	0
489204	0	4387756	0
489204	0	4586570	1
489204	0	46493	0
489204	0	46496	0
489204	0	4892626	0
489204	0	4917998	1
489204	0	4918001	0
489204	0	4927308	1
489204	0	533011	0
489204	0	533017	1
489204	0	535375	0
489204	0	5399753	0
489204	0	5480215	0
489204	0	5524072	0
489204	0	5629373	0
489204	0	5815957	1
489204	0	5856571	0
489204	0	5895917	1
489204	0	6087666	1
489204	0	6087671	0
489204	0	6327174	1
489204	0	6327175	1
489204	0	6327176	0
489204	0	6327177	1
489204	0	6327181	1
489204	0	6327182	0
489204	0	6542578	1
489204	0	66437	0
489204	0	6652052	1
489204	0	678245	1
489204	0	6816322	1
489204	0	6988530	0
489204	0	7108296	0
489204	0	7113090	0
489204	0	7113153	1
489204	0	7116533	0
489204	0	753265	0
489204	0	7576597	0
489204	0	7734612	0
489204	0	8376905	0
489204	0	8376906	0
489204	0	852250	0
489204	0	855963	1
489204	0	855967	0
489204	0	855969	0
489204	0	855972	1
489204	0	8585816	0
489204	0	8594271	0
489204	0	8594272	1
489204	0	8594273	1
489204	0	8594276	0
489204	0	8594277	0
489204	0	8594280	0
489204	0	872467	0
489204	0	872470	1
489204	0	8729935	0
489204	0	8737051	1
489204	0	8781574	1
489204	0	973923	1
490595	0	1160847	1
490595	0	1288942	0
490595	0	1288943	0
490595	0	1288946	0
490595	0	1370801	0
490595	0	1370802	0
490595	0	1473259	1
490595	0	1652460	1
490595	0	1929910	1
490595	0	1929911	1
490595	0	2433509	0
490595	0	3497870	0
490595	0	3497876	0
490595	0	3833407	1
490595	0	3833409	1
490595	0	3833413	0
490595	0	3833414	0
490595	0	3837431	0
490595	0	3937195	1
490595	0	3937196	1
490595	0	3937197	1
490595	0	3937200	1
490595	0	3937201	1
490595	0	3937202	1
490595	0	3937203	1
490595	0	4082315	0
490595	0	4082319	0
490595	0	4082324	0
490595	0	4604269	0
490595	0	4737059	1
490595	0	4737060	1
490595	0	4737061	1
490595	0	4737062	1
490595	0	4737063	1
490595	0	4737064	1
490595	0	4737065	1
490595	0	4737066	1
490595	0	4737067	1
490595	0	4737068	1
490595	0	4763066	1
490595	0	4842889	1
490595	0	4842890	1
490595	0	4842891	1
490595	0	4842894	1
490595	0	4842895	1
490595	0	4842896	1
490595	0	4842897	1
490595	0	4905043	0
490595	0	4954285	0
490595	0	4954289	0
490595	0	5112294	1
490595	0	5128293	0
490595	0	5247992	1
490595	0	5247999	1
490595	0	5248000	1
490595	0	526093	1
490595	0	5359212	0
490595	0	5359213	0
490595	0	549465	1
490595	0	549466	0
490595	0	559485	0
490595	0	5612095	0
490595	0	5612099	0
490595	0	5633631	0
490595	0	6045591	0
490595	0	6045596	0
490595	0	6192935	0
490595	0	6686784	0
490595	0	6742119	1
490595	0	6976961	0
490595	0	7045861	0
490595	0	7065743	0
490595	0	7192856	0
490595	0	7192859	0
490595	0	7192862	0
490595	0	7340532	1
490595	0	7340533	0
490595	0	7422680	0
490595	0	7698191	0
490595	0	7698199	0
490595	0	777201	0
490595	0	7839903	0
490595	0	7839904	0
490595	0	7839905	0
490595	0	7839906	0
490595	0	7839908	0
490595	0	7957548	0
490595	0	7957550	0
490595	0	805046	1
490595	0	805047	1
490595	0	805048	1
490595	0	805049	0
490595	0	805051	1
490595	0	805052	0
490595	0	8406244	0
490595	0	8485139	1
490595	0	8485140	1
490595	0	8485141	1
490595	0	8716499	0
490595	0	903932	0
527433	0	1125933	0
527433	0	1212784	0
527433	0	1212787	0
527433	0	124440	0
527433	0	1251475	0
527433	0	1251480	0
527433	0	1379236	1
527433	0	1379237	0
527433	0	1379238	0
527433	0	1379240	1
527433	0	1379245	0
527433	0	1404580	0
527433	0	1511548	0
527433	0	1511549	0
527433	0	1511551	0
527433	0	1511556	0
527433	0	1664518	0
527433	0	1753604	0
527433	0	2045580	0
527433	0	2331983	0
527433	0	2331989	0
527433	0	2496224	0
527433	0	2496227	0
527433	0	2565413	0
527433	0	2649533	0
527433	0	269422	0
527433	0	269423	0
527433	0	269424	0
527433	0	269425	0
527433	0	269426	0
527433	0	269428	0
527433	0	269430	0
527433	0	2722034	0
527433	0	2722036	0
527433	0	2931558	0
527433	0	2931562	0
527433	0	3294599	0
527433	0	3294600	0
527433	0	3774357	0
527433	0	3774360	0
527433	0	3786813	0
527433	0	3835729	1
527433	0	3835731	1
527433	0	3835732	0
527433	0	3835735	0
527433	0	3973284	0
527433	0	4064455	0
527433	0	4064457	0
527433	0	422236	0
527433	0	4351179	0
527433	0	4402992	0
527433	0	4402995	0
527433	0	467601	1
527433	0	4903731	0
527433	0	4958696	0
527433	0	4958697	0
527433	0	5034544	0
527433	0	5154358	0
527433	0	5295980	0
527433	0	5466807	1
527433	0	5466810	1
527433	0	5466812	0
527433	0	5479497	0
527433	0	5479502	0
527433	0	5603305	0
527433	0	5672170	0
527433	0	5690938	0
527433	0	5690947	0
527433	0	5878263	0
527433	0	6015377	0
527433	0	6038397	0
527433	0	6065674	0
527433	0	6065681	0
527433	0	6186391	0
527433	0	6186393	0
527433	0	6186394	0
527433	0	6186395	0
527433	0	6215001	1
527433	0	6215002	1
527433	0	6398043	0
527433	0	653101	0
527433	0	6743088	0
527433	0	6743093	0
527433	0	7357591	1
527433	0	7514088	0
527433	0	7607669	1
527433	0	8306449	0
527433	0	8306451	0
527433	0	8371764	0
527433	0	8617267	0
527433	0	8617269	0
527433	0	8617270	0
527433	0	8617271	1
527433	0	8617273	0
527433	0	8617275	0
527433	0	8617276	0
527433	0	8761458	0
527433	0	8827925	0
527433	0	8827928	1
527433	0	975967	1
573724	0	1005335	0
573724	0	1005338	0
573724	0	1021036	0
573724	0	104856	0
573724	0	1165128	1
573724	0	1165129	1
573724	0	1293333	1
573724	0	1509940	1
573724	0	1509942	1
573724	0	1509943	0
573724	0	1509944	1
573724	0	162151	1
573724	0	1816038	1
573724	0	2133806	1
573724	0	2186124	0
573724	0	2417985	0
573724	0	2635262	1
573724	0	305009	0
573724	0	3059589	0
573724	0	3059590	1
573724	0	3059592	0
573724	0	3059593	1
573724	0	3146236	1
573724	0	3146238	1
573724	0	3146240	1
573724	0	3365631	1
573724	0	3365632	1
573724	0	3365633	1
573724	0	3365634	0
573724	0	3365635	1
573724	0	3365636	1
573724	0	3365637	0
573724	0	3365638	1
573724	0	3365639	1
573724	0	3365640	0
573724	0	3492364	1
573724	0	3546092	0
573724	0	3617636	1
573724	0	3795243	0
573724	0	394136	1
573724	0	394138	1
573724	0	394139	1
573724	0	394141	1
573724	0	394142	1
573724	0	4360246	1
573724	0	5047796	1
573724	0	5185664	0
573724	0	5185671	0
573724	0	5310530	1
573724	0	5339620	1
573724	0	5384308	0
573724	0	5721829	1
573724	0	5721831	1
573724	0	5962420	0
573724	0	5962423	1
573724	0	5962424	1
573724	0	5962426	0
573724	0	5962428	1
573724	0	6496777	0
573724	0	6776717	1
573724	0	7104825	1
573724	0	7104826	0
573724	0	7104827	1
573724	0	7199667	1
573724	0	7199669	1
573724	0	7199672	1
573724	0	7199673	1
573724	0	7199675	1
573724	0	7384329	0
573724	0	7384331	1
573724	0	7384332	1
573724	0	7384333	0
573724	0	7530702	0
573724	0	7609926	1
573724	0	7609927	1
573724	0	7609928	1
573724	0	7609929	0
573724	0	7609930	1
573724	0	7609932	1
573724	0	7674854	0
573724	0	7674858	1
573724	0	7674859	1
573724	0	7964601	1
573724	0	8047166	1
573724	0	8047170	0
573724	0	8047172	0
573724	0	8441637	1
573724	0	8441642	1
573724	0	8444727	0
573724	0	8444728	1
573724	0	8444730	0
573724	0	8690218	0
573724	0	8728790	0
573724	0	87400	1
573724	0	87404	1
573724	0	87405	1
573724	0	87409	1
573724	0	8833192	1
573724	0	8833194	1
573724	0	8833199	1
833860	0	115142	1
833860	0	1187661	1
833860	0	1219653	0
833860	0	1361867	1
833860	0	1361868	0
833860	0	1521600	0
833860	0	1603168	0
833860	0	1733841	1
833860	0	1889863	1
833860	0	1913651	0
833860	0	2022688	1
833860	0	2037474	0
833860	0	207381	0
833860	0	2206194	1
833860	0	2206195	1
833860	0	2206196	1
833860	0	2206197	1
833860	0	2206198	0
833860	0	2206199	0
833860	0	2206200	1
833860	0	2654110	0
833860	0	2702357	1
833860	0	2702358	0
833860	0	3087477	0
833860	0	3087481	1
833860	0	3087483	0
833860	0	3096	0
833860	0	3162226	0
833860	0	3318545	0
833860	0	3421947	1
833860	0	3437281	1
833860	0	3437283	1
833860	0	3437284	1
833860	0	3437285	1
833860	0	3437286	1
833860	0	3437288	1
833860	0	3437289	0
833860	0	3437290	1
833860	0	3494809	0
833860	0	3990986	0
833860	0	4046122	1
833860	0	4046123	0
833860	0	4046129	0
833860	0	4121472	0
833860	0	4229067	0
833860	0	4544257	0
833860	0	456068	0
833860	0	4881965	1
833860	0	5082855	0
833860	0	5167510	1
833860	0	5167511	1
833860	0	5167512	1
833860	0	5167513	1
833860	0	5167514	0
833860	0	5167518	1
833860	0	5255471	0
833860	0	5268870	0
833860	0	5832657	1
833860	0	5897836	1
833860	0	5897837	0
833860	0	5897839	0
833860	0	596153	1
833860	0	5988243	0
833860	0	6083481	1
833860	0	6218032	1
833860	0	6218035	1
833860	0	6218036	1
833860	0	6218040	1
833860	0	6230220	1
833860	0	6230221	1
833860	0	6230222	1
833860	0	6230223	1
833860	0	6230224	1
833860	0	6230225	1
833860	0	6230226	1
833860	0	6230227	1
833860	0	6230228	1
833860	0	6230229	1
833860	0	6292957	0
833860	0	6804392	0
833860	0	6812180	1
833860	0	6875877	1
833860	0	7038169	0
833860	0	7038170	1
833860	0	7061642	0
833860	0	771855	1
833860	0	7944293	1
833860	0	8344031	1
833860	0	8400004	0
833860	0	8400005	0
833860	0	8400007	0
833860	0	8697642	1
833860	0	8705868	0
833860	0	8767220	0
833860	0	8767221	0
833860	0	8833502	1
833860	0	8833504	1
833860	0	8833506	1
833860	0	8833509	1
833860	0	921798	0
855410	0	1018504	0
855410	0	1028259	0
855410	0	103039	0
855410	0	1039206	0
855410	0	1039210	0
855410	0	1200408	0
855410	0	1328798	0
855410	0	133350	0
855410	0	1394855	0
855410	0	1461779	0
855410	0	1494093	0
855410	0	1494095	0
855410	0	1494097	0
855410	0	1625109	0
855410	0	1625111	0
855410	0	1687125	0
855410	0	1751632	0
855410	0	1756333	0
855410	0	1821211	0
855410	0	1947640	0
855410	0	1947769	0
855410	0	2117094	0
855410	0	212609	0
855410	0	217349	0
855410	0	2219618	0
855410	0	2395815	0
855410	0	2402680	0
855410	0	263328	0
855410	0	2637679	0
855410	0	2854643	0
855410	0	2976406	0
855410	0	2989045	0
855410	0	3357223	0
855410	0	3530756	0
855410	0	3530757	0
855410	0	3530758	0
855410	0	3530762	0
855410	0	364430	0
855410	0	3670425	0
855410	0	3923830	0
855410	0	3956603	0
855410	0	4096017	0
855410	0	4253173	0
855410	0	4279706	0
855410	0	4616840	0
855410	0	4616842	0
855410	0	4708041	0
855410	0	4708042	0
855410	0	4708045	0
855410	0	4708046	0
855410	0	4708047	0
855410	0	4733967	0
855410	0	4778582	0
855410	0	4930970	0
855410	0	5012968	0
855410	0	5022594	0
855410	0	5106715	0
855410	0	5577267	0
855410	0	5608554	0
855410	0	5740974	0
855410	0	5740979	0
855410	0	5740982	0
855410	0	621485	0
855410	0	6432578	0
855410	0	6481240	0
855410	0	6561011	0
855410	0	6566606	0
855410	0	6815713	0
855410	0	6815714	0
855410	0	6815715	0
855410	0	6859966	0
855410	0	6859967	0
855410	0	7031506	0
855410	0	7031507	0
855410	0	7031508	0
855410	0	7031509	0
855410	0	7031514	0
855410	0	7043020	0
855410	0	7063035	0
855410	0	71807	0
855410	0	7225358	0
855410	0	7329903	0
855410	0	7548527	0
855410	0	8180251	0
855410	0	828650	0
855410	0	8391962	0
855410	0	8402605	0
855410	0	847674	0
855410	0	8496293	0
855410	0	8651770	1
855410	0	8651771	1
855410	0	8651772	1
855410	0	8651773	0
855410	0	8651775	1
855410	0	8651778	0
855410	0	8776516	0
855410	0	889438	0
855410	0	936544	0
855410	0	936546	0
855410	0	992162	0
87181	0	1054971	1
87181	0	1059517	1
87181	0	123547	1
87181	0	1622419	1
87181	0	1622428	1
87181	0	1700168	1
87181	0	1766470	1
87181	0	1852747	0
87181	0	1902827	0
87181	0	1950526	1
87181	0	1950532	1
87181	0	2307974	1
87181	0	2307979	1
87181	0	2307980	0
87181	0	2528292	1
87181	0	2528296	1
87181	0	2530227	1
87181	0	2530252	1
87181	0	2530257	1
87181	0	2556144	1
87181	0	2556146	0
87181	0	2556150	1
87181	0	2556151	1
87181	0	2556153	1
87181	0	2986227	1
87181	0	2993464	1
87181	0	3216315	1
87181	0	3363613	1
87181	0	3363614	1
87181	0	3363615	1
87181	0	3914970	1
87181	0	4632251	1
87181	0	4639455	1
87181	0	4689523	1
87181	0	4689524	1
87181	0	4689525	1
87181	0	47203	1
87181	0	47205	0
87181	0	47206	1
87181	0	47207	1
87181	0	47210	1
87181	0	47211	1
87181	0	47212	1
87181	0	4786305	1
87181	0	5103077	1
87181	0	5103079	1
87181	0	5197130	1
87181	0	5197133	1
87181	0	5197135	1
87181	0	5197136	0
87181	0	5197138	0
87181	0	5469038	1
87181	0	5497677	1
87181	0	5753301	1
87181	0	5758954	1
87181	0	5899049	1
87181	0	6429125	0
87181	0	6484575	1
87181	0	6484576	1
87181	0	6484577	1
87181	0	6484578	1
87181	0	6521360	1
87181	0	6521366	1
87181	0	6521367	1
87181	0	6685092	1
87181	0	6774305	1
87181	0	6969187	1
87181	0	7057928	1
87181	0	742425	1
87181	0	7504775	1
87181	0	7586365	1
87181	0	7666828	1
87181	0	7666831	1
87181	0	8151921	1
87181	0	8151922	1
87181	0	8151926	1
87181	0	8165400	0
87181	0	8165401	1
87181	0	8165403	0
87181	0	8165404	1
87181	0	8201558	0
87181	0	8332546	1
87181	0	8332547	1
87181	0	8332550	1
87181	0	8332551	1
87181	0	8332553	0
87181	0	8332555	1
87181	0	8522403	1
87181	0	8534129	1
87181	0	8534130	1
87181	0	8534133	1
87181	0	8534134	1
87181	0	8534135	1
87181	0	8534136	1
87181	0	8565420	1
87181	0	8664069	1
87181	0	8683178	1
87181	0	8683181	1
87181	0	8683183	1
87181	0	8683185	1
87452	0	1383633	0
87452	0	1395625	1
87452	0	1395631	1
87452	0	1395633	1
87452	0	1598547	0
87452	0	1723781	0
87452	0	186931	1
87452	0	186939	1
87452	0	1890452	0
87452	0	2026777	0
87452	0	2205470	1
87452	0	2282213	0
87452	0	2310395	0
87452	0	2624886	1
87452	0	2732501	0
87452	0	3191900	0
87452	0	3242437	1
87452	0	3732898	0
87452	0	3809020	0
87452	0	4008486	1
87452	0	408552	1
87452	0	4307932	0
87452	0	4307936	1
87452	0	4634896	0
87452	0	4634899	1
87452	0	4634903	1
87452	0	4634904	1
87452	0	4872055	1
87452	0	4993648	1
87452	0	5052039	0
87452	0	5219890	1
87452	0	5286924	1
87452	0	5506226	0
87452	0	5694209	0
87452	0	5694210	0
87452	0	5746167	1
87452	0	5751686	1
87452	0	5851090	1
87452	0	5851095	1
87452	0	5851096	0
87452	0	6018160	1
87452	0	6018161	0
87452	0	6018162	1
87452	0	6018163	1
87452	0	6018164	1
87452	0	6018165	1
87452	0	6018166	1
87452	0	6018167	1
87452	0	6018168	1
87452	0	6018169	1
87452	0	6289834	0
87452	0	6478928	0
87452	0	6600187	0
87452	0	7166743	0
87452	0	7166746	0
87452	0	7166749	0
87452	0	7304545	0
87452	0	7426326	0
87452	0	7426331	0
87452	0	7481965	0
87452	0	7843982	0
87452	0	7843984	1
87452	0	7965004	1
87452	0	7965005	1
87452	0	7965008	1
87452	0	7965010	0
87452	0	7965011	1
87452	0	8055174	1
87452	0	8081937	0
87452	0	8110621	0
87452	0	8126315	1
87452	0	8152220	1
87452	0	8152222	1
87452	0	8152223	1
87452	0	8152225	0
87452	0	8333912	1
87452	0	8333916	1
87452	0	8333917	0
87452	0	8333918	0
87452	0	8333919	1
87452	0	8333920	1
87452	0	8333921	1
87452	0	8344197	0
87452	0	8436571	1
87452	0	8436572	0
87452	0	8436574	0
87452	0	8436575	1
87452	0	8436576	1
87452	0	8436578	1
87452	0	8436579	1
87452	0	8453304	0
87452	0	8680815	1
87452	0	8680816	0
87452	0	8787615	0
87452	0	8819111	1
87452	0	8819112	1
87452	0	8819113	1
87452	0	8819114	1
87452	0	8819116	1
87452	0	994547	0
915593	0	1396701	0
915593	0	1396702	0
915593	0	1396705	0
915593	0	1396706	0
915593	0	1396707	0
915593	0	1772930	0
915593	0	1772932	0
915593	0	2210590	0
915593	0	2210591	0
915593	0	2210592	0
915593	0	2210593	0
915593	0	2210594	0
915593	0	2210595	0
915593	0	2210596	0
915593	0	2210597	0
915593	0	2210598	0
915593	0	2210599	0
915593	0	2588143	1
915593	0	2637186	0
915593	0	3143377	0
915593	0	3523599	0
915593	0	3523602	0
915593	0	3538159	0
915593	0	3538160	1
915593	0	3538161	1
915593	0	3538162	0
915593	0	3538163	0
915593	0	3538164	0
915593	0	3538165	0
915593	0	3538166	0
915593	0	3538167	0
915593	0	3538168	1
915593	0	3573473	0
915593	0	3573478	0
915593	0	3573479	0
915593	0	3991910	0
915593	0	4566815	0
915593	0	4566816	0
915593	0	4566817	0
915593	0	4566818	1
915593	0	4566819	0
915593	0	4566822	0
915593	0	4566823	0
915593	0	4691129	0
915593	0	4834226	1
915593	0	4998398	1
915593	0	5931266	0
915593	0	5931553	0
915593	0	6761341	0
915593	0	6761344	0
915593	0	6761345	0
915593	0	6761346	0
915593	0	6761348	0
915593	0	6923052	0
915593	0	6923055	0
915593	0	704072	0
915593	0	7709320	0
915593	0	7742098	0
915593	0	7837084	0
915593	0	7837086	0
915593	0	7861749	1
915593	0	7861751	0
915593	0	8002852	0
915593	0	8029524	1
915593	0	8029525	0
915593	0	8029527	0
915593	0	8029530	0
915593	0	8029532	0
915593	0	8029533	0
915593	0	8103065	1
915593	0	8103067	1
915593	0	8103068	0
915593	0	8178996	0
915593	0	8178998	0
915593	0	8178999	0
915593	0	8179000	0
915593	0	8179001	0
915593	0	8179003	0
915593	0	82105	0
915593	0	82106	1
915593	0	82107	1
915593	0	82108	1
915593	0	82109	0
915593	0	82110	0
915593	0	82111	0
915593	0	82113	0
915593	0	8275207	0
915593	0	8402967	0
915593	0	8402968	0
915593	0	8402969	0
915593	0	8402970	0
915593	0	8402971	1
915593	0	8402972	1
915593	0	8402973	0
915593	0	8402974	0
915593	0	8455301	0
915593	0	8455302	0
915593	0	8455304	0
915593	0	8455306	0
915593	0	8736930	0
962179	0	1006865	0
962179	0	1371846	0
962179	0	1645080	1
962179	0	1882903	0
962179	0	2121342	0
962179	0	2131895	0
962179	0	220191	0
962179	0	2329692	1
962179	0	2329693	1
962179	0	2329696	1
962179	0	2329697	1
962179	0	2329699	1
962179	0	2329700	0
962179	0	2329701	1
962179	0	2372123	0
962179	0	2433077	0
962179	0	2697161	0
962179	0	2781435	0
962179	0	2978864	1
962179	0	2978865	0
962179	0	2978866	1
962179	0	2978867	0
962179	0	2978868	0
962179	0	2978869	0
962179	0	2978870	0
962179	0	2978871	1
962179	0	302861	0
962179	0	302867	0
962179	0	3033200	0
962179	0	3046928	0
962179	0	3156128	0
962179	0	3173625	0
962179	0	3202309	0
962179	0	3422319	0
962179	0	3544337	0
962179	0	3705165	0
962179	0	3958152	0
962179	0	4257871	0
962179	0	4257872	0
962179	0	4257873	0
962179	0	4511499	1
962179	0	4511500	0
962179	0	4511502	0
962179	0	4511503	0
962179	0	4606386	1
962179	0	4606387	1
962179	0	4606388	0
962179	0	4610583	0
962179	0	5105844	0
962179	0	5123740	0
962179	0	5198217	0
962179	0	5282332	0
962179	0	529450	0
962179	0	5329867	0
962179	0	5340	0
962179	0	534563	1
962179	0	536176	1
962179	0	536177	0
962179	0	536178	0
962179	0	5653652	0
962179	0	5653653	0
962179	0	5653656	0
962179	0	5653657	0
962179	0	5653659	1
962179	0	5919340	1
962179	0	5919342	0
962179	0	5931179	0
962179	0	6675259	0
962179	0	6675260	0
962179	0	6675262	0
962179	0	6675264	0
962179	0	6700397	0
962179	0	6848170	0
962179	0	6898289	1
962179	0	6898293	0
962179	0	6904860	0
962179	0	6904861	0
962179	0	6904862	0
962179	0	6904863	0
962179	0	6980697	1
962179	0	7126017	0
962179	0	7126025	0
962179	0	7260027	0
962179	0	7344694	0
962179	0	7428149	0
962179	0	7733807	0
962179	0	7733810	0
962179	0	7851535	0
962179	0	8032264	0
962179	0	8362124	0
962179	0	8768974	0
962179	0	8785367	0
962179	0	8785368	0
962179	0	8785369	0
962179	0	8785370	0
962179	0	8785371	1
962179	0	8785373	0
962179	0	8785374	1
962179	0	8785375	0
962179	0	931124	0
