1037798	0	1079773	0
1037798	0	1356119	0
1037798	0	1356120	0
1037798	0	1371155	0
1037798	0	1371161	0
1037798	0	158363	0
1037798	0	1612693	0
1037798	0	1863223	0
1037798	0	2021895	0
1037798	0	2021899	0
1037798	0	2157450	0
1037798	0	2273333	1
1037798	0	2381026	0
1037798	0	2608688	1
1037798	0	2632787	0
1037798	0	2634475	1
1037798	0	2698318	0
1037798	0	2698324	0
1037798	0	2743168	1
1037798	0	2787508	1
1037798	0	2863296	0
1037798	0	3082786	0
1037798	0	3082787	0
1037798	0	3082788	1
1037798	0	3082792	0
1037798	0	3082794	0
1037798	0	3082795	1
1037798	0	3150375	1
1037798	0	3150376	0
1037798	0	3247266	1
1037798	0	3310847	1
1037798	0	3387556	1
1037798	0	3520700	0
1037798	0	3620983	1
1037798	0	3620986	1
1037798	0	3620991	1
1037798	0	3641634	1
1037798	0	3679721	1
1037798	0	3798094	1
1037798	0	4085213	0
1037798	0	4227882	0
1037798	0	4245501	1
1037798	0	4387161	1
1037798	0	4387163	0
1037798	0	4436245	0
1037798	0	4468755	1
1037798	0	4534644	0
1037798	0	4620659	0
1037798	0	4786200	0
1037798	0	4788864	0
1037798	0	479275	0
1037798	0	4833476	0
1037798	0	4833637	1
1037798	0	4835233	0
1037798	0	4835237	0
1037798	0	4924331	1
1037798	0	5038273	0
1037798	0	5099520	1
1037798	0	5333542	1
1037798	0	5585227	0
1037798	0	5649573	1
1037798	0	5889925	0
1037798	0	5943159	0
1037798	0	6115930	0
1037798	0	6526047	0
1037798	0	6526054	0
1037798	0	6880291	1
1037798	0	6965274	0
1037798	0	7253357	1
1037798	0	7284301	0
1037798	0	7284303	0
1037798	0	741658	1
1037798	0	74261	0
1037798	0	7610103	0
1037798	0	7619076	0
1037798	0	7687706	0
1037798	0	770859	0
1037798	0	7822415	1
1037798	0	7967207	1
1037798	0	811777	0
1037798	0	811779	0
1037798	0	8157340	0
1037798	0	8402853	0
1037798	0	8402855	0
1037798	0	8537479	1
1037798	0	8701550	0
1037798	0	8760864	1
1037798	0	8760866	1
1037798	0	8760867	1
1037798	0	8760868	1
1037798	0	8760870	1
1037798	0	8760871	1
1037798	0	8760873	1
1037798	0	8780809	1
1037798	0	8780810	0
1037798	0	967280	1
1037798	0	967287	0
1037798	0	972903	0
1037798	0	972907	0
1037798	0	994978	1
104861	0	1017092	1
104861	0	1046334	1
104861	0	1046339	1
104861	0	1304632	1
104861	0	1313687	0
104861	0	1357961	0
104861	0	146170	0
104861	0	1567102	0
104861	0	1767226	0
104861	0	1773805	0
104861	0	1773807	1
104861	0	1811410	0
104861	0	1814642	0
104861	0	1948963	0
104861	0	1977801	0
104861	0	2377050	1
104861	0	2497738	0
104861	0	2916631	0
104861	0	3174878	0
104861	0	3443173	1
104861	0	3443176	0
104861	0	3783016	0
104861	0	3925933	0
104861	0	4017854	1
104861	0	4017856	1
104861	0	4017858	0
104861	0	4199743	0
104861	0	4223386	0
104861	0	4230210	0
104861	0	4230213	1
104861	0	459675	1
104861	0	459676	1
104861	0	4784551	0
104861	0	5073457	0
104861	0	5138467	0
104861	0	5138468	0
104861	0	5138469	0
104861	0	5138471	1
104861	0	5138472	1
104861	0	5138473	1
104861	0	5138474	0
104861	0	5138476	1
104861	0	5248340	1
104861	0	5248341	1
104861	0	5248342	0
104861	0	5340890	0
104861	0	5340891	0
104861	0	5394110	0
104861	0	5394112	0
104861	0	5405670	0
104861	0	5438821	0
104861	0	5483490	0
104861	0	5667475	0
104861	0	5688415	1
104861	0	5688416	0
104861	0	5688417	1
104861	0	5688420	0
104861	0	5703400	1
104861	0	5703401	1
104861	0	5776561	0
104861	0	5778135	0
104861	0	5801822	1
104861	0	5836442	0
104861	0	5864693	0
104861	0	599604	0
104861	0	6008066	0
104861	0	6187055	1
104861	0	6187057	0
104861	0	6187058	0
104861	0	6241791	0
104861	0	629270	0
104861	0	629273	0
104861	0	629274	1
104861	0	629276	1
104861	0	629277	1
104861	0	629278	1
104861	0	6302828	0
104861	0	6351571	0
104861	0	6467577	1
104861	0	6467578	1
104861	0	6467579	0
104861	0	6467580	1
104861	0	6584358	0
104861	0	6585554	1
104861	0	6653674	1
104861	0	6653675	0
104861	0	6653678	1
104861	0	6653679	1
104861	0	6658615	0
104861	0	6704672	1
104861	0	6904992	0
104861	0	6904999	0
104861	0	7034375	0
104861	0	7204477	1
104861	0	7506029	1
104861	0	796246	1
104861	0	8286089	0
104861	0	8495099	1
104861	0	8546162	1
104861	0	8733854	0
1063750	0	1074552	0
1063750	0	1098173	0
1063750	0	1098174	0
1063750	0	1580962	0
1063750	0	1580964	0
1063750	0	1866486	1
1063750	0	1923499	0
1063750	0	1923500	1
1063750	0	1923506	0
1063750	0	2156005	0
1063750	0	2220585	1
1063750	0	2230089	0
1063750	0	2230090	0
1063750	0	2230091	0
1063750	0	2230095	0
1063750	0	2391458	0
1063750	0	2391460	0
1063750	0	2470328	1
1063750	0	2496767	0
1063750	0	2569816	0
1063750	0	2768123	1
1063750	0	3056	0
1063750	0	3134986	1
1063750	0	3259885	0
1063750	0	3259889	1
1063750	0	3259892	0
1063750	0	330159	1
1063750	0	330165	1
1063750	0	3327045	0
1063750	0	3327046	0
1063750	0	3327047	0
1063750	0	3327048	0
1063750	0	3327050	0
1063750	0	3327051	0
1063750	0	3327052	1
1063750	0	3477418	0
1063750	0	3477419	0
1063750	0	3477421	0
1063750	0	3610446	1
1063750	0	3633198	0
1063750	0	3654231	0
1063750	0	3973418	1
1063750	0	4099992	0
1063750	0	4158202	0
1063750	0	4158205	0
1063750	0	4337526	1
1063750	0	4337527	1
1063750	0	4337528	1
1063750	0	4337532	1
1063750	0	4487113	1
1063750	0	4487115	0
1063750	0	4542127	1
1063750	0	4559130	0
1063750	0	4559131	0
1063750	0	4559132	0
1063750	0	4718161	0
1063750	0	4788295	0
1063750	0	4802036	0
1063750	0	4834969	1
1063750	0	4834974	1
1063750	0	4844348	0
1063750	0	5062363	0
1063750	0	5442711	1
1063750	0	5442717	1
1063750	0	5956099	1
1063750	0	5956106	0
1063750	0	6093904	0
1063750	0	6093907	0
1063750	0	6127382	0
1063750	0	6127389	1
1063750	0	6666451	0
1063750	0	7146781	1
1063750	0	7247264	0
1063750	0	7304887	0
1063750	0	7571423	1
1063750	0	7571428	0
1063750	0	7778348	0
1063750	0	7778351	0
1063750	0	7778354	1
1063750	0	7781459	0
1063750	0	7781460	0
1063750	0	7837936	1
1063750	0	7837937	0
1063750	0	7837938	1
1063750	0	7952964	1
1063750	0	7952965	1
1063750	0	7952966	1
1063750	0	7952967	1
1063750	0	7952971	1
1063750	0	7959117	0
1063750	0	8183810	1
1063750	0	819283	1
1063750	0	819284	0
1063750	0	8239876	1
1063750	0	8239877	1
1063750	0	8384971	1
1063750	0	8739167	0
1063750	0	8821734	1
1063750	0	8821735	1
1063750	0	8821736	0
1103812	0	1214791	0
1103812	0	1419875	0
1103812	0	1462916	0
1103812	0	1614303	1
1103812	0	1659850	1
1103812	0	1659852	1
1103812	0	1984917	0
1103812	0	2060347	1
1103812	0	2147179	0
1103812	0	2235495	0
1103812	0	2332189	1
1103812	0	2371485	0
1103812	0	250692	0
1103812	0	2535841	1
1103812	0	2586283	0
1103812	0	2666747	0
1103812	0	2703108	0
1103812	0	2703114	0
1103812	0	2720842	0
1103812	0	2750961	1
1103812	0	2750965	1
1103812	0	2878297	0
1103812	0	2945096	1
1103812	0	3122424	1
1103812	0	3122425	0
1103812	0	3255158	0
1103812	0	3427222	0
1103812	0	3512936	0
1103812	0	3591090	0
1103812	0	3591092	1
1103812	0	3591094	1
1103812	0	3708772	1
1103812	0	3773618	1
1103812	0	3843263	0
1103812	0	3843267	1
1103812	0	3843270	0
1103812	0	3940091	1
1103812	0	3990418	0
1103812	0	4130119	1
1103812	0	4191304	0
1103812	0	4192902	1
1103812	0	427270	0
1103812	0	4292848	0
1103812	0	4322058	1
1103812	0	4401695	1
1103812	0	4478524	0
1103812	0	4598218	0
1103812	0	4791698	0
1103812	0	4795944	0
1103812	0	4824831	0
1103812	0	4937953	0
1103812	0	4967774	0
1103812	0	5190505	0
1103812	0	5209256	0
1103812	0	5372066	1
1103812	0	5372067	0
1103812	0	5416250	0
1103812	0	5850266	0
1103812	0	5974245	0
1103812	0	5976811	0
1103812	0	6103245	1
1103812	0	6128049	0
1103812	0	621213	0
1103812	0	6289840	1
1103812	0	6330511	0
1103812	0	645467	0
1103812	0	6569474	1
1103812	0	6619490	0
1103812	0	6621	0
1103812	0	6799729	1
1103812	0	6842210	0
1103812	0	6936248	0
1103812	0	7231343	0
1103812	0	7242599	1
1103812	0	7259761	0
1103812	0	7280672	1
1103812	0	7430769	1
1103812	0	7491609	1
1103812	0	7491610	0
1103812	0	7676360	0
1103812	0	7755205	1
1103812	0	8084238	0
1103812	0	8220080	1
1103812	0	8220081	1
1103812	0	8220085	1
1103812	0	8220086	1
1103812	0	8220087	1
1103812	0	8220088	1
1103812	0	8220089	1
1103812	0	8220093	0
1103812	0	8224175	1
1103812	0	8224183	1
1103812	0	8293805	1
1103812	0	8521423	0
1103812	0	8525190	1
1103812	0	865879	0
1103812	0	868008	0
1103812	0	8822007	0
1103812	0	893854	0
1103812	0	955565	0
1106007	0	1334328	1
1106007	0	1334330	1
1106007	0	1334331	1
1106007	0	1334334	1
1106007	0	1334335	1
1106007	0	1334336	1
1106007	0	1334337	1
1106007	0	1560237	0
1106007	0	1560243	0
1106007	0	1628793	0
1106007	0	1918089	0
1106007	0	2148473	0
1106007	0	2186171	0
1106007	0	2325835	0
1106007	0	2451757	0
1106007	0	2464373	0
1106007	0	2464374	1
1106007	0	2464375	1
1106007	0	2464376	0
1106007	0	2464378	0
1106007	0	2513606	1
1106007	0	2513607	0
1106007	0	2513608	0
1106007	0	2513609	0
1106007	0	2672601	1
1106007	0	2672608	1
1106007	0	2777111	1
1106007	0	2798876	0
1106007	0	2804955	0
1106007	0	285891	0
1106007	0	2866627	0
1106007	0	2866630	1
1106007	0	2866633	0
1106007	0	2866634	1
1106007	0	2910887	0
1106007	0	2960558	1
1106007	0	2960561	1
1106007	0	2960563	1
1106007	0	2960564	1
1106007	0	2960566	1
1106007	0	303453	0
1106007	0	3537611	0
1106007	0	3567188	1
1106007	0	3711235	0
1106007	0	4004166	0
1106007	0	4004169	1
1106007	0	4004173	0
1106007	0	4089153	0
1106007	0	4173705	0
1106007	0	4173709	1
1106007	0	4173712	1
1106007	0	4781867	0
1106007	0	487804	0
1106007	0	4953840	0
1106007	0	5204536	1
1106007	0	5204537	0
1106007	0	5204538	1
1106007	0	5204539	1
1106007	0	5204540	0
1106007	0	5204544	0
1106007	0	5279699	0
1106007	0	5279702	0
1106007	0	5279704	0
1106007	0	5774817	0
1106007	0	5774818	1
1106007	0	5780388	1
1106007	0	592693	0
1106007	0	6071697	0
1106007	0	6104494	0
1106007	0	6126193	0
1106007	0	6182968	0
1106007	0	6282108	0
1106007	0	6282110	0
1106007	0	6297179	1
1106007	0	6963994	1
1106007	0	701605	0
1106007	0	7193731	0
1106007	0	746358	0
1106007	0	7500586	0
1106007	0	7685380	0
1106007	0	7685382	0
1106007	0	7685383	1
1106007	0	7685384	0
1106007	0	7685385	0
1106007	0	7685386	1
1106007	0	7685388	0
1106007	0	8141089	0
1106007	0	8199519	0
1106007	0	8199521	1
1106007	0	8204457	1
1106007	0	8204463	1
1106007	0	8204464	1
1106007	0	8208703	0
1106007	0	8348781	0
1106007	0	8521668	1
1106007	0	8521673	1
1106007	0	8521674	0
1106007	0	899465	1
1106007	0	899467	1
1106007	0	899468	0
1110199	0	1144987	1
1110199	0	1321205	1
1110199	0	1323552	0
1110199	0	1592475	0
1110199	0	1809288	0
1110199	0	1901876	1
1110199	0	1901877	1
1110199	0	1901878	1
1110199	0	1901879	1
1110199	0	1901881	1
1110199	0	1901882	1
1110199	0	1966313	0
1110199	0	2301113	0
1110199	0	2301115	1
1110199	0	2301117	0
1110199	0	2301119	1
1110199	0	239443	1
1110199	0	239444	1
1110199	0	2474406	1
1110199	0	2657988	1
1110199	0	2796199	1
1110199	0	2796204	0
1110199	0	2854609	0
1110199	0	2854615	1
1110199	0	2925198	0
1110199	0	313193	0
1110199	0	3270584	0
1110199	0	3272906	0
1110199	0	3272914	0
1110199	0	328010	1
1110199	0	3495022	0
1110199	0	3515650	0
1110199	0	3519482	0
1110199	0	3647394	0
1110199	0	3838638	1
1110199	0	3838645	1
1110199	0	4053652	1
1110199	0	4057232	0
1110199	0	433926	0
1110199	0	4489656	1
1110199	0	4496257	0
1110199	0	4504233	1
1110199	0	4511137	1
1110199	0	4511144	0
1110199	0	451157	0
1110199	0	4674430	0
1110199	0	4771351	1
1110199	0	4800728	0
1110199	0	4800729	0
1110199	0	5049363	1
1110199	0	5074861	0
1110199	0	5105295	1
1110199	0	5218014	0
1110199	0	5387204	0
1110199	0	5387211	0
1110199	0	5387212	0
1110199	0	5479	0
1110199	0	5516092	0
1110199	0	5627957	1
1110199	0	5641717	0
1110199	0	5641718	0
1110199	0	5701621	0
1110199	0	5857919	0
1110199	0	5857920	0
1110199	0	5857921	1
1110199	0	5857923	0
1110199	0	5857924	0
1110199	0	5857925	0
1110199	0	5857926	0
1110199	0	5857927	0
1110199	0	6056861	0
1110199	0	618109	0
1110199	0	618114	0
1110199	0	6368887	1
1110199	0	6368891	1
1110199	0	6382102	0
1110199	0	6392463	0
1110199	0	6392469	1
1110199	0	6462667	0
1110199	0	6478158	1
1110199	0	6573362	1
1110199	0	6832436	1
1110199	0	712232	0
1110199	0	712235	0
1110199	0	7221366	1
1110199	0	7344200	0
1110199	0	7344201	0
1110199	0	7628033	0
1110199	0	7628037	0
1110199	0	8160518	1
1110199	0	8160519	1
1110199	0	8160520	1
1110199	0	8160521	1
1110199	0	8160522	0
1110199	0	8160524	0
1110199	0	8160527	1
1110199	0	8404306	0
1110199	0	8404307	0
1110199	0	955120	1
1110199	0	986780	0
1112341	0	1087928	1
1112341	0	1254065	0
1112341	0	1312444	1
1112341	0	1373648	1
1112341	0	1450347	0
1112341	0	2095998	0
1112341	0	2096429	0
1112341	0	2173819	0
1112341	0	2173822	0
1112341	0	2173823	0
1112341	0	2209048	1
1112341	0	2253155	0
1112341	0	2596431	1
1112341	0	2596432	0
1112341	0	2603918	1
1112341	0	2626927	1
1112341	0	2663365	1
1112341	0	2694630	1
1112341	0	2694633	0
1112341	0	2694636	1
1112341	0	2735215	0
1112341	0	2735219	0
1112341	0	3118343	1
1112341	0	3252208	0
1112341	0	3291151	0
1112341	0	3524227	1
1112341	0	3795887	1
1112341	0	3795889	0
1112341	0	3795891	0
1112341	0	3795896	0
1112341	0	3922194	0
1112341	0	3922197	1
1112341	0	4022846	1
1112341	0	4022849	1
1112341	0	4385339	0
1112341	0	4390797	0
1112341	0	4390801	0
1112341	0	4390804	0
1112341	0	4413846	0
1112341	0	4416075	0
1112341	0	4663300	0
1112341	0	478773	0
1112341	0	4927752	0
1112341	0	4927753	0
1112341	0	4977768	1
1112341	0	5043405	0
1112341	0	5043407	0
1112341	0	5171418	0
1112341	0	5298723	0
1112341	0	5414560	0
1112341	0	5740804	0
1112341	0	6164791	1
1112341	0	6311795	1
1112341	0	6311797	0
1112341	0	6311801	0
1112341	0	6369731	0
1112341	0	6369732	0
1112341	0	6459590	1
1112341	0	6681380	0
1112341	0	6681382	0
1112341	0	6681384	1
1112341	0	6681385	0
1112341	0	6726337	0
1112341	0	6726340	1
1112341	0	6726342	1
1112341	0	6726344	1
1112341	0	6726345	1
1112341	0	6726346	1
1112341	0	6947368	0
1112341	0	6973592	0
1112341	0	7079771	0
1112341	0	7079776	1
1112341	0	7597745	0
1112341	0	7615749	1
1112341	0	7615752	0
1112341	0	8008345	1
1112341	0	8134792	0
1112341	0	8139250	0
1112341	0	8139251	0
1112341	0	8139255	1
1112341	0	8139256	1
1112341	0	8139257	1
1112341	0	8139258	1
1112341	0	8200926	0
1112341	0	8326581	0
1112341	0	8326584	0
1112341	0	8326587	1
1112341	0	8326588	0
1112341	0	8337129	1
1112341	0	8442173	0
1112341	0	8442174	1
1112341	0	8442176	1
1112341	0	8442177	1
1112341	0	8442178	0
1112341	0	8442180	1
1112341	0	8606160	1
1112341	0	8606161	1
1112341	0	8651336	0
1112341	0	8700906	0
1112341	0	875123	0
1113437	0	1066532	1
1113437	0	1066538	0
1113437	0	1066539	0
1113437	0	1280567	0
1113437	0	1280568	1
1113437	0	1280569	0
1113437	0	1280570	0
1113437	0	1454814	1
1113437	0	1658786	0
1113437	0	1768727	0
1113437	0	1896939	1
1113437	0	1896943	0
1113437	0	2001934	0
1113437	0	2226349	1
1113437	0	226867	0
1113437	0	2354940	1
1113437	0	2354947	1
1113437	0	2595626	0
1113437	0	2884183	0
1113437	0	2884188	0
1113437	0	2884191	1
1113437	0	3026984	1
1113437	0	3089474	0
1113437	0	3125150	0
1113437	0	3125154	1
1113437	0	3125155	0
1113437	0	3325381	0
1113437	0	3518300	0
1113437	0	3687620	1
1113437	0	3880944	1
1113437	0	4016930	1
1113437	0	4016934	0
1113437	0	4016937	0
1113437	0	4216336	0
1113437	0	4367831	0
1113437	0	4367832	1
1113437	0	4412230	0
1113437	0	4473156	1
1113437	0	4473157	1
1113437	0	4498864	0
1113437	0	4498867	1
1113437	0	4751835	1
1113437	0	4751839	0
1113437	0	4981632	0
1113437	0	5188751	1
1113437	0	520325	0
1113437	0	5328098	0
1113437	0	5514586	1
1113437	0	5546288	0
1113437	0	5591645	1
1113437	0	5863434	0
1113437	0	5938418	0
1113437	0	5938420	0
1113437	0	5938424	0
1113437	0	5938425	1
1113437	0	594251	0
1113437	0	5996691	0
1113437	0	5996692	0
1113437	0	6017939	0
1113437	0	6017945	1
1113437	0	6021898	0
1113437	0	6021902	1
1113437	0	6021905	1
1113437	0	6174327	0
1113437	0	6174328	1
1113437	0	6174329	1
1113437	0	631949	1
1113437	0	6455604	0
1113437	0	6455610	0
1113437	0	6486041	0
1113437	0	6593841	1
1113437	0	6688843	1
1113437	0	6792385	0
1113437	0	7263162	0
1113437	0	7377275	0
1113437	0	7377278	0
1113437	0	7385219	0
1113437	0	7385221	1
1113437	0	7385222	1
1113437	0	742037	1
1113437	0	742044	1
1113437	0	7890527	0
1113437	0	807277	0
1113437	0	807279	0
1113437	0	8128790	1
1113437	0	8128792	1
1113437	0	8128794	1
1113437	0	8128796	1
1113437	0	8128798	0
1113437	0	8128799	0
1113437	0	8162984	0
1113437	0	8330514	0
1113437	0	8503446	1
1113437	0	8503449	0
1113437	0	8503453	0
1113437	0	8503455	0
1113437	0	8729210	1
1113437	0	8729214	0
1113437	0	8729215	0
1113437	0	8729219	1
1114646	0	1316103	0
1114646	0	1316109	0
1114646	0	1544838	0
1114646	0	1713662	0
1114646	0	1884057	1
1114646	0	1884059	0
1114646	0	2201127	1
1114646	0	2408275	0
1114646	0	2524143	1
1114646	0	2647994	1
1114646	0	266552	1
1114646	0	2676807	0
1114646	0	2695584	0
1114646	0	272202	0
1114646	0	2911035	0
1114646	0	2911039	0
1114646	0	2911040	0
1114646	0	2931848	0
1114646	0	3056368	1
1114646	0	3184850	1
1114646	0	3184851	0
1114646	0	3467664	1
1114646	0	3467665	1
1114646	0	3470484	0
1114646	0	3624681	0
1114646	0	3828281	0
1114646	0	3901376	0
1114646	0	392985	0
1114646	0	3949098	0
1114646	0	4332918	1
1114646	0	444374	1
1114646	0	444375	1
1114646	0	444380	1
1114646	0	444382	0
1114646	0	4771285	0
1114646	0	5041692	1
1114646	0	5127884	0
1114646	0	5217702	1
1114646	0	5229617	0
1114646	0	5279567	1
1114646	0	5316249	0
1114646	0	5417949	0
1114646	0	5417952	0
1114646	0	5417953	0
1114646	0	5417954	1
1114646	0	5423424	0
1114646	0	5569142	1
1114646	0	5637550	0
1114646	0	5640856	1
1114646	0	5640859	1
1114646	0	5640861	0
1114646	0	5661838	0
1114646	0	5661840	0
1114646	0	5687476	0
1114646	0	5687477	1
1114646	0	5687478	0
1114646	0	5687479	0
1114646	0	579548	1
1114646	0	579554	1
1114646	0	5836029	0
1114646	0	5959593	1
1114646	0	6124144	1
1114646	0	6124145	0
1114646	0	629152	0
1114646	0	6348309	0
1114646	0	6704400	1
1114646	0	6704401	1
1114646	0	6711103	1
1114646	0	687064	0
1114646	0	6886637	0
1114646	0	6886642	0
1114646	0	6886644	0
1114646	0	7065010	0
1114646	0	7196956	1
1114646	0	7196961	0
1114646	0	7278603	0
1114646	0	771368	1
1114646	0	7768555	0
1114646	0	7931424	0
1114646	0	7945828	0
1114646	0	7984234	1
1114646	0	8117087	1
1114646	0	8117088	1
1114646	0	8117089	1
1114646	0	8117090	1
1114646	0	8117091	1
1114646	0	8117092	1
1114646	0	8117093	0
1114646	0	8117094	0
1114646	0	8117095	0
1114646	0	8117096	1
1114646	0	8185549	1
1114646	0	831444	0
1114646	0	8327369	1
1114646	0	857788	0
1114646	0	857789	0
1114646	0	8665820	1
1114646	0	937370	0
1114646	0	937371	0
1114646	0	992156	0
1114819	0	1009500	0
1114819	0	1248112	0
1114819	0	1302004	0
1114819	0	1302007	0
1114819	0	1315993	1
1114819	0	1315994	1
1114819	0	1315995	0
1114819	0	1315996	1
1114819	0	1315998	1
1114819	0	1316000	0
1114819	0	1419798	1
1114819	0	1419801	0
1114819	0	1625836	1
1114819	0	1724520	1
1114819	0	1724525	1
1114819	0	1724526	0
1114819	0	1724528	0
1114819	0	1735443	1
1114819	0	1738242	1
1114819	0	1738243	0
1114819	0	1738250	1
1114819	0	1816958	0
1114819	0	1852066	0
1114819	0	2136434	1
1114819	0	2477692	0
1114819	0	255279	0
1114819	0	2590455	0
1114819	0	2831393	0
1114819	0	344350	1
1114819	0	344351	1
1114819	0	3484458	1
1114819	0	3781418	1
1114819	0	3781419	0
1114819	0	3906952	1
1114819	0	3906954	0
1114819	0	3906955	0
1114819	0	3906959	1
1114819	0	4890560	1
1114819	0	5019832	0
1114819	0	5019839	0
1114819	0	5156171	0
1114819	0	5165249	1
1114819	0	534362	0
1114819	0	5521371	1
1114819	0	5521373	1
1114819	0	5628950	0
1114819	0	5628952	1
1114819	0	5718417	0
1114819	0	6202321	0
1114819	0	6564168	0
1114819	0	6900766	0
1114819	0	6900767	0
1114819	0	6900769	0
1114819	0	6900773	0
1114819	0	6900774	1
1114819	0	6941478	1
1114819	0	694735	0
1114819	0	694737	0
1114819	0	7132894	0
1114819	0	7156443	0
1114819	0	750446	0
1114819	0	7588045	0
1114819	0	7803429	0
1114819	0	7803435	0
1114819	0	785027	1
1114819	0	785028	0
1114819	0	8022276	1
1114819	0	8022279	0
1114819	0	8022280	1
1114819	0	8024890	0
1114819	0	8027206	1
1114819	0	8088105	0
1114819	0	8088108	0
1114819	0	8088109	0
1114819	0	8088111	0
1114819	0	8096817	0
1114819	0	8096824	0
1114819	0	8115435	1
1114819	0	8115439	1
1114819	0	8115440	0
1114819	0	8115700	0
1114819	0	8336225	0
1114819	0	8336229	1
1114819	0	8336230	1
1114819	0	8336232	1
1114819	0	8480574	1
1114819	0	8508255	0
1114819	0	8508259	0
1114819	0	8508263	1
1114819	0	8579830	0
1114819	0	8579832	0
1114819	0	8736056	1
1114819	0	8754397	1
1114819	0	8754398	0
1114819	0	8754404	0
1114819	0	8768742	0
1114819	0	988370	1
1114819	0	988373	1
1114819	0	988376	0
1114819	0	988378	1
1115776	0	1036904	1
1115776	0	1134851	0
1115776	0	1269409	1
1115776	0	1328463	0
1115776	0	1403193	0
1115776	0	1403195	0
1115776	0	1729572	0
1115776	0	1729576	1
1115776	0	1826907	0
1115776	0	1826911	0
1115776	0	1856137	0
1115776	0	1856144	0
1115776	0	2137462	0
1115776	0	2230476	0
1115776	0	2230477	0
1115776	0	2230481	0
1115776	0	2364285	1
1115776	0	2514462	0
1115776	0	2514467	0
1115776	0	2897142	0
1115776	0	3041833	0
1115776	0	3052538	1
1115776	0	3063307	0
1115776	0	3063308	0
1115776	0	3063310	0
1115776	0	3203281	1
1115776	0	3203998	0
1115776	0	3296853	0
1115776	0	3344355	1
1115776	0	3411245	1
1115776	0	3469357	1
1115776	0	3595625	1
1115776	0	3794460	0
1115776	0	407823	0
1115776	0	4131485	1
1115776	0	4162793	0
1115776	0	4314169	1
1115776	0	4314171	1
1115776	0	4314172	1
1115776	0	4314174	1
1115776	0	4314175	1
1115776	0	4314176	1
1115776	0	4314178	1
1115776	0	4324120	1
1115776	0	4487937	1
1115776	0	4487938	1
1115776	0	4530238	0
1115776	0	480800	0
1115776	0	4954946	0
1115776	0	4984386	0
1115776	0	4984390	0
1115776	0	5069882	1
1115776	0	5069887	1
1115776	0	5244756	0
1115776	0	5264931	1
1115776	0	5599692	1
1115776	0	5605159	1
1115776	0	5605160	0
1115776	0	5950738	1
1115776	0	619650	0
1115776	0	619654	0
1115776	0	619655	0
1115776	0	6449404	0
1115776	0	6616844	1
1115776	0	6616847	0
1115776	0	6692795	0
1115776	0	6989198	1
1115776	0	6989200	0
1115776	0	6989201	0
1115776	0	7007569	1
1115776	0	7070859	0
1115776	0	7264948	0
1115776	0	7276300	0
1115776	0	7315361	1
1115776	0	7400215	0
1115776	0	7692397	0
1115776	0	7840018	1
1115776	0	7847335	0
1115776	0	7849650	1
1115776	0	8106317	1
1115776	0	8106318	1
1115776	0	8106320	1
1115776	0	8106321	1
1115776	0	8106322	0
1115776	0	8106324	1
1115776	0	8108813	0
1115776	0	8108815	0
1115776	0	8108818	0
1115776	0	8121639	0
1115776	0	8345727	0
1115776	0	838941	1
1115776	0	838942	0
1115776	0	838943	0
1115776	0	838944	0
1115776	0	838949	0
1115776	0	8495250	1
1115776	0	8495256	0
1115776	0	8504500	1
1115776	0	8757348	0
1115776	0	8797977	0
1117099	0	1013790	0
1117099	0	1013791	0
1117099	0	1123494	0
1117099	0	1123496	0
1117099	0	1389420	1
1117099	0	1445087	1
1117099	0	1457593	0
1117099	0	1551136	0
1117099	0	1586363	0
1117099	0	1586365	0
1117099	0	1620739	0
1117099	0	1620746	0
1117099	0	1692847	0
1117099	0	1798612	1
1117099	0	1798614	1
1117099	0	1798620	0
1117099	0	1986011	0
1117099	0	2109695	0
1117099	0	2109697	0
1117099	0	2109700	0
1117099	0	2109701	0
1117099	0	2157567	1
1117099	0	225488	0
1117099	0	2804356	0
1117099	0	2804359	0
1117099	0	297115	1
1117099	0	297118	1
1117099	0	3104260	1
1117099	0	3104266	0
1117099	0	3104268	0
1117099	0	3107584	0
1117099	0	334615	1
1117099	0	3349612	1
1117099	0	3412239	0
1117099	0	3439260	1
1117099	0	3543106	1
1117099	0	4393946	0
1117099	0	4441325	1
1117099	0	4458509	1
1117099	0	4458512	1
1117099	0	4573811	0
1117099	0	4759495	0
1117099	0	514314	0
1117099	0	5258462	0
1117099	0	5286535	1
1117099	0	5286538	1
1117099	0	5286539	1
1117099	0	5354862	0
1117099	0	5354863	0
1117099	0	5377585	0
1117099	0	5448444	0
1117099	0	5461820	0
1117099	0	5643723	0
1117099	0	5699284	0
1117099	0	5699286	1
1117099	0	5752877	0
1117099	0	576491	0
1117099	0	589140	0
1117099	0	5979207	0
1117099	0	5979214	1
1117099	0	6057207	0
1117099	0	6122720	1
1117099	0	6122721	1
1117099	0	6122722	1
1117099	0	6122723	1
1117099	0	6122724	1
1117099	0	6178371	0
1117099	0	6411781	0
1117099	0	651744	1
1117099	0	6534818	1
1117099	0	6534824	0
1117099	0	6776509	1
1117099	0	6776512	0
1117099	0	6940557	0
1117099	0	6993942	1
1117099	0	700495	0
1117099	0	700497	0
1117099	0	7135556	0
1117099	0	7135561	1
1117099	0	714808	1
1117099	0	7244088	0
1117099	0	7610601	0
1117099	0	7610604	0
1117099	0	7761853	0
1117099	0	8019444	1
1117099	0	8019446	0
1117099	0	8093927	0
1117099	0	8093931	1
1117099	0	8093932	1
1117099	0	8093933	0
1117099	0	8093934	1
1117099	0	8208315	1
1117099	0	8434604	0
1117099	0	8446501	1
1117099	0	8446505	1
1117099	0	8446506	1
1117099	0	8515441	0
1117099	0	8714082	1
1117099	0	8820809	0
1117099	0	8838111	1
1121402	0	1249687	1
1121402	0	1323047	1
1121402	0	1323048	1
1121402	0	1613053	0
1121402	0	1702458	0
1121402	0	182364	1
1121402	0	182365	1
1121402	0	182366	1
1121402	0	182367	1
1121402	0	182368	1
1121402	0	182369	1
1121402	0	182370	0
1121402	0	182371	1
1121402	0	182372	1
1121402	0	182373	0
1121402	0	188209	0
1121402	0	188210	1
1121402	0	188211	1
1121402	0	188213	1
1121402	0	188214	1
1121402	0	188215	1
1121402	0	188216	1
1121402	0	188217	1
1121402	0	188218	1
1121402	0	2042119	0
1121402	0	210811	0
1121402	0	2191941	0
1121402	0	255095	1
1121402	0	2633464	0
1121402	0	2681045	0
1121402	0	2681048	0
1121402	0	3412904	0
1121402	0	3412909	0
1121402	0	341347	1
1121402	0	3511789	0
1121402	0	3511795	0
1121402	0	3526577	0
1121402	0	3785307	0
1121402	0	3785308	1
1121402	0	3785309	0
1121402	0	3785310	1
1121402	0	3868953	0
1121402	0	4085753	0
1121402	0	4174527	0
1121402	0	4198997	0
1121402	0	4198998	0
1121402	0	4199001	0
1121402	0	4305978	0
1121402	0	43770	1
1121402	0	4449258	0
1121402	0	4449267	0
1121402	0	4616915	0
1121402	0	4620827	1
1121402	0	465100	0
1121402	0	5189913	1
1121402	0	5429317	0
1121402	0	5538762	0
1121402	0	5640403	0
1121402	0	5662146	0
1121402	0	5831807	0
1121402	0	5831811	0
1121402	0	5960420	0
1121402	0	625220	0
1121402	0	625222	0
1121402	0	628204	0
1121402	0	6371839	0
1121402	0	6683286	0
1121402	0	6884812	0
1121402	0	7011506	0
1121402	0	7125978	1
1121402	0	7125980	1
1121402	0	7125981	1
1121402	0	7125982	1
1121402	0	7125983	1
1121402	0	7125985	1
1121402	0	7125987	1
1121402	0	7142994	1
1121402	0	7489485	0
1121402	0	7489487	0
1121402	0	7489490	0
1121402	0	7572308	0
1121402	0	7572309	0
1121402	0	8052617	0
1121402	0	8052619	1
1121402	0	8052620	1
1121402	0	8052621	1
1121402	0	8052622	0
1121402	0	8052623	1
1121402	0	8052624	1
1121402	0	8089444	0
1121402	0	8235730	1
1121402	0	8376430	0
1121402	0	8408534	1
1121402	0	8417443	0
1121402	0	8487134	0
1121402	0	8662647	0
1121402	0	8718639	0
1121402	0	8821491	0
1121402	0	8821496	0
1121402	0	8821497	0
1121709	0	1033160	0
1121709	0	1095843	0
1121709	0	1170795	0
1121709	0	1196983	0
1121709	0	1212535	1
1121709	0	1498684	0
1121709	0	1640511	1
1121709	0	1640512	1
1121709	0	1748119	0
1121709	0	1752809	1
1121709	0	1752813	0
1121709	0	1764270	0
1121709	0	2046433	1
1121709	0	2115565	1
1121709	0	2115567	1
1121709	0	2142778	0
1121709	0	231865	0
1121709	0	2378584	1
1121709	0	2662730	1
1121709	0	2665010	0
1121709	0	2703197	0
1121709	0	2704369	0
1121709	0	2706641	0
1121709	0	2725458	0
1121709	0	2821790	0
1121709	0	2923932	0
1121709	0	2926715	0
1121709	0	2940488	1
1121709	0	2949781	0
1121709	0	2961048	0
1121709	0	2961049	1
1121709	0	3029721	1
1121709	0	3312963	0
1121709	0	3407458	0
1121709	0	3423059	1
1121709	0	3423060	1
1121709	0	3423066	1
1121709	0	3423067	1
1121709	0	3638261	0
1121709	0	3691568	1
1121709	0	3833130	1
1121709	0	3929723	0
1121709	0	3968031	0
1121709	0	4024649	0
1121709	0	40956	0
1121709	0	4203734	1
1121709	0	4512049	0
1121709	0	4526695	1
1121709	0	4543103	0
1121709	0	4572503	0
1121709	0	4594306	0
1121709	0	4771427	1
1121709	0	4832967	0
1121709	0	4836170	0
1121709	0	4875103	0
1121709	0	4979451	0
1121709	0	4979452	1
1121709	0	5014378	1
1121709	0	5092299	1
1121709	0	511306	1
1121709	0	5303734	1
1121709	0	5504399	0
1121709	0	5591740	0
1121709	0	5614877	0
1121709	0	5716710	1
1121709	0	606074	1
1121709	0	606077	0
1121709	0	6302713	0
1121709	0	6533417	0
1121709	0	6600	1
1121709	0	700135	0
1121709	0	7021254	0
1121709	0	7040511	0
1121709	0	7288128	1
1121709	0	7313132	1
1121709	0	7317391	0
1121709	0	7467711	0
1121709	0	7795720	0
1121709	0	79727	0
1121709	0	8049577	1
1121709	0	8049578	1
1121709	0	8049579	1
1121709	0	8049580	1
1121709	0	8049583	1
1121709	0	8049584	1
1121709	0	8049585	1
1121709	0	8049586	1
1121709	0	8184854	0
1121709	0	8224712	0
1121709	0	8229113	0
1121709	0	8261584	0
1121709	0	8571	0
1121709	0	8662687	0
1121709	0	8759528	1
1121709	0	8795147	0
1121709	0	8816009	0
1121709	0	886456	0
1121709	0	901202	0
1121709	0	904704	0
1121709	0	904705	1
1124210	0	1194687	0
1124210	0	1383615	0
1124210	0	1383617	1
1124210	0	1383624	1
1124210	0	145274	0
1124210	0	1545735	0
1124210	0	1593793	0
1124210	0	1593798	0
1124210	0	1701417	1
1124210	0	1702003	1
1124210	0	1702004	1
1124210	0	1702009	1
1124210	0	1702010	1
1124210	0	1756565	0
1124210	0	1756567	1
1124210	0	2019787	0
1124210	0	2127331	1
1124210	0	2200002	0
1124210	0	2258591	1
1124210	0	2258592	1
1124210	0	2258595	1
1124210	0	2258596	1
1124210	0	2728448	0
1124210	0	3031377	1
1124210	0	3031379	0
1124210	0	3046385	0
1124210	0	3162331	1
1124210	0	3375842	0
1124210	0	3446172	0
1124210	0	3520553	1
1124210	0	352987	0
1124210	0	3546600	0
1124210	0	3573857	1
1124210	0	3680800	1
1124210	0	3680801	0
1124210	0	3680802	1
1124210	0	3849905	0
1124210	0	3859923	0
1124210	0	3907021	0
1124210	0	3937735	1
1124210	0	3944481	1
1124210	0	4057442	0
1124210	0	4074146	1
1124210	0	4074149	1
1124210	0	4074151	0
1124210	0	4232134	0
1124210	0	4425461	0
1124210	0	4425464	1
1124210	0	4535558	1
1124210	0	469563	0
1124210	0	469565	0
1124210	0	473763	0
1124210	0	4794725	0
1124210	0	4958358	1
1124210	0	5039696	0
1124210	0	5056100	1
1124210	0	5125015	0
1124210	0	5363820	0
1124210	0	5366909	1
1124210	0	5366913	0
1124210	0	546155	0
1124210	0	546157	0
1124210	0	546158	1
1124210	0	5512675	0
1124210	0	555792	1
1124210	0	580882	0
1124210	0	5940130	0
1124210	0	5940134	1
1124210	0	607910	0
1124210	0	6171525	1
1124210	0	6182360	1
1124210	0	6282190	1
1124210	0	6500225	0
1124210	0	6704887	0
1124210	0	6814009	0
1124210	0	6814012	1
1124210	0	6814015	0
1124210	0	6814017	1
1124210	0	7109335	0
1124210	0	7205919	0
1124210	0	7205920	0
1124210	0	7205923	1
1124210	0	7208694	0
1124210	0	7381537	0
1124210	0	7441574	0
1124210	0	7566672	0
1124210	0	7566674	0
1124210	0	7581155	0
1124210	0	7698250	1
1124210	0	7738982	0
1124210	0	7832730	0
1124210	0	7832731	1
1124210	0	7832732	1
1124210	0	7894220	0
1124210	0	795660	0
1124210	0	8026737	0
1124210	0	8180027	0
1124210	0	829948	1
1124210	0	841738	0
1124210	0	841743	0
1129237	0	1080294	1
1129237	0	120308	1
1129237	0	120311	0
1129237	0	120314	0
1129237	0	120315	0
1129237	0	120801	1
1129237	0	128982	1
1129237	0	128984	1
1129237	0	128989	1
1129237	0	1490143	0
1129237	0	162127	0
1129237	0	1770025	0
1129237	0	1770027	1
1129237	0	1896185	0
1129237	0	1896186	0
1129237	0	1896189	0
1129237	0	1959030	1
1129237	0	2152821	0
1129237	0	2152828	0
1129237	0	2442489	0
1129237	0	2453794	0
1129237	0	2580204	0
1129237	0	2696926	1
1129237	0	2697746	1
1129237	0	2697752	1
1129237	0	2972916	0
1129237	0	301944	0
1129237	0	302210	0
1129237	0	3097761	1
1129237	0	3131122	1
1129237	0	3156016	0
1129237	0	3636926	0
1129237	0	3641168	1
1129237	0	3683096	1
1129237	0	3757192	0
1129237	0	3905055	1
1129237	0	3905057	1
1129237	0	3905799	0
1129237	0	3905802	1
1129237	0	3950048	1
1129237	0	4066969	0
1129237	0	4141005	0
1129237	0	4141012	0
1129237	0	4254811	1
1129237	0	4254815	1
1129237	0	4254816	1
1129237	0	4328625	0
1129237	0	4449295	1
1129237	0	4509080	0
1129237	0	461835	0
1129237	0	4773351	0
1129237	0	4801130	0
1129237	0	4904405	0
1129237	0	5032115	0
1129237	0	5156837	0
1129237	0	5414967	0
1129237	0	5513583	0
1129237	0	5619502	1
1129237	0	5627214	0
1129237	0	5649116	0
1129237	0	5831781	1
1129237	0	5831788	0
1129237	0	5865154	0
1129237	0	5906130	1
1129237	0	5906134	0
1129237	0	5917107	0
1129237	0	6080460	1
1129237	0	6343520	1
1129237	0	6343521	1
1129237	0	6343523	0
1129237	0	6575091	0
1129237	0	6640165	1
1129237	0	6903787	0
1129237	0	6956014	0
1129237	0	7049948	0
1129237	0	710733	1
1129237	0	7132886	0
1129237	0	7208025	1
1129237	0	7337950	0
1129237	0	7397082	0
1129237	0	7673289	0
1129237	0	7735322	0
1129237	0	7836576	0
1129237	0	7911557	1
1129237	0	8093067	0
1129237	0	8203445	0
1129237	0	824966	0
1129237	0	8450766	1
1129237	0	8469257	1
1129237	0	8588122	1
1129237	0	8588219	1
1129237	0	8588222	1
1129237	0	8588226	0
1129237	0	8596875	0
1129237	0	8682824	1
1129237	0	8710041	0
1129237	0	895802	0
1129237	0	953467	0
1129237	0	998748	1
1129237	0	998751	1
1133167	0	1379370	0
1133167	0	1824479	1
1133167	0	1824480	1
1133167	0	1824481	0
1133167	0	1824483	0
1133167	0	1824484	0
1133167	0	1824485	0
1133167	0	1824486	1
1133167	0	1824487	0
1133167	0	1824488	1
1133167	0	1883272	1
1133167	0	1883276	0
1133167	0	190802	0
1133167	0	190803	1
1133167	0	190804	1
1133167	0	190805	1
1133167	0	190806	1
1133167	0	190808	1
1133167	0	190810	0
1133167	0	190811	0
1133167	0	2276678	1
1133167	0	2419498	0
1133167	0	2613291	0
1133167	0	2613293	0
1133167	0	2613296	0
1133167	0	3023120	0
1133167	0	3023123	0
1133167	0	3074598	0
1133167	0	3074599	1
1133167	0	3355083	1
1133167	0	3391439	1
1133167	0	3421897	1
1133167	0	3421899	0
1133167	0	3421900	0
1133167	0	3421903	0
1133167	0	3421906	0
1133167	0	3944276	0
1133167	0	434119	0
1133167	0	434121	1
1133167	0	434123	0
1133167	0	434125	1
1133167	0	434126	0
1133167	0	4443370	1
1133167	0	4443375	0
1133167	0	4494104	0
1133167	0	4498474	1
1133167	0	4498476	0
1133167	0	4498479	1
1133167	0	4550240	1
1133167	0	4550244	0
1133167	0	4712279	0
1133167	0	4922619	1
1133167	0	4926197	1
1133167	0	4973626	1
1133167	0	5674622	1
1133167	0	5674623	0
1133167	0	5787117	1
1133167	0	6103297	0
1133167	0	6112586	1
1133167	0	6112587	1
1133167	0	6112590	1
1133167	0	6140	0
1133167	0	6142	0
1133167	0	6257034	0
1133167	0	6299572	0
1133167	0	6299575	0
1133167	0	6467517	0
1133167	0	6467518	1
1133167	0	6467523	1
1133167	0	6467524	0
1133167	0	7007413	0
1133167	0	7093509	0
1133167	0	7093510	0
1133167	0	7093511	0
1133167	0	7217705	1
1133167	0	7218015	1
1133167	0	7218016	0
1133167	0	7486594	0
1133167	0	7486600	0
1133167	0	7486602	1
1133167	0	7762240	0
1133167	0	7793408	0
1133167	0	7793411	0
1133167	0	7793416	0
1133167	0	8003301	0
1133167	0	8033644	0
1133167	0	8033646	0
1133167	0	8033648	1
1133167	0	8033650	1
1133167	0	8160224	1
1133167	0	8160241	1
1133167	0	8160243	0
1133167	0	823272	1
1133167	0	823274	0
1133167	0	823277	0
1133167	0	823280	0
1133167	0	8250498	1
1133167	0	8255704	0
1133167	0	8255706	1
1133167	0	8415743	0
130510	0	1110766	0
130510	0	112332	0
130510	0	1159414	1
130510	0	1456084	0
130510	0	1481524	0
130510	0	1494930	1
130510	0	1494931	1
130510	0	1494932	1
130510	0	1494933	0
130510	0	1494935	1
130510	0	1494936	1
130510	0	1494938	1
130510	0	1494939	1
130510	0	179622	0
130510	0	179623	0
130510	0	1799013	0
130510	0	1881832	0
130510	0	1972336	1
130510	0	1972340	1
130510	0	2079375	0
130510	0	2079377	1
130510	0	2205995	0
130510	0	2490146	0
130510	0	2490150	0
130510	0	2490154	0
130510	0	2862515	0
130510	0	2862518	1
130510	0	2862522	1
130510	0	2982053	1
130510	0	3163980	1
130510	0	3525026	0
130510	0	3913770	0
130510	0	3913772	0
130510	0	3913774	0
130510	0	3913775	0
130510	0	3913776	0
130510	0	3913778	0
130510	0	3913779	0
130510	0	3995677	1
130510	0	4022902	1
130510	0	4022904	0
130510	0	4022905	0
130510	0	4022909	0
130510	0	4189500	1
130510	0	4345805	0
130510	0	4528804	0
130510	0	4528806	0
130510	0	4528807	1
130510	0	4528808	0
130510	0	4528809	1
130510	0	4528813	0
130510	0	4804307	0
130510	0	4945869	0
130510	0	5685704	0
130510	0	5685705	0
130510	0	5685706	0
130510	0	5685707	0
130510	0	5685708	0
130510	0	5930009	0
130510	0	5930010	0
130510	0	5930012	0
130510	0	5930013	1
130510	0	5930014	0
130510	0	6035035	0
130510	0	6183638	0
130510	0	6229727	0
130510	0	6229732	0
130510	0	6229733	1
130510	0	6486232	1
130510	0	6621100	0
130510	0	6763277	0
130510	0	6815300	1
130510	0	6881818	0
130510	0	6932169	0
130510	0	7125239	1
130510	0	7203252	1
130510	0	7479905	1
130510	0	7501557	1
130510	0	7501558	1
130510	0	7501563	1
130510	0	7779650	0
130510	0	783662	0
130510	0	783664	0
130510	0	783665	0
130510	0	799647	1
130510	0	8083814	0
130510	0	8094068	0
130510	0	8095118	1
130510	0	8391407	0
130510	0	8391409	1
130510	0	8514425	1
130510	0	8612902	1
130510	0	8612903	1
130510	0	8612904	1
130510	0	8612905	0
130510	0	8612906	1
130510	0	8612909	1
130510	0	8612910	1
130510	0	996732	1
130510	0	996740	0
131843	0	1090906	0
131843	0	135934	0
131843	0	1560209	0
131843	0	1597970	0
131843	0	1597974	0
131843	0	1600913	0
131843	0	1621724	1
131843	0	1781040	0
131843	0	1845835	0
131843	0	1888985	0
131843	0	2001346	0
131843	0	2041693	0
131843	0	2132242	0
131843	0	2170725	0
131843	0	2170726	1
131843	0	2286031	0
131843	0	2286036	0
131843	0	2378491	1
131843	0	2567977	1
131843	0	2567978	0
131843	0	2662096	0
131843	0	2683747	1
131843	0	2697631	0
131843	0	31713	1
131843	0	31715	0
131843	0	31716	1
131843	0	31718	1
131843	0	3346693	1
131843	0	3432705	0
131843	0	3432707	0
131843	0	3432712	0
131843	0	352863	0
131843	0	3748231	1
131843	0	3754642	0
131843	0	3777780	1
131843	0	3841396	1
131843	0	3937054	0
131843	0	3937056	1
131843	0	4235202	0
131843	0	4235203	0
131843	0	4235204	0
131843	0	4235209	1
131843	0	4360103	0
131843	0	4440568	0
131843	0	4440571	1
131843	0	4461384	0
131843	0	468330	1
131843	0	4755278	0
131843	0	5074688	0
131843	0	5124823	0
131843	0	5297233	0
131843	0	5297238	1
131843	0	5297239	0
131843	0	5325672	0
131843	0	5325675	0
131843	0	5325677	0
131843	0	5460686	0
131843	0	5460688	0
131843	0	5624693	0
131843	0	5643651	0
131843	0	6028397	0
131843	0	6028399	1
131843	0	6028403	1
131843	0	6086584	0
131843	0	6086587	1
131843	0	6180442	0
131843	0	6180444	1
131843	0	6487859	0
131843	0	7269086	0
131843	0	7269087	0
131843	0	7269088	0
131843	0	7269093	0
131843	0	7319440	0
131843	0	732869	0
131843	0	732876	0
131843	0	7385264	0
131843	0	7478776	1
131843	0	7478778	0
131843	0	7607368	1
131843	0	8023970	1
131843	0	8028768	0
131843	0	8305151	1
131843	0	8305152	1
131843	0	8305153	1
131843	0	8305154	1
131843	0	8305156	1
131843	0	8305158	1
131843	0	8456964	1
131843	0	8456965	1
131843	0	8456967	1
131843	0	8456970	0
131843	0	8710813	1
131843	0	895362	0
131843	0	985988	1
131843	0	985989	1
131843	0	985990	1
131843	0	985991	1
131843	0	985992	1
131843	0	985994	1
131843	0	985995	1
146187	0	1077546	0
146187	0	1138801	0
146187	0	1230566	1
146187	0	1254157	0
146187	0	1367172	1
146187	0	1841197	0
146187	0	1972078	0
146187	0	2040185	0
146187	0	2226090	1
146187	0	2226093	1
146187	0	2257806	1
146187	0	2719848	0
146187	0	315525	1
146187	0	3505470	0
146187	0	3615731	0
146187	0	3758956	0
146187	0	3963185	1
146187	0	3963187	1
146187	0	4026486	0
146187	0	4111407	0
146187	0	4214923	0
146187	0	4214925	1
146187	0	4216897	0
146187	0	4216901	0
146187	0	4216902	0
146187	0	4306847	0
146187	0	45008	0
146187	0	4631167	0
146187	0	4741857	1
146187	0	4777144	1
146187	0	4921740	0
146187	0	4921741	0
146187	0	5050456	0
146187	0	5050464	1
146187	0	5421945	0
146187	0	5548651	0
146187	0	5548652	0
146187	0	5548655	0
146187	0	5566562	0
146187	0	5590506	1
146187	0	5590508	1
146187	0	5624347	0
146187	0	5816517	0
146187	0	5836454	0
146187	0	5844996	0
146187	0	5889121	1
146187	0	5999108	1
146187	0	6015024	0
146187	0	6015025	1
146187	0	6015026	0
146187	0	6015027	1
146187	0	6417741	0
146187	0	6430257	1
146187	0	6430258	1
146187	0	6430259	1
146187	0	6430260	0
146187	0	6620285	0
146187	0	6658185	0
146187	0	7093332	0
146187	0	7093334	0
146187	0	7095526	0
146187	0	7096819	1
146187	0	7307399	0
146187	0	7405002	1
146187	0	744165	1
146187	0	744167	1
146187	0	76342	0
146187	0	76344	1
146187	0	76348	1
146187	0	76349	1
146187	0	7704674	0
146187	0	7704677	0
146187	0	7704679	0
146187	0	7836292	0
146187	0	7836294	0
146187	0	7836295	0
146187	0	7836296	0
146187	0	8042965	0
146187	0	8042972	0
146187	0	8113798	0
146187	0	8327404	1
146187	0	8361899	0
146187	0	8361902	0
146187	0	8434617	1
146187	0	8434618	1
146187	0	8434619	1
146187	0	8434620	1
146187	0	8434621	1
146187	0	8434622	1
146187	0	8434623	1
146187	0	8434624	1
146187	0	8434625	1
146187	0	8434626	1
146187	0	8664004	1
146187	0	8795488	0
146187	0	8795489	0
146187	0	8795490	0
146187	0	8795491	0
146187	0	8795495	1
146187	0	951283	0
148538	0	1147038	0
148538	0	1147044	1
148538	0	1147046	0
148538	0	1299824	1
148538	0	1299830	0
148538	0	1311206	0
148538	0	1314489	0
148538	0	1384441	1
148538	0	1384447	1
148538	0	1384448	0
148538	0	1494790	0
148538	0	1494796	0
148538	0	1516299	0
148538	0	1828167	0
148538	0	1828171	0
148538	0	1950977	0
148538	0	1950983	0
148538	0	1969519	1
148538	0	1969521	0
148538	0	1985491	1
148538	0	2033795	0
148538	0	2033800	1
148538	0	208314	0
148538	0	2177849	0
148538	0	231453	1
148538	0	231455	1
148538	0	2368188	0
148538	0	2368189	1
148538	0	2455774	1
148538	0	2455775	0
148538	0	2455779	0
148538	0	2632806	1
148538	0	2915322	1
148538	0	2915323	1
148538	0	3138642	0
148538	0	332400	1
148538	0	332401	0
148538	0	332402	0
148538	0	3353306	0
148538	0	3545040	0
148538	0	3557943	1
148538	0	3588269	0
148538	0	3918785	1
148538	0	3924333	0
148538	0	398535	1
148538	0	4046977	0
148538	0	4185812	1
148538	0	4185814	0
148538	0	4264123	0
148538	0	4264129	0
148538	0	4447598	1
148538	0	4447601	1
148538	0	451558	0
148538	0	4539654	1
148538	0	4539657	1
148538	0	4539659	1
148538	0	4553351	1
148538	0	4607263	0
148538	0	4660637	1
148538	0	4959638	0
148538	0	5077704	0
148538	0	5077707	0
148538	0	5077709	0
148538	0	5171599	0
148538	0	5171603	0
148538	0	5171605	0
148538	0	543841	1
148538	0	581145	0
148538	0	6006375	0
148538	0	615401	0
148538	0	615403	0
148538	0	615407	1
148538	0	6377902	0
148538	0	6543862	1
148538	0	6697437	1
148538	0	6704661	0
148538	0	6776848	0
148538	0	6846340	0
148538	0	6846343	0
148538	0	6894608	0
148538	0	7039113	1
148538	0	7407803	1
148538	0	7407804	0
148538	0	7407811	0
148538	0	7407812	1
148538	0	753805	0
148538	0	8080460	1
148538	0	820313	0
148538	0	8283527	0
148538	0	8283531	1
148538	0	8283532	1
148538	0	8388795	0
148538	0	8618875	1
148538	0	8690528	0
148538	0	982505	0
148538	0	985488	1
148538	0	985489	0
148538	0	985490	1
148538	0	985491	1
148538	0	985494	1
156493	0	1277720	0
156493	0	1277721	0
156493	0	1277723	0
156493	0	1277725	0
156493	0	1277726	0
156493	0	1277727	1
156493	0	1347266	1
156493	0	1960255	1
156493	0	1960257	1
156493	0	1960259	1
156493	0	1960260	1
156493	0	1960261	0
156493	0	2123395	0
156493	0	2236388	1
156493	0	2259179	0
156493	0	2259180	1
156493	0	2259182	0
156493	0	2259183	0
156493	0	2317800	0
156493	0	2317807	1
156493	0	2411918	1
156493	0	2598786	0
156493	0	2598787	0
156493	0	2612486	0
156493	0	2612490	1
156493	0	2612491	1
156493	0	2612492	0
156493	0	2612493	1
156493	0	2717163	1
156493	0	2928700	1
156493	0	2928704	1
156493	0	2928705	0
156493	0	2928706	0
156493	0	2928707	1
156493	0	2949802	0
156493	0	316872	0
156493	0	3288595	1
156493	0	3288596	0
156493	0	3288597	1
156493	0	3288598	0
156493	0	3288599	0
156493	0	3288600	1
156493	0	3288601	1
156493	0	3288603	1
156493	0	349637	0
156493	0	349638	1
156493	0	349639	0
156493	0	349641	1
156493	0	349643	0
156493	0	349644	0
156493	0	349645	0
156493	0	3603920	1
156493	0	3603922	0
156493	0	4131138	0
156493	0	4465044	0
156493	0	4527706	0
156493	0	4583221	1
156493	0	4940228	0
156493	0	5009743	0
156493	0	5022725	0
156493	0	5346660	0
156493	0	5530082	0
156493	0	6139382	0
156493	0	6139386	1
156493	0	6524746	1
156493	0	6775071	1
156493	0	6859030	0
156493	0	6983821	0
156493	0	7134515	0
156493	0	7371077	1
156493	0	7371078	1
156493	0	7371079	0
156493	0	750111	1
156493	0	8182159	0
156493	0	8182160	0
156493	0	8182161	1
156493	0	8182162	1
156493	0	8182165	1
156493	0	8182166	1
156493	0	8266015	0
156493	0	8273011	0
156493	0	8273017	1
156493	0	8273018	0
156493	0	8273019	1
156493	0	8300109	0
156493	0	8803132	0
156493	0	8820526	1
156493	0	8820527	0
156493	0	885944	1
156493	0	892006	0
156493	0	892013	0
156493	0	911790	0
156493	0	911791	0
156493	0	95512	0
156493	0	95514	1
156493	0	95515	0
156493	0	95518	0
156493	0	95519	0
156493	0	95521	0
156493	0	994486	0
168216	0	1090088	0
168216	0	1183706	0
168216	0	1301465	1
168216	0	1301467	1
168216	0	1301469	1
168216	0	1301472	1
168216	0	1301474	1
168216	0	13499	1
168216	0	1381477	1
168216	0	1735358	0
168216	0	1735360	1
168216	0	1924796	0
168216	0	1924800	0
168216	0	2036279	1
168216	0	2069992	0
168216	0	2069995	0
168216	0	2210775	1
168216	0	2210780	0
168216	0	2265769	1
168216	0	2265772	0
168216	0	2659074	0
168216	0	2790904	1
168216	0	2806307	0
168216	0	290826	0
168216	0	3033359	0
168216	0	3174840	0
168216	0	3198682	0
168216	0	3198687	1
168216	0	3198689	1
168216	0	3344828	1
168216	0	3344834	0
168216	0	3399712	0
168216	0	3399713	1
168216	0	3399715	0
168216	0	3463556	0
168216	0	3681095	1
168216	0	3681097	0
168216	0	3830857	1
168216	0	3908773	1
168216	0	3908774	1
168216	0	3908775	1
168216	0	3908776	1
168216	0	3908777	1
168216	0	3908779	0
168216	0	4119829	0
168216	0	4191395	1
168216	0	4191396	1
168216	0	4324491	1
168216	0	4324492	0
168216	0	4600607	0
168216	0	4741403	0
168216	0	4741406	0
168216	0	4792582	0
168216	0	4792583	1
168216	0	5024307	0
168216	0	5114458	0
168216	0	5293614	0
168216	0	5935474	0
168216	0	5935476	1
168216	0	6061718	0
168216	0	6061721	0
168216	0	6061722	1
168216	0	6213322	1
168216	0	6213323	0
168216	0	6213325	0
168216	0	6219118	0
168216	0	6249512	1
168216	0	6264731	0
168216	0	6264732	1
168216	0	6264733	0
168216	0	6282560	0
168216	0	6282561	0
168216	0	6282562	0
168216	0	6282567	0
168216	0	6329932	0
168216	0	6426630	0
168216	0	6426632	1
168216	0	6426634	1
168216	0	6426638	1
168216	0	6584042	0
168216	0	7337513	0
168216	0	7492753	0
168216	0	7492755	0
168216	0	7595684	0
168216	0	8048968	1
168216	0	8141128	0
168216	0	8185131	1
168216	0	8185135	1
168216	0	8185137	1
168216	0	8252763	0
168216	0	8639627	0
168216	0	8639630	0
168216	0	8639633	0
168216	0	8723467	1
168216	0	8731617	0
168216	0	8731618	0
168216	0	8731621	1
168216	0	8731622	0
168216	0	8731623	0
168216	0	8731625	0
182539	0	1075903	0
182539	0	1075910	0
182539	0	1094157	0
182539	0	1307232	0
182539	0	1307234	0
182539	0	1307235	1
182539	0	1512198	0
182539	0	1567163	0
182539	0	1623225	0
182539	0	1638687	1
182539	0	1638689	0
182539	0	1638690	0
182539	0	1638691	0
182539	0	1654895	1
182539	0	1798203	0
182539	0	18497	1
182539	0	1863057	0
182539	0	1956775	0
182539	0	2053701	0
182539	0	2092202	0
182539	0	2165968	1
182539	0	2222150	0
182539	0	2751871	0
182539	0	289979	0
182539	0	2909954	0
182539	0	2909960	1
182539	0	2909961	1
182539	0	3155150	0
182539	0	3187555	0
182539	0	3444628	0
182539	0	3707401	0
182539	0	3729714	0
182539	0	3760957	0
182539	0	3760964	1
182539	0	3858310	0
182539	0	3883077	1
182539	0	3883081	1
182539	0	3924581	0
182539	0	4370020	0
182539	0	4384262	0
182539	0	4487755	0
182539	0	4730803	0
182539	0	4985182	0
182539	0	5116532	0
182539	0	5167181	0
182539	0	518150	0
182539	0	5212911	0
182539	0	5567729	1
182539	0	5567732	1
182539	0	57443	1
182539	0	57444	1
182539	0	57447	1
182539	0	57448	1
182539	0	57449	1
182539	0	57450	0
182539	0	57452	1
182539	0	6037973	1
182539	0	6283807	1
182539	0	6596440	0
182539	0	6783449	0
182539	0	6816574	0
182539	0	6980965	1
182539	0	7085056	0
182539	0	7085057	0
182539	0	7154102	1
182539	0	721170	1
182539	0	7371255	1
182539	0	7371257	1
182539	0	7371259	1
182539	0	7371261	0
182539	0	7371262	1
182539	0	738025	1
182539	0	7459294	0
182539	0	7527837	1
182539	0	753037	0
182539	0	7542372	1
182539	0	7579347	0
182539	0	7583024	1
182539	0	7637811	0
182539	0	7640201	1
182539	0	7883763	0
182539	0	8008661	0
182539	0	80372	0
182539	0	8170703	0
182539	0	817162	0
182539	0	8299659	1
182539	0	8299661	1
182539	0	8299665	1
182539	0	8299668	0
182539	0	8349147	0
182539	0	8515182	1
182539	0	8598792	0
182539	0	8757178	1
182539	0	8757179	1
182539	0	8757180	1
182539	0	8757181	1
182539	0	8757182	0
182539	0	8757183	0
182539	0	8757184	0
182539	0	8811472	1
183378	0	1289489	1
183378	0	1289490	1
183378	0	1289494	1
183378	0	1289495	0
183378	0	1289496	1
183378	0	1289497	1
183378	0	1334801	0
183378	0	1334806	1
183378	0	1441060	0
183378	0	1730042	0
183378	0	1730858	0
183378	0	2040104	1
183378	0	2040111	0
183378	0	2095235	0
183378	0	2234245	0
183378	0	2352713	0
183378	0	2533256	1
183378	0	2635325	0
183378	0	2874543	1
183378	0	3093214	0
183378	0	3093215	0
183378	0	3093217	1
183378	0	3128362	0
183378	0	3185607	0
183378	0	3185611	1
183378	0	327908	1
183378	0	3389578	1
183378	0	3389579	1
183378	0	3389580	0
183378	0	3389581	0
183378	0	3389584	0
183378	0	3389585	0
183378	0	3867604	0
183378	0	3976830	0
183378	0	3987911	1
183378	0	4493913	1
183378	0	4493914	1
183378	0	4493915	1
183378	0	4493916	0
183378	0	4493917	0
183378	0	4493920	1
183378	0	4493921	0
183378	0	4493922	0
183378	0	4727412	0
183378	0	4727416	0
183378	0	4727417	1
183378	0	4727418	1
183378	0	4803847	1
183378	0	4803848	1
183378	0	4803850	0
183378	0	4803856	0
183378	0	4856305	0
183378	0	4935249	0
183378	0	4977773	0
183378	0	5460936	0
183378	0	5460937	0
183378	0	5460939	1
183378	0	5460941	0
183378	0	5534703	1
183378	0	5534707	1
183378	0	5534711	1
183378	0	5817927	1
183378	0	6109461	1
183378	0	6182925	0
183378	0	6182927	0
183378	0	6247405	0
183378	0	6548233	0
183378	0	6548235	0
183378	0	7014328	0
183378	0	7398706	1
183378	0	7448291	0
183378	0	7449743	0
183378	0	7449744	1
183378	0	7449748	1
183378	0	7449750	0
183378	0	7449751	1
183378	0	7449752	1
183378	0	749539	0
183378	0	749544	0
183378	0	7677975	1
183378	0	7920165	0
183378	0	8121375	1
183378	0	8121377	0
183378	0	8121380	0
183378	0	8507877	0
183378	0	8570256	0
183378	0	8570257	1
183378	0	8570258	1
183378	0	8570260	1
183378	0	8570261	0
183378	0	8570263	0
183378	0	8577213	0
183378	0	8577215	1
183378	0	8767240	0
183378	0	8767241	0
183378	0	8794302	0
183378	0	8794303	0
183378	0	8794304	0
183378	0	8794306	1
183378	0	8794308	0
19335	0	109062	1
19335	0	1143050	0
19335	0	1299461	0
19335	0	1374917	1
19335	0	1469573	0
19335	0	1504746	0
19335	0	1504747	0
19335	0	1504753	0
19335	0	161606	0
19335	0	1717015	0
19335	0	1720387	0
19335	0	1720388	0
19335	0	1720389	0
19335	0	1720393	1
19335	0	1720394	1
19335	0	1720395	1
19335	0	1720396	1
19335	0	1746951	1
19335	0	1905037	0
19335	0	211275	1
19335	0	2137748	0
19335	0	2250973	0
19335	0	2304004	0
19335	0	2304005	0
19335	0	2337477	0
19335	0	2459779	0
19335	0	2459780	0
19335	0	2459784	0
19335	0	284841	0
19335	0	284842	0
19335	0	2874497	0
19335	0	2874503	0
19335	0	3045565	1
19335	0	3045567	1
19335	0	3175484	1
19335	0	342431	1
19335	0	3445063	1
19335	0	354219	0
19335	0	3559593	0
19335	0	3559594	0
19335	0	3559596	0
19335	0	3615074	0
19335	0	3615077	1
19335	0	3615078	0
19335	0	3615079	0
19335	0	3615080	0
19335	0	3615083	0
19335	0	39115	1
19335	0	429851	0
19335	0	4480945	1
19335	0	4692186	1
19335	0	478232	1
19335	0	503739	0
19335	0	5051741	0
19335	0	5078863	0
19335	0	527690	1
19335	0	527692	1
19335	0	527697	1
19335	0	5508122	0
19335	0	5508123	0
19335	0	5711211	0
19335	0	5711219	1
19335	0	5806604	0
19335	0	5870000	1
19335	0	6238013	0
19335	0	6306223	1
19335	0	6452949	1
19335	0	6510257	1
19335	0	6512137	1
19335	0	6512144	1
19335	0	6568704	0
19335	0	677297	0
19335	0	677305	0
19335	0	6902384	0
19335	0	6902386	0
19335	0	6902389	0
19335	0	7042455	0
19335	0	7050803	0
19335	0	7122355	1
19335	0	7122361	0
19335	0	740715	1
19335	0	772225	1
19335	0	772227	0
19335	0	772234	1
19335	0	7856992	0
19335	0	8151642	1
19335	0	8231218	0
19335	0	8412681	1
19335	0	8412682	0
19335	0	8412683	1
19335	0	8412684	1
19335	0	8412685	1
19335	0	8522845	0
19335	0	8633126	0
19335	0	8635981	1
19335	0	8677296	1
19335	0	8828697	1
19335	0	8828698	0
19335	0	901326	0
19335	0	93557	1
207786	0	1002868	1
207786	0	1002869	0
207786	0	1025058	0
207786	0	1071464	1
207786	0	1081011	0
207786	0	1081015	0
207786	0	1085404	0
207786	0	1392579	1
207786	0	1392585	1
207786	0	1759929	1
207786	0	1915244	1
207786	0	1915245	1
207786	0	201711	1
207786	0	2051020	1
207786	0	2430036	0
207786	0	2457541	0
207786	0	2658594	0
207786	0	2763917	1
207786	0	2763922	1
207786	0	2861204	0
207786	0	2877168	1
207786	0	2998723	0
207786	0	2998726	1
207786	0	3000014	0
207786	0	3103885	0
207786	0	3221312	0
207786	0	3352521	0
207786	0	3357630	0
207786	0	3522830	0
207786	0	3632499	0
207786	0	3656958	1
207786	0	3773663	0
207786	0	3945573	0
207786	0	4218707	0
207786	0	4261224	0
207786	0	4322293	0
207786	0	4342505	0
207786	0	4486236	1
207786	0	4613065	1
207786	0	4672265	0
207786	0	4754014	0
207786	0	4908972	0
207786	0	4908977	0
207786	0	5160454	1
207786	0	5170147	0
207786	0	5175108	0
207786	0	5175112	1
207786	0	5175113	0
207786	0	5321444	0
207786	0	5365946	1
207786	0	5845832	0
207786	0	5845834	0
207786	0	6031623	0
207786	0	6031625	1
207786	0	6031627	1
207786	0	6031630	1
207786	0	6060398	0
207786	0	6133373	0
207786	0	6226371	1
207786	0	6226372	0
207786	0	6474685	0
207786	0	6736451	1
207786	0	6822431	0
207786	0	688489	0
207786	0	688493	0
207786	0	7016165	0
207786	0	7080032	0
207786	0	7124120	0
207786	0	7229816	0
207786	0	737802	0
207786	0	7413621	0
207786	0	7510472	1
207786	0	7599318	1
207786	0	7622406	0
207786	0	7639366	1
207786	0	7668314	0
207786	0	7777867	0
207786	0	7941579	1
207786	0	7969232	0
207786	0	8053029	0
207786	0	817177	1
207786	0	817180	1
207786	0	8185061	1
207786	0	8185063	0
207786	0	8185064	1
207786	0	8265334	0
207786	0	8273754	1
207786	0	8273755	0
207786	0	8273756	1
207786	0	8273757	0
207786	0	8273758	1
207786	0	8273759	1
207786	0	8273760	1
207786	0	8273761	1
207786	0	8273762	1
207786	0	8273763	1
207786	0	8367880	0
207786	0	8396587	0
207786	0	8461486	0
207786	0	8622991	1
264014	0	1610706	1
264014	0	1610707	0
264014	0	1610711	1
264014	0	1611213	0
264014	0	1804644	0
264014	0	2223171	1
264014	0	2228381	0
264014	0	2420367	1
264014	0	2438156	0
264014	0	2474340	0
264014	0	2474341	0
264014	0	2474342	0
264014	0	2474346	1
264014	0	2498165	1
264014	0	2498169	0
264014	0	2689662	0
264014	0	331931	1
264014	0	331932	0
264014	0	331934	0
264014	0	3338822	0
264014	0	3338825	1
264014	0	3338827	0
264014	0	3338828	0
264014	0	3372501	0
264014	0	3396076	1
264014	0	3577342	1
264014	0	3577343	1
264014	0	3577344	1
264014	0	3577345	1
264014	0	3577347	0
264014	0	3841908	0
264014	0	4259227	0
264014	0	447992	1
264014	0	4647186	0
264014	0	4687213	1
264014	0	4790255	0
264014	0	4834544	1
264014	0	4834547	1
264014	0	4834548	1
264014	0	5151339	1
264014	0	5269173	0
264014	0	528372	1
264014	0	528375	0
264014	0	528378	0
264014	0	528379	1
264014	0	528380	1
264014	0	5328095	0
264014	0	5506564	0
264014	0	5611210	1
264014	0	5611212	0
264014	0	5611218	1
264014	0	5611219	0
264014	0	5635515	1
264014	0	5635519	0
264014	0	5635521	0
264014	0	5816473	0
264014	0	5819142	0
264014	0	5819145	0
264014	0	58386	0
264014	0	5849270	0
264014	0	5849711	0
264014	0	5950718	1
264014	0	5950719	1
264014	0	5950720	0
264014	0	5950721	1
264014	0	5950722	1
264014	0	5950723	1
264014	0	5950725	0
264014	0	5950726	1
264014	0	6105566	1
264014	0	6105569	0
264014	0	6105571	0
264014	0	6105572	1
264014	0	6333839	0
264014	0	6334964	0
264014	0	6337909	0
264014	0	6413951	0
264014	0	6555321	0
264014	0	6555322	0
264014	0	6641238	1
264014	0	667686	0
264014	0	6791760	1
264014	0	684616	0
264014	0	684618	0
264014	0	684621	1
264014	0	7323467	0
264014	0	7323471	0
264014	0	7326934	0
264014	0	7326936	0
264014	0	8012101	1
264014	0	8193533	0
264014	0	8801661	0
264014	0	935825	1
264014	0	96851	1
264014	0	96852	0
264014	0	96855	1
264014	0	96856	0
264014	0	96857	0
264014	0	96858	1
264014	0	96859	0
359349	0	1394087	1
359349	0	15799	0
359349	0	15800	0
359349	0	15801	0
359349	0	15802	0
359349	0	15803	1
359349	0	15804	1
359349	0	15805	0
359349	0	15806	0
359349	0	15807	0
359349	0	15808	0
359349	0	1617442	0
359349	0	1622451	0
359349	0	1622452	0
359349	0	1622455	0
359349	0	1622457	0
359349	0	1622458	0
359349	0	1830512	1
359349	0	1830516	1
359349	0	1830517	1
359349	0	1979833	0
359349	0	2293820	1
359349	0	2444686	0
359349	0	2444689	0
359349	0	2826510	1
359349	0	2826512	1
359349	0	3176540	0
359349	0	3176543	0
359349	0	3176544	0
359349	0	3176548	0
359349	0	3193824	1
359349	0	3215625	0
359349	0	3223831	1
359349	0	3223833	1
359349	0	3900185	1
359349	0	4013723	1
359349	0	4020470	1
359349	0	4020477	0
359349	0	4087265	0
359349	0	4344092	0
359349	0	4344093	0
359349	0	4344098	0
359349	0	4344099	1
359349	0	4344100	0
359349	0	4344101	0
359349	0	4474866	0
359349	0	4474872	1
359349	0	457673	1
359349	0	4624153	0
359349	0	4881617	0
359349	0	5151802	0
359349	0	5155586	0
359349	0	5219970	0
359349	0	5219971	1
359349	0	5219972	1
359349	0	5219976	1
359349	0	5219977	0
359349	0	5345720	1
359349	0	5615181	1
359349	0	5615187	0
359349	0	576627	0
359349	0	576628	1
359349	0	576629	1
359349	0	576635	0
359349	0	5773713	0
359349	0	5773714	0
359349	0	5773715	0
359349	0	5773716	0
359349	0	5773717	0
359349	0	5773718	0
359349	0	5773719	0
359349	0	5806105	0
359349	0	5806106	0
359349	0	5806110	0
359349	0	6108721	1
359349	0	6113310	1
359349	0	6113313	1
359349	0	6113314	0
359349	0	6113317	1
359349	0	6213658	0
359349	0	6226414	1
359349	0	6440028	1
359349	0	6440029	0
359349	0	68647	1
359349	0	68648	1
359349	0	68649	1
359349	0	68650	1
359349	0	68653	1
359349	0	68654	0
359349	0	6873860	1
359349	0	7062671	0
359349	0	7579883	1
359349	0	7857634	0
359349	0	7857635	0
359349	0	8058867	1
359349	0	8058868	0
359349	0	8058873	0
359349	0	8167113	0
359349	0	8748954	1
359349	0	943229	1
405717	0	1589738	1
405717	0	1619423	0
405717	0	1849743	1
405717	0	2125641	0
405717	0	2365659	0
405717	0	2365660	0
405717	0	2365661	1
405717	0	2365662	1
405717	0	2365663	0
405717	0	2365664	1
405717	0	2365665	1
405717	0	2616168	0
405717	0	2642838	1
405717	0	2702419	1
405717	0	2702423	1
405717	0	273851	0
405717	0	2747484	1
405717	0	2747485	1
405717	0	2747486	1
405717	0	2747488	1
405717	0	2747489	1
405717	0	2747491	0
405717	0	2747492	0
405717	0	2768521	0
405717	0	28368	1
405717	0	28372	0
405717	0	2879960	0
405717	0	3033900	1
405717	0	3033903	0
405717	0	3033904	1
405717	0	3040883	0
405717	0	3274915	0
405717	0	3274918	0
405717	0	3514259	1
405717	0	3986303	0
405717	0	3986305	0
405717	0	3986306	0
405717	0	3986307	1
405717	0	3986308	0
405717	0	3986309	0
405717	0	4232833	0
405717	0	4326699	0
405717	0	4432155	0
405717	0	4489661	0
405717	0	4489666	0
405717	0	4577231	0
405717	0	4704973	1
405717	0	4704975	1
405717	0	4704978	0
405717	0	4776926	0
405717	0	4776928	1
405717	0	4828118	1
405717	0	5079482	1
405717	0	5615458	0
405717	0	5638740	1
405717	0	5668741	0
405717	0	5690233	0
405717	0	5690234	0
405717	0	5690237	0
405717	0	5857562	0
405717	0	5857570	0
405717	0	6019053	0
405717	0	6419725	0
405717	0	6654652	0
405717	0	6654655	1
405717	0	6654658	0
405717	0	6741362	0
405717	0	6786303	1
405717	0	6786304	0
405717	0	702383	0
405717	0	702386	1
405717	0	7170624	0
405717	0	7170625	0
405717	0	7170626	1
405717	0	7170629	0
405717	0	7170630	1
405717	0	7170631	0
405717	0	7201359	0
405717	0	7201361	0
405717	0	7288991	1
405717	0	7288996	1
405717	0	7447941	0
405717	0	7447942	0
405717	0	7447943	0
405717	0	758581	0
405717	0	758582	1
405717	0	758585	0
405717	0	758586	0
405717	0	7589975	1
405717	0	7728831	1
405717	0	7896211	0
405717	0	7896212	0
405717	0	8156519	1
405717	0	8433852	1
405717	0	8433854	1
405717	0	8433856	1
405717	0	8433858	1
405717	0	846414	0
405717	0	8610271	1
405717	0	931517	0
443396	0	1055834	1
443396	0	1091614	1
443396	0	1109130	0
443396	0	1135750	1
443396	0	1135751	1
443396	0	1135755	0
443396	0	1135757	0
443396	0	119472	0
443396	0	144709	0
443396	0	1465664	0
443396	0	1465667	0
443396	0	153028	0
443396	0	1843486	0
443396	0	1852809	0
443396	0	1871319	0
443396	0	2320321	0
443396	0	2320326	0
443396	0	2373504	1
443396	0	2490482	1
443396	0	2490486	0
443396	0	2638080	1
443396	0	2638081	0
443396	0	2638083	0
443396	0	2654155	0
443396	0	2976738	0
443396	0	2976740	0
443396	0	2976741	0
443396	0	3051074	1
443396	0	3103994	1
443396	0	3103995	1
443396	0	3256971	1
443396	0	3256974	0
443396	0	3323246	0
443396	0	3440850	1
443396	0	3617221	1
443396	0	3617225	1
443396	0	368001	0
443396	0	3721948	1
443396	0	388377	1
443396	0	4041358	0
443396	0	4041361	1
443396	0	4052112	1
443396	0	4205261	1
443396	0	4205264	1
443396	0	4249536	0
443396	0	4511531	0
443396	0	4526747	0
443396	0	456706	0
443396	0	456708	1
443396	0	456710	1
443396	0	4638554	0
443396	0	4699180	0
443396	0	4699186	1
443396	0	4792649	0
443396	0	4792652	1
443396	0	4792656	0
443396	0	4825928	0
443396	0	5048837	0
443396	0	5048838	1
443396	0	5048839	1
443396	0	5053511	1
443396	0	5065439	0
443396	0	519921	0
443396	0	5248151	1
443396	0	5404322	0
443396	0	5413103	0
443396	0	5710712	0
443396	0	6168530	0
443396	0	6361505	0
443396	0	6361506	0
443396	0	6361507	0
443396	0	6370531	1
443396	0	6471277	0
443396	0	6471278	0
443396	0	6643320	0
443396	0	7026006	1
443396	0	7422742	0
443396	0	7579047	0
443396	0	7620276	0
443396	0	7620278	1
443396	0	7620279	0
443396	0	7792897	0
443396	0	7890878	0
443396	0	7890882	0
443396	0	8079039	1
443396	0	8079042	0
443396	0	8079043	1
443396	0	8079046	1
443396	0	8171402	1
443396	0	8407794	1
443396	0	8416862	0
443396	0	8491981	0
443396	0	8536118	1
443396	0	8536121	1
443396	0	8536122	1
443396	0	8536123	1
443396	0	8769490	0
443396	0	8793491	1
443396	0	953826	0
443396	0	953827	0
451602	0	103184	0
451602	0	1078132	0
451602	0	1078133	0
451602	0	1078134	0
451602	0	1078138	0
451602	0	1094138	1
451602	0	1094139	0
451602	0	127533	0
451602	0	1277286	0
451602	0	1277290	1
451602	0	1277294	0
451602	0	1302756	0
451602	0	1640289	1
451602	0	1897982	0
451602	0	2084909	1
451602	0	2176450	1
451602	0	2176453	1
451602	0	2176455	1
451602	0	2176459	1
451602	0	2244875	0
451602	0	2618829	0
451602	0	2756872	0
451602	0	2796552	1
451602	0	2922141	0
451602	0	2922145	0
451602	0	3052117	1
451602	0	3090664	0
451602	0	3090666	1
451602	0	3090667	0
451602	0	3090670	0
451602	0	3177691	1
451602	0	3177694	0
451602	0	3177699	1
451602	0	3177700	0
451602	0	3371383	0
451602	0	3493825	0
451602	0	370081	0
451602	0	3790251	1
451602	0	4345752	1
451602	0	4453605	0
451602	0	4453606	1
451602	0	4487185	1
451602	0	4495080	1
451602	0	4874640	1
451602	0	4874645	0
451602	0	5053852	0
451602	0	5179251	1
451602	0	5211036	1
451602	0	5475308	1
451602	0	5475312	0
451602	0	5538936	0
451602	0	5538937	1
451602	0	5538938	1
451602	0	5538942	1
451602	0	5655693	1
451602	0	6132119	0
451602	0	6286973	0
451602	0	6286974	0
451602	0	6286975	1
451602	0	6286976	1
451602	0	6286977	1
451602	0	6286978	1
451602	0	6286979	0
451602	0	6286980	0
451602	0	6286982	0
451602	0	6618756	0
451602	0	6697739	0
451602	0	7315074	1
451602	0	7792100	0
451602	0	7800959	0
451602	0	7800962	0
451602	0	7804169	1
451602	0	7859334	0
451602	0	8019873	0
451602	0	8033470	0
451602	0	8033471	0
451602	0	8033472	0
451602	0	8033474	0
451602	0	8214451	0
451602	0	8214452	0
451602	0	8383461	1
451602	0	8383462	0
451602	0	8383465	1
451602	0	8383466	1
451602	0	8390518	0
451602	0	8390523	0
451602	0	8390525	1
451602	0	8390526	1
451602	0	8408575	0
451602	0	8485130	0
451602	0	8485136	0
451602	0	8540470	1
451602	0	8540473	1
451602	0	8621776	0
451602	0	8742537	0
451602	0	8787234	0
451602	0	927578	0
451602	0	96222	1
451602	0	96229	1
451602	0	998695	0
47923	0	1488918	0
47923	0	1681331	1
47923	0	1681332	1
47923	0	1681334	1
47923	0	1681336	1
47923	0	1681337	1
47923	0	1681338	1
47923	0	1681339	1
47923	0	1681340	0
47923	0	1827449	1
47923	0	1827452	0
47923	0	1868437	1
47923	0	2284128	0
47923	0	2284134	0
47923	0	2408264	0
47923	0	2477210	0
47923	0	2508227	0
47923	0	2569321	0
47923	0	2670112	1
47923	0	2699736	0
47923	0	2831042	0
47923	0	3348834	1
47923	0	3348838	0
47923	0	3520777	0
47923	0	3630935	0
47923	0	3688361	0
47923	0	3883230	0
47923	0	3986046	0
47923	0	4064327	0
47923	0	4064328	0
47923	0	4119528	0
47923	0	4148055	1
47923	0	4148063	1
47923	0	4257345	0
47923	0	4297620	1
47923	0	4416477	1
47923	0	4525880	0
47923	0	4652795	0
47923	0	473807	1
47923	0	473809	1
47923	0	5032362	1
47923	0	5055000	0
47923	0	5147526	0
47923	0	5147527	1
47923	0	5147529	0
47923	0	525507	0
47923	0	525511	0
47923	0	525513	0
47923	0	5282403	0
47923	0	5310902	1
47923	0	5417578	0
47923	0	5417579	0
47923	0	5417580	1
47923	0	5417581	0
47923	0	5417582	1
47923	0	5595916	0
47923	0	5898846	0
47923	0	5966643	0
47923	0	5966644	0
47923	0	6067090	0
47923	0	6111296	0
47923	0	618556	1
47923	0	6191	0
47923	0	6210760	0
47923	0	6222131	0
47923	0	6241147	1
47923	0	6241148	1
47923	0	6241150	1
47923	0	6241151	1
47923	0	6241152	1
47923	0	6241153	1
47923	0	6241154	1
47923	0	6272906	0
47923	0	6626703	0
47923	0	6626705	0
47923	0	6643066	1
47923	0	6919836	0
47923	0	7038128	0
47923	0	7137895	0
47923	0	727614	0
47923	0	7417276	0
47923	0	766019	0
47923	0	7747055	0
47923	0	7936847	0
47923	0	8216702	0
47923	0	829484	0
47923	0	8327407	0
47923	0	8348762	1
47923	0	8418678	1
47923	0	8418679	0
47923	0	8418681	1
47923	0	8418683	1
47923	0	8418686	1
47923	0	8421421	0
47923	0	8619129	0
47923	0	8641104	1
47923	0	8641106	1
47923	0	8641107	1
47923	0	913042	1
47923	0	986177	1
489204	0	1051498	1
489204	0	113238	0
489204	0	114148	0
489204	0	1225589	0
489204	0	1225591	0
489204	0	1228655	0
489204	0	1231677	1
489204	0	1276947	0
489204	0	1310103	0
489204	0	1360627	0
489204	0	136257	1
489204	0	139999	0
489204	0	1418931	0
489204	0	1430550	1
489204	0	1479542	1
489204	0	152948	1
489204	0	152954	1
489204	0	1538587	1
489204	0	1759354	1
489204	0	1759358	0
489204	0	1778458	1
489204	0	185678	1
489204	0	1897210	0
489204	0	1950269	0
489204	0	1950273	0
489204	0	2163701	0
489204	0	216490	0
489204	0	216492	1
489204	0	2268651	1
489204	0	2268652	1
489204	0	2268656	0
489204	0	2959687	0
489204	0	3053140	1
489204	0	3438216	1
489204	0	35919	1
489204	0	3608625	1
489204	0	3608627	0
489204	0	3728445	1
489204	0	385083	0
489204	0	4029846	0
489204	0	4088951	1
489204	0	4142348	0
489204	0	416864	0
489204	0	4279451	0
489204	0	4279453	0
489204	0	430274	0
489204	0	4387756	0
489204	0	4586570	1
489204	0	4917996	1
489204	0	4917998	1
489204	0	4929960	0
489204	0	533017	0
489204	0	5629373	0
489204	0	5709655	0
489204	0	5815957	1
489204	0	5895917	1
489204	0	6084785	0
489204	0	6087663	0
489204	0	6087666	0
489204	0	6087671	0
489204	0	6327174	1
489204	0	6327175	1
489204	0	6327177	0
489204	0	6327181	0
489204	0	6362205	0
489204	0	6542578	1
489204	0	6652051	0
489204	0	6652052	1
489204	0	678245	1
489204	0	6976143	0
489204	0	7008875	0
489204	0	7108296	0
489204	0	7113153	1
489204	0	7116533	0
489204	0	750066	0
489204	0	753265	0
489204	0	7564977	1
489204	0	7564980	0
489204	0	7734612	0
489204	0	7923800	0
489204	0	8055356	0
489204	0	8376906	0
489204	0	8376910	1
489204	0	8463820	1
489204	0	8463823	1
489204	0	855963	1
489204	0	855967	0
489204	0	855968	0
489204	0	855969	0
489204	0	855972	1
489204	0	8594271	0
489204	0	8594272	1
489204	0	8594273	1
489204	0	8594277	0
489204	0	8594280	0
489204	0	872467	0
489204	0	8737051	1
489204	0	8737053	0
489204	0	8781574	0
489204	0	973923	1
490595	0	1044147	0
490595	0	1160847	0
490595	0	1194055	0
490595	0	1194060	0
490595	0	1288938	0
490595	0	1288939	1
490595	0	1288940	0
490595	0	1288942	0
490595	0	1288943	1
490595	0	1288946	0
490595	0	1473259	1
490595	0	1652460	1
490595	0	1707412	1
490595	0	1929910	1
490595	0	1929911	0
490595	0	1929913	0
490595	0	2433509	0
490595	0	2788470	0
490595	0	2850740	1
490595	0	3572695	0
490595	0	3572701	0
490595	0	3595607	0
490595	0	3833407	1
490595	0	3833409	0
490595	0	3833413	0
490595	0	3833414	0
490595	0	3937195	0
490595	0	3937196	0
490595	0	3937197	1
490595	0	3937200	0
490595	0	3937201	1
490595	0	3937202	0
490595	0	3937203	1
490595	0	3937204	0
490595	0	4082315	0
490595	0	4292443	0
490595	0	4604269	0
490595	0	4737059	1
490595	0	4737060	1
490595	0	4737061	1
490595	0	4737062	0
490595	0	4737063	1
490595	0	4737064	1
490595	0	4737065	0
490595	0	4737066	1
490595	0	4737067	0
490595	0	4737068	1
490595	0	4763065	0
490595	0	4763066	0
490595	0	4763068	0
490595	0	4763070	0
490595	0	4763071	0
490595	0	4771671	0
490595	0	4842889	1
490595	0	4842890	1
490595	0	4842891	1
490595	0	4842894	0
490595	0	4842895	0
490595	0	4842896	1
490595	0	4842897	1
490595	0	5112294	0
490595	0	5128293	0
490595	0	5247992	1
490595	0	5247994	1
490595	0	5247999	1
490595	0	5248000	1
490595	0	526093	0
490595	0	5359208	0
490595	0	5359212	0
490595	0	5359213	1
490595	0	549465	1
490595	0	549466	1
490595	0	5633627	0
490595	0	5633631	0
490595	0	6045591	0
490595	0	6412650	0
490595	0	6686784	0
490595	0	6742119	1
490595	0	6976956	0
490595	0	6976960	0
490595	0	7045861	0
490595	0	7174984	1
490595	0	7340532	1
490595	0	7422680	0
490595	0	7839904	0
490595	0	7839906	0
490595	0	7839908	1
490595	0	7839911	0
490595	0	7968900	0
490595	0	805046	1
490595	0	805047	1
490595	0	805048	1
490595	0	805050	1
490595	0	805051	1
490595	0	805052	0
490595	0	829387	0
490595	0	8485139	1
490595	0	8485140	0
490595	0	8485141	1
490595	0	903932	0
527433	0	1000485	1
527433	0	1164207	1
527433	0	1212783	0
527433	0	1212787	0
527433	0	1251480	0
527433	0	126710	0
527433	0	1379237	1
527433	0	1379238	1
527433	0	1379239	0
527433	0	1379240	1
527433	0	1379245	1
527433	0	1404580	0
527433	0	1511548	1
527433	0	1511549	0
527433	0	1511551	1
527433	0	1511553	0
527433	0	1511556	0
527433	0	1664518	1
527433	0	1664521	0
527433	0	1664523	1
527433	0	1664659	0
527433	0	1753604	0
527433	0	2045580	1
527433	0	2331989	0
527433	0	2496224	0
527433	0	2496227	0
527433	0	2565413	0
527433	0	2567334	0
527433	0	269422	1
527433	0	269423	1
527433	0	269425	0
527433	0	269426	1
527433	0	269428	0
527433	0	269429	0
527433	0	269430	0
527433	0	2722036	0
527433	0	2773789	0
527433	0	291606	1
527433	0	2931558	0
527433	0	2931562	1
527433	0	3224400	0
527433	0	3294599	1
527433	0	3774357	0
527433	0	3774358	0
527433	0	3774360	1
527433	0	3786813	0
527433	0	3835729	1
527433	0	3835730	0
527433	0	3973285	1
527433	0	4046875	0
527433	0	4064457	0
527433	0	4351170	0
527433	0	4351179	0
527433	0	4402991	0
527433	0	4402992	0
527433	0	4402995	1
527433	0	4958693	0
527433	0	5295980	0
527433	0	5466807	1
527433	0	5466809	0
527433	0	5466810	0
527433	0	547444	1
527433	0	5479502	0
527433	0	5603298	1
527433	0	5603305	0
527433	0	5672170	1
527433	0	5690943	0
527433	0	5839266	0
527433	0	6038397	0
527433	0	6038411	0
527433	0	6186391	1
527433	0	6186393	1
527433	0	6186394	0
527433	0	6186395	0
527433	0	6214994	0
527433	0	6214995	0
527433	0	6215001	1
527433	0	6398041	1
527433	0	6498113	1
527433	0	653101	0
527433	0	729489	1
527433	0	7336435	0
527433	0	7514088	1
527433	0	7514090	1
527433	0	7607669	1
527433	0	7799466	1
527433	0	7904112	0
527433	0	8306449	0
527433	0	8306450	1
527433	0	8306451	0
527433	0	8371764	0
527433	0	8617267	1
527433	0	8617269	1
527433	0	8617270	0
527433	0	8617271	1
527433	0	8617273	0
527433	0	8617274	0
527433	0	8617276	0
527433	0	8827925	1
527433	0	8827928	1
573724	0	1005335	0
573724	0	1005338	0
573724	0	1005341	0
573724	0	104856	0
573724	0	1165128	0
573724	0	1165129	1
573724	0	1293333	0
573724	0	1509940	1
573724	0	1509942	1
573724	0	1509944	0
573724	0	162151	1
573724	0	1648007	0
573724	0	1816038	1
573724	0	2002448	0
573724	0	2133806	1
573724	0	2186124	0
573724	0	2417985	0
573724	0	2635262	1
573724	0	305009	0
573724	0	3059590	0
573724	0	3059593	1
573724	0	3146236	0
573724	0	3146238	1
573724	0	3146240	0
573724	0	3365631	1
573724	0	3365632	1
573724	0	3365633	1
573724	0	3365634	0
573724	0	3365635	0
573724	0	3365636	1
573724	0	3365638	1
573724	0	3365640	0
573724	0	3492364	0
573724	0	3546092	0
573724	0	3617636	0
573724	0	394136	1
573724	0	394138	0
573724	0	394139	0
573724	0	394141	0
573724	0	394142	1
573724	0	4017883	0
573724	0	41433	0
573724	0	4360246	0
573724	0	4853172	1
573724	0	5047796	1
573724	0	5185664	0
573724	0	5185671	0
573724	0	5310530	1
573724	0	5339620	1
573724	0	5384308	0
573724	0	5721829	1
573724	0	5721831	1
573724	0	5962420	0
573724	0	5962423	1
573724	0	5962424	0
573724	0	5962425	0
573724	0	5962426	0
573724	0	5962427	0
573724	0	5962428	1
573724	0	6121093	0
573724	0	6496777	0
573724	0	6776717	0
573724	0	7104825	1
573724	0	7104826	0
573724	0	7104827	0
573724	0	7134411	0
573724	0	7199667	0
573724	0	7199669	1
573724	0	7199672	0
573724	0	7199673	1
573724	0	7199674	0
573724	0	7199675	1
573724	0	7275118	0
573724	0	7384327	0
573724	0	7384329	0
573724	0	7384331	1
573724	0	7384332	1
573724	0	7530702	0
573724	0	7609926	0
573724	0	7609927	1
573724	0	7609928	1
573724	0	7609929	0
573724	0	7609930	0
573724	0	7609932	0
573724	0	7674858	0
573724	0	7674859	1
573724	0	7964601	1
573724	0	8047166	0
573724	0	8441637	1
573724	0	8441642	1
573724	0	8444727	0
573724	0	8444728	1
573724	0	87400	1
573724	0	87402	0
573724	0	87404	0
573724	0	87405	1
573724	0	87409	0
573724	0	8833192	1
573724	0	8833194	1
573724	0	8833199	0
833860	0	1060356	0
833860	0	115142	0
833860	0	1187661	0
833860	0	1361867	1
833860	0	1501736	0
833860	0	1579406	0
833860	0	1889863	1
833860	0	2022688	1
833860	0	2192806	0
833860	0	2192812	0
833860	0	2206194	1
833860	0	2206195	1
833860	0	2206196	1
833860	0	2206197	1
833860	0	2206200	0
833860	0	2206201	0
833860	0	223308	0
833860	0	2626241	0
833860	0	2626244	0
833860	0	2626245	0
833860	0	2702357	1
833860	0	2792242	0
833860	0	3087477	0
833860	0	3087481	1
833860	0	3087483	0
833860	0	3394881	0
833860	0	3437281	1
833860	0	3437283	0
833860	0	3437284	1
833860	0	3437285	1
833860	0	3437286	1
833860	0	3437288	1
833860	0	3437289	1
833860	0	3437290	1
833860	0	3716920	1
833860	0	4287221	0
833860	0	4857585	0
833860	0	4881964	1
833860	0	4881965	1
833860	0	4897785	0
833860	0	4983652	1
833860	0	5012384	0
833860	0	5012386	0
833860	0	5167510	1
833860	0	5167512	0
833860	0	5167513	1
833860	0	5167518	1
833860	0	5268871	0
833860	0	5652528	0
833860	0	5832657	1
833860	0	5832662	0
833860	0	596153	0
833860	0	6083481	0
833860	0	6182015	0
833860	0	6182018	0
833860	0	6182019	0
833860	0	6182021	0
833860	0	6182023	0
833860	0	6218032	1
833860	0	6218040	0
833860	0	6230220	1
833860	0	6230221	1
833860	0	6230222	1
833860	0	6230223	1
833860	0	6230224	1
833860	0	6230225	1
833860	0	6230226	1
833860	0	6230227	1
833860	0	6230228	0
833860	0	6230229	1
833860	0	6292957	0
833860	0	6301693	0
833860	0	6621549	1
833860	0	6748422	0
833860	0	6812180	0
833860	0	6875877	0
833860	0	68820	0
833860	0	6943598	0
833860	0	6943600	0
833860	0	7038170	0
833860	0	7061642	0
833860	0	756914	0
833860	0	756916	0
833860	0	756921	1
833860	0	767542	1
833860	0	7706738	0
833860	0	7944293	0
833860	0	8025159	1
833860	0	8068230	0
833860	0	8068233	0
833860	0	8280714	0
833860	0	8280717	0
833860	0	8344031	1
833860	0	8494105	0
833860	0	8679932	0
833860	0	8697642	0
833860	0	8833502	0
833860	0	8833504	1
833860	0	8833506	1
833860	0	8833509	0
855410	0	107007	0
855410	0	1094085	0
855410	0	1094091	0
855410	0	1313943	0
855410	0	1375118	0
855410	0	1599285	0
855410	0	1775897	1
855410	0	1775900	1
855410	0	1775902	1
855410	0	1824271	0
855410	0	1824273	0
855410	0	1824274	0
855410	0	1824277	0
855410	0	1824278	0
855410	0	1824280	1
855410	0	1997187	1
855410	0	2117094	0
855410	0	2254122	0
855410	0	235313	0
855410	0	2450686	1
855410	0	2499351	1
855410	0	2499352	0
855410	0	2499353	1
855410	0	2499355	0
855410	0	2890365	1
855410	0	317307	0
855410	0	3201479	0
855410	0	3201482	0
855410	0	3269002	0
855410	0	3319653	0
855410	0	369512	0
855410	0	369516	1
855410	0	3723410	1
855410	0	3723411	0
855410	0	3723412	0
855410	0	3723413	0
855410	0	3723414	0
855410	0	3723415	1
855410	0	3823238	0
855410	0	3946561	1
855410	0	4084193	0
855410	0	4084196	1
855410	0	4103170	1
855410	0	4235939	1
855410	0	4235940	1
855410	0	4235942	1
855410	0	4554620	0
855410	0	4554623	0
855410	0	4624463	1
855410	0	4698704	0
855410	0	4788327	0
855410	0	4788330	0
855410	0	4980050	0
855410	0	5006079	1
855410	0	5053561	0
855410	0	5321528	0
855410	0	5321529	0
855410	0	5465915	0
855410	0	5723210	1
855410	0	5743663	0
855410	0	5757274	0
855410	0	5962462	0
855410	0	5979006	0
855410	0	5979009	0
855410	0	5988607	0
855410	0	5988611	0
855410	0	6167255	0
855410	0	6167256	0
855410	0	6385724	0
855410	0	6481239	1
855410	0	6593281	0
855410	0	6593283	0
855410	0	6658891	1
855410	0	6773738	0
855410	0	681984	0
855410	0	681985	0
855410	0	681993	0
855410	0	6942176	1
855410	0	7115215	0
855410	0	7710944	0
855410	0	8157624	0
855410	0	8157627	1
855410	0	8271172	1
855410	0	8543392	0
855410	0	862689	1
855410	0	862691	0
855410	0	862695	1
855410	0	8645167	1
855410	0	8651770	1
855410	0	8651771	1
855410	0	8651772	1
855410	0	8651773	1
855410	0	8651775	1
855410	0	8651776	1
855410	0	8671032	1
855410	0	8671033	1
855410	0	8776511	1
855410	0	8776516	1
855410	0	8776519	1
855410	0	902854	1
87181	0	1059517	1
87181	0	1179100	1
87181	0	123547	1
87181	0	1346115	0
87181	0	1700168	1
87181	0	1856235	0
87181	0	1856241	0
87181	0	1950525	0
87181	0	1950526	0
87181	0	1950532	1
87181	0	1961300	0
87181	0	1992881	0
87181	0	2024860	0
87181	0	2307974	1
87181	0	2307979	1
87181	0	2310764	0
87181	0	2530227	0
87181	0	2530252	0
87181	0	2530257	1
87181	0	2556149	0
87181	0	2556151	0
87181	0	2922857	0
87181	0	2986227	1
87181	0	2986231	1
87181	0	3198047	1
87181	0	3216315	1
87181	0	3914970	1
87181	0	4632251	0
87181	0	4639455	1
87181	0	4689523	1
87181	0	4689524	0
87181	0	4689525	1
87181	0	47203	0
87181	0	47206	0
87181	0	47207	0
87181	0	47210	0
87181	0	4786305	1
87181	0	5103077	1
87181	0	5103082	0
87181	0	5197130	0
87181	0	5197133	0
87181	0	5197135	0
87181	0	5469038	1
87181	0	5497677	1
87181	0	5531010	0
87181	0	5676026	0
87181	0	5753301	0
87181	0	5758954	0
87181	0	5899049	0
87181	0	6029788	0
87181	0	6055562	1
87181	0	6129695	0
87181	0	6222600	0
87181	0	6262331	0
87181	0	6484575	1
87181	0	6484576	1
87181	0	6484577	0
87181	0	6521360	0
87181	0	6521366	1
87181	0	6685092	1
87181	0	6774305	0
87181	0	6969187	1
87181	0	7057928	0
87181	0	7112964	0
87181	0	7112968	0
87181	0	742425	1
87181	0	7504775	0
87181	0	7586365	1
87181	0	7666828	0
87181	0	7666831	0
87181	0	8037179	0
87181	0	8037182	0
87181	0	8082516	0
87181	0	8151922	0
87181	0	8151926	1
87181	0	8165398	0
87181	0	8165401	1
87181	0	8165403	0
87181	0	8165404	0
87181	0	8332546	1
87181	0	8332547	1
87181	0	8332548	0
87181	0	8332550	1
87181	0	8332555	1
87181	0	8356380	0
87181	0	8476330	0
87181	0	8522403	0
87181	0	8534130	1
87181	0	8534134	1
87181	0	8534135	1
87181	0	8534136	0
87181	0	8565420	1
87181	0	8614359	0
87181	0	8614360	0
87181	0	8664069	0
87181	0	8683178	1
87181	0	8683181	0
87181	0	8683183	1
87181	0	8683185	1
87181	0	8738510	0
87452	0	1118401	0
87452	0	1395625	0
87452	0	1395631	1
87452	0	1528487	0
87452	0	164968	1
87452	0	1689964	0
87452	0	1733684	0
87452	0	1749882	0
87452	0	186931	1
87452	0	186939	1
87452	0	1890450	0
87452	0	1890452	0
87452	0	1895985	0
87452	0	1895989	0
87452	0	2026774	0
87452	0	2026777	0
87452	0	2205470	1
87452	0	2312984	0
87452	0	2624886	1
87452	0	2740337	0
87452	0	335702	0
87452	0	3613927	0
87452	0	3732121	0
87452	0	3732898	0
87452	0	3809015	0
87452	0	3841122	0
87452	0	4008486	1
87452	0	4008495	0
87452	0	4307932	1
87452	0	4307935	1
87452	0	4307936	1
87452	0	434339	0
87452	0	4496461	0
87452	0	4502595	0
87452	0	4634899	1
87452	0	4634900	0
87452	0	4634903	0
87452	0	4866237	1
87452	0	4866238	0
87452	0	4872055	1
87452	0	4993648	0
87452	0	5052039	0
87452	0	5219890	0
87452	0	5268236	0
87452	0	5286924	1
87452	0	5296736	1
87452	0	5299878	0
87452	0	5732048	0
87452	0	5746164	0
87452	0	5746165	1
87452	0	5746167	0
87452	0	5751686	1
87452	0	5851090	1
87452	0	5851095	0
87452	0	6018160	1
87452	0	6018161	1
87452	0	6018162	1
87452	0	6018163	1
87452	0	6018164	1
87452	0	6018166	0
87452	0	6018167	0
87452	0	6018168	1
87452	0	6018169	1
87452	0	7166749	0
87452	0	7208274	0
87452	0	7304545	1
87452	0	7641652	0
87452	0	764761	0
87452	0	7843982	0
87452	0	7843984	1
87452	0	7897960	0
87452	0	7965004	0
87452	0	7965005	1
87452	0	7965011	1
87452	0	8055174	0
87452	0	8126315	0
87452	0	8152222	1
87452	0	8152225	0
87452	0	8152226	0
87452	0	8213478	1
87452	0	8333912	1
87452	0	8333919	0
87452	0	8333920	0
87452	0	8333921	1
87452	0	8422895	0
87452	0	8436571	1
87452	0	8436572	0
87452	0	8436573	0
87452	0	8436574	1
87452	0	8436575	0
87452	0	8436576	1
87452	0	8436578	1
87452	0	8436579	0
87452	0	8436580	0
87452	0	8819111	0
87452	0	8819112	1
87452	0	8819113	1
87452	0	8819114	1
87452	0	8819116	1
87452	0	994547	0
915593	0	1033076	0
915593	0	1396701	0
915593	0	1396702	0
915593	0	1396705	0
915593	0	1396707	0
915593	0	1396708	0
915593	0	1772930	0
915593	0	1972028	1
915593	0	210379	1
915593	0	2210590	1
915593	0	2210592	0
915593	0	2210593	0
915593	0	2210594	0
915593	0	2210595	1
915593	0	2210597	1
915593	0	2744909	0
915593	0	2755128	0
915593	0	275726	1
915593	0	2915475	0
915593	0	2923501	0
915593	0	3037814	1
915593	0	3069419	0
915593	0	3069424	0
915593	0	3357360	0
915593	0	3375966	0
915593	0	3523599	0
915593	0	3523602	0
915593	0	3538159	0
915593	0	3538160	1
915593	0	3538161	1
915593	0	3538162	0
915593	0	3538163	1
915593	0	3538164	0
915593	0	3538165	0
915593	0	3538166	0
915593	0	3538168	1
915593	0	3573473	0
915593	0	3573477	1
915593	0	3573479	1
915593	0	3581431	0
915593	0	3930156	1
915593	0	3991910	0
915593	0	4566815	0
915593	0	4566816	0
915593	0	4566818	1
915593	0	4566819	0
915593	0	4566822	0
915593	0	4566823	0
915593	0	4691129	0
915593	0	4834226	1
915593	0	4998398	0
915593	0	5774009	1
915593	0	5931262	1
915593	0	5931553	1
915593	0	6761340	1
915593	0	6761341	0
915593	0	6761344	0
915593	0	6761346	0
915593	0	6761348	0
915593	0	6923051	0
915593	0	6923052	0
915593	0	6923054	0
915593	0	7709320	1
915593	0	7742098	0
915593	0	7837084	1
915593	0	7837086	0
915593	0	7861751	0
915593	0	7861755	1
915593	0	8002852	1
915593	0	8029524	1
915593	0	8029525	0
915593	0	8029527	1
915593	0	8029530	1
915593	0	8029531	1
915593	0	8029532	0
915593	0	8029533	1
915593	0	8103068	0
915593	0	8178996	1
915593	0	8178998	1
915593	0	8178999	0
915593	0	8179001	0
915593	0	82105	0
915593	0	82106	1
915593	0	82107	1
915593	0	82108	1
915593	0	82109	0
915593	0	82110	1
915593	0	82111	0
915593	0	82113	1
915593	0	82114	0
915593	0	8275207	1
915593	0	8402969	0
915593	0	8402970	1
915593	0	8402971	1
915593	0	8402972	1
915593	0	8420020	0
915593	0	8455302	0
915593	0	8455306	0
915593	0	8681775	1
915593	0	924855	0
962179	0	1645080	1
962179	0	1645087	0
962179	0	1882903	1
962179	0	2017001	0
962179	0	2017003	0
962179	0	2131895	0
962179	0	2186434	0
962179	0	2329692	0
962179	0	2329693	0
962179	0	2329694	0
962179	0	2329695	1
962179	0	2329696	0
962179	0	2329697	1
962179	0	2329699	1
962179	0	2329700	0
962179	0	2329701	1
962179	0	2589899	0
962179	0	2589902	0
962179	0	2589904	0
962179	0	2589905	0
962179	0	2632688	1
962179	0	2697161	1
962179	0	2697162	0
962179	0	2978863	0
962179	0	2978864	1
962179	0	2978865	1
962179	0	2978866	1
962179	0	2978867	0
962179	0	2978868	1
962179	0	2978869	1
962179	0	2978870	1
962179	0	2978871	1
962179	0	302861	1
962179	0	302867	0
962179	0	3173623	0
962179	0	3173625	0
962179	0	3422319	0
962179	0	3705165	1
962179	0	3896632	0
962179	0	4209394	0
962179	0	4209397	0
962179	0	4257871	1
962179	0	4257872	0
962179	0	4257873	1
962179	0	4511497	0
962179	0	4511499	1
962179	0	4511500	0
962179	0	4511503	1
962179	0	4606386	1
962179	0	4606387	1
962179	0	4606388	0
962179	0	5329867	0
962179	0	534563	1
962179	0	536176	1
962179	0	536177	0
962179	0	536178	0
962179	0	5642478	0
962179	0	5653655	0
962179	0	5653656	0
962179	0	5653657	0
962179	0	5653659	1
962179	0	579975	0
962179	0	5919340	1
962179	0	5919342	1
962179	0	6186348	0
962179	0	6575558	0
962179	0	6675259	1
962179	0	6675260	1
962179	0	6675262	0
962179	0	6675264	1
962179	0	6898289	1
962179	0	6898293	1
962179	0	6904859	0
962179	0	6904860	0
962179	0	6904863	0
962179	0	6980697	1
962179	0	7428149	0
962179	0	7733807	0
962179	0	7733810	1
962179	0	8114936	0
962179	0	8114938	0
962179	0	8361087	0
962179	0	8768354	0
962179	0	8768355	1
962179	0	8768360	0
962179	0	8768974	0
962179	0	8768976	1
962179	0	8785367	0
962179	0	8785368	1
962179	0	8785369	1
962179	0	8785371	1
962179	0	8785372	0
962179	0	8785373	0
962179	0	8785374	1
962179	0	8785375	0
962179	0	8811420	0
962179	0	8811422	0
962179	0	931123	0
962179	0	931124	0
962179	0	963708	0
