1030303	0	1161432	4
1030303	0	1161439	5
1030303	0	1305520	1
1030303	0	1305521	0
1030303	0	1305528	1
1030303	0	1451848	3
1030303	0	1615360	3
1030303	0	176183	3
1030303	0	1905988	2
1030303	0	2047616	5
1030303	0	3062381	4
1030303	0	3083670	2
1030303	0	3302249	4
1030303	0	3302251	3
1030303	0	3302252	5
1030303	0	3302255	4
1030303	0	3318757	0
1030303	0	3327029	5
1030303	0	3601008	0
1030303	0	3738183	4
1030303	0	3880502	3
1030303	0	4236749	2
1030303	0	4245507	1
1030303	0	4358004	2
1030303	0	4542060	1
1030303	0	5130399	2
1030303	0	5533597	0
1030303	0	5681381	2
1030303	0	5681385	2
1030303	0	6054030	4
1030303	0	6222298	1
1030303	0	6271629	1
1030303	0	6895305	1
1030303	0	6939422	2
1030303	0	6939426	2
1030303	0	6939428	2
1030303	0	6939430	2
1030303	0	6939431	2
1030303	0	700079	0
1030303	0	7156982	5
1030303	0	7168323	4
1030303	0	7168324	4
1030303	0	7259969	3
1030303	0	7284047	2
1030303	0	7284052	5
1030303	0	7508058	1
1030303	0	7661516	0
1030303	0	8726429	5
1030303	0	8726430	5
1030303	0	8726432	5
1030303	0	8726433	5
1030303	0	8726434	5
1030303	0	8726435	5
1030303	0	8726436	5
1030303	0	8726437	5
1030303	0	979606	2
1037496	0	2556452	4
1037496	0	2725825	5
1037496	0	2725834	2
1037496	0	2902707	4
1037496	0	3725934	5
1037496	0	3725936	0
1037496	0	3725937	2
1037496	0	3852733	2
1037496	0	4174376	0
1037496	0	4174377	1
1037496	0	4187303	2
1037496	0	4187305	5
1037496	0	4187307	5
1037496	0	4187309	1
1037496	0	4760907	4
1037496	0	4760908	0
1037496	0	4760912	5
1037496	0	4760914	3
1037496	0	4760915	3
1037496	0	4905511	1
1037496	0	4912160	3
1037496	0	4912162	5
1037496	0	4912163	2
1037496	0	4912167	4
1037496	0	4993566	4
1037496	0	57410	3
1037496	0	5927420	2
1037496	0	6866284	1
1037496	0	7287404	5
1037496	0	7766583	5
1037496	0	7766584	2
1037496	0	7766585	1
1037496	0	7766587	2
1037496	0	8805888	0
1043135	0	1637694	1
1043135	0	1637695	4
1043135	0	1637701	2
1043135	0	1845636	3
1043135	0	1845639	0
1043135	0	2443319	3
1043135	0	2443321	4
1043135	0	2664986	3
1043135	0	2664989	2
1043135	0	2664992	2
1043135	0	2664993	3
1043135	0	2664994	0
1043135	0	2664995	5
1043135	0	3378240	2
1043135	0	3878603	4
1043135	0	3878608	4
1043135	0	4355523	5
1043135	0	4541688	4
1043135	0	4994428	3
1043135	0	4994429	0
1043135	0	5262285	1
1043135	0	5262288	2
1043135	0	5262289	2
1043135	0	650641	5
1043135	0	650642	5
1043135	0	7022077	0
1043135	0	7137848	5
1043135	0	7137849	2
1043135	0	7137851	5
1043135	0	8224806	2
1043135	0	8224813	1
1043135	0	8694697	1
1043135	0	8694701	1
1043135	0	8694703	1
1043135	0	8696952	5
1043135	0	8696953	4
1043135	0	8696954	5
1043135	0	8696956	5
1043135	0	8696957	2
1043135	0	8696958	0
1043135	0	8696960	5
1043135	0	8696961	2
1051399	0	1678171	1
1051399	0	1678175	5
1051399	0	2180779	5
1051399	0	2250216	4
1051399	0	2427011	3
1051399	0	2768271	5
1051399	0	2845499	1
1051399	0	2866972	0
1051399	0	2866975	3
1051399	0	2866978	2
1051399	0	2894408	2
1051399	0	2978630	3
1051399	0	2978635	3
1051399	0	3174240	1
1051399	0	3446937	0
1051399	0	3681695	2
1051399	0	3694758	2
1051399	0	3773237	0
1051399	0	3854986	2
1051399	0	3854988	2
1051399	0	3854989	2
1051399	0	3943224	4
1051399	0	3943227	5
1051399	0	3943228	5
1051399	0	3943229	5
1051399	0	3969385	1
1051399	0	3969388	5
1051399	0	4084314	0
1051399	0	4171289	2
1051399	0	4251971	5
1051399	0	4352399	5
1051399	0	4368654	5
1051399	0	4368659	4
1051399	0	4380507	2
1051399	0	4380510	4
1051399	0	4418228	4
1051399	0	4426182	5
1051399	0	4426187	5
1051399	0	4426188	5
1051399	0	4486012	4
1051399	0	4513307	3
1051399	0	4552288	5
1051399	0	4681235	3
1051399	0	4729565	3
1051399	0	4736961	1
1051399	0	4815630	4
1051399	0	4878563	2
1051399	0	5041683	0
1051399	0	5186393	2
1051399	0	5348043	4
1051399	0	570299	2
1051399	0	69812	2
1051399	0	69813	5
1051399	0	69818	5
1051399	0	69819	4
1051399	0	745839	2
1051399	0	7744096	2
1051399	0	7760091	1
1051399	0	7815275	2
1051399	0	7848669	1
1051399	0	7848670	1
1051399	0	7848674	0
1051399	0	8712317	0
1051399	0	8818330	1
1064670	0	1237071	1
1064670	0	129459	2
1064670	0	129461	4
1064670	0	129462	2
1064670	0	129463	2
1064670	0	129467	3
1064670	0	129468	4
1064670	0	1567821	5
1064670	0	1567824	5
1064670	0	1760662	0
1064670	0	2839843	4
1064670	0	2977156	3
1064670	0	2977159	2
1064670	0	2977160	2
1064670	0	2998832	1
1064670	0	3079526	2
1064670	0	3333956	1
1064670	0	3644829	4
1064670	0	3741166	1
1064670	0	3807086	1
1064670	0	3826026	1
1064670	0	402493	4
1064670	0	4114926	5
1064670	0	4845639	0
1064670	0	5888407	0
1064670	0	6062648	2
1064670	0	6824284	4
1064670	0	6824285	5
1064670	0	6824287	4
1064670	0	6824288	3
1064670	0	6824289	5
1064670	0	6991411	0
1064670	0	736681	2
1064670	0	7556560	1
1064670	0	7734392	0
1064670	0	8100015	2
1064670	0	8100018	5
1064670	0	8100020	2
1064670	0	816339	1
1064670	0	816340	3
1064670	0	8337453	1
1064670	0	8337455	2
1064670	0	8680897	5
1064670	0	8680901	5
1064670	0	8680902	5
1064670	0	8680903	5
1064670	0	8680904	5
1064670	0	8680905	5
1064670	0	8680906	3
1064670	0	8734273	4
1071750	0	3016474	5
1071750	0	3016481	0
1071750	0	3575934	5
1071750	0	3850956	1
1071750	0	3928913	5
1071750	0	3928914	4
1071750	0	3928915	4
1071750	0	3928916	5
1071750	0	3928917	1
1071750	0	3928918	5
1071750	0	3928919	4
1071750	0	4133644	2
1071750	0	4717401	5
1071750	0	4794978	2
1071750	0	6508491	3
1071750	0	6508493	2
1071750	0	6508494	2
1071750	0	6508498	3
1071750	0	7778577	1
1071750	0	8378383	5
1071750	0	8378385	0
1071750	0	8378386	0
1071750	0	8378389	0
1071750	0	8378390	4
1071750	0	8378391	5
1071750	0	8698268	2
1071750	0	8698269	3
1071750	0	8698270	2
1071750	0	8698271	1
1071750	0	8698272	1
1071750	0	8698273	2
1071750	0	8698274	2
1071750	0	8698275	4
1071750	0	8698276	3
1105792	0	1088729	0
1105792	0	1620080	0
1105792	0	2668971	0
1105792	0	342876	2
1105792	0	3813126	2
1105792	0	4193893	1
1105792	0	4545233	2
1105792	0	5063488	1
1105792	0	5665835	3
1105792	0	6412594	1
1105792	0	6977017	3
1105792	0	7102720	4
1105792	0	7480463	0
1105792	0	8201610	2
1105792	0	8201611	5
1105792	0	8201612	5
1105792	0	8201613	4
1105792	0	8201614	5
1105792	0	8201615	4
1105792	0	8201616	5
1105792	0	8201617	2
1105792	0	8201618	4
1105792	0	8201619	4
1106979	0	2306620	5
1106979	0	2884219	1
1106979	0	3290646	0
1106979	0	3290649	4
1106979	0	3290651	5
1106979	0	348054	3
1106979	0	348055	4
1106979	0	348057	2
1106979	0	4219185	1
1106979	0	430215	0
1106979	0	7557632	1
1106979	0	7674419	2
1106979	0	799359	5
1106979	0	8190133	5
1106979	0	8190134	4
1106979	0	8190137	2
1106979	0	8190139	3
1106979	0	8190140	2
1108651	0	1325612	1
1108651	0	1421349	2
1108651	0	1421350	5
1108651	0	1421351	5
1108651	0	1421352	5
1108651	0	1421353	4
1108651	0	1421354	5
1108651	0	1421355	4
1108651	0	1457501	2
1108651	0	1482137	0
1108651	0	1643324	3
1108651	0	1646383	0
1108651	0	1649639	2
1108651	0	1738015	1
1108651	0	2024963	1
1108651	0	2065792	0
1108651	0	2141336	2
1108651	0	2475817	1
1108651	0	2564930	4
1108651	0	2682940	1
1108651	0	2745683	5
1108651	0	3102788	2
1108651	0	3102791	1
1108651	0	3102792	2
1108651	0	4304301	2
1108651	0	488271	0
1108651	0	4911228	2
1108651	0	5330509	2
1108651	0	5330510	3
1108651	0	5830553	3
1108651	0	6058576	4
1108651	0	6348741	1
1108651	0	6517914	1
1108651	0	6522183	5
1108651	0	6620938	0
1108651	0	6623205	2
1108651	0	6635998	5
1108651	0	6636001	5
1108651	0	6663873	0
1108651	0	6731792	4
1108651	0	6756165	2
1108651	0	6916357	5
1108651	0	7904315	1
1108651	0	815597	2
1108651	0	8175407	5
1108651	0	8175408	4
1108651	0	8175409	3
1108651	0	8175410	4
1108651	0	8175411	5
1108651	0	8175412	2
1108651	0	8175414	5
1108651	0	8175415	2
1108651	0	8258085	3
1108651	0	8289552	4
1108651	0	8289554	5
1108651	0	8289556	2
1108651	0	8289557	4
1108651	0	8289561	5
1108651	0	8591633	2
1109707	0	1011113	3
1109707	0	1143386	2
1109707	0	1143389	0
1109707	0	1190624	5
1109707	0	1230608	4
1109707	0	1255271	5
1109707	0	1608567	4
1109707	0	1719371	3
1109707	0	1719372	4
1109707	0	1719374	2
1109707	0	1823563	1
1109707	0	1911564	2
1109707	0	2245437	2
1109707	0	2510185	1
1109707	0	2646535	0
1109707	0	3039465	5
1109707	0	3039466	5
1109707	0	3982977	2
1109707	0	4099609	2
1109707	0	4122615	1
1109707	0	4122618	2
1109707	0	4236627	4
1109707	0	4237062	5
1109707	0	4294915	3
1109707	0	4332695	5
1109707	0	4370752	5
1109707	0	4370753	2
1109707	0	458599	2
1109707	0	458603	5
1109707	0	4788762	1
1109707	0	5121347	2
1109707	0	5145050	4
1109707	0	517840	0
1109707	0	517849	5
1109707	0	5415865	1
1109707	0	5740304	2
1109707	0	5813142	0
1109707	0	5826551	1
1109707	0	5942603	3
1109707	0	5947139	2
1109707	0	5947140	4
1109707	0	603152	0
1109707	0	6238285	0
1109707	0	6752975	5
1109707	0	679386	4
1109707	0	6872195	2
1109707	0	7030351	5
1109707	0	7241557	3
1109707	0	7566099	0
1109707	0	7566102	1
1109707	0	7671117	5
1109707	0	7671118	5
1109707	0	7671120	5
1109707	0	771002	2
1109707	0	771745	2
1109707	0	7979663	2
1109707	0	8008033	4
1109707	0	8165491	1
1109707	0	8165497	4
1109707	0	8363279	5
1109707	0	8363280	1
1110678	0	1174910	0
1110678	0	1191773	5
1110678	0	1263295	0
1110678	0	1273671	3
1110678	0	1273674	2
1110678	0	1273677	3
1110678	0	1327784	2
1110678	0	1368315	1
1110678	0	1555304	2
1110678	0	1710934	2
1110678	0	2126363	2
1110678	0	2310814	0
1110678	0	2713703	4
1110678	0	2713704	2
1110678	0	2713705	1
1110678	0	2713707	2
1110678	0	2713708	1
1110678	0	2713709	5
1110678	0	2713710	4
1110678	0	2713711	2
1110678	0	2748417	2
1110678	0	3116196	5
1110678	0	3195542	5
1110678	0	3559144	0
1110678	0	358450	5
1110678	0	3719134	4
1110678	0	3898227	2
1110678	0	4105531	5
1110678	0	4517440	5
1110678	0	4562240	5
1110678	0	4671167	2
1110678	0	4671169	3
1110678	0	4938479	0
1110678	0	5260903	3
1110678	0	5272210	2
1110678	0	5510586	3
1110678	0	5719597	4
1110678	0	5719602	4
1110678	0	6028890	5
1110678	0	6132506	0
1110678	0	6132507	0
1110678	0	6512111	1
1110678	0	6512116	1
1110678	0	6512117	1
1110678	0	6632692	5
1110678	0	6704694	2
1110678	0	7139329	1
1110678	0	7142094	4
1110678	0	7238156	4
1110678	0	741943	5
1110678	0	7487380	2
1110678	0	7671274	2
1110678	0	7681504	5
1110678	0	7822741	1
1110678	0	7822742	5
1110678	0	7822744	4
1110678	0	7833464	3
1110678	0	8092357	1
1110678	0	8155909	4
1110678	0	8155910	4
1110678	0	8155912	5
1110678	0	8155913	5
1110678	0	8155914	5
1110678	0	8159105	1
1110678	0	8319126	2
1110678	0	8378139	2
1110678	0	8541271	2
1113256	0	2168017	2
1113256	0	2285445	0
1113256	0	2808248	2
1113256	0	3129397	2
1113256	0	4655257	2
1113256	0	5236650	1
1113256	0	5365819	0
1113256	0	5542279	1
1113256	0	6718038	1
1113256	0	6915168	1
1113256	0	7494942	2
1113256	0	7557212	2
1113256	0	7561111	5
1113256	0	7561113	5
1113256	0	7561114	5
1113256	0	7561115	4
1113256	0	7561116	4
1113256	0	7561117	4
1113256	0	7561118	3
1113256	0	7561120	5
1113256	0	8040362	3
1113256	0	8130528	4
1113256	0	8130529	3
1113256	0	8130530	5
1113256	0	8130535	5
1113256	0	8447987	0
1115210	0	1139086	2
1115210	0	1139088	5
1115210	0	1139091	2
1115210	0	1537119	2
1115210	0	1592599	5
1115210	0	2168219	2
1115210	0	2168224	0
1115210	0	2237161	3
1115210	0	2690664	2
1115210	0	3031188	2
1115210	0	3031191	0
1115210	0	3525807	4
1115210	0	3676753	5
1115210	0	3793694	5
1115210	0	3793701	4
1115210	0	382378	5
1115210	0	3901001	5
1115210	0	409739	4
1115210	0	4189777	1
1115210	0	4450403	0
1115210	0	4450404	1
1115210	0	4722362	0
1115210	0	4781712	4
1115210	0	4791665	1
1115210	0	4902828	4
1115210	0	4981876	5
1115210	0	5547291	1
1115210	0	5547292	5
1115210	0	5547293	0
1115210	0	5547294	2
1115210	0	5547295	3
1115210	0	5547298	0
1115210	0	5547299	1
1115210	0	5769768	5
1115210	0	585138	5
1115210	0	5874877	3
1115210	0	71287	4
1115210	0	7440361	2
1115210	0	7440363	1
1115210	0	7440364	2
1115210	0	7487597	5
1115210	0	7487600	2
1115210	0	7487601	2
1115210	0	7628774	2
1115210	0	7666784	0
1115210	0	778989	3
1115210	0	8111878	4
1115210	0	8111879	2
1115210	0	8111881	2
1115210	0	8111882	3
1115210	0	8111883	4
1115210	0	8111884	5
1115210	0	8111885	5
1115210	0	8111886	5
1115210	0	8111887	3
1115210	0	8237862	5
1115210	0	8237865	5
1115210	0	8390252	4
1115210	0	8390254	1
1115210	0	840010	2
1115210	0	840012	2
1115210	0	845823	0
1115210	0	845828	1
1115210	0	8561242	1
1116380	0	1242073	0
1116380	0	1422757	2
1116380	0	1422760	4
1116380	0	1422761	3
1116380	0	1537443	4
1116380	0	1537447	5
1116380	0	1635678	2
1116380	0	1645711	1
1116380	0	1883474	2
1116380	0	189097	2
1116380	0	2302568	4
1116380	0	2302571	4
1116380	0	2557536	1
1116380	0	2626979	1
1116380	0	2626982	1
1116380	0	283258	3
1116380	0	283261	5
1116380	0	283262	4
1116380	0	283264	3
1116380	0	283266	4
1116380	0	283267	5
1116380	0	2960678	5
1116380	0	3588232	5
1116380	0	3588234	5
1116380	0	3680690	1
1116380	0	4118339	3
1116380	0	444969	0
1116380	0	5073073	2
1116380	0	5104772	2
1116380	0	5104773	2
1116380	0	5104774	2
1116380	0	5104775	2
1116380	0	5104779	2
1116380	0	521341	4
1116380	0	521345	4
1116380	0	5395322	2
1116380	0	5654382	0
1116380	0	5752652	5
1116380	0	5752653	5
1116380	0	5752657	3
1116380	0	6385486	2
1116380	0	6431022	0
1116380	0	684555	2
1116380	0	684558	5
1116380	0	684559	3
1116380	0	7215246	1
1116380	0	765646	4
1116380	0	7659172	1
1116380	0	7879731	2
1116380	0	8100541	5
1116380	0	8100542	5
1116380	0	8100543	5
1116380	0	8100545	5
1116380	0	8100546	5
1116380	0	8100548	5
1116380	0	8113949	2
1116380	0	8371014	1
1116380	0	8612548	0
1116380	0	8784326	1
1116380	0	8784331	0
1121353	0	1122644	5
1121353	0	1259245	2
1121353	0	1470180	4
1121353	0	1643468	1
1121353	0	1713980	3
1121353	0	1718235	0
1121353	0	1727596	5
1121353	0	1854970	3
1121353	0	1886363	1
1121353	0	1891190	4
1121353	0	1949495	5
1121353	0	195110	2
1121353	0	2043904	2
1121353	0	2213823	2
1121353	0	2213824	1
1121353	0	2260259	4
1121353	0	2474382	2
1121353	0	2477448	3
1121353	0	3405327	1
1121353	0	3405776	2
1121353	0	3527298	3
1121353	0	3541849	2
1121353	0	3541854	1
1121353	0	3641804	5
1121353	0	3658919	3
1121353	0	3658920	4
1121353	0	3658922	4
1121353	0	3658923	5
1121353	0	3683368	3
1121353	0	3763468	5
1121353	0	3856519	2
1121353	0	4249422	5
1121353	0	4255177	4
1121353	0	4259960	4
1121353	0	4405874	5
1121353	0	4440318	2
1121353	0	4440326	5
1121353	0	4595103	4
1121353	0	4828747	4
1121353	0	4872676	4
1121353	0	4881885	2
1121353	0	4969906	1
1121353	0	5065103	0
1121353	0	5300162	0
1121353	0	5357560	2
1121353	0	5407059	2
1121353	0	5540041	2
1121353	0	5540043	4
1121353	0	5572759	2
1121353	0	5584830	0
1121353	0	5606060	0
1121353	0	5642762	0
1121353	0	5754666	3
1121353	0	5884499	4
1121353	0	623603	0
1121353	0	623604	0
1121353	0	6352616	5
1121353	0	6352617	5
1121353	0	6352622	2
1121353	0	6379159	1
1121353	0	6381283	1
1121353	0	6599525	2
1121353	0	6606564	3
1121353	0	7070396	5
1121353	0	7191734	2
1121353	0	7344839	2
1121353	0	7363356	1
1121353	0	8041299	5
1121353	0	8053108	5
1121353	0	8053109	5
1121353	0	8053110	1
1121353	0	8053112	5
1121353	0	8053113	5
1121353	0	8053117	5
1121353	0	8081420	5
1121353	0	8083913	0
1121353	0	8261242	1
1121353	0	8436349	1
1121353	0	858644	4
1121353	0	8671649	2
1121353	0	8684415	2
1121353	0	8728942	3
1121353	0	8728948	5
1121353	0	935133	2
1121353	0	937044	1
1121353	0	946643	2
1121353	0	946647	4
1122767	0	1176273	3
1122767	0	1253475	4
1122767	0	1575377	0
1122767	0	1901639	2
1122767	0	2019367	3
1122767	0	2019371	2
1122767	0	2358778	4
1122767	0	2859904	1
1122767	0	2859907	5
1122767	0	3407781	1
1122767	0	3559293	4
1122767	0	4102083	2
1122767	0	4161416	4
1122767	0	4161419	5
1122767	0	4461311	5
1122767	0	4461313	4
1122767	0	4550504	2
1122767	0	458261	4
1122767	0	468959	5
1122767	0	4784605	2
1122767	0	4824677	3
1122767	0	4824679	2
1122767	0	5285491	5
1122767	0	5796709	2
1122767	0	5877496	0
1122767	0	5877500	2
1122767	0	6179207	1
1122767	0	6179209	1
1122767	0	6179210	3
1122767	0	6179213	5
1122767	0	668427	4
1122767	0	6727509	2
1122767	0	6851717	5
1122767	0	6851720	1
1122767	0	7544609	0
1122767	0	7863109	4
1122767	0	8039583	1
1122767	0	8039590	0
1122767	0	884946	5
1122767	0	884952	2
1127540	0	1145263	0
1127540	0	1145264	0
1127540	0	1683442	1
1127540	0	2044364	4
1127540	0	2044366	2
1127540	0	2044368	5
1127540	0	2044369	3
1127540	0	2044370	2
1127540	0	2044371	2
1127540	0	2044372	5
1127540	0	2574460	3
1127540	0	4368062	1
1127540	0	5728324	2
1127540	0	5728333	2
1127540	0	5753339	1
1127540	0	8077956	0
1127540	0	8726954	5
1127540	0	8726955	2
1127540	0	8726956	5
1127540	0	8726957	3
1127540	0	8726958	5
1127540	0	8726959	2
1127540	0	8726960	1
1127540	0	8726961	5
1127540	0	8726962	4
1127540	0	8726963	4
1131069	0	1627668	4
1131069	0	1780963	5
1131069	0	1780965	0
1131069	0	1780966	0
1131069	0	1780968	4
1131069	0	1780969	1
1131069	0	1780970	2
1131069	0	1780971	5
1131069	0	2760729	2
1131069	0	2805723	5
1131069	0	2805726	5
1131069	0	3140073	2
1131069	0	3298559	5
1131069	0	4120158	3
1131069	0	429333	4
1131069	0	4311900	3
1131069	0	4318857	3
1131069	0	5211648	4
1131069	0	5455642	3
1131069	0	5871207	2
1131069	0	6661248	2
1131069	0	6809697	0
1131069	0	6809698	0
1131069	0	6809699	0
1131069	0	6809701	1
1131069	0	6809702	2
1131069	0	6809703	1
1131069	0	6907802	1
1131069	0	6907805	2
1131069	0	6907806	2
1131069	0	6907807	5
1131069	0	6907808	5
1131069	0	6907809	5
1131069	0	7275756	2
1131069	0	7275757	2
1131069	0	7315060	5
1131069	0	7419370	3
1131069	0	7610004	1
1131069	0	7610010	0
1131069	0	7962538	3
1131069	0	8191742	1
1131069	0	8191743	4
1131069	0	8432048	2
1131069	0	8432049	5
1131069	0	8432050	5
1131069	0	8432053	2
1131069	0	8669561	3
1132532	0	1012083	0
1132532	0	1229278	0
1132532	0	1245510	5
1132532	0	1245511	2
1132532	0	23962	1
1132532	0	23966	1
1132532	0	2536147	1
1132532	0	2762578	0
1132532	0	3299150	1
1132532	0	3406612	2
1132532	0	3643206	1
1132532	0	3797904	2
1132532	0	4110870	4
1132532	0	4591601	2
1132532	0	4851673	3
1132532	0	4851677	2
1132532	0	4893092	2
1132532	0	5041349	2
1132532	0	5053525	2
1132532	0	5510988	0
1132532	0	5910809	3
1132532	0	5989422	1
1132532	0	6117740	4
1132532	0	6117745	4
1132532	0	6142066	0
1132532	0	6150717	1
1132532	0	6176605	3
1132532	0	6189364	4
1132532	0	6189365	5
1132532	0	6189366	5
1132532	0	6189367	3
1132532	0	6189369	3
1132532	0	6191514	1
1132532	0	6832788	2
1132532	0	6832789	5
1132532	0	6832790	5
1132532	0	6832791	2
1132532	0	6832793	2
1132532	0	6832794	4
1132532	0	6832795	2
1132532	0	718132	5
1132532	0	7508490	5
1132532	0	7508491	5
1132532	0	7508493	5
1132532	0	7543160	3
1132532	0	7543163	3
1132532	0	7543164	5
1132532	0	7941105	4
1132532	0	8307656	5
1132532	0	8307661	5
1132532	0	8318621	5
1132532	0	8318622	2
1132532	0	94140	0
1132532	0	986668	4
1133579	0	1200778	2
1133579	0	1200780	4
1133579	0	1318194	2
1133579	0	1659305	3
1133579	0	1659306	2
1133579	0	1659308	5
1133579	0	1694484	0
1133579	0	1694485	2
1133579	0	1817052	1
1133579	0	1817055	5
1133579	0	1817057	5
1133579	0	2067537	5
1133579	0	2067540	5
1133579	0	2067544	5
1133579	0	2067545	5
1133579	0	2448462	2
1133579	0	2727068	1
1133579	0	2829602	1
1133579	0	3321778	4
1133579	0	3691482	2
1133579	0	3691484	1
1133579	0	3691486	5
1133579	0	3841449	5
1133579	0	4057637	2
1133579	0	4057642	5
1133579	0	4274862	2
1133579	0	4274863	1
1133579	0	4274864	1
1133579	0	4274865	0
1133579	0	4506270	5
1133579	0	4668677	4
1133579	0	4868943	0
1133579	0	4931641	2
1133579	0	4931642	3
1133579	0	4931644	3
1133579	0	4931645	2
1133579	0	5277542	1
1133579	0	5277543	5
1133579	0	6252755	4
1133579	0	6252757	4
1133579	0	6600375	5
1133579	0	670206	3
1133579	0	7011715	2
1133579	0	7011718	4
1133579	0	733202	4
1133579	0	733203	2
1133579	0	733207	0
1133579	0	733208	3
1133579	0	733210	0
1133579	0	8220878	2
1133579	0	8379135	3
1133579	0	852137	0
1136043	0	1056534	5
1136043	0	1056535	1
1136043	0	1056537	2
1136043	0	1056540	4
1136043	0	1634131	4
1136043	0	1634132	1
1136043	0	1634134	4
1136043	0	2428271	1
1136043	0	2701068	3
1136043	0	3028339	2
1136043	0	4882508	3
1136043	0	4970862	2
1136043	0	5000763	2
1136043	0	5477706	0
1136043	0	5575991	0
1136043	0	6420308	2
1136043	0	6883734	3
1136043	0	7880131	1
1136043	0	852195	1
1136043	0	852196	0
1136043	0	852197	2
1136043	0	8728069	5
1136043	0	8728070	4
1136043	0	8728071	5
1136043	0	8728072	5
1136043	0	8728074	5
1136043	0	8728076	5
1136043	0	8728077	5
1136043	0	8728078	2
1136047	0	1716878	3
1136047	0	1716882	4
1136047	0	2186578	5
1136047	0	2330118	0
1136047	0	2815435	1
1136047	0	2815436	2
1136047	0	3006066	2
1136047	0	3447385	0
1136047	0	3775376	2
1136047	0	3960078	1
1136047	0	3988779	1
1136047	0	512481	5
1136047	0	512482	5
1136047	0	512483	2
1136047	0	512487	4
1136047	0	512489	2
1136047	0	6093345	0
1136047	0	6499345	1
1136047	0	7009393	3
1136047	0	7540967	2
1136047	0	7540969	2
1136047	0	7571090	1
1136047	0	8328670	3
1136047	0	8724031	4
1136047	0	8724032	4
1136047	0	8724033	4
1136047	0	8724034	5
1136047	0	8724035	5
1136047	0	8724036	5
1136047	0	8724038	5
1136962	0	2293833	0
1136962	0	2668190	2
1136962	0	275377	0
1136962	0	277849	4
1136962	0	3293337	5
1136962	0	3348372	2
1136962	0	3646987	0
1136962	0	3863653	2
1136962	0	4088981	3
1136962	0	4170447	2
1136962	0	4548553	1
1136962	0	4589723	5
1136962	0	4589724	4
1136962	0	4589728	4
1136962	0	4589730	5
1136962	0	4601613	1
1136962	0	5414508	1
1136962	0	5471438	5
1136962	0	596001	4
1136962	0	6185710	3
1136962	0	6185711	5
1136962	0	6185712	5
1136962	0	6185714	4
1136962	0	6185715	2
1136962	0	6185716	0
1136962	0	6185717	2
1136962	0	6211004	5
1136962	0	6684779	2
1136962	0	7631079	3
1136962	0	7631083	2
1136962	0	7631084	1
1136962	0	8336574	5
1136962	0	8336578	1
118440	0	1072191	1
118440	0	1305126	3
118440	0	1323064	5
118440	0	1445681	4
118440	0	1445685	2
118440	0	1569786	5
118440	0	1569787	5
118440	0	158199	1
118440	0	158205	0
118440	0	1827531	2
118440	0	230122	2
118440	0	232473	4
118440	0	2504007	5
118440	0	2674158	1
118440	0	2699180	5
118440	0	2699188	5
118440	0	2843799	5
118440	0	2975214	0
118440	0	2975216	0
118440	0	3033116	5
118440	0	3104947	2
118440	0	3104953	2
118440	0	3647356	2
118440	0	3647357	2
118440	0	4236463	4
118440	0	4403465	3
118440	0	4403471	2
118440	0	4574420	3
118440	0	4737856	3
118440	0	4868258	2
118440	0	5149039	1
118440	0	5229209	0
118440	0	6360238	4
118440	0	6382751	2
118440	0	6382753	4
118440	0	6382755	2
118440	0	6609239	4
118440	0	6609240	2
118440	0	6687966	5
118440	0	6744365	5
118440	0	6744368	1
118440	0	6750547	2
118440	0	6750548	1
118440	0	6750549	0
118440	0	6750551	3
118440	0	6750552	4
118440	0	6750554	1
118440	0	6802137	5
118440	0	7035722	5
118440	0	7159218	5
118440	0	7539487	3
118440	0	7703789	0
118440	0	7967582	1
118440	0	8412702	4
118440	0	8527723	5
118440	0	8785852	2
121171	0	1278921	0
121171	0	1278923	5
121171	0	1278926	5
121171	0	2550806	5
121171	0	2550807	4
121171	0	2550810	5
121171	0	2550811	5
121171	0	2550813	1
121171	0	2550814	4
121171	0	259430	5
121171	0	259431	3
121171	0	259433	1
121171	0	259434	3
121171	0	259435	2
121171	0	259436	1
121171	0	259437	0
121171	0	2626101	5
121171	0	2631827	2
121171	0	2735732	2
121171	0	3092263	2
121171	0	3812019	1
121171	0	3812022	5
121171	0	451170	3
121171	0	451171	2
121171	0	451172	2
121171	0	451173	2
121171	0	451174	3
121171	0	451175	4
121171	0	451176	2
121171	0	5809826	4
121171	0	5809831	4
121171	0	5930988	0
121171	0	6580476	3
121171	0	7165126	0
121171	0	7224846	1
121171	0	8056821	2
121171	0	8164251	5
121171	0	8260188	2
121171	0	8260191	5
121171	0	8260192	5
121171	0	8260193	1
121171	0	8260194	2
121171	0	8260195	4
121171	0	8643275	0
135802	0	1103938	5
135802	0	1256034	3
135802	0	2539732	2
135802	0	2539740	2
135802	0	2739063	1
135802	0	2739069	0
135802	0	2739070	0
135802	0	3624450	1
135802	0	366625	1
135802	0	4007446	4
135802	0	4007447	2
135802	0	4347259	1
135802	0	4382396	2
135802	0	4411252	3
135802	0	4919670	3
135802	0	5394718	2
135802	0	6037331	0
135802	0	6037338	1
135802	0	663707	1
135802	0	7003682	5
135802	0	7020899	4
135802	0	7075501	2
135802	0	7144826	0
135802	0	7327478	2
135802	0	802446	4
135802	0	8120579	2
135802	0	8264847	5
135802	0	8692619	5
135802	0	8692620	2
135802	0	8692621	5
135802	0	8692622	3
135802	0	8692623	5
135802	0	8692624	5
135802	0	8692625	4
135802	0	8692626	5
135802	0	8692627	4
135802	0	8692628	5
141630	0	1157245	2
141630	0	1157249	1
141630	0	1157251	3
141630	0	1314689	0
141630	0	1353759	2
141630	0	1889340	5
141630	0	2173072	2
141630	0	2366119	1
141630	0	2366121	1
141630	0	2473236	0
141630	0	2752564	4
141630	0	2851002	2
141630	0	3000836	1
141630	0	3096184	0
141630	0	3139270	0
141630	0	340875	4
141630	0	3500851	2
141630	0	3500852	0
141630	0	3500854	4
141630	0	3500855	5
141630	0	3500856	4
141630	0	3500857	4
141630	0	3500860	2
141630	0	3672655	5
141630	0	3722955	0
141630	0	4098919	1
141630	0	4098924	1
141630	0	4101944	5
141630	0	4101946	4
141630	0	4101951	5
141630	0	4101953	5
141630	0	4422338	0
141630	0	4422339	5
141630	0	4422342	3
141630	0	4422344	2
141630	0	5098393	5
141630	0	5098396	5
141630	0	5098397	5
141630	0	5098398	2
141630	0	5126206	3
141630	0	5126207	1
141630	0	5337305	5
141630	0	5389973	2
141630	0	5694666	2
141630	0	5921140	1
141630	0	6007469	4
141630	0	6064897	4
141630	0	6290795	2
141630	0	6319711	1
141630	0	6496225	2
141630	0	6496226	4
141630	0	6496228	5
141630	0	6530476	0
141630	0	6580043	4
141630	0	6638749	5
141630	0	6861521	3
141630	0	6865899	2
141630	0	7107466	2
141630	0	7705603	5
141630	0	7985117	4
141630	0	7985118	3
141630	0	8068281	3
141630	0	806878	2
141630	0	8225222	3
141630	0	8319987	3
141630	0	8319989	2
141630	0	8319990	1
141630	0	8319991	2
141630	0	8319993	5
141630	0	861355	2
141630	0	8653585	4
141630	0	8653589	2
141630	0	8685361	5
141630	0	8768725	5
141630	0	885784	1
156498	0	104801	5
156498	0	104803	5
156498	0	1066785	5
156498	0	1066789	3
156498	0	1564664	0
156498	0	1584048	1
156498	0	1663164	5
156498	0	1840047	2
156498	0	2167314	4
156498	0	3288004	2
156498	0	3301559	5
156498	0	3301562	4
156498	0	3301563	5
156498	0	3397582	2
156498	0	3669926	5
156498	0	3852372	1
156498	0	4026114	2
156498	0	4273410	4
156498	0	4273412	4
156498	0	4273418	4
156498	0	4273419	4
156498	0	4325225	1
156498	0	4468111	3
156498	0	463355	0
156498	0	494576	2
156498	0	4960216	5
156498	0	4960218	2
156498	0	5606985	2
156498	0	6555091	0
156498	0	6648988	0
156498	0	7393854	2
156498	0	7393858	3
156498	0	7456851	3
156498	0	8146073	1
156498	0	824332	1
156498	0	8615232	2
156498	0	8648969	4
156498	0	8823842	0
169208	0	1395413	5
169208	0	1395417	5
169208	0	1395418	4
169208	0	1480206	0
169208	0	2294759	1
169208	0	2408681	2
169208	0	2888367	5
169208	0	3408570	1
169208	0	3561306	1
169208	0	3715860	3
169208	0	4085645	2
169208	0	4180364	1
169208	0	4202275	4
169208	0	4202278	4
169208	0	4321613	0
169208	0	4354838	0
169208	0	4580131	5
169208	0	4580132	3
169208	0	4580133	5
169208	0	4580137	2
169208	0	4580139	5
169208	0	4694325	1
169208	0	4728189	1
169208	0	4762134	2
169208	0	4762135	3
169208	0	4762140	5
169208	0	4762141	4
169208	0	4859432	5
169208	0	4859433	5
169208	0	4859437	5
169208	0	4859438	5
169208	0	5268915	3
169208	0	5541538	1
169208	0	5872890	0
169208	0	6252711	2
169208	0	6413011	2
169208	0	6435804	0
169208	0	6808748	4
169208	0	7169063	2
169208	0	721607	2
169208	0	721610	2
169208	0	7251639	4
169208	0	8230949	1
169208	0	8303019	4
169208	0	8411957	2
169208	0	8518731	2
169208	0	8518733	2
169208	0	85987	3
169208	0	85989	5
174463	0	1013078	1
174463	0	1024759	1
174463	0	1024761	4
174463	0	1024762	2
174463	0	1024763	5
174463	0	1024764	2
174463	0	1024766	2
174463	0	1024767	3
174463	0	102528	2
174463	0	1070616	2
174463	0	1479952	5
174463	0	1567952	5
174463	0	1567956	0
174463	0	1567958	1
174463	0	1567960	4
174463	0	1788354	1
174463	0	1788355	0
174463	0	1835370	2
174463	0	1835371	1
174463	0	1835375	2
174463	0	1835377	1
174463	0	1854166	2
174463	0	1854167	1
174463	0	2382185	5
174463	0	2533619	0
174463	0	2533622	2
174463	0	2533623	2
174463	0	2533624	0
174463	0	2533625	0
174463	0	2533626	3
174463	0	299161	5
174463	0	3213498	4
174463	0	3235293	2
174463	0	3501225	3
174463	0	3501229	5
174463	0	3716946	5
174463	0	3716947	4
174463	0	4275746	2
174463	0	4275747	5
174463	0	4275752	1
174463	0	4321177	5
174463	0	4452289	5
174463	0	4452291	5
174463	0	4501665	2
174463	0	4662168	0
174463	0	4665971	5
174463	0	470707	0
174463	0	470708	2
174463	0	470710	5
174463	0	470711	3
174463	0	470712	2
174463	0	4710618	1
174463	0	5084515	1
174463	0	5264564	1
174463	0	5264567	2
174463	0	5303493	4
174463	0	5303495	2
174463	0	5303496	3
174463	0	5538544	2
174463	0	5641976	3
174463	0	5688367	5
174463	0	5779094	2
174463	0	6083368	4
174463	0	6083369	2
174463	0	6083371	4
174463	0	6094016	2
174463	0	6094017	4
174463	0	6094019	1
174463	0	6294949	4
174463	0	6330267	5
174463	0	6718985	3
174463	0	6718987	4
174463	0	6867423	5
174463	0	7089624	4
174463	0	7089625	5
174463	0	7089627	1
174463	0	7089629	3
174463	0	7089630	4
174463	0	7089632	5
174463	0	7314482	0
174463	0	7812730	4
174463	0	8304451	2
174463	0	8304454	5
174463	0	8304456	5
174463	0	8304457	3
174463	0	8304458	5
174463	0	8454980	5
174463	0	8770949	0
23849	0	1034183	4
23849	0	1068470	3
23849	0	1158886	4
23849	0	1215556	4
23849	0	1333480	1
23849	0	1449785	1
23849	0	1460057	1
23849	0	1594083	1
23849	0	1601003	5
23849	0	1622747	0
23849	0	1739455	2
23849	0	178252	1
23849	0	1825393	1
23849	0	188190	2
23849	0	1944730	5
23849	0	2039331	3
23849	0	2055243	0
23849	0	2199035	3
23849	0	2209883	3
23849	0	2217275	4
23849	0	2516458	0
23849	0	2647769	5
23849	0	2674124	1
23849	0	3978767	5
23849	0	4188880	3
23849	0	4237823	5
23849	0	4281690	5
23849	0	4348282	2
23849	0	436721	0
23849	0	446099	5
23849	0	4491642	0
23849	0	4556932	2
23849	0	4556933	2
23849	0	4556938	2
23849	0	4712571	5
23849	0	4806514	1
23849	0	4834498	2
23849	0	4920679	0
23849	0	4942375	2
23849	0	4944603	5
23849	0	5143193	5
23849	0	5255098	5
23849	0	5340997	5
23849	0	542113	0
23849	0	5913890	4
23849	0	5925321	1
23849	0	6054726	2
23849	0	6252656	5
23849	0	6328471	0
23849	0	6667419	1
23849	0	6688737	3
23849	0	6688738	4
23849	0	6688741	2
23849	0	6688742	2
23849	0	6688743	2
23849	0	6705133	5
23849	0	6722889	2
23849	0	6722890	2
23849	0	6849942	4
23849	0	7014217	5
23849	0	7119957	2
23849	0	7160298	2
23849	0	7165935	5
23849	0	7402729	2
23849	0	7431268	3
23849	0	7519911	3
23849	0	7655100	5
23849	0	7845081	2
23849	0	799642	2
23849	0	8010558	1
23849	0	8010559	2
23849	0	8010560	4
23849	0	8010561	5
23849	0	8010562	4
23849	0	8010563	5
23849	0	8010564	5
23849	0	8010565	4
23849	0	8010566	4
23849	0	8013217	5
23849	0	8017141	5
23849	0	8052286	2
23849	0	8059826	2
23849	0	8126279	3
23849	0	8133127	1
23849	0	8162522	5
23849	0	8246990	0
23849	0	8264389	1
23849	0	8350307	4
23849	0	8466742	2
23849	0	8466743	4
23849	0	8466744	5
23849	0	8466750	1
23849	0	8665052	3
23849	0	8752783	2
23849	0	8769995	1
23849	0	886103	0
23849	0	958491	4
258062	0	1311741	4
258062	0	1348968	3
258062	0	1805967	4
258062	0	18103	2
258062	0	2087378	2
258062	0	2510542	1
258062	0	2707010	0
258062	0	2898169	3
258062	0	3012167	3
258062	0	3189004	2
258062	0	3195767	1
258062	0	3297029	0
258062	0	3392238	4
258062	0	3404354	1
258062	0	3683402	1
258062	0	3695217	2
258062	0	3777927	2
258062	0	3777928	2
258062	0	3777930	2
258062	0	3947010	2
258062	0	4155912	4
258062	0	4159145	2
258062	0	4159344	1
258062	0	4159345	1
258062	0	4174306	0
258062	0	4174308	5
258062	0	4174310	5
258062	0	4174313	5
258062	0	4595794	5
258062	0	4595795	5
258062	0	5456429	1
258062	0	5993823	3
258062	0	5993826	5
258062	0	6084336	4
258062	0	6084339	5
258062	0	63211	2
258062	0	639084	0
258062	0	6990374	3
258062	0	7068639	2
258062	0	7532084	0
258062	0	8694158	4
258062	0	8694161	5
258062	0	8694163	5
258062	0	91493	5
258062	0	955811	4
258062	0	955813	5
324585	0	1051441	2
324585	0	1536988	5
324585	0	1536989	4
324585	0	1536990	5
324585	0	1536995	3
324585	0	1536997	5
324585	0	2193462	1
324585	0	2194313	2
324585	0	2944861	0
324585	0	296622	2
324585	0	3608325	3
324585	0	405277	5
324585	0	405281	5
324585	0	405282	1
324585	0	4467785	0
324585	0	4532866	0
324585	0	4765769	3
324585	0	5131128	1
324585	0	5525879	4
324585	0	5610255	0
324585	0	5996798	2
324585	0	6369620	1
324585	0	6393239	1
324585	0	6480421	2
324585	0	6480422	5
324585	0	6565613	0
324585	0	6712393	0
324585	0	6842100	2
324585	0	7006319	2
324585	0	7519882	2
324585	0	7568187	2
324585	0	7653696	5
324585	0	7941122	2
324585	0	7941125	3
324585	0	7941129	2
324585	0	7941130	1
324585	0	7987550	0
324585	0	8290308	5
324585	0	8290309	5
324585	0	8290310	3
324585	0	8290314	5
324585	0	8310496	4
324585	0	8310498	5
324585	0	8310499	4
324585	0	8310502	4
324585	0	8310503	5
324585	0	8381474	2
324585	0	8467798	1
324585	0	8500120	5
324585	0	8500121	4
324585	0	8500123	4
324585	0	8500124	4
324585	0	8762257	2
330975	0	1097861	4
330975	0	1598185	5
330975	0	1637261	3
330975	0	2299996	1
330975	0	233944	5
330975	0	233945	1
330975	0	233946	5
330975	0	233948	1
330975	0	233949	1
330975	0	233950	2
330975	0	233951	5
330975	0	233952	5
330975	0	3240106	1
330975	0	3240112	4
330975	0	3256083	2
330975	0	3256084	5
330975	0	3297854	2
330975	0	3297855	5
330975	0	3297856	5
330975	0	3297857	3
330975	0	3297858	4
330975	0	3335804	1
330975	0	3857965	2
330975	0	4043524	0
330975	0	4108178	4
330975	0	4108179	2
330975	0	4392140	3
330975	0	4392141	0
330975	0	4392144	2
330975	0	4392147	4
330975	0	4620919	2
330975	0	4620920	2
330975	0	4620924	2
330975	0	4695292	4
330975	0	482130	5
330975	0	482131	2
330975	0	4896437	0
330975	0	5190215	5
330975	0	5196922	0
330975	0	5393803	5
330975	0	5393804	3
330975	0	5393805	3
330975	0	5427108	4
330975	0	5557976	2
330975	0	5557977	1
330975	0	5580311	2
330975	0	5750875	5
330975	0	5750877	0
330975	0	5750880	3
330975	0	6310757	5
330975	0	6559225	3
330975	0	6625786	1
330975	0	6693239	5
330975	0	702098	2
330975	0	7074783	2
330975	0	7624927	0
330975	0	7908218	0
330975	0	8327009	2
330975	0	8327012	4
330975	0	8541455	0
330975	0	8541461	5
332593	0	1167184	5
332593	0	1443723	1
332593	0	1443727	4
332593	0	1539776	1
332593	0	1650687	2
332593	0	1905432	0
332593	0	329112	2
332593	0	3336840	0
332593	0	3731313	5
332593	0	4023721	2
332593	0	4023722	2
332593	0	4431498	4
332593	0	4431502	4
332593	0	4614346	3
332593	0	4952095	2
332593	0	5241320	5
332593	0	5241321	5
332593	0	5241322	5
332593	0	5241323	5
332593	0	5241324	5
332593	0	5241326	3
332593	0	5241328	5
332593	0	5707522	0
332593	0	6007038	4
332593	0	6007041	1
332593	0	6007045	1
332593	0	6514779	0
332593	0	6514781	0
332593	0	6534081	4
332593	0	6534089	2
332593	0	6765225	2
332593	0	6765227	3
332593	0	7073993	4
332593	0	7073995	5
332593	0	7073996	2
332593	0	7073999	4
332593	0	8021425	1
332593	0	8091681	2
332593	0	8434869	2
332593	0	8434871	5
332593	0	8434872	1
332593	0	8434873	5
332593	0	8749229	1
332593	0	8749230	2
332593	0	8749231	3
336901	0	1521213	0
336901	0	1674353	1
336901	0	1768586	3
336901	0	213017	2
336901	0	2291851	1
336901	0	2291853	1
336901	0	2537065	5
336901	0	2589736	2
336901	0	2909600	2
336901	0	2934191	1
336901	0	3330854	4
336901	0	3386083	5
336901	0	3646550	5
336901	0	3987390	0
336901	0	4028521	4
336901	0	4048104	0
336901	0	4420994	5
336901	0	4789969	1
336901	0	4954233	0
336901	0	5064227	3
336901	0	5100469	1
336901	0	5147393	4
336901	0	5384135	0
336901	0	560665	1
336901	0	5901048	0
336901	0	6017280	5
336901	0	6017284	5
336901	0	6017286	5
336901	0	6017287	5
336901	0	6054128	0
336901	0	6096613	4
336901	0	6096614	2
336901	0	6560790	3
336901	0	7402234	2
336901	0	7459686	3
336901	0	7836253	3
336901	0	7836254	2
336901	0	7836255	2
336901	0	7836256	2
336901	0	7836258	4
336901	0	7836261	2
336901	0	8130980	3
336901	0	8528674	5
336901	0	8528675	5
336901	0	8528677	3
336901	0	8528678	5
336901	0	8528679	5
336901	0	8528680	2
336901	0	8528681	2
336901	0	8528682	2
336901	0	8740069	3
336901	0	8794743	5
390360	0	1032410	2
390360	0	1093722	2
390360	0	1139946	0
390360	0	1139949	1
390360	0	121529	1
390360	0	1326095	3
390360	0	1378333	4
390360	0	1378337	2
390360	0	1609998	3
390360	0	1927069	1
390360	0	2168033	4
390360	0	2173448	4
390360	0	217537	1
390360	0	217540	1
390360	0	2203875	5
390360	0	2203877	4
390360	0	2419904	4
390360	0	2784297	2
390360	0	3104906	2
390360	0	324991	2
390360	0	324992	4
390360	0	324994	2
390360	0	3518921	2
390360	0	3623762	3
390360	0	3988320	1
390360	0	425021	3
390360	0	4546335	0
390360	0	4619216	5
390360	0	4619218	5
390360	0	4683960	0
390360	0	473001	0
390360	0	5423359	5
390360	0	566410	2
390360	0	604111	5
390360	0	6179316	2
390360	0	6492799	1
390360	0	6492800	1
390360	0	6492801	1
390360	0	6492802	2
390360	0	6999350	0
390360	0	7166011	3
390360	0	7186643	4
390360	0	7406840	3
390360	0	7462672	5
390360	0	7666614	5
390360	0	7679050	5
390360	0	7807146	5
390360	0	8009002	2
390360	0	8384887	4
390360	0	844997	5
390360	0	860971	1
390360	0	8630609	5
390360	0	8630611	5
390360	0	8630612	5
390360	0	8630613	4
390360	0	8630614	5
390360	0	8630616	2
390360	0	8630617	2
390360	0	8630618	5
390360	0	963941	0
390360	0	963943	0
405163	0	1041997	5
405163	0	1108748	0
405163	0	1212298	5
405163	0	1234964	5
405163	0	1305759	1
405163	0	1330010	2
405163	0	1352545	4
405163	0	1352548	1
405163	0	1506457	4
405163	0	1518539	2
405163	0	1518541	4
405163	0	1567779	0
405163	0	1655999	5
405163	0	1667024	3
405163	0	1667027	5
405163	0	1893016	0
405163	0	1902864	0
405163	0	1902866	5
405163	0	2016025	3
405163	0	2055218	3
405163	0	2077809	5
405163	0	2139588	1
405163	0	2407799	2
405163	0	2748170	5
405163	0	2806293	0
405163	0	2806296	1
405163	0	289329	0
405163	0	2902930	4
405163	0	295189	2
405163	0	306987	1
405163	0	306992	2
405163	0	3216136	3
405163	0	3600866	1
405163	0	3602402	4
405163	0	3850032	2
405163	0	3918981	3
405163	0	3918983	2
405163	0	4058115	2
405163	0	4228172	4
405163	0	4232058	2
405163	0	429245	5
405163	0	429246	5
405163	0	429247	5
405163	0	4346504	3
405163	0	4409822	0
405163	0	4642223	4
405163	0	5095855	2
405163	0	5214452	5
405163	0	5248627	2
405163	0	5282651	2
405163	0	5514160	1
405163	0	5523884	0
405163	0	5658841	2
405163	0	5706290	2
405163	0	5706291	2
405163	0	5710977	2
405163	0	5746714	4
405163	0	5746717	3
405163	0	5768619	4
405163	0	5897402	0
405163	0	5909565	0
405163	0	5909571	5
405163	0	5922369	1
405163	0	6250234	2
405163	0	6289824	4
405163	0	6334781	2
405163	0	647592	2
405163	0	647594	3
405163	0	6689927	2
405163	0	6689928	4
405163	0	6707943	2
405163	0	6770821	1
405163	0	6796414	5
405163	0	6796624	5
405163	0	6877861	5
405163	0	6916264	5
405163	0	6945009	3
405163	0	6945011	5
405163	0	6945014	2
405163	0	6965575	5
405163	0	7044508	2
405163	0	7196947	2
405163	0	72203	1
405163	0	7392422	2
405163	0	7454159	4
405163	0	7622492	5
405163	0	7754279	4
405163	0	7969801	2
405163	0	8282533	2
405163	0	834747	1
405163	0	834754	1
405163	0	8445975	2
405163	0	8482540	0
405163	0	851536	5
405163	0	8608597	5
405163	0	8608603	2
405163	0	8633840	1
405163	0	863570	1
405163	0	8682163	5
405163	0	8682164	5
405163	0	8707747	4
405163	0	931373	1
405163	0	978353	5
42255	0	1470400	3
42255	0	1470405	1
42255	0	1601664	2
42255	0	1601667	3
42255	0	179535	5
42255	0	182410	4
42255	0	1896377	4
42255	0	1896381	0
42255	0	2067180	5
42255	0	2229964	2
42255	0	2584026	5
42255	0	2673765	1
42255	0	2799681	2
42255	0	2799685	2
42255	0	2834575	4
42255	0	2882385	0
42255	0	3063186	1
42255	0	3063187	0
42255	0	3063191	2
42255	0	3077466	2
42255	0	3077467	3
42255	0	3349782	2
42255	0	363752	2
42255	0	3716276	4
42255	0	3716279	2
42255	0	3716280	4
42255	0	3716282	4
42255	0	3723425	0
42255	0	3817242	1
42255	0	3817246	3
42255	0	471838	5
42255	0	5076181	5
42255	0	5326925	4
42255	0	5519434	5
42255	0	5550457	0
42255	0	5571057	1
42255	0	5778518	5
42255	0	5783297	5
42255	0	5783300	2
42255	0	5801316	5
42255	0	5921270	2
42255	0	5997797	4
42255	0	5997799	1
42255	0	5997800	4
42255	0	6098597	3
42255	0	6098598	3
42255	0	6098601	1
42255	0	6098603	2
42255	0	6120375	2
42255	0	6120376	1
42255	0	6159642	2
42255	0	6159644	2
42255	0	630087	4
42255	0	6307609	0
42255	0	6314164	5
42255	0	6487361	2
42255	0	6528860	5
42255	0	6784918	0
42255	0	6784924	2
42255	0	6971736	3
42255	0	6971740	5
42255	0	7123386	1
42255	0	7123389	0
42255	0	729163	2
42255	0	7688778	4
42255	0	7688780	1
42255	0	7944025	5
42255	0	7944026	2
42255	0	8012296	5
42255	0	8070166	3
42255	0	8286390	1
42255	0	8286391	2
42255	0	8286392	4
42255	0	8328839	1
42255	0	8328843	4
42255	0	8372967	0
42255	0	8372968	5
42255	0	857475	1
42255	0	857478	2
42255	0	857479	2
42255	0	8586795	3
42255	0	8720119	2
42255	0	8746188	5
42255	0	8746189	5
42255	0	8746190	0
42255	0	8746191	5
42255	0	8746192	2
42255	0	8746193	5
42255	0	8746194	5
42255	0	8746195	5
42255	0	8746196	5
42255	0	8746197	5
47210	0	1560499	3
47210	0	2042918	5
47210	0	2042923	2
47210	0	2042924	2
47210	0	2042926	1
47210	0	2042927	0
47210	0	2338383	3
47210	0	2338385	4
47210	0	2545998	5
47210	0	2545999	1
47210	0	2546001	5
47210	0	2546002	5
47210	0	2546005	5
47210	0	2546007	5
47210	0	3304358	5
47210	0	3304359	5
47210	0	3757931	4
47210	0	3757932	4
47210	0	4007104	4
47210	0	4007106	2
47210	0	4748994	0
47210	0	4748997	1
47210	0	4766143	0
47210	0	5207326	1
47210	0	5207328	3
47210	0	5207329	5
47210	0	5301404	2
47210	0	5301406	2
47210	0	5497272	2
47210	0	5497278	0
47210	0	5642104	4
47210	0	5691600	2
47210	0	6168517	2
47210	0	6180504	4
47210	0	6180507	1
47210	0	6502207	2
47210	0	6502208	4
47210	0	6990781	2
47210	0	7367872	1
47210	0	7367873	1
47210	0	7367874	0
47210	0	7509249	5
47210	0	7509252	5
47210	0	7562282	3
47210	0	7562284	1
47210	0	8261978	3
47210	0	8646329	3
47210	0	8646330	2
47210	0	8646331	2
555530	0	1114218	5
555530	0	1447386	4
555530	0	1526190	0
555530	0	1536620	5
555530	0	1554646	0
555530	0	1618154	1
555530	0	1672654	2
555530	0	1754577	3
555530	0	1754578	1
555530	0	1754579	2
555530	0	1754584	1
555530	0	1807676	1
555530	0	1897713	3
555530	0	1897716	5
555530	0	1897718	4
555530	0	1897720	1
555530	0	2217431	5
555530	0	2354213	2
555530	0	264683	1
555530	0	2805520	2
555530	0	2906190	2
555530	0	2978164	4
555530	0	2978171	4
555530	0	338636	4
555530	0	3559167	2
555530	0	3703992	3
555530	0	3717582	3
555530	0	3764719	4
555530	0	4071550	2
555530	0	4137963	2
555530	0	4137964	2
555530	0	4238674	4
555530	0	4240158	4
555530	0	4296807	0
555530	0	448525	5
555530	0	448529	5
555530	0	4744248	2
555530	0	474541	5
555530	0	474544	5
555530	0	480988	5
555530	0	5106749	1
555530	0	5182520	2
555530	0	561169	0
555530	0	5753585	5
555530	0	5846397	3
555530	0	6078221	5
555530	0	6078228	5
555530	0	6108232	0
555530	0	6221470	5
555530	0	6225332	1
555530	0	6309262	5
555530	0	6434719	1
555530	0	6449364	5
555530	0	6450951	2
555530	0	6450953	2
555530	0	6485976	1
555530	0	6579581	0
555530	0	668366	2
555530	0	6869537	4
555530	0	6913116	2
555530	0	6936082	5
555530	0	6938328	3
555530	0	6990474	3
555530	0	7179784	5
555530	0	7179789	5
555530	0	7179791	5
555530	0	7232504	2
555530	0	7246139	2
555530	0	7339147	2
555530	0	7349580	4
555530	0	7419503	2
555530	0	7475084	4
555530	0	7606337	4
555530	0	7766457	3
555530	0	7766465	2
555530	0	8025704	1
555530	0	8097532	0
555530	0	8276743	0
555530	0	8461277	1
555530	0	8637526	5
555530	0	910809	2
555530	0	971429	0
583468	0	119352	2
583468	0	119354	5
583468	0	1546128	4
583468	0	1675561	1
583468	0	1675562	1
583468	0	1675564	2
583468	0	1675566	5
583468	0	2080306	0
583468	0	2267048	5
583468	0	2267052	4
583468	0	2267054	2
583468	0	3466606	2
583468	0	3466607	5
583468	0	6286922	5
583468	0	6286927	0
583468	0	6286928	1
583468	0	6578660	2
583468	0	6654310	0
583468	0	7450717	5
583468	0	7450718	5
583468	0	7450725	4
583468	0	7465955	5
583468	0	7491697	2
583468	0	7491698	2
583468	0	7491700	1
583468	0	7491704	0
583468	0	7491705	1
583468	0	7706119	4
583468	0	7706120	1
583468	0	7706122	1
583468	0	7744346	2
583468	0	7744347	4
583468	0	7744348	2
583468	0	7744349	4
583468	0	7744350	5
583468	0	7744351	4
583468	0	8144451	3
583468	0	8326078	0
583468	0	8326080	2
583468	0	8395840	2
583468	0	914666	2
583468	0	914668	1
640502	0	1034851	3
640502	0	1091791	1
640502	0	1091795	5
640502	0	1226398	1
640502	0	1226405	2
640502	0	1304073	1
640502	0	1467731	0
640502	0	1467737	0
640502	0	172502	3
640502	0	1754997	5
640502	0	1775697	5
640502	0	1854588	2
640502	0	1957247	5
640502	0	1957252	4
640502	0	208378	1
640502	0	2096762	3
640502	0	2096764	1
640502	0	2442847	1
640502	0	2445381	2
640502	0	2701130	3
640502	0	2808569	5
640502	0	2808576	3
640502	0	2989518	1
640502	0	2989520	5
640502	0	3255505	0
640502	0	3263516	2
640502	0	3511308	2
640502	0	3511310	4
640502	0	3551380	1
640502	0	3678130	1
640502	0	3992434	5
640502	0	4088602	0
640502	0	4088606	5
640502	0	409318	4
640502	0	4132983	1
640502	0	418508	5
640502	0	4261742	5
640502	0	4422928	0
640502	0	4778464	2
640502	0	5073872	2
640502	0	5150987	2
640502	0	5150990	2
640502	0	5161853	3
640502	0	5539487	5
640502	0	598202	3
640502	0	598204	3
640502	0	6146400	4
640502	0	6304677	2
640502	0	6414861	0
640502	0	6497380	2
640502	0	6497385	2
640502	0	6679958	5
640502	0	6730883	4
640502	0	6730884	3
640502	0	6730887	5
640502	0	6985038	4
640502	0	7109037	5
640502	0	7160373	0
640502	0	7456406	2
640502	0	7540167	5
640502	0	77134	2
640502	0	8003526	2
640502	0	8412227	2
640502	0	8412229	2
640502	0	8451475	5
67316	0	1114355	0
67316	0	1134520	2
67316	0	1191975	4
67316	0	1233288	3
67316	0	1261955	3
67316	0	1277368	1
67316	0	1325092	1
67316	0	1401789	5
67316	0	1408563	0
67316	0	1920786	4
67316	0	1974374	2
67316	0	1974375	3
67316	0	209702	5
67316	0	2268657	5
67316	0	2365991	2
67316	0	2688813	4
67316	0	2930660	5
67316	0	2930661	5
67316	0	3063530	2
67316	0	308681	0
67316	0	3250707	4
67316	0	3272839	1
67316	0	3393479	4
67316	0	3557361	2
67316	0	3761777	5
67316	0	3810716	2
67316	0	3810719	1
67316	0	3857558	4
67316	0	3871324	4
67316	0	3942287	5
67316	0	4141330	4
67316	0	4163705	0
67316	0	4163707	1
67316	0	4180169	1
67316	0	44015	2
67316	0	450305	0
67316	0	450309	0
67316	0	4789318	5
67316	0	4789322	5
67316	0	481471	2
67316	0	4863059	3
67316	0	4922572	0
67316	0	5029981	1
67316	0	5029984	1
67316	0	5181841	0
67316	0	5195161	2
67316	0	5252008	2
67316	0	6091258	2
67316	0	6148105	1
67316	0	6221796	0
67316	0	6290080	1
67316	0	6387611	5
67316	0	6439840	3
67316	0	6507744	2
67316	0	6607539	2
67316	0	6607541	4
67316	0	6607542	4
67316	0	6680964	5
67316	0	6680965	2
67316	0	6680966	5
67316	0	6680967	2
67316	0	6680968	2
67316	0	6683215	1
67316	0	6764671	1
67316	0	6764674	2
67316	0	6905735	1
67316	0	6925995	3
67316	0	7019081	5
67316	0	7027708	2
67316	0	7112302	4
67316	0	7114279	5
67316	0	7348851	5
67316	0	7418431	5
67316	0	7418432	5
67316	0	7418438	5
67316	0	7513151	0
67316	0	7630885	3
67316	0	7701876	5
67316	0	800359	4
67316	0	8003840	5
67316	0	8161992	4
67316	0	8200130	2
67316	0	8261797	3
67316	0	8285748	2
67316	0	8308297	5
67316	0	8308718	4
67316	0	8312258	5
67316	0	8312265	5
67316	0	8377581	3
67316	0	8431632	1
67316	0	8431637	2
67316	0	8473319	2
67316	0	8773687	2
673670	0	1178245	1
673670	0	1282792	5
673670	0	1282794	5
673670	0	1398748	4
673670	0	1454201	2
673670	0	1511452	4
673670	0	1511453	1
673670	0	1511457	1
673670	0	1511459	3
673670	0	1905068	0
673670	0	1954736	2
673670	0	1954745	2
673670	0	2240351	4
673670	0	2240354	5
673670	0	2240356	4
673670	0	2240359	0
673670	0	3345262	3
673670	0	3345263	2
673670	0	3345266	3
673670	0	3345269	2
673670	0	3592286	5
673670	0	3607495	5
673670	0	3607500	5
673670	0	3607501	0
673670	0	4013566	2
673670	0	4013570	0
673670	0	6084748	1
673670	0	6342707	2
673670	0	6989198	2
673670	0	7257297	1
673670	0	7257300	2
673670	0	7257301	2
673670	0	7257302	3
673670	0	7257303	1
673670	0	7257304	5
673670	0	7257306	5
673670	0	7583949	1
673670	0	7732030	0
673670	0	7772630	4
673670	0	7772637	5
673670	0	824934	1
673670	0	8495250	2
673670	0	8524263	5
673670	0	8554511	2
673670	0	8632357	4
673670	0	8632359	5
673670	0	8632360	3
673670	0	8632361	2
673670	0	8632362	5
673670	0	8632363	4
673670	0	8632364	5
673670	0	8632365	3
673670	0	867190	1
673670	0	867197	0
673670	0	8735640	5
673670	0	8735643	4
673670	0	8773078	2
701453	0	100342	0
701453	0	2036076	4
701453	0	4330671	5
701453	0	4330672	2
701453	0	4330673	2
701453	0	4330675	2
701453	0	4330676	4
701453	0	4330677	2
701453	0	4330678	5
701453	0	4330679	5
701453	0	4330680	2
701453	0	4355643	1
701453	0	4355645	4
701453	0	4355647	5
701453	0	4355649	4
701453	0	4355652	3
701453	0	4832975	0
701453	0	688613	3
701453	0	688614	5
701453	0	688615	5
701453	0	688618	4
701453	0	6927982	0
701453	0	6999084	0
701453	0	6999087	1
701453	0	7259848	2
701453	0	7586972	2
701453	0	7806569	3
701453	0	781518	1
701453	0	8402346	1
701453	0	8402348	5
701453	0	8402349	5
701453	0	8402350	1
701453	0	8626140	2
701453	0	8626142	3
701453	0	8626143	5
701453	0	8626145	1
701453	0	8626149	2
730539	0	1520038	0
730539	0	1625667	4
730539	0	1625670	1
730539	0	1625674	1
730539	0	239231	2
730539	0	2666436	4
730539	0	2666442	5
730539	0	2666443	2
730539	0	2666444	5
730539	0	3320012	3
730539	0	3476824	4
730539	0	3944257	2
730539	0	437275	0
730539	0	437276	1
730539	0	4539974	1
730539	0	4605022	5
730539	0	4885113	0
730539	0	5428552	5
730539	0	6734967	5
730539	0	7129068	0
730539	0	7916064	5
730539	0	8276217	2
730539	0	8276218	5
730539	0	8276221	1
730539	0	8276222	2
730539	0	8276223	1
730539	0	8327959	3
730539	0	8577876	3
730539	0	8577877	4
730539	0	8577878	3
730539	0	8577879	2
730539	0	8577880	5
730539	0	8577882	2
768208	0	2056879	1
768208	0	2379474	4
768208	0	240435	2
768208	0	240436	2
768208	0	2968691	2
768208	0	2988811	2
768208	0	3171396	2
768208	0	3515882	5
768208	0	3515884	5
768208	0	3564080	3
768208	0	3710762	3
768208	0	37604	0
768208	0	4251602	5
768208	0	5025777	1
768208	0	5039567	1
768208	0	52154	4
768208	0	52155	5
768208	0	52156	2
768208	0	52157	5
768208	0	52158	5
768208	0	52159	5
768208	0	52160	5
768208	0	52161	4
768208	0	52162	4
768208	0	52163	5
768208	0	5222129	2
768208	0	581991	0
768208	0	6846418	2
768208	0	6944794	2
768208	0	7272040	3
768208	0	7272041	3
768208	0	7272045	3
768208	0	813102	4
768208	0	8170966	0
768208	0	8187702	1
768208	0	820489	1
768208	0	8525681	5
768208	0	8525683	4
768208	0	8615154	2
768208	0	8619622	1
768208	0	8802293	0
768208	0	955479	0
877809	0	1050327	3
877809	0	1335170	4
877809	0	1550610	5
877809	0	1550611	1
877809	0	1550613	5
877809	0	1821652	0
877809	0	2298374	5
877809	0	2515032	4
877809	0	2515036	3
877809	0	2640804	5
877809	0	3248714	1
877809	0	3328100	0
877809	0	35107	1
877809	0	35108	1
877809	0	35109	2
877809	0	35111	5
877809	0	35113	2
877809	0	35114	2
877809	0	35115	2
877809	0	3716286	3
877809	0	3879161	3
877809	0	3982277	2
877809	0	4402455	5
877809	0	4635482	2
877809	0	4888926	4
877809	0	4888929	5
877809	0	4888932	4
877809	0	5196143	4
877809	0	5196148	4
877809	0	5229370	0
877809	0	5850349	1
877809	0	5940393	2
877809	0	5940394	2
877809	0	6269999	5
877809	0	6704838	2
877809	0	6942008	0
877809	0	7040022	2
877809	0	7050366	5
877809	0	7346771	3
877809	0	788181	4
877809	0	7906970	2
877809	0	7906974	1
877809	0	7952694	5
877809	0	8165590	1
877809	0	8290072	0
877809	0	8659718	5
911232	0	1674264	2
911232	0	1847345	2
911232	0	1879470	4
911232	0	1879472	4
911232	0	1879474	4
911232	0	1879475	4
911232	0	2154975	2
911232	0	2428679	0
911232	0	2609560	0
911232	0	2921796	0
911232	0	2999924	2
911232	0	2999925	5
911232	0	2999926	1
911232	0	2999927	2
911232	0	2999928	2
911232	0	2999929	3
911232	0	2999930	5
911232	0	2999931	5
911232	0	2999932	2
911232	0	2999933	4
911232	0	3089566	0
911232	0	3113875	0
911232	0	337628	1
911232	0	3976215	1
911232	0	4517906	3
911232	0	4967291	5
911232	0	4967292	1
911232	0	4967294	5
911232	0	4967295	3
911232	0	4967296	1
911232	0	4967297	3
911232	0	4967298	1
911232	0	4967299	2
911232	0	6261251	2
911232	0	6261252	2
911232	0	6732192	2
911232	0	6732195	2
911232	0	6928649	5
911232	0	6928653	5
911232	0	6928655	5
911232	0	7231607	3
911232	0	7238675	3
911232	0	7532423	3
911232	0	8027890	2
911232	0	8534943	1
911232	0	8712510	0
911232	0	8816617	4
911232	0	8816618	5
911232	0	8816620	5
911232	0	8816621	1
911232	0	8816622	5
911232	0	8816623	4
911232	0	8816624	5
911232	0	8816626	5
914916	0	1027218	2
914916	0	1183903	2
914916	0	1183904	2
914916	0	1183905	2
914916	0	1194681	5
914916	0	1194685	5
914916	0	1501494	1
914916	0	1545740	4
914916	0	1545741	0
914916	0	1545742	1
914916	0	2001626	5
914916	0	2001628	5
914916	0	2200004	5
914916	0	2631739	5
914916	0	2631743	5
914916	0	2631747	5
914916	0	2754113	2
914916	0	2989234	2
914916	0	3057739	4
914916	0	3170839	0
914916	0	3253278	4
914916	0	3253279	4
914916	0	3530681	1
914916	0	3535611	2
914916	0	3573852	5
914916	0	3586559	5
914916	0	3763841	4
914916	0	4425460	5
914916	0	4482576	0
914916	0	4571857	0
914916	0	4854255	2
914916	0	4884201	5
914916	0	4955073	2
914916	0	4958358	1
914916	0	5039693	4
914916	0	5177082	5
914916	0	5363821	1
914916	0	5380650	2
914916	0	5439629	1
914916	0	5730352	2
914916	0	5730355	2
914916	0	5730356	4
914916	0	5730357	4
914916	0	5730358	1
914916	0	6042348	5
914916	0	6042350	5
914916	0	6071696	4
914916	0	6613409	0
914916	0	6818272	2
914916	0	6818273	3
914916	0	7040507	4
914916	0	7081903	1
914916	0	7240123	5
914916	0	7241370	0
914916	0	7798477	3
914916	0	7798479	3
914916	0	7798480	2
914916	0	8027657	0
914916	0	8129165	1
914916	0	8348854	1
914916	0	8520449	1
914916	0	8563840	5
914916	0	8689503	3
914916	0	8772516	2
914916	0	8772517	3
914916	0	8772518	4
914916	0	8772520	3
914916	0	8772521	2
914916	0	8772524	2
914916	0	8772525	2
938400	0	1571994	2
938400	0	2009152	0
938400	0	2071046	2
938400	0	2208294	1
938400	0	2371820	2
938400	0	2484350	1
938400	0	2532047	1
938400	0	2532049	5
938400	0	2659899	1
938400	0	2870509	2
938400	0	2870514	5
938400	0	2958099	1
938400	0	2958107	5
938400	0	2962205	2
938400	0	2962208	5
938400	0	2962212	4
938400	0	3088746	5
938400	0	3088747	5
938400	0	3088748	5
938400	0	3088751	1
938400	0	3088755	2
938400	0	3353755	2
938400	0	3353757	2
938400	0	3353759	1
938400	0	3353762	4
938400	0	3353763	3
938400	0	3353764	3
938400	0	3820294	4
938400	0	3820295	4
938400	0	3914686	5
938400	0	4207807	4
938400	0	47281	2
938400	0	47286	1
938400	0	47290	2
938400	0	4956057	5
938400	0	4956059	5
938400	0	4956060	1
938400	0	4956063	2
938400	0	4956064	5
938400	0	504473	3
938400	0	5061328	2
938400	0	6246560	0
938400	0	6246564	0
938400	0	6499450	2
938400	0	6501473	5
938400	0	6937213	4
938400	0	7004405	2
938400	0	7004406	5
938400	0	7239121	0
938400	0	7239123	0
938400	0	7313620	4
938400	0	7313626	3
938400	0	7396872	0
938400	0	7787197	5
938400	0	8309427	3
938400	0	8309433	4
938400	0	8678066	3
938400	0	8723838	4
940547	0	1493024	2
940547	0	2667345	4
940547	0	2667347	4
940547	0	2667353	3
940547	0	2814756	4
940547	0	3624263	3
940547	0	3706456	5
940547	0	4481817	0
940547	0	4664997	5
940547	0	4664999	0
940547	0	4665002	0
940547	0	4696640	4
940547	0	4800890	3
940547	0	4800891	0
940547	0	4864599	3
940547	0	506003	4
940547	0	5118373	5
940547	0	5118378	4
940547	0	5300647	2
940547	0	5300651	4
940547	0	5300654	2
940547	0	5831702	2
940547	0	5831703	1
940547	0	5831707	2
940547	0	5831708	2
940547	0	5831709	1
940547	0	5831711	2
940547	0	5951249	1
940547	0	61068	5
940547	0	61070	2
940547	0	61071	5
940547	0	6404591	0
940547	0	6656482	1
940547	0	6782541	2
940547	0	6782543	2
940547	0	6948118	5
940547	0	7259157	5
940547	0	7280582	0
940547	0	7280584	1
940547	0	7282174	1
940547	0	7282176	2
940547	0	7951561	5
940547	0	8219044	1
940547	0	8219052	1
940547	0	8219244	4
940547	0	8219248	5
940547	0	8219249	1
940547	0	8269679	2
940547	0	8269680	2
940547	0	837714	5
940547	0	8772071	2
940547	0	8772073	5
940547	0	8772074	3
940547	0	8772075	3
940547	0	8805005	4
940547	0	8805011	5
940547	0	964766	5
940547	0	964772	5
997622	0	2182282	1
997622	0	2467749	0
997622	0	3604711	1
997622	0	3767367	0
997622	0	406412	2
997622	0	406418	2
997622	0	4357743	1
997622	0	4518222	2
997622	0	4543861	3
997622	0	4543864	3
997622	0	4543865	5
997622	0	4543867	5
997622	0	4543869	4
997622	0	4558331	2
997622	0	4596839	1
997622	0	4643388	3
997622	0	4643389	4
997622	0	4643392	5
997622	0	4643394	4
997622	0	4643397	5
997622	0	4700298	2
997622	0	5430569	0
997622	0	5430574	1
997622	0	5719834	0
997622	0	72291	5
997622	0	73459	2
997622	0	73460	4
997622	0	73462	3
997622	0	73465	5
997622	0	8533348	5
997622	0	8684996	2
997622	0	8813537	5
997622	0	941632	2
