1030303	0	1161432	0
1030303	0	1161439	0
1030303	0	1305520	0
1030303	0	1305521	0
1030303	0	1305528	0
1030303	0	1451848	0
1030303	0	1615360	0
1030303	0	176183	0
1030303	0	1905988	0
1030303	0	2047616	1
1030303	0	3062381	0
1030303	0	3083670	0
1030303	0	3302249	0
1030303	0	3302251	0
1030303	0	3302252	0
1030303	0	3302255	0
1030303	0	3318757	0
1030303	0	3327029	0
1030303	0	3601008	0
1030303	0	3738183	0
1030303	0	3880502	0
1030303	0	4236749	0
1030303	0	4245507	0
1030303	0	4358004	0
1030303	0	4542060	0
1030303	0	5130399	0
1030303	0	5533597	0
1030303	0	5681381	0
1030303	0	5681385	0
1030303	0	6054030	0
1030303	0	6222298	0
1030303	0	6271629	0
1030303	0	6895305	0
1030303	0	6939422	0
1030303	0	6939426	0
1030303	0	6939428	0
1030303	0	6939430	0
1030303	0	6939431	0
1030303	0	700079	0
1030303	0	7156982	1
1030303	0	7168323	0
1030303	0	7168324	0
1030303	0	7259969	0
1030303	0	7284047	0
1030303	0	7284052	1
1030303	0	7508058	0
1030303	0	7661516	0
1030303	0	8726429	1
1030303	0	8726430	1
1030303	0	8726432	0
1030303	0	8726433	1
1030303	0	8726434	1
1030303	0	8726435	1
1030303	0	8726436	1
1030303	0	8726437	1
1030303	0	979606	0
1037496	0	2556452	0
1037496	0	2725825	1
1037496	0	2725834	0
1037496	0	2902707	0
1037496	0	3725934	1
1037496	0	3725936	0
1037496	0	3725937	0
1037496	0	3852733	0
1037496	0	4174376	0
1037496	0	4174377	0
1037496	0	4187303	0
1037496	0	4187305	1
1037496	0	4187307	1
1037496	0	4187309	0
1037496	0	4760907	0
1037496	0	4760908	0
1037496	0	4760912	1
1037496	0	4760914	0
1037496	0	4760915	0
1037496	0	4905511	0
1037496	0	4912160	0
1037496	0	4912162	1
1037496	0	4912163	0
1037496	0	4912167	1
1037496	0	4993566	1
1037496	0	57410	0
1037496	0	5927420	0
1037496	0	6866284	0
1037496	0	7287404	1
1037496	0	7766583	1
1037496	0	7766584	0
1037496	0	7766585	0
1037496	0	7766587	0
1037496	0	8805888	0
1043135	0	1637694	0
1043135	0	1637695	0
1043135	0	1637701	0
1043135	0	1845636	0
1043135	0	1845639	0
1043135	0	2443319	0
1043135	0	2443321	0
1043135	0	2664986	0
1043135	0	2664989	0
1043135	0	2664992	0
1043135	0	2664993	0
1043135	0	2664994	0
1043135	0	2664995	1
1043135	0	3378240	0
1043135	0	3878603	0
1043135	0	3878608	0
1043135	0	4355523	1
1043135	0	4541688	0
1043135	0	4994428	0
1043135	0	4994429	0
1043135	0	5262285	0
1043135	0	5262288	0
1043135	0	5262289	0
1043135	0	650641	1
1043135	0	650642	1
1043135	0	7022077	0
1043135	0	7137848	1
1043135	0	7137849	0
1043135	0	7137851	1
1043135	0	8224806	0
1043135	0	8224813	0
1043135	0	8694697	0
1043135	0	8694701	0
1043135	0	8694703	0
1043135	0	8696952	1
1043135	0	8696953	0
1043135	0	8696954	1
1043135	0	8696956	1
1043135	0	8696957	0
1043135	0	8696958	0
1043135	0	8696960	1
1043135	0	8696961	0
1051399	0	1678171	0
1051399	0	1678175	0
1051399	0	2180779	1
1051399	0	2250216	0
1051399	0	2427011	0
1051399	0	2768271	1
1051399	0	2845499	0
1051399	0	2866972	0
1051399	0	2866975	0
1051399	0	2866978	0
1051399	0	2894408	0
1051399	0	2978630	0
1051399	0	2978635	0
1051399	0	3174240	0
1051399	0	3446937	0
1051399	0	3681695	0
1051399	0	3694758	0
1051399	0	3773237	0
1051399	0	3854986	0
1051399	0	3854988	0
1051399	0	3854989	0
1051399	0	3943224	0
1051399	0	3943227	1
1051399	0	3943228	1
1051399	0	3943229	1
1051399	0	3969385	0
1051399	0	3969388	1
1051399	0	4084314	0
1051399	0	4171289	0
1051399	0	4251971	0
1051399	0	4352399	0
1051399	0	4368654	0
1051399	0	4368659	0
1051399	0	4380507	0
1051399	0	4380510	0
1051399	0	4418228	0
1051399	0	4426182	1
1051399	0	4426187	1
1051399	0	4426188	0
1051399	0	4486012	0
1051399	0	4513307	0
1051399	0	4552288	0
1051399	0	4681235	0
1051399	0	4729565	0
1051399	0	4736961	0
1051399	0	4815630	0
1051399	0	4878563	0
1051399	0	5041683	0
1051399	0	5186393	0
1051399	0	5348043	0
1051399	0	570299	0
1051399	0	69812	0
1051399	0	69813	1
1051399	0	69818	1
1051399	0	69819	0
1051399	0	745839	0
1051399	0	7744096	0
1051399	0	7760091	0
1051399	0	7815275	0
1051399	0	7848669	0
1051399	0	7848670	0
1051399	0	7848674	0
1051399	0	8712317	0
1051399	0	8818330	0
1064670	0	1237071	0
1064670	0	129459	0
1064670	0	129461	0
1064670	0	129462	0
1064670	0	129463	0
1064670	0	129467	0
1064670	0	129468	0
1064670	0	1567821	1
1064670	0	1567824	0
1064670	0	1760662	0
1064670	0	2839843	0
1064670	0	2977156	0
1064670	0	2977159	0
1064670	0	2977160	0
1064670	0	2998832	0
1064670	0	3079526	0
1064670	0	3333956	0
1064670	0	3644829	0
1064670	0	3741166	0
1064670	0	3807086	0
1064670	0	3826026	0
1064670	0	402493	0
1064670	0	4114926	1
1064670	0	4845639	0
1064670	0	5888407	0
1064670	0	6062648	0
1064670	0	6824284	0
1064670	0	6824285	1
1064670	0	6824287	0
1064670	0	6824288	0
1064670	0	6824289	1
1064670	0	6991411	0
1064670	0	736681	0
1064670	0	7556560	0
1064670	0	7734392	0
1064670	0	8100015	0
1064670	0	8100018	0
1064670	0	8100020	0
1064670	0	816339	0
1064670	0	816340	0
1064670	0	8337453	0
1064670	0	8337455	0
1064670	0	8680897	1
1064670	0	8680901	1
1064670	0	8680902	1
1064670	0	8680903	1
1064670	0	8680904	1
1064670	0	8680905	1
1064670	0	8680906	0
1064670	0	8734273	0
1071750	0	3016474	1
1071750	0	3016481	0
1071750	0	3575934	1
1071750	0	3850956	0
1071750	0	3928913	1
1071750	0	3928914	1
1071750	0	3928915	1
1071750	0	3928916	1
1071750	0	3928917	0
1071750	0	3928918	1
1071750	0	3928919	0
1071750	0	4133644	0
1071750	0	4717401	1
1071750	0	4794978	0
1071750	0	6508491	0
1071750	0	6508493	0
1071750	0	6508494	0
1071750	0	6508498	0
1071750	0	7778577	0
1071750	0	8378383	1
1071750	0	8378385	0
1071750	0	8378386	0
1071750	0	8378389	0
1071750	0	8378390	0
1071750	0	8378391	1
1071750	0	8698268	0
1071750	0	8698269	0
1071750	0	8698270	0
1071750	0	8698271	0
1071750	0	8698272	0
1071750	0	8698273	0
1071750	0	8698274	0
1071750	0	8698275	0
1071750	0	8698276	0
1105792	0	1088729	0
1105792	0	1620080	0
1105792	0	2668971	0
1105792	0	342876	0
1105792	0	3813126	0
1105792	0	4193893	0
1105792	0	4545233	0
1105792	0	5063488	0
1105792	0	5665835	0
1105792	0	6412594	0
1105792	0	6977017	1
1105792	0	7102720	1
1105792	0	7480463	0
1105792	0	8201610	0
1105792	0	8201611	1
1105792	0	8201612	1
1105792	0	8201613	1
1105792	0	8201614	1
1105792	0	8201615	1
1105792	0	8201616	1
1105792	0	8201617	0
1105792	0	8201618	1
1105792	0	8201619	1
1106979	0	2306620	1
1106979	0	2884219	0
1106979	0	3290646	0
1106979	0	3290649	1
1106979	0	3290651	1
1106979	0	348054	1
1106979	0	348055	1
1106979	0	348057	0
1106979	0	4219185	0
1106979	0	430215	0
1106979	0	7557632	0
1106979	0	7674419	0
1106979	0	799359	1
1106979	0	8190133	1
1106979	0	8190134	1
1106979	0	8190137	0
1106979	0	8190139	1
1106979	0	8190140	1
1108651	0	1325612	0
1108651	0	1421349	0
1108651	0	1421350	1
1108651	0	1421351	0
1108651	0	1421352	1
1108651	0	1421353	0
1108651	0	1421354	1
1108651	0	1421355	0
1108651	0	1457501	0
1108651	0	1482137	0
1108651	0	1643324	0
1108651	0	1646383	0
1108651	0	1649639	0
1108651	0	1738015	0
1108651	0	2024963	0
1108651	0	2065792	0
1108651	0	2141336	0
1108651	0	2475817	0
1108651	0	2564930	0
1108651	0	2682940	0
1108651	0	2745683	1
1108651	0	3102788	0
1108651	0	3102791	0
1108651	0	3102792	0
1108651	0	4304301	0
1108651	0	488271	0
1108651	0	4911228	0
1108651	0	5330509	0
1108651	0	5330510	0
1108651	0	5830553	0
1108651	0	6058576	0
1108651	0	6348741	0
1108651	0	6517914	0
1108651	0	6522183	1
1108651	0	6620938	0
1108651	0	6623205	0
1108651	0	6635998	1
1108651	0	6636001	1
1108651	0	6663873	0
1108651	0	6731792	0
1108651	0	6756165	0
1108651	0	6916357	0
1108651	0	7904315	0
1108651	0	815597	0
1108651	0	8175407	1
1108651	0	8175408	0
1108651	0	8175409	0
1108651	0	8175410	0
1108651	0	8175411	0
1108651	0	8175412	0
1108651	0	8175414	1
1108651	0	8175415	0
1108651	0	8258085	0
1108651	0	8289552	0
1108651	0	8289554	0
1108651	0	8289556	0
1108651	0	8289557	0
1108651	0	8289561	1
1108651	0	8591633	0
1109707	0	1011113	0
1109707	0	1143386	0
1109707	0	1143389	0
1109707	0	1190624	0
1109707	0	1230608	0
1109707	0	1255271	1
1109707	0	1608567	0
1109707	0	1719371	0
1109707	0	1719372	0
1109707	0	1719374	0
1109707	0	1823563	0
1109707	0	1911564	0
1109707	0	2245437	0
1109707	0	2510185	0
1109707	0	2646535	0
1109707	0	3039465	1
1109707	0	3039466	0
1109707	0	3982977	0
1109707	0	4099609	0
1109707	0	4122615	0
1109707	0	4122618	0
1109707	0	4236627	0
1109707	0	4237062	0
1109707	0	4294915	0
1109707	0	4332695	1
1109707	0	4370752	1
1109707	0	4370753	0
1109707	0	458599	0
1109707	0	458603	0
1109707	0	4788762	0
1109707	0	5121347	0
1109707	0	5145050	0
1109707	0	517840	0
1109707	0	517849	1
1109707	0	5415865	0
1109707	0	5740304	0
1109707	0	5813142	0
1109707	0	5826551	0
1109707	0	5942603	0
1109707	0	5947139	0
1109707	0	5947140	0
1109707	0	603152	0
1109707	0	6238285	0
1109707	0	6752975	1
1109707	0	679386	0
1109707	0	6872195	0
1109707	0	7030351	1
1109707	0	7241557	0
1109707	0	7566099	0
1109707	0	7566102	0
1109707	0	7671117	1
1109707	0	7671118	1
1109707	0	7671120	1
1109707	0	771002	0
1109707	0	771745	0
1109707	0	7979663	0
1109707	0	8008033	0
1109707	0	8165491	0
1109707	0	8165497	0
1109707	0	8363279	0
1109707	0	8363280	0
1110678	0	1174910	0
1110678	0	1191773	1
1110678	0	1263295	0
1110678	0	1273671	0
1110678	0	1273674	0
1110678	0	1273677	0
1110678	0	1327784	0
1110678	0	1368315	0
1110678	0	1555304	0
1110678	0	1710934	0
1110678	0	2126363	0
1110678	0	2310814	0
1110678	0	2713703	0
1110678	0	2713704	0
1110678	0	2713705	0
1110678	0	2713707	0
1110678	0	2713708	0
1110678	0	2713709	0
1110678	0	2713710	0
1110678	0	2713711	0
1110678	0	2748417	0
1110678	0	3116196	1
1110678	0	3195542	1
1110678	0	3559144	0
1110678	0	358450	1
1110678	0	3719134	0
1110678	0	3898227	0
1110678	0	4105531	0
1110678	0	4517440	1
1110678	0	4562240	0
1110678	0	4671167	0
1110678	0	4671169	0
1110678	0	4938479	0
1110678	0	5260903	0
1110678	0	5272210	0
1110678	0	5510586	0
1110678	0	5719597	0
1110678	0	5719602	0
1110678	0	6028890	0
1110678	0	6132506	0
1110678	0	6132507	0
1110678	0	6512111	0
1110678	0	6512116	0
1110678	0	6512117	0
1110678	0	6632692	1
1110678	0	6704694	0
1110678	0	7139329	0
1110678	0	7142094	0
1110678	0	7238156	0
1110678	0	741943	1
1110678	0	7487380	0
1110678	0	7671274	0
1110678	0	7681504	0
1110678	0	7822741	0
1110678	0	7822742	0
1110678	0	7822744	0
1110678	0	7833464	0
1110678	0	8092357	0
1110678	0	8155909	0
1110678	0	8155910	0
1110678	0	8155912	1
1110678	0	8155913	1
1110678	0	8155914	1
1110678	0	8159105	0
1110678	0	8319126	0
1110678	0	8378139	0
1110678	0	8541271	0
1113256	0	2168017	0
1113256	0	2285445	0
1113256	0	2808248	0
1113256	0	3129397	0
1113256	0	4655257	0
1113256	0	5236650	0
1113256	0	5365819	0
1113256	0	5542279	0
1113256	0	6718038	0
1113256	0	6915168	0
1113256	0	7494942	0
1113256	0	7557212	0
1113256	0	7561111	1
1113256	0	7561113	1
1113256	0	7561114	1
1113256	0	7561115	1
1113256	0	7561116	1
1113256	0	7561117	1
1113256	0	7561118	0
1113256	0	7561120	1
1113256	0	8040362	0
1113256	0	8130528	1
1113256	0	8130529	0
1113256	0	8130530	1
1113256	0	8130535	1
1113256	0	8447987	0
1115210	0	1139086	0
1115210	0	1139088	1
1115210	0	1139091	0
1115210	0	1537119	0
1115210	0	1592599	1
1115210	0	2168219	0
1115210	0	2168224	0
1115210	0	2237161	0
1115210	0	2690664	0
1115210	0	3031188	0
1115210	0	3031191	0
1115210	0	3525807	0
1115210	0	3676753	0
1115210	0	3793694	1
1115210	0	3793701	0
1115210	0	382378	1
1115210	0	3901001	1
1115210	0	409739	0
1115210	0	4189777	0
1115210	0	4450403	0
1115210	0	4450404	0
1115210	0	4722362	0
1115210	0	4781712	0
1115210	0	4791665	0
1115210	0	4902828	0
1115210	0	4981876	1
1115210	0	5547291	0
1115210	0	5547292	0
1115210	0	5547293	0
1115210	0	5547294	0
1115210	0	5547295	0
1115210	0	5547298	0
1115210	0	5547299	0
1115210	0	5769768	1
1115210	0	585138	0
1115210	0	5874877	0
1115210	0	71287	0
1115210	0	7440361	0
1115210	0	7440363	0
1115210	0	7440364	0
1115210	0	7487597	0
1115210	0	7487600	0
1115210	0	7487601	0
1115210	0	7628774	0
1115210	0	7666784	0
1115210	0	778989	0
1115210	0	8111878	0
1115210	0	8111879	0
1115210	0	8111881	0
1115210	0	8111882	0
1115210	0	8111883	0
1115210	0	8111884	1
1115210	0	8111885	0
1115210	0	8111886	0
1115210	0	8111887	0
1115210	0	8237862	1
1115210	0	8237865	1
1115210	0	8390252	0
1115210	0	8390254	0
1115210	0	840010	0
1115210	0	840012	0
1115210	0	845823	0
1115210	0	845828	0
1115210	0	8561242	0
1116380	0	1242073	0
1116380	0	1422757	0
1116380	0	1422760	0
1116380	0	1422761	0
1116380	0	1537443	0
1116380	0	1537447	1
1116380	0	1635678	0
1116380	0	1645711	0
1116380	0	1883474	0
1116380	0	189097	0
1116380	0	2302568	0
1116380	0	2302571	0
1116380	0	2557536	0
1116380	0	2626979	0
1116380	0	2626982	0
1116380	0	283258	0
1116380	0	283261	0
1116380	0	283262	0
1116380	0	283264	0
1116380	0	283266	0
1116380	0	283267	1
1116380	0	2960678	1
1116380	0	3588232	0
1116380	0	3588234	1
1116380	0	3680690	0
1116380	0	4118339	0
1116380	0	444969	0
1116380	0	5073073	0
1116380	0	5104772	0
1116380	0	5104773	0
1116380	0	5104774	0
1116380	0	5104775	0
1116380	0	5104779	0
1116380	0	521341	0
1116380	0	521345	0
1116380	0	5395322	0
1116380	0	5654382	0
1116380	0	5752652	1
1116380	0	5752653	0
1116380	0	5752657	0
1116380	0	6385486	0
1116380	0	6431022	0
1116380	0	684555	0
1116380	0	684558	1
1116380	0	684559	0
1116380	0	7215246	0
1116380	0	765646	0
1116380	0	7659172	0
1116380	0	7879731	0
1116380	0	8100541	0
1116380	0	8100542	1
1116380	0	8100543	1
1116380	0	8100545	1
1116380	0	8100546	1
1116380	0	8100548	0
1116380	0	8113949	0
1116380	0	8371014	0
1116380	0	8612548	0
1116380	0	8784326	0
1116380	0	8784331	0
1121353	0	1122644	0
1121353	0	1259245	0
1121353	0	1470180	0
1121353	0	1643468	0
1121353	0	1713980	0
1121353	0	1718235	0
1121353	0	1727596	0
1121353	0	1854970	0
1121353	0	1886363	0
1121353	0	1891190	0
1121353	0	1949495	0
1121353	0	195110	0
1121353	0	2043904	0
1121353	0	2213823	0
1121353	0	2213824	0
1121353	0	2260259	0
1121353	0	2474382	0
1121353	0	2477448	0
1121353	0	3405327	0
1121353	0	3405776	0
1121353	0	3527298	0
1121353	0	3541849	0
1121353	0	3541854	0
1121353	0	3641804	0
1121353	0	3658919	0
1121353	0	3658920	0
1121353	0	3658922	0
1121353	0	3658923	0
1121353	0	3683368	0
1121353	0	3763468	1
1121353	0	3856519	0
1121353	0	4249422	0
1121353	0	4255177	0
1121353	0	4259960	0
1121353	0	4405874	1
1121353	0	4440318	0
1121353	0	4440326	1
1121353	0	4595103	0
1121353	0	4828747	0
1121353	0	4872676	0
1121353	0	4881885	0
1121353	0	4969906	0
1121353	0	5065103	0
1121353	0	5300162	0
1121353	0	5357560	0
1121353	0	5407059	0
1121353	0	5540041	0
1121353	0	5540043	0
1121353	0	5572759	0
1121353	0	5584830	0
1121353	0	5606060	0
1121353	0	5642762	0
1121353	0	5754666	0
1121353	0	5884499	0
1121353	0	623603	0
1121353	0	623604	0
1121353	0	6352616	1
1121353	0	6352617	1
1121353	0	6352622	0
1121353	0	6379159	0
1121353	0	6381283	0
1121353	0	6599525	0
1121353	0	6606564	0
1121353	0	7070396	0
1121353	0	7191734	0
1121353	0	7344839	0
1121353	0	7363356	0
1121353	0	8041299	0
1121353	0	8053108	1
1121353	0	8053109	1
1121353	0	8053110	0
1121353	0	8053112	1
1121353	0	8053113	1
1121353	0	8053117	1
1121353	0	8081420	0
1121353	0	8083913	0
1121353	0	8261242	0
1121353	0	8436349	0
1121353	0	858644	0
1121353	0	8671649	0
1121353	0	8684415	0
1121353	0	8728942	0
1121353	0	8728948	0
1121353	0	935133	0
1121353	0	937044	0
1121353	0	946643	0
1121353	0	946647	0
1122767	0	1176273	0
1122767	0	1253475	0
1122767	0	1575377	0
1122767	0	1901639	0
1122767	0	2019367	0
1122767	0	2019371	0
1122767	0	2358778	0
1122767	0	2859904	0
1122767	0	2859907	1
1122767	0	3407781	0
1122767	0	3559293	0
1122767	0	4102083	0
1122767	0	4161416	1
1122767	0	4161419	1
1122767	0	4461311	1
1122767	0	4461313	0
1122767	0	4550504	0
1122767	0	458261	0
1122767	0	468959	1
1122767	0	4784605	0
1122767	0	4824677	0
1122767	0	4824679	0
1122767	0	5285491	1
1122767	0	5796709	0
1122767	0	5877496	0
1122767	0	5877500	0
1122767	0	6179207	0
1122767	0	6179209	0
1122767	0	6179210	0
1122767	0	6179213	1
1122767	0	668427	0
1122767	0	6727509	0
1122767	0	6851717	1
1122767	0	6851720	0
1122767	0	7544609	0
1122767	0	7863109	1
1122767	0	8039583	0
1122767	0	8039590	0
1122767	0	884946	1
1122767	0	884952	0
1127540	0	1145263	0
1127540	0	1145264	0
1127540	0	1683442	0
1127540	0	2044364	1
1127540	0	2044366	0
1127540	0	2044368	1
1127540	0	2044369	0
1127540	0	2044370	0
1127540	0	2044371	0
1127540	0	2044372	1
1127540	0	2574460	0
1127540	0	4368062	0
1127540	0	5728324	0
1127540	0	5728333	0
1127540	0	5753339	0
1127540	0	8077956	0
1127540	0	8726954	1
1127540	0	8726955	0
1127540	0	8726956	1
1127540	0	8726957	1
1127540	0	8726958	1
1127540	0	8726959	0
1127540	0	8726960	0
1127540	0	8726961	1
1127540	0	8726962	1
1127540	0	8726963	1
1131069	0	1627668	0
1131069	0	1780963	1
1131069	0	1780965	0
1131069	0	1780966	0
1131069	0	1780968	0
1131069	0	1780969	0
1131069	0	1780970	0
1131069	0	1780971	1
1131069	0	2760729	0
1131069	0	2805723	1
1131069	0	2805726	1
1131069	0	3140073	0
1131069	0	3298559	1
1131069	0	4120158	0
1131069	0	429333	0
1131069	0	4311900	0
1131069	0	4318857	0
1131069	0	5211648	0
1131069	0	5455642	0
1131069	0	5871207	0
1131069	0	6661248	0
1131069	0	6809697	0
1131069	0	6809698	0
1131069	0	6809699	0
1131069	0	6809701	0
1131069	0	6809702	0
1131069	0	6809703	0
1131069	0	6907802	0
1131069	0	6907805	0
1131069	0	6907806	0
1131069	0	6907807	1
1131069	0	6907808	1
1131069	0	6907809	0
1131069	0	7275756	0
1131069	0	7275757	0
1131069	0	7315060	1
1131069	0	7419370	0
1131069	0	7610004	0
1131069	0	7610010	0
1131069	0	7962538	0
1131069	0	8191742	0
1131069	0	8191743	0
1131069	0	8432048	0
1131069	0	8432049	1
1131069	0	8432050	1
1131069	0	8432053	0
1131069	0	8669561	0
1132532	0	1012083	0
1132532	0	1229278	0
1132532	0	1245510	1
1132532	0	1245511	0
1132532	0	23962	0
1132532	0	23966	0
1132532	0	2536147	0
1132532	0	2762578	0
1132532	0	3299150	0
1132532	0	3406612	0
1132532	0	3643206	0
1132532	0	3797904	0
1132532	0	4110870	0
1132532	0	4591601	0
1132532	0	4851673	0
1132532	0	4851677	0
1132532	0	4893092	0
1132532	0	5041349	0
1132532	0	5053525	0
1132532	0	5510988	0
1132532	0	5910809	0
1132532	0	5989422	0
1132532	0	6117740	0
1132532	0	6117745	0
1132532	0	6142066	0
1132532	0	6150717	0
1132532	0	6176605	0
1132532	0	6189364	0
1132532	0	6189365	0
1132532	0	6189366	1
1132532	0	6189367	0
1132532	0	6189369	0
1132532	0	6191514	0
1132532	0	6832788	0
1132532	0	6832789	1
1132532	0	6832790	1
1132532	0	6832791	0
1132532	0	6832793	0
1132532	0	6832794	0
1132532	0	6832795	0
1132532	0	718132	1
1132532	0	7508490	0
1132532	0	7508491	1
1132532	0	7508493	1
1132532	0	7543160	0
1132532	0	7543163	0
1132532	0	7543164	1
1132532	0	7941105	0
1132532	0	8307656	1
1132532	0	8307661	1
1132532	0	8318621	0
1132532	0	8318622	0
1132532	0	94140	0
1132532	0	986668	0
1133579	0	1200778	0
1133579	0	1200780	0
1133579	0	1318194	0
1133579	0	1659305	0
1133579	0	1659306	0
1133579	0	1659308	1
1133579	0	1694484	0
1133579	0	1694485	0
1133579	0	1817052	0
1133579	0	1817055	1
1133579	0	1817057	0
1133579	0	2067537	0
1133579	0	2067540	1
1133579	0	2067544	1
1133579	0	2067545	1
1133579	0	2448462	0
1133579	0	2727068	0
1133579	0	2829602	0
1133579	0	3321778	0
1133579	0	3691482	0
1133579	0	3691484	0
1133579	0	3691486	1
1133579	0	3841449	1
1133579	0	4057637	0
1133579	0	4057642	1
1133579	0	4274862	0
1133579	0	4274863	0
1133579	0	4274864	0
1133579	0	4274865	0
1133579	0	4506270	0
1133579	0	4668677	0
1133579	0	4868943	0
1133579	0	4931641	0
1133579	0	4931642	0
1133579	0	4931644	0
1133579	0	4931645	0
1133579	0	5277542	0
1133579	0	5277543	1
1133579	0	6252755	0
1133579	0	6252757	0
1133579	0	6600375	1
1133579	0	670206	0
1133579	0	7011715	0
1133579	0	7011718	0
1133579	0	733202	0
1133579	0	733203	0
1133579	0	733207	0
1133579	0	733208	0
1133579	0	733210	0
1133579	0	8220878	0
1133579	0	8379135	0
1133579	0	852137	0
1136043	0	1056534	1
1136043	0	1056535	0
1136043	0	1056537	0
1136043	0	1056540	1
1136043	0	1634131	0
1136043	0	1634132	0
1136043	0	1634134	1
1136043	0	2428271	0
1136043	0	2701068	0
1136043	0	3028339	0
1136043	0	4882508	0
1136043	0	4970862	0
1136043	0	5000763	0
1136043	0	5477706	0
1136043	0	5575991	0
1136043	0	6420308	0
1136043	0	6883734	0
1136043	0	7880131	0
1136043	0	852195	0
1136043	0	852196	0
1136043	0	852197	0
1136043	0	8728069	1
1136043	0	8728070	1
1136043	0	8728071	1
1136043	0	8728072	1
1136043	0	8728074	1
1136043	0	8728076	1
1136043	0	8728077	1
1136043	0	8728078	0
1136047	0	1716878	0
1136047	0	1716882	1
1136047	0	2186578	1
1136047	0	2330118	0
1136047	0	2815435	0
1136047	0	2815436	0
1136047	0	3006066	0
1136047	0	3447385	0
1136047	0	3775376	0
1136047	0	3960078	0
1136047	0	3988779	0
1136047	0	512481	1
1136047	0	512482	1
1136047	0	512483	0
1136047	0	512487	0
1136047	0	512489	0
1136047	0	6093345	0
1136047	0	6499345	0
1136047	0	7009393	0
1136047	0	7540967	0
1136047	0	7540969	0
1136047	0	7571090	0
1136047	0	8328670	0
1136047	0	8724031	1
1136047	0	8724032	0
1136047	0	8724033	1
1136047	0	8724034	1
1136047	0	8724035	1
1136047	0	8724036	1
1136047	0	8724038	1
1136962	0	2293833	0
1136962	0	2668190	0
1136962	0	275377	0
1136962	0	277849	0
1136962	0	3293337	1
1136962	0	3348372	0
1136962	0	3646987	0
1136962	0	3863653	0
1136962	0	4088981	0
1136962	0	4170447	0
1136962	0	4548553	0
1136962	0	4589723	1
1136962	0	4589724	1
1136962	0	4589728	0
1136962	0	4589730	1
1136962	0	4601613	0
1136962	0	5414508	0
1136962	0	5471438	1
1136962	0	596001	0
1136962	0	6185710	0
1136962	0	6185711	1
1136962	0	6185712	1
1136962	0	6185714	1
1136962	0	6185715	0
1136962	0	6185716	0
1136962	0	6185717	0
1136962	0	6211004	1
1136962	0	6684779	0
1136962	0	7631079	0
1136962	0	7631083	0
1136962	0	7631084	0
1136962	0	8336574	1
1136962	0	8336578	0
118440	0	1072191	0
118440	0	1305126	0
118440	0	1323064	1
118440	0	1445681	0
118440	0	1445685	0
118440	0	1569786	1
118440	0	1569787	1
118440	0	158199	0
118440	0	158205	0
118440	0	1827531	0
118440	0	230122	0
118440	0	232473	0
118440	0	2504007	1
118440	0	2674158	0
118440	0	2699180	1
118440	0	2699188	0
118440	0	2843799	1
118440	0	2975214	0
118440	0	2975216	0
118440	0	3033116	0
118440	0	3104947	0
118440	0	3104953	0
118440	0	3647356	0
118440	0	3647357	0
118440	0	4236463	0
118440	0	4403465	0
118440	0	4403471	0
118440	0	4574420	0
118440	0	4737856	0
118440	0	4868258	0
118440	0	5149039	0
118440	0	5229209	0
118440	0	6360238	0
118440	0	6382751	0
118440	0	6382753	0
118440	0	6382755	0
118440	0	6609239	0
118440	0	6609240	0
118440	0	6687966	1
118440	0	6744365	0
118440	0	6744368	0
118440	0	6750547	0
118440	0	6750548	0
118440	0	6750549	0
118440	0	6750551	0
118440	0	6750552	0
118440	0	6750554	0
118440	0	6802137	1
118440	0	7035722	0
118440	0	7159218	1
118440	0	7539487	0
118440	0	7703789	0
118440	0	7967582	0
118440	0	8412702	0
118440	0	8527723	1
118440	0	8785852	0
121171	0	1278921	0
121171	0	1278923	0
121171	0	1278926	1
121171	0	2550806	1
121171	0	2550807	0
121171	0	2550810	1
121171	0	2550811	1
121171	0	2550813	0
121171	0	2550814	0
121171	0	259430	1
121171	0	259431	0
121171	0	259433	0
121171	0	259434	0
121171	0	259435	0
121171	0	259436	0
121171	0	259437	0
121171	0	2626101	1
121171	0	2631827	0
121171	0	2735732	0
121171	0	3092263	0
121171	0	3812019	0
121171	0	3812022	1
121171	0	451170	0
121171	0	451171	0
121171	0	451172	0
121171	0	451173	0
121171	0	451174	0
121171	0	451175	0
121171	0	451176	0
121171	0	5809826	0
121171	0	5809831	0
121171	0	5930988	0
121171	0	6580476	0
121171	0	7165126	0
121171	0	7224846	0
121171	0	8056821	0
121171	0	8164251	1
121171	0	8260188	0
121171	0	8260191	1
121171	0	8260192	1
121171	0	8260193	0
121171	0	8260194	0
121171	0	8260195	0
121171	0	8643275	0
135802	0	1103938	1
135802	0	1256034	0
135802	0	2539732	0
135802	0	2539740	0
135802	0	2739063	0
135802	0	2739069	0
135802	0	2739070	0
135802	0	3624450	0
135802	0	366625	0
135802	0	4007446	0
135802	0	4007447	0
135802	0	4347259	0
135802	0	4382396	0
135802	0	4411252	0
135802	0	4919670	0
135802	0	5394718	0
135802	0	6037331	0
135802	0	6037338	0
135802	0	663707	0
135802	0	7003682	1
135802	0	7020899	1
135802	0	7075501	0
135802	0	7144826	0
135802	0	7327478	0
135802	0	802446	0
135802	0	8120579	0
135802	0	8264847	1
135802	0	8692619	1
135802	0	8692620	0
135802	0	8692621	1
135802	0	8692622	0
135802	0	8692623	1
135802	0	8692624	1
135802	0	8692625	0
135802	0	8692626	1
135802	0	8692627	0
135802	0	8692628	1
141630	0	1157245	0
141630	0	1157249	0
141630	0	1157251	0
141630	0	1314689	0
141630	0	1353759	0
141630	0	1889340	1
141630	0	2173072	0
141630	0	2366119	0
141630	0	2366121	0
141630	0	2473236	0
141630	0	2752564	0
141630	0	2851002	0
141630	0	3000836	0
141630	0	3096184	0
141630	0	3139270	0
141630	0	340875	0
141630	0	3500851	0
141630	0	3500852	0
141630	0	3500854	0
141630	0	3500855	1
141630	0	3500856	0
141630	0	3500857	0
141630	0	3500860	0
141630	0	3672655	0
141630	0	3722955	0
141630	0	4098919	0
141630	0	4098924	0
141630	0	4101944	1
141630	0	4101946	0
141630	0	4101951	0
141630	0	4101953	0
141630	0	4422338	0
141630	0	4422339	1
141630	0	4422342	0
141630	0	4422344	0
141630	0	5098393	1
141630	0	5098396	0
141630	0	5098397	1
141630	0	5098398	0
141630	0	5126206	0
141630	0	5126207	0
141630	0	5337305	1
141630	0	5389973	0
141630	0	5694666	0
141630	0	5921140	0
141630	0	6007469	0
141630	0	6064897	0
141630	0	6290795	0
141630	0	6319711	0
141630	0	6496225	0
141630	0	6496226	0
141630	0	6496228	1
141630	0	6530476	0
141630	0	6580043	0
141630	0	6638749	1
141630	0	6861521	0
141630	0	6865899	0
141630	0	7107466	0
141630	0	7705603	0
141630	0	7985117	0
141630	0	7985118	0
141630	0	8068281	0
141630	0	806878	0
141630	0	8225222	0
141630	0	8319987	0
141630	0	8319989	0
141630	0	8319990	0
141630	0	8319991	0
141630	0	8319993	0
141630	0	861355	0
141630	0	8653585	0
141630	0	8653589	0
141630	0	8685361	1
141630	0	8768725	0
141630	0	885784	0
156498	0	104801	1
156498	0	104803	1
156498	0	1066785	1
156498	0	1066789	0
156498	0	1564664	0
156498	0	1584048	0
156498	0	1663164	1
156498	0	1840047	0
156498	0	2167314	0
156498	0	3288004	0
156498	0	3301559	1
156498	0	3301562	1
156498	0	3301563	1
156498	0	3397582	0
156498	0	3669926	1
156498	0	3852372	0
156498	0	4026114	0
156498	0	4273410	0
156498	0	4273412	0
156498	0	4273418	0
156498	0	4273419	0
156498	0	4325225	0
156498	0	4468111	0
156498	0	463355	0
156498	0	494576	0
156498	0	4960216	1
156498	0	4960218	0
156498	0	5606985	0
156498	0	6555091	0
156498	0	6648988	0
156498	0	7393854	0
156498	0	7393858	0
156498	0	7456851	0
156498	0	8146073	0
156498	0	824332	0
156498	0	8615232	0
156498	0	8648969	1
156498	0	8823842	0
169208	0	1395413	1
169208	0	1395417	0
169208	0	1395418	0
169208	0	1480206	0
169208	0	2294759	0
169208	0	2408681	0
169208	0	2888367	1
169208	0	3408570	0
169208	0	3561306	0
169208	0	3715860	0
169208	0	4085645	0
169208	0	4180364	0
169208	0	4202275	0
169208	0	4202278	0
169208	0	4321613	0
169208	0	4354838	0
169208	0	4580131	1
169208	0	4580132	0
169208	0	4580133	1
169208	0	4580137	0
169208	0	4580139	1
169208	0	4694325	0
169208	0	4728189	0
169208	0	4762134	0
169208	0	4762135	0
169208	0	4762140	1
169208	0	4762141	0
169208	0	4859432	1
169208	0	4859433	0
169208	0	4859437	1
169208	0	4859438	1
169208	0	5268915	0
169208	0	5541538	0
169208	0	5872890	0
169208	0	6252711	0
169208	0	6413011	0
169208	0	6435804	0
169208	0	6808748	0
169208	0	7169063	0
169208	0	721607	0
169208	0	721610	0
169208	0	7251639	0
169208	0	8230949	0
169208	0	8303019	0
169208	0	8411957	0
169208	0	8518731	0
169208	0	8518733	0
169208	0	85987	0
169208	0	85989	1
174463	0	1013078	0
174463	0	1024759	0
174463	0	1024761	0
174463	0	1024762	0
174463	0	1024763	0
174463	0	1024764	0
174463	0	1024766	0
174463	0	1024767	0
174463	0	102528	0
174463	0	1070616	0
174463	0	1479952	1
174463	0	1567952	0
174463	0	1567956	0
174463	0	1567958	0
174463	0	1567960	0
174463	0	1788354	0
174463	0	1788355	0
174463	0	1835370	0
174463	0	1835371	0
174463	0	1835375	0
174463	0	1835377	0
174463	0	1854166	0
174463	0	1854167	0
174463	0	2382185	1
174463	0	2533619	0
174463	0	2533622	0
174463	0	2533623	0
174463	0	2533624	0
174463	0	2533625	0
174463	0	2533626	0
174463	0	299161	1
174463	0	3213498	0
174463	0	3235293	0
174463	0	3501225	0
174463	0	3501229	0
174463	0	3716946	0
174463	0	3716947	0
174463	0	4275746	0
174463	0	4275747	0
174463	0	4275752	0
174463	0	4321177	0
174463	0	4452289	0
174463	0	4452291	1
174463	0	4501665	0
174463	0	4662168	0
174463	0	4665971	1
174463	0	470707	0
174463	0	470708	0
174463	0	470710	0
174463	0	470711	0
174463	0	470712	0
174463	0	4710618	0
174463	0	5084515	0
174463	0	5264564	0
174463	0	5264567	0
174463	0	5303493	0
174463	0	5303495	0
174463	0	5303496	0
174463	0	5538544	0
174463	0	5641976	0
174463	0	5688367	0
174463	0	5779094	0
174463	0	6083368	0
174463	0	6083369	0
174463	0	6083371	0
174463	0	6094016	0
174463	0	6094017	0
174463	0	6094019	0
174463	0	6294949	0
174463	0	6330267	1
174463	0	6718985	0
174463	0	6718987	0
174463	0	6867423	0
174463	0	7089624	0
174463	0	7089625	0
174463	0	7089627	0
174463	0	7089629	0
174463	0	7089630	0
174463	0	7089632	1
174463	0	7314482	0
174463	0	7812730	0
174463	0	8304451	0
174463	0	8304454	1
174463	0	8304456	1
174463	0	8304457	0
174463	0	8304458	1
174463	0	8454980	0
174463	0	8770949	0
23849	0	1034183	0
23849	0	1068470	0
23849	0	1158886	0
23849	0	1215556	0
23849	0	1333480	0
23849	0	1449785	0
23849	0	1460057	0
23849	0	1594083	0
23849	0	1601003	1
23849	0	1622747	0
23849	0	1739455	0
23849	0	178252	0
23849	0	1825393	0
23849	0	188190	0
23849	0	1944730	1
23849	0	2039331	0
23849	0	2055243	0
23849	0	2199035	0
23849	0	2209883	0
23849	0	2217275	0
23849	0	2516458	0
23849	0	2647769	1
23849	0	2674124	0
23849	0	3978767	0
23849	0	4188880	0
23849	0	4237823	1
23849	0	4281690	0
23849	0	4348282	0
23849	0	436721	0
23849	0	446099	0
23849	0	4491642	0
23849	0	4556932	0
23849	0	4556933	0
23849	0	4556938	0
23849	0	4712571	0
23849	0	4806514	0
23849	0	4834498	0
23849	0	4920679	0
23849	0	4942375	0
23849	0	4944603	0
23849	0	5143193	1
23849	0	5255098	1
23849	0	5340997	1
23849	0	542113	0
23849	0	5913890	0
23849	0	5925321	0
23849	0	6054726	0
23849	0	6252656	0
23849	0	6328471	0
23849	0	6667419	0
23849	0	6688737	0
23849	0	6688738	0
23849	0	6688741	0
23849	0	6688742	0
23849	0	6688743	0
23849	0	6705133	0
23849	0	6722889	0
23849	0	6722890	0
23849	0	6849942	0
23849	0	7014217	0
23849	0	7119957	0
23849	0	7160298	0
23849	0	7165935	0
23849	0	7402729	0
23849	0	7431268	0
23849	0	7519911	0
23849	0	7655100	1
23849	0	7845081	0
23849	0	799642	0
23849	0	8010558	0
23849	0	8010559	0
23849	0	8010560	0
23849	0	8010561	0
23849	0	8010562	0
23849	0	8010563	1
23849	0	8010564	1
23849	0	8010565	0
23849	0	8010566	0
23849	0	8013217	0
23849	0	8017141	0
23849	0	8052286	0
23849	0	8059826	0
23849	0	8126279	0
23849	0	8133127	0
23849	0	8162522	0
23849	0	8246990	0
23849	0	8264389	0
23849	0	8350307	0
23849	0	8466742	0
23849	0	8466743	0
23849	0	8466744	0
23849	0	8466750	0
23849	0	8665052	0
23849	0	8752783	0
23849	0	8769995	0
23849	0	886103	0
23849	0	958491	0
258062	0	1311741	0
258062	0	1348968	0
258062	0	1805967	0
258062	0	18103	0
258062	0	2087378	0
258062	0	2510542	0
258062	0	2707010	0
258062	0	2898169	0
258062	0	3012167	0
258062	0	3189004	0
258062	0	3195767	0
258062	0	3297029	0
258062	0	3392238	0
258062	0	3404354	0
258062	0	3683402	0
258062	0	3695217	0
258062	0	3777927	0
258062	0	3777928	0
258062	0	3777930	0
258062	0	3947010	0
258062	0	4155912	0
258062	0	4159145	0
258062	0	4159344	0
258062	0	4159345	0
258062	0	4174306	0
258062	0	4174308	1
258062	0	4174310	1
258062	0	4174313	1
258062	0	4595794	1
258062	0	4595795	1
258062	0	5456429	0
258062	0	5993823	0
258062	0	5993826	1
258062	0	6084336	0
258062	0	6084339	1
258062	0	63211	0
258062	0	639084	0
258062	0	6990374	0
258062	0	7068639	0
258062	0	7532084	0
258062	0	8694158	0
258062	0	8694161	1
258062	0	8694163	1
258062	0	91493	1
258062	0	955811	0
258062	0	955813	0
324585	0	1051441	0
324585	0	1536988	1
324585	0	1536989	0
324585	0	1536990	1
324585	0	1536995	0
324585	0	1536997	1
324585	0	2193462	0
324585	0	2194313	0
324585	0	2944861	0
324585	0	296622	0
324585	0	3608325	0
324585	0	405277	1
324585	0	405281	1
324585	0	405282	0
324585	0	4467785	0
324585	0	4532866	0
324585	0	4765769	0
324585	0	5131128	0
324585	0	5525879	0
324585	0	5610255	0
324585	0	5996798	0
324585	0	6369620	0
324585	0	6393239	0
324585	0	6480421	0
324585	0	6480422	0
324585	0	6565613	0
324585	0	6712393	0
324585	0	6842100	0
324585	0	7006319	0
324585	0	7519882	0
324585	0	7568187	0
324585	0	7653696	0
324585	0	7941122	0
324585	0	7941125	0
324585	0	7941129	0
324585	0	7941130	0
324585	0	7987550	0
324585	0	8290308	1
324585	0	8290309	1
324585	0	8290310	0
324585	0	8290314	1
324585	0	8310496	0
324585	0	8310498	0
324585	0	8310499	0
324585	0	8310502	0
324585	0	8310503	1
324585	0	8381474	0
324585	0	8467798	0
324585	0	8500120	1
324585	0	8500121	0
324585	0	8500123	0
324585	0	8500124	0
324585	0	8762257	0
330975	0	1097861	0
330975	0	1598185	1
330975	0	1637261	0
330975	0	2299996	0
330975	0	233944	0
330975	0	233945	0
330975	0	233946	1
330975	0	233948	0
330975	0	233949	0
330975	0	233950	0
330975	0	233951	0
330975	0	233952	0
330975	0	3240106	0
330975	0	3240112	0
330975	0	3256083	0
330975	0	3256084	1
330975	0	3297854	0
330975	0	3297855	1
330975	0	3297856	0
330975	0	3297857	0
330975	0	3297858	0
330975	0	3335804	0
330975	0	3857965	0
330975	0	4043524	0
330975	0	4108178	0
330975	0	4108179	0
330975	0	4392140	0
330975	0	4392141	0
330975	0	4392144	0
330975	0	4392147	0
330975	0	4620919	0
330975	0	4620920	0
330975	0	4620924	0
330975	0	4695292	0
330975	0	482130	1
330975	0	482131	0
330975	0	4896437	0
330975	0	5190215	1
330975	0	5196922	0
330975	0	5393803	1
330975	0	5393804	0
330975	0	5393805	0
330975	0	5427108	0
330975	0	5557976	0
330975	0	5557977	0
330975	0	5580311	0
330975	0	5750875	0
330975	0	5750877	0
330975	0	5750880	0
330975	0	6310757	1
330975	0	6559225	0
330975	0	6625786	0
330975	0	6693239	1
330975	0	702098	0
330975	0	7074783	0
330975	0	7624927	0
330975	0	7908218	0
330975	0	8327009	0
330975	0	8327012	0
330975	0	8541455	0
330975	0	8541461	1
332593	0	1167184	1
332593	0	1443723	0
332593	0	1443727	0
332593	0	1539776	0
332593	0	1650687	0
332593	0	1905432	0
332593	0	329112	0
332593	0	3336840	0
332593	0	3731313	1
332593	0	4023721	0
332593	0	4023722	0
332593	0	4431498	0
332593	0	4431502	0
332593	0	4614346	0
332593	0	4952095	0
332593	0	5241320	1
332593	0	5241321	1
332593	0	5241322	1
332593	0	5241323	1
332593	0	5241324	0
332593	0	5241326	0
332593	0	5241328	1
332593	0	5707522	0
332593	0	6007038	0
332593	0	6007041	0
332593	0	6007045	0
332593	0	6514779	0
332593	0	6514781	0
332593	0	6534081	0
332593	0	6534089	0
332593	0	6765225	0
332593	0	6765227	0
332593	0	7073993	0
332593	0	7073995	1
332593	0	7073996	0
332593	0	7073999	0
332593	0	8021425	0
332593	0	8091681	0
332593	0	8434869	0
332593	0	8434871	1
332593	0	8434872	0
332593	0	8434873	1
332593	0	8749229	0
332593	0	8749230	0
332593	0	8749231	0
336901	0	1521213	0
336901	0	1674353	0
336901	0	1768586	0
336901	0	213017	0
336901	0	2291851	0
336901	0	2291853	0
336901	0	2537065	1
336901	0	2589736	0
336901	0	2909600	0
336901	0	2934191	0
336901	0	3330854	0
336901	0	3386083	1
336901	0	3646550	1
336901	0	3987390	0
336901	0	4028521	0
336901	0	4048104	0
336901	0	4420994	0
336901	0	4789969	0
336901	0	4954233	0
336901	0	5064227	0
336901	0	5100469	0
336901	0	5147393	0
336901	0	5384135	0
336901	0	560665	0
336901	0	5901048	0
336901	0	6017280	1
336901	0	6017284	1
336901	0	6017286	0
336901	0	6017287	0
336901	0	6054128	0
336901	0	6096613	0
336901	0	6096614	0
336901	0	6560790	0
336901	0	7402234	0
336901	0	7459686	0
336901	0	7836253	0
336901	0	7836254	0
336901	0	7836255	0
336901	0	7836256	0
336901	0	7836258	0
336901	0	7836261	0
336901	0	8130980	0
336901	0	8528674	1
336901	0	8528675	1
336901	0	8528677	0
336901	0	8528678	1
336901	0	8528679	1
336901	0	8528680	0
336901	0	8528681	0
336901	0	8528682	0
336901	0	8740069	0
336901	0	8794743	1
390360	0	1032410	0
390360	0	1093722	0
390360	0	1139946	0
390360	0	1139949	0
390360	0	121529	0
390360	0	1326095	0
390360	0	1378333	0
390360	0	1378337	0
390360	0	1609998	0
390360	0	1927069	0
390360	0	2168033	0
390360	0	2173448	0
390360	0	217537	0
390360	0	217540	0
390360	0	2203875	0
390360	0	2203877	0
390360	0	2419904	0
390360	0	2784297	0
390360	0	3104906	0
390360	0	324991	0
390360	0	324992	0
390360	0	324994	0
390360	0	3518921	0
390360	0	3623762	0
390360	0	3988320	0
390360	0	425021	0
390360	0	4546335	0
390360	0	4619216	1
390360	0	4619218	1
390360	0	4683960	0
390360	0	473001	0
390360	0	5423359	0
390360	0	566410	0
390360	0	604111	1
390360	0	6179316	0
390360	0	6492799	0
390360	0	6492800	0
390360	0	6492801	0
390360	0	6492802	0
390360	0	6999350	0
390360	0	7166011	0
390360	0	7186643	0
390360	0	7406840	0
390360	0	7462672	0
390360	0	7666614	1
390360	0	7679050	0
390360	0	7807146	1
390360	0	8009002	0
390360	0	8384887	0
390360	0	844997	0
390360	0	860971	0
390360	0	8630609	1
390360	0	8630611	1
390360	0	8630612	1
390360	0	8630613	0
390360	0	8630614	1
390360	0	8630616	0
390360	0	8630617	0
390360	0	8630618	1
390360	0	963941	0
390360	0	963943	0
405163	0	1041997	1
405163	0	1108748	0
405163	0	1212298	1
405163	0	1234964	0
405163	0	1305759	0
405163	0	1330010	0
405163	0	1352545	0
405163	0	1352548	0
405163	0	1506457	0
405163	0	1518539	0
405163	0	1518541	0
405163	0	1567779	0
405163	0	1655999	0
405163	0	1667024	0
405163	0	1667027	0
405163	0	1893016	0
405163	0	1902864	0
405163	0	1902866	0
405163	0	2016025	0
405163	0	2055218	0
405163	0	2077809	0
405163	0	2139588	0
405163	0	2407799	0
405163	0	2748170	1
405163	0	2806293	0
405163	0	2806296	0
405163	0	289329	0
405163	0	2902930	0
405163	0	295189	0
405163	0	306987	0
405163	0	306992	0
405163	0	3216136	0
405163	0	3600866	0
405163	0	3602402	0
405163	0	3850032	0
405163	0	3918981	0
405163	0	3918983	0
405163	0	4058115	0
405163	0	4228172	0
405163	0	4232058	0
405163	0	429245	0
405163	0	429246	0
405163	0	429247	0
405163	0	4346504	0
405163	0	4409822	0
405163	0	4642223	0
405163	0	5095855	0
405163	0	5214452	0
405163	0	5248627	0
405163	0	5282651	0
405163	0	5514160	0
405163	0	5523884	0
405163	0	5658841	0
405163	0	5706290	0
405163	0	5706291	0
405163	0	5710977	0
405163	0	5746714	0
405163	0	5746717	0
405163	0	5768619	0
405163	0	5897402	0
405163	0	5909565	0
405163	0	5909571	0
405163	0	5922369	0
405163	0	6250234	0
405163	0	6289824	0
405163	0	6334781	0
405163	0	647592	0
405163	0	647594	0
405163	0	6689927	0
405163	0	6689928	0
405163	0	6707943	0
405163	0	6770821	0
405163	0	6796414	0
405163	0	6796624	0
405163	0	6877861	0
405163	0	6916264	1
405163	0	6945009	0
405163	0	6945011	1
405163	0	6945014	0
405163	0	6965575	0
405163	0	7044508	0
405163	0	7196947	0
405163	0	72203	0
405163	0	7392422	0
405163	0	7454159	0
405163	0	7622492	1
405163	0	7754279	0
405163	0	7969801	0
405163	0	8282533	0
405163	0	834747	0
405163	0	834754	0
405163	0	8445975	0
405163	0	8482540	0
405163	0	851536	1
405163	0	8608597	1
405163	0	8608603	0
405163	0	8633840	0
405163	0	863570	0
405163	0	8682163	1
405163	0	8682164	1
405163	0	8707747	0
405163	0	931373	0
405163	0	978353	0
42255	0	1470400	0
42255	0	1470405	0
42255	0	1601664	0
42255	0	1601667	0
42255	0	179535	0
42255	0	182410	0
42255	0	1896377	0
42255	0	1896381	0
42255	0	2067180	0
42255	0	2229964	0
42255	0	2584026	0
42255	0	2673765	0
42255	0	2799681	0
42255	0	2799685	0
42255	0	2834575	0
42255	0	2882385	0
42255	0	3063186	0
42255	0	3063187	0
42255	0	3063191	0
42255	0	3077466	0
42255	0	3077467	0
42255	0	3349782	0
42255	0	363752	0
42255	0	3716276	0
42255	0	3716279	0
42255	0	3716280	0
42255	0	3716282	0
42255	0	3723425	0
42255	0	3817242	0
42255	0	3817246	0
42255	0	471838	0
42255	0	5076181	1
42255	0	5326925	0
42255	0	5519434	1
42255	0	5550457	0
42255	0	5571057	0
42255	0	5778518	0
42255	0	5783297	0
42255	0	5783300	0
42255	0	5801316	1
42255	0	5921270	0
42255	0	5997797	0
42255	0	5997799	0
42255	0	5997800	0
42255	0	6098597	0
42255	0	6098598	0
42255	0	6098601	0
42255	0	6098603	0
42255	0	6120375	0
42255	0	6120376	0
42255	0	6159642	0
42255	0	6159644	0
42255	0	630087	0
42255	0	6307609	0
42255	0	6314164	0
42255	0	6487361	0
42255	0	6528860	0
42255	0	6784918	0
42255	0	6784924	0
42255	0	6971736	0
42255	0	6971740	0
42255	0	7123386	0
42255	0	7123389	0
42255	0	729163	0
42255	0	7688778	0
42255	0	7688780	0
42255	0	7944025	0
42255	0	7944026	0
42255	0	8012296	0
42255	0	8070166	0
42255	0	8286390	0
42255	0	8286391	0
42255	0	8286392	0
42255	0	8328839	0
42255	0	8328843	0
42255	0	8372967	0
42255	0	8372968	0
42255	0	857475	0
42255	0	857478	0
42255	0	857479	0
42255	0	8586795	0
42255	0	8720119	0
42255	0	8746188	1
42255	0	8746189	1
42255	0	8746190	0
42255	0	8746191	1
42255	0	8746192	0
42255	0	8746193	0
42255	0	8746194	1
42255	0	8746195	1
42255	0	8746196	1
42255	0	8746197	1
47210	0	1560499	0
47210	0	2042918	1
47210	0	2042923	0
47210	0	2042924	0
47210	0	2042926	0
47210	0	2042927	0
47210	0	2338383	0
47210	0	2338385	0
47210	0	2545998	1
47210	0	2545999	0
47210	0	2546001	1
47210	0	2546002	1
47210	0	2546005	1
47210	0	2546007	1
47210	0	3304358	1
47210	0	3304359	1
47210	0	3757931	0
47210	0	3757932	0
47210	0	4007104	0
47210	0	4007106	0
47210	0	4748994	0
47210	0	4748997	0
47210	0	4766143	0
47210	0	5207326	0
47210	0	5207328	0
47210	0	5207329	1
47210	0	5301404	0
47210	0	5301406	0
47210	0	5497272	0
47210	0	5497278	0
47210	0	5642104	0
47210	0	5691600	0
47210	0	6168517	0
47210	0	6180504	0
47210	0	6180507	0
47210	0	6502207	0
47210	0	6502208	0
47210	0	6990781	0
47210	0	7367872	0
47210	0	7367873	0
47210	0	7367874	0
47210	0	7509249	1
47210	0	7509252	0
47210	0	7562282	0
47210	0	7562284	0
47210	0	8261978	0
47210	0	8646329	0
47210	0	8646330	0
47210	0	8646331	0
555530	0	1114218	0
555530	0	1447386	0
555530	0	1526190	0
555530	0	1536620	1
555530	0	1554646	0
555530	0	1618154	0
555530	0	1672654	0
555530	0	1754577	0
555530	0	1754578	0
555530	0	1754579	0
555530	0	1754584	0
555530	0	1807676	0
555530	0	1897713	0
555530	0	1897716	0
555530	0	1897718	0
555530	0	1897720	0
555530	0	2217431	0
555530	0	2354213	0
555530	0	264683	0
555530	0	2805520	0
555530	0	2906190	0
555530	0	2978164	0
555530	0	2978171	0
555530	0	338636	0
555530	0	3559167	0
555530	0	3703992	0
555530	0	3717582	0
555530	0	3764719	0
555530	0	4071550	0
555530	0	4137963	0
555530	0	4137964	0
555530	0	4238674	0
555530	0	4240158	0
555530	0	4296807	0
555530	0	448525	0
555530	0	448529	0
555530	0	4744248	0
555530	0	474541	1
555530	0	474544	0
555530	0	480988	0
555530	0	5106749	0
555530	0	5182520	0
555530	0	561169	0
555530	0	5753585	1
555530	0	5846397	0
555530	0	6078221	0
555530	0	6078228	1
555530	0	6108232	0
555530	0	6221470	1
555530	0	6225332	0
555530	0	6309262	1
555530	0	6434719	0
555530	0	6449364	1
555530	0	6450951	0
555530	0	6450953	0
555530	0	6485976	0
555530	0	6579581	0
555530	0	668366	0
555530	0	6869537	0
555530	0	6913116	0
555530	0	6936082	1
555530	0	6938328	0
555530	0	6990474	0
555530	0	7179784	1
555530	0	7179789	0
555530	0	7179791	1
555530	0	7232504	0
555530	0	7246139	0
555530	0	7339147	0
555530	0	7349580	0
555530	0	7419503	0
555530	0	7475084	0
555530	0	7606337	0
555530	0	7766457	0
555530	0	7766465	0
555530	0	8025704	0
555530	0	8097532	0
555530	0	8276743	0
555530	0	8461277	0
555530	0	8637526	0
555530	0	910809	0
555530	0	971429	0
583468	0	119352	0
583468	0	119354	1
583468	0	1546128	0
583468	0	1675561	0
583468	0	1675562	0
583468	0	1675564	0
583468	0	1675566	1
583468	0	2080306	0
583468	0	2267048	1
583468	0	2267052	1
583468	0	2267054	0
583468	0	3466606	0
583468	0	3466607	1
583468	0	6286922	1
583468	0	6286927	0
583468	0	6286928	0
583468	0	6578660	0
583468	0	6654310	0
583468	0	7450717	1
583468	0	7450718	1
583468	0	7450725	0
583468	0	7465955	1
583468	0	7491697	0
583468	0	7491698	0
583468	0	7491700	0
583468	0	7491704	0
583468	0	7491705	0
583468	0	7706119	0
583468	0	7706120	0
583468	0	7706122	0
583468	0	7744346	0
583468	0	7744347	0
583468	0	7744348	0
583468	0	7744349	0
583468	0	7744350	1
583468	0	7744351	0
583468	0	8144451	0
583468	0	8326078	0
583468	0	8326080	0
583468	0	8395840	0
583468	0	914666	0
583468	0	914668	0
640502	0	1034851	0
640502	0	1091791	0
640502	0	1091795	1
640502	0	1226398	0
640502	0	1226405	0
640502	0	1304073	0
640502	0	1467731	0
640502	0	1467737	0
640502	0	172502	0
640502	0	1754997	1
640502	0	1775697	1
640502	0	1854588	0
640502	0	1957247	0
640502	0	1957252	0
640502	0	208378	0
640502	0	2096762	0
640502	0	2096764	0
640502	0	2442847	0
640502	0	2445381	0
640502	0	2701130	0
640502	0	2808569	1
640502	0	2808576	0
640502	0	2989518	0
640502	0	2989520	0
640502	0	3255505	0
640502	0	3263516	0
640502	0	3511308	0
640502	0	3511310	0
640502	0	3551380	0
640502	0	3678130	0
640502	0	3992434	1
640502	0	4088602	0
640502	0	4088606	1
640502	0	409318	0
640502	0	4132983	0
640502	0	418508	1
640502	0	4261742	0
640502	0	4422928	0
640502	0	4778464	0
640502	0	5073872	0
640502	0	5150987	0
640502	0	5150990	0
640502	0	5161853	0
640502	0	5539487	0
640502	0	598202	0
640502	0	598204	0
640502	0	6146400	0
640502	0	6304677	0
640502	0	6414861	0
640502	0	6497380	0
640502	0	6497385	0
640502	0	6679958	1
640502	0	6730883	0
640502	0	6730884	0
640502	0	6730887	1
640502	0	6985038	0
640502	0	7109037	0
640502	0	7160373	0
640502	0	7456406	0
640502	0	7540167	1
640502	0	77134	0
640502	0	8003526	0
640502	0	8412227	0
640502	0	8412229	0
640502	0	8451475	0
67316	0	1114355	0
67316	0	1134520	0
67316	0	1191975	0
67316	0	1233288	0
67316	0	1261955	0
67316	0	1277368	0
67316	0	1325092	0
67316	0	1401789	0
67316	0	1408563	0
67316	0	1920786	0
67316	0	1974374	0
67316	0	1974375	0
67316	0	209702	0
67316	0	2268657	0
67316	0	2365991	0
67316	0	2688813	0
67316	0	2930660	1
67316	0	2930661	0
67316	0	3063530	0
67316	0	308681	0
67316	0	3250707	0
67316	0	3272839	0
67316	0	3393479	0
67316	0	3557361	0
67316	0	3761777	0
67316	0	3810716	0
67316	0	3810719	0
67316	0	3857558	0
67316	0	3871324	0
67316	0	3942287	1
67316	0	4141330	0
67316	0	4163705	0
67316	0	4163707	0
67316	0	4180169	0
67316	0	44015	0
67316	0	450305	0
67316	0	450309	0
67316	0	4789318	0
67316	0	4789322	1
67316	0	481471	0
67316	0	4863059	0
67316	0	4922572	0
67316	0	5029981	0
67316	0	5029984	0
67316	0	5181841	0
67316	0	5195161	0
67316	0	5252008	0
67316	0	6091258	0
67316	0	6148105	0
67316	0	6221796	0
67316	0	6290080	0
67316	0	6387611	0
67316	0	6439840	0
67316	0	6507744	0
67316	0	6607539	0
67316	0	6607541	0
67316	0	6607542	0
67316	0	6680964	1
67316	0	6680965	0
67316	0	6680966	0
67316	0	6680967	0
67316	0	6680968	0
67316	0	6683215	0
67316	0	6764671	0
67316	0	6764674	0
67316	0	6905735	0
67316	0	6925995	0
67316	0	7019081	1
67316	0	7027708	0
67316	0	7112302	0
67316	0	7114279	1
67316	0	7348851	1
67316	0	7418431	0
67316	0	7418432	0
67316	0	7418438	1
67316	0	7513151	0
67316	0	7630885	0
67316	0	7701876	0
67316	0	800359	0
67316	0	8003840	0
67316	0	8161992	0
67316	0	8200130	0
67316	0	8261797	0
67316	0	8285748	0
67316	0	8308297	0
67316	0	8308718	0
67316	0	8312258	1
67316	0	8312265	1
67316	0	8377581	0
67316	0	8431632	0
67316	0	8431637	0
67316	0	8473319	0
67316	0	8773687	0
673670	0	1178245	0
673670	0	1282792	0
673670	0	1282794	0
673670	0	1398748	0
673670	0	1454201	0
673670	0	1511452	0
673670	0	1511453	0
673670	0	1511457	0
673670	0	1511459	0
673670	0	1905068	0
673670	0	1954736	0
673670	0	1954745	0
673670	0	2240351	0
673670	0	2240354	1
673670	0	2240356	0
673670	0	2240359	0
673670	0	3345262	0
673670	0	3345263	0
673670	0	3345266	0
673670	0	3345269	0
673670	0	3592286	1
673670	0	3607495	1
673670	0	3607500	1
673670	0	3607501	0
673670	0	4013566	0
673670	0	4013570	0
673670	0	6084748	0
673670	0	6342707	0
673670	0	6989198	0
673670	0	7257297	0
673670	0	7257300	0
673670	0	7257301	0
673670	0	7257302	0
673670	0	7257303	0
673670	0	7257304	1
673670	0	7257306	1
673670	0	7583949	0
673670	0	7732030	0
673670	0	7772630	0
673670	0	7772637	0
673670	0	824934	0
673670	0	8495250	0
673670	0	8524263	1
673670	0	8554511	0
673670	0	8632357	0
673670	0	8632359	1
673670	0	8632360	0
673670	0	8632361	0
673670	0	8632362	1
673670	0	8632363	0
673670	0	8632364	1
673670	0	8632365	0
673670	0	867190	0
673670	0	867197	0
673670	0	8735640	0
673670	0	8735643	0
673670	0	8773078	0
701453	0	100342	0
701453	0	2036076	1
701453	0	4330671	1
701453	0	4330672	0
701453	0	4330673	0
701453	0	4330675	0
701453	0	4330676	0
701453	0	4330677	0
701453	0	4330678	1
701453	0	4330679	1
701453	0	4330680	0
701453	0	4355643	0
701453	0	4355645	0
701453	0	4355647	1
701453	0	4355649	0
701453	0	4355652	0
701453	0	4832975	0
701453	0	688613	0
701453	0	688614	1
701453	0	688615	1
701453	0	688618	0
701453	0	6927982	0
701453	0	6999084	0
701453	0	6999087	0
701453	0	7259848	0
701453	0	7586972	0
701453	0	7806569	0
701453	0	781518	0
701453	0	8402346	0
701453	0	8402348	1
701453	0	8402349	1
701453	0	8402350	0
701453	0	8626140	0
701453	0	8626142	0
701453	0	8626143	1
701453	0	8626145	0
701453	0	8626149	0
730539	0	1520038	0
730539	0	1625667	0
730539	0	1625670	0
730539	0	1625674	0
730539	0	239231	0
730539	0	2666436	0
730539	0	2666442	1
730539	0	2666443	0
730539	0	2666444	1
730539	0	3320012	0
730539	0	3476824	1
730539	0	3944257	0
730539	0	437275	0
730539	0	437276	0
730539	0	4539974	0
730539	0	4605022	1
730539	0	4885113	0
730539	0	5428552	1
730539	0	6734967	1
730539	0	7129068	0
730539	0	7916064	1
730539	0	8276217	0
730539	0	8276218	1
730539	0	8276221	0
730539	0	8276222	0
730539	0	8276223	0
730539	0	8327959	0
730539	0	8577876	0
730539	0	8577877	1
730539	0	8577878	0
730539	0	8577879	0
730539	0	8577880	1
730539	0	8577882	0
768208	0	2056879	0
768208	0	2379474	0
768208	0	240435	0
768208	0	240436	0
768208	0	2968691	0
768208	0	2988811	0
768208	0	3171396	0
768208	0	3515882	1
768208	0	3515884	1
768208	0	3564080	0
768208	0	3710762	0
768208	0	37604	0
768208	0	4251602	1
768208	0	5025777	0
768208	0	5039567	0
768208	0	52154	0
768208	0	52155	1
768208	0	52156	0
768208	0	52157	1
768208	0	52158	1
768208	0	52159	1
768208	0	52160	1
768208	0	52161	0
768208	0	52162	0
768208	0	52163	1
768208	0	5222129	0
768208	0	581991	0
768208	0	6846418	0
768208	0	6944794	0
768208	0	7272040	0
768208	0	7272041	0
768208	0	7272045	0
768208	0	813102	0
768208	0	8170966	0
768208	0	8187702	0
768208	0	820489	0
768208	0	8525681	1
768208	0	8525683	0
768208	0	8615154	0
768208	0	8619622	0
768208	0	8802293	0
768208	0	955479	0
877809	0	1050327	0
877809	0	1335170	0
877809	0	1550610	1
877809	0	1550611	0
877809	0	1550613	1
877809	0	1821652	0
877809	0	2298374	1
877809	0	2515032	0
877809	0	2515036	0
877809	0	2640804	1
877809	0	3248714	0
877809	0	3328100	0
877809	0	35107	0
877809	0	35108	0
877809	0	35109	0
877809	0	35111	1
877809	0	35113	0
877809	0	35114	0
877809	0	35115	0
877809	0	3716286	0
877809	0	3879161	0
877809	0	3982277	0
877809	0	4402455	1
877809	0	4635482	0
877809	0	4888926	0
877809	0	4888929	1
877809	0	4888932	0
877809	0	5196143	0
877809	0	5196148	0
877809	0	5229370	0
877809	0	5850349	0
877809	0	5940393	0
877809	0	5940394	0
877809	0	6269999	1
877809	0	6704838	0
877809	0	6942008	0
877809	0	7040022	0
877809	0	7050366	0
877809	0	7346771	0
877809	0	788181	0
877809	0	7906970	0
877809	0	7906974	0
877809	0	7952694	1
877809	0	8165590	0
877809	0	8290072	0
877809	0	8659718	1
911232	0	1674264	0
911232	0	1847345	0
911232	0	1879470	0
911232	0	1879472	0
911232	0	1879474	0
911232	0	1879475	0
911232	0	2154975	0
911232	0	2428679	0
911232	0	2609560	0
911232	0	2921796	0
911232	0	2999924	0
911232	0	2999925	1
911232	0	2999926	0
911232	0	2999927	0
911232	0	2999928	0
911232	0	2999929	0
911232	0	2999930	1
911232	0	2999931	0
911232	0	2999932	0
911232	0	2999933	0
911232	0	3089566	0
911232	0	3113875	0
911232	0	337628	0
911232	0	3976215	0
911232	0	4517906	0
911232	0	4967291	1
911232	0	4967292	0
911232	0	4967294	1
911232	0	4967295	0
911232	0	4967296	0
911232	0	4967297	0
911232	0	4967298	0
911232	0	4967299	0
911232	0	6261251	0
911232	0	6261252	0
911232	0	6732192	0
911232	0	6732195	0
911232	0	6928649	1
911232	0	6928653	1
911232	0	6928655	1
911232	0	7231607	0
911232	0	7238675	0
911232	0	7532423	0
911232	0	8027890	0
911232	0	8534943	0
911232	0	8712510	0
911232	0	8816617	0
911232	0	8816618	1
911232	0	8816620	1
911232	0	8816621	0
911232	0	8816622	0
911232	0	8816623	0
911232	0	8816624	0
911232	0	8816626	1
914916	0	1027218	0
914916	0	1183903	0
914916	0	1183904	0
914916	0	1183905	0
914916	0	1194681	1
914916	0	1194685	1
914916	0	1501494	0
914916	0	1545740	0
914916	0	1545741	0
914916	0	1545742	0
914916	0	2001626	0
914916	0	2001628	1
914916	0	2200004	1
914916	0	2631739	0
914916	0	2631743	0
914916	0	2631747	1
914916	0	2754113	0
914916	0	2989234	0
914916	0	3057739	0
914916	0	3170839	0
914916	0	3253278	0
914916	0	3253279	0
914916	0	3530681	0
914916	0	3535611	0
914916	0	3573852	1
914916	0	3586559	1
914916	0	3763841	0
914916	0	4425460	1
914916	0	4482576	0
914916	0	4571857	0
914916	0	4854255	0
914916	0	4884201	0
914916	0	4955073	0
914916	0	4958358	0
914916	0	5039693	0
914916	0	5177082	1
914916	0	5363821	0
914916	0	5380650	0
914916	0	5439629	0
914916	0	5730352	0
914916	0	5730355	0
914916	0	5730356	0
914916	0	5730357	0
914916	0	5730358	0
914916	0	6042348	0
914916	0	6042350	1
914916	0	6071696	0
914916	0	6613409	0
914916	0	6818272	0
914916	0	6818273	0
914916	0	7040507	0
914916	0	7081903	0
914916	0	7240123	0
914916	0	7241370	0
914916	0	7798477	0
914916	0	7798479	0
914916	0	7798480	0
914916	0	8027657	0
914916	0	8129165	0
914916	0	8348854	0
914916	0	8520449	0
914916	0	8563840	0
914916	0	8689503	0
914916	0	8772516	0
914916	0	8772517	0
914916	0	8772518	0
914916	0	8772520	0
914916	0	8772521	0
914916	0	8772524	0
914916	0	8772525	0
938400	0	1571994	0
938400	0	2009152	0
938400	0	2071046	0
938400	0	2208294	0
938400	0	2371820	0
938400	0	2484350	0
938400	0	2532047	0
938400	0	2532049	0
938400	0	2659899	0
938400	0	2870509	0
938400	0	2870514	1
938400	0	2958099	0
938400	0	2958107	1
938400	0	2962205	0
938400	0	2962208	0
938400	0	2962212	0
938400	0	3088746	1
938400	0	3088747	0
938400	0	3088748	1
938400	0	3088751	0
938400	0	3088755	0
938400	0	3353755	0
938400	0	3353757	0
938400	0	3353759	0
938400	0	3353762	0
938400	0	3353763	0
938400	0	3353764	0
938400	0	3820294	0
938400	0	3820295	0
938400	0	3914686	1
938400	0	4207807	0
938400	0	47281	0
938400	0	47286	0
938400	0	47290	0
938400	0	4956057	1
938400	0	4956059	1
938400	0	4956060	0
938400	0	4956063	0
938400	0	4956064	1
938400	0	504473	0
938400	0	5061328	0
938400	0	6246560	0
938400	0	6246564	0
938400	0	6499450	0
938400	0	6501473	1
938400	0	6937213	0
938400	0	7004405	0
938400	0	7004406	1
938400	0	7239121	0
938400	0	7239123	0
938400	0	7313620	0
938400	0	7313626	0
938400	0	7396872	0
938400	0	7787197	0
938400	0	8309427	0
938400	0	8309433	0
938400	0	8678066	0
938400	0	8723838	0
940547	0	1493024	0
940547	0	2667345	0
940547	0	2667347	0
940547	0	2667353	0
940547	0	2814756	0
940547	0	3624263	0
940547	0	3706456	1
940547	0	4481817	0
940547	0	4664997	1
940547	0	4664999	0
940547	0	4665002	0
940547	0	4696640	0
940547	0	4800890	0
940547	0	4800891	0
940547	0	4864599	0
940547	0	506003	0
940547	0	5118373	1
940547	0	5118378	0
940547	0	5300647	0
940547	0	5300651	0
940547	0	5300654	0
940547	0	5831702	0
940547	0	5831703	0
940547	0	5831707	0
940547	0	5831708	0
940547	0	5831709	0
940547	0	5831711	0
940547	0	5951249	0
940547	0	61068	1
940547	0	61070	0
940547	0	61071	1
940547	0	6404591	0
940547	0	6656482	0
940547	0	6782541	0
940547	0	6782543	0
940547	0	6948118	1
940547	0	7259157	1
940547	0	7280582	0
940547	0	7280584	0
940547	0	7282174	0
940547	0	7282176	0
940547	0	7951561	0
940547	0	8219044	0
940547	0	8219052	0
940547	0	8219244	0
940547	0	8219248	0
940547	0	8219249	0
940547	0	8269679	0
940547	0	8269680	0
940547	0	837714	1
940547	0	8772071	0
940547	0	8772073	1
940547	0	8772074	0
940547	0	8772075	0
940547	0	8805005	0
940547	0	8805011	1
940547	0	964766	0
940547	0	964772	0
997622	0	2182282	0
997622	0	2467749	0
997622	0	3604711	0
997622	0	3767367	0
997622	0	406412	0
997622	0	406418	0
997622	0	4357743	0
997622	0	4518222	0
997622	0	4543861	0
997622	0	4543864	0
997622	0	4543865	1
997622	0	4543867	1
997622	0	4543869	1
997622	0	4558331	0
997622	0	4596839	0
997622	0	4643388	0
997622	0	4643389	0
997622	0	4643392	1
997622	0	4643394	1
997622	0	4643397	1
997622	0	4700298	0
997622	0	5430569	0
997622	0	5430574	0
997622	0	5719834	0
997622	0	72291	1
997622	0	73459	0
997622	0	73460	0
997622	0	73462	0
997622	0	73465	1
997622	0	8533348	1
997622	0	8684996	0
997622	0	8813537	1
997622	0	941632	0
