1037798	0	1209094	0
1037798	0	1721695	0
1037798	0	1840397	0
1037798	0	1978023	0
1037798	0	2032698	0
1037798	0	2081844	0
1037798	0	2258763	0
1037798	0	2258765	0
1037798	0	2301338	0
1037798	0	2360245	0
1037798	0	2360247	0
1037798	0	2360248	0
1037798	0	2360251	0
1037798	0	2360252	0
1037798	0	2592345	0
1037798	0	2592348	0
1037798	0	2764063	0
1037798	0	2764065	0
1037798	0	2764068	0
1037798	0	2781966	0
1037798	0	2787508	0
1037798	0	2868737	0
1037798	0	2970890	0
1037798	0	2970891	0
1037798	0	2970892	0
1037798	0	2970894	0
1037798	0	2970895	0
1037798	0	2970896	0
1037798	0	2970897	0
1037798	0	2972024	0
1037798	0	2972025	0
1037798	0	2972030	0
1037798	0	3082786	0
1037798	0	3082795	0
1037798	0	3247266	0
1037798	0	3310854	0
1037798	0	3310855	0
1037798	0	3531480	0
1037798	0	3531483	0
1037798	0	3592912	0
1037798	0	3592919	0
1037798	0	3620983	1
1037798	0	3620986	1
1037798	0	3620991	1
1037798	0	3673849	0
1037798	0	3681010	0
1037798	0	3914692	0
1037798	0	3942397	0
1037798	0	4055260	0
1037798	0	4114288	0
1037798	0	4182093	0
1037798	0	4297404	0
1037798	0	4948770	0
1037798	0	4948777	0
1037798	0	4978060	0
1037798	0	5006527	0
1037798	0	5385710	0
1037798	0	6017285	0
1037798	0	6202756	0
1037798	0	6202758	0
1037798	0	6495169	1
1037798	0	6526047	0
1037798	0	6526054	0
1037798	0	6578678	0
1037798	0	6709844	0
1037798	0	6709849	0
1037798	0	6792680	0
1037798	0	6792681	0
1037798	0	6792682	0
1037798	0	6792683	0
1037798	0	6792685	0
1037798	0	7137653	0
1037798	0	7183038	0
1037798	0	7208739	0
1037798	0	7604811	0
1037798	0	7604812	0
1037798	0	7604814	0
1037798	0	7604815	0
1037798	0	7604818	0
1037798	0	7822415	1
1037798	0	7855580	0
1037798	0	7855583	0
1037798	0	7881055	0
1037798	0	7961603	0
1037798	0	811305	0
1037798	0	8248629	0
1037798	0	8611968	1
1037798	0	8760864	1
1037798	0	8760865	0
1037798	0	8760866	1
1037798	0	8760867	1
1037798	0	8760868	1
1037798	0	8760870	1
1037798	0	8760871	1
1037798	0	8760873	1
1037798	0	8780801	0
1037798	0	8780808	0
1037798	0	8780809	0
1037798	0	938344	0
1037798	0	938351	0
104861	0	1017092	1
104861	0	1046334	1
104861	0	1046339	1
104861	0	1188307	0
104861	0	1313687	1
104861	0	1442348	1
104861	0	1453544	0
104861	0	146169	1
104861	0	146170	1
104861	0	146171	1
104861	0	146172	1
104861	0	146174	1
104861	0	1567102	1
104861	0	171927	1
104861	0	1773805	1
104861	0	1773807	1
104861	0	1948963	1
104861	0	2158194	1
104861	0	2278231	1
104861	0	2294849	1
104861	0	236954	0
104861	0	2377050	1
104861	0	3443173	1
104861	0	3443176	1
104861	0	3567536	0
104861	0	3567537	0
104861	0	3925933	1
104861	0	4017854	1
104861	0	4017856	1
104861	0	4017858	1
104861	0	4199743	1
104861	0	4315436	0
104861	0	4350439	1
104861	0	4583548	0
104861	0	459676	1
104861	0	5091798	0
104861	0	5138467	1
104861	0	5138468	1
104861	0	5138469	1
104861	0	5138470	1
104861	0	5138472	1
104861	0	5138473	1
104861	0	5138474	1
104861	0	5150431	1
104861	0	5248341	1
104861	0	5652262	1
104861	0	5652266	1
104861	0	5667475	1
104861	0	5677644	0
104861	0	5688415	1
104861	0	5688416	1
104861	0	5688417	1
104861	0	5688418	1
104861	0	5688421	1
104861	0	5703400	1
104861	0	5703401	1
104861	0	5801822	1
104861	0	5836442	1
104861	0	5855223	0
104861	0	5855224	0
104861	0	5855225	0
104861	0	5855226	0
104861	0	5855227	0
104861	0	599604	1
104861	0	6023329	0
104861	0	6023331	0
104861	0	6068433	0
104861	0	6187055	1
104861	0	6187057	1
104861	0	6187058	1
104861	0	629270	1
104861	0	629273	1
104861	0	629274	1
104861	0	629276	1
104861	0	629277	1
104861	0	629278	1
104861	0	6351571	1
104861	0	6467577	1
104861	0	6467578	1
104861	0	6467580	1
104861	0	6467581	1
104861	0	6585554	1
104861	0	6653674	1
104861	0	6653675	1
104861	0	6653676	1
104861	0	6653677	1
104861	0	6653678	1
104861	0	6653679	1
104861	0	6704672	1
104861	0	6851724	0
104861	0	6904999	1
104861	0	7034375	1
104861	0	7185282	1
104861	0	7186725	1
104861	0	7486800	0
104861	0	7506029	1
104861	0	8260035	1
104861	0	8495099	1
104861	0	8546158	1
104861	0	8546160	1
1063750	0	1074552	1
1063750	0	1098175	0
1063750	0	118643	1
1063750	0	1523265	1
1063750	0	1580964	0
1063750	0	1866482	1
1063750	0	1866486	1
1063750	0	1922590	0
1063750	0	1923500	1
1063750	0	1923506	1
1063750	0	2185613	1
1063750	0	2230089	1
1063750	0	2230090	0
1063750	0	2230091	1
1063750	0	2391456	1
1063750	0	2391457	0
1063750	0	2391460	0
1063750	0	2470328	1
1063750	0	2569816	1
1063750	0	2768117	1
1063750	0	2768123	1
1063750	0	2947512	0
1063750	0	3063827	1
1063750	0	3076179	0
1063750	0	309313	1
1063750	0	3259884	1
1063750	0	3259885	1
1063750	0	3259889	1
1063750	0	3259891	1
1063750	0	330159	1
1063750	0	3327045	1
1063750	0	3327049	1
1063750	0	3327050	0
1063750	0	3327052	0
1063750	0	3327053	1
1063750	0	3327054	1
1063750	0	3477418	1
1063750	0	3654231	0
1063750	0	3654234	1
1063750	0	3965096	0
1063750	0	3973418	1
1063750	0	3973423	1
1063750	0	3994446	0
1063750	0	4158202	0
1063750	0	4158205	1
1063750	0	4337526	1
1063750	0	4337527	1
1063750	0	4337528	1
1063750	0	4337529	1
1063750	0	4337532	1
1063750	0	4487113	0
1063750	0	4487118	1
1063750	0	4542127	0
1063750	0	4759819	0
1063750	0	4802036	0
1063750	0	4834969	1
1063750	0	4844348	0
1063750	0	5062363	0
1063750	0	5237507	1
1063750	0	5256198	0
1063750	0	5269958	0
1063750	0	5360360	0
1063750	0	5412858	1
1063750	0	5442711	1
1063750	0	5501489	0
1063750	0	5590573	1
1063750	0	5590575	1
1063750	0	5956099	1
1063750	0	5956102	1
1063750	0	5956104	0
1063750	0	5956106	1
1063750	0	6127385	0
1063750	0	6127389	1
1063750	0	6347205	1
1063750	0	7247264	1
1063750	0	7247268	0
1063750	0	7304887	0
1063750	0	7571423	1
1063750	0	7571428	0
1063750	0	7571429	0
1063750	0	7717144	0
1063750	0	775089	0
1063750	0	7778351	0
1063750	0	7837938	1
1063750	0	7952965	1
1063750	0	7952966	1
1063750	0	7952967	1
1063750	0	7952971	1
1063750	0	8170636	1
1063750	0	8170640	1
1063750	0	819283	1
1063750	0	819284	1
1063750	0	8239876	1
1063750	0	8239877	1
1063750	0	8239878	0
1063750	0	8384971	0
1063750	0	8640242	1
1063750	0	8722081	1
1063750	0	8821734	1
1063750	0	8821735	1
1103812	0	1419875	0
1103812	0	1602354	0
1103812	0	1614303	1
1103812	0	1659850	1
1103812	0	1659852	0
1103812	0	1783580	0
1103812	0	190061	0
1103812	0	2273556	0
1103812	0	231647	0
1103812	0	2394563	0
1103812	0	2541847	0
1103812	0	2544058	0
1103812	0	2586283	1
1103812	0	2703108	0
1103812	0	2703109	0
1103812	0	2703110	0
1103812	0	2703111	0
1103812	0	2703114	0
1103812	0	2725227	0
1103812	0	2794321	0
1103812	0	2945095	0
1103812	0	3431717	0
1103812	0	3591090	0
1103812	0	3591091	0
1103812	0	3591092	0
1103812	0	3591093	0
1103812	0	3591094	0
1103812	0	3591098	0
1103812	0	3591099	0
1103812	0	3672737	0
1103812	0	3672738	0
1103812	0	3672744	0
1103812	0	3843267	1
1103812	0	3940091	1
1103812	0	4102302	0
1103812	0	4108511	0
1103812	0	4194870	0
1103812	0	4322058	1
1103812	0	4679037	1
1103812	0	4679038	1
1103812	0	4726837	0
1103812	0	4726838	0
1103812	0	476179	0
1103812	0	476183	0
1103812	0	4824830	0
1103812	0	4824831	0
1103812	0	4824833	0
1103812	0	4824834	0
1103812	0	4824836	0
1103812	0	484648	0
1103812	0	4860798	0
1103812	0	4879957	0
1103812	0	4879959	0
1103812	0	4885128	0
1103812	0	4937953	1
1103812	0	5190505	0
1103812	0	5725710	0
1103812	0	5950140	0
1103812	0	5974245	0
1103812	0	5976811	0
1103812	0	6103245	0
1103812	0	6187272	1
1103812	0	6289840	1
1103812	0	6294457	0
1103812	0	645467	0
1103812	0	6569474	0
1103812	0	6842213	0
1103812	0	6924733	0
1103812	0	720110	0
1103812	0	7209201	0
1103812	0	7231343	0
1103812	0	7234273	0
1103812	0	7246728	0
1103812	0	737457	0
1103812	0	7430769	0
1103812	0	7430771	0
1103812	0	7491609	1
1103812	0	7491610	0
1103812	0	7775402	0
1103812	0	7844921	0
1103812	0	7860450	0
1103812	0	8084238	0
1103812	0	8157968	0
1103812	0	8190381	0
1103812	0	8220080	0
1103812	0	8220085	1
1103812	0	8220086	1
1103812	0	8220087	1
1103812	0	8220089	1
1103812	0	8224175	0
1103812	0	8224181	0
1103812	0	8224183	1
1103812	0	8293805	0
1103812	0	8388942	0
1103812	0	8402961	0
1103812	0	8755009	0
1103812	0	8789820	0
1103812	0	8822007	0
1103812	0	955560	0
1103812	0	961775	1
1106007	0	1294320	1
1106007	0	1334328	1
1106007	0	1334330	1
1106007	0	1334331	1
1106007	0	1334332	1
1106007	0	1334333	1
1106007	0	1334334	1
1106007	0	1334335	1
1106007	0	1334336	1
1106007	0	1334337	1
1106007	0	1560243	1
1106007	0	1560245	1
1106007	0	1628791	1
1106007	0	1700769	1
1106007	0	1892454	1
1106007	0	1918089	1
1106007	0	2186171	1
1106007	0	2240978	1
1106007	0	2384065	1
1106007	0	2384068	1
1106007	0	2464373	1
1106007	0	2464374	1
1106007	0	2464375	1
1106007	0	2464376	1
1106007	0	2464377	0
1106007	0	2464378	0
1106007	0	2464379	1
1106007	0	2464382	1
1106007	0	2513608	1
1106007	0	2513609	1
1106007	0	2621976	1
1106007	0	2672601	1
1106007	0	2672608	1
1106007	0	2777111	1
1106007	0	285891	0
1106007	0	2866630	1
1106007	0	2866634	0
1106007	0	2960558	1
1106007	0	2960563	1
1106007	0	2960564	1
1106007	0	2960566	1
1106007	0	3537611	1
1106007	0	4004166	1
1106007	0	4004167	1
1106007	0	4004169	1
1106007	0	4004170	1
1106007	0	4004173	1
1106007	0	4089153	1
1106007	0	4102293	1
1106007	0	4120342	1
1106007	0	4173707	1
1106007	0	4173709	1
1106007	0	4173712	1
1106007	0	420111	1
1106007	0	4781863	1
1106007	0	4781867	1
1106007	0	4921576	1
1106007	0	5174765	1
1106007	0	5204536	1
1106007	0	5204537	1
1106007	0	5204538	1
1106007	0	5204539	1
1106007	0	5204540	1
1106007	0	5204544	1
1106007	0	5279699	1
1106007	0	5279701	1
1106007	0	5279702	1
1106007	0	5279704	1
1106007	0	5429391	1
1106007	0	550999	1
1106007	0	551007	1
1106007	0	5774818	1
1106007	0	5780388	1
1106007	0	6126193	1
1106007	0	6209484	1
1106007	0	6303269	1
1106007	0	6582343	1
1106007	0	701605	1
1106007	0	7158637	1
1106007	0	7211746	1
1106007	0	746358	1
1106007	0	7500586	1
1106007	0	7685380	1
1106007	0	7685382	1
1106007	0	7685383	1
1106007	0	7685384	1
1106007	0	7685385	1
1106007	0	7685388	1
1106007	0	8141089	1
1106007	0	8199519	1
1106007	0	8199521	1
1106007	0	8199523	1
1106007	0	8204457	1
1106007	0	8204464	1
1106007	0	8348781	0
1106007	0	8521668	1
1106007	0	8521673	1
1106007	0	8787870	1
1106007	0	899465	1
1106007	0	899467	1
1110199	0	100114	0
1110199	0	1123090	1
1110199	0	1144987	1
1110199	0	1324194	0
1110199	0	1592477	0
1110199	0	1778449	0
1110199	0	1901876	1
1110199	0	1901877	1
1110199	0	1901878	1
1110199	0	1901879	1
1110199	0	1901881	1
1110199	0	1901882	1
1110199	0	2080928	1
1110199	0	227145	0
1110199	0	2301115	1
1110199	0	2301119	1
1110199	0	2316524	1
1110199	0	2379864	0
1110199	0	239444	1
1110199	0	2474406	0
1110199	0	2655848	1
1110199	0	2657987	1
1110199	0	2657991	0
1110199	0	2854609	0
1110199	0	2923632	0
1110199	0	2923633	0
1110199	0	3238116	0
1110199	0	3523642	0
1110199	0	3524270	0
1110199	0	3588624	0
1110199	0	362174	0
1110199	0	3647394	1
1110199	0	3838638	1
1110199	0	3838645	1
1110199	0	3865139	0
1110199	0	3873119	0
1110199	0	4027239	0
1110199	0	4053652	1
1110199	0	4057232	1
1110199	0	421	0
1110199	0	4489656	1
1110199	0	4504233	1
1110199	0	4511137	1
1110199	0	4511144	1
1110199	0	4624021	0
1110199	0	4674430	0
1110199	0	468870	0
1110199	0	4800732	0
1110199	0	5060486	0
1110199	0	5060492	0
1110199	0	5198207	0
1110199	0	5218014	1
1110199	0	5387211	0
1110199	0	5387212	0
1110199	0	5396612	0
1110199	0	5479	1
1110199	0	5516092	1
1110199	0	557956	0
1110199	0	5701621	0
1110199	0	5824926	0
1110199	0	5824927	0
1110199	0	5857919	0
1110199	0	5857921	1
1110199	0	5857925	0
1110199	0	627298	0
1110199	0	6368887	1
1110199	0	6368891	1
1110199	0	6392463	1
1110199	0	6392469	1
1110199	0	68578	0
1110199	0	68586	0
1110199	0	6993901	0
1110199	0	7085489	0
1110199	0	7085492	0
1110199	0	712236	1
1110199	0	7143611	0
1110199	0	7163268	0
1110199	0	7221366	1
1110199	0	7409320	0
1110199	0	7439380	0
1110199	0	7842393	0
1110199	0	789712	1
1110199	0	8157172	0
1110199	0	8157174	0
1110199	0	8160518	1
1110199	0	8160519	1
1110199	0	8160520	1
1110199	0	8160522	1
1110199	0	8160523	0
1110199	0	8160524	0
1110199	0	8160526	1
1110199	0	8160527	1
1110199	0	836529	0
1110199	0	8404306	1
1110199	0	847930	0
1110199	0	847931	0
1110199	0	8549936	0
1110199	0	8625338	0
1110199	0	8625340	0
1110199	0	975292	0
1112341	0	1087925	0
1112341	0	1087926	0
1112341	0	1087928	0
1112341	0	1174734	0
1112341	0	1373648	0
1112341	0	1422694	0
1112341	0	1450347	0
1112341	0	1450349	0
1112341	0	1450351	0
1112341	0	192644	0
1112341	0	2095998	0
1112341	0	2096427	0
1112341	0	2173818	0
1112341	0	2173819	0
1112341	0	2173822	0
1112341	0	2209055	0
1112341	0	2253155	1
1112341	0	2596431	0
1112341	0	2596432	0
1112341	0	2626927	1
1112341	0	2663365	0
1112341	0	2694630	0
1112341	0	2694632	0
1112341	0	2694635	0
1112341	0	2694636	0
1112341	0	2694637	1
1112341	0	2735215	0
1112341	0	2735220	0
1112341	0	2835596	0
1112341	0	3025458	1
1112341	0	3030497	0
1112341	0	3252208	0
1112341	0	3291145	0
1112341	0	3291151	0
1112341	0	3524227	0
1112341	0	3795887	0
1112341	0	3795896	0
1112341	0	3922197	0
1112341	0	3961587	0
1112341	0	4022846	1
1112341	0	4022849	1
1112341	0	4254335	0
1112341	0	4400233	0
1112341	0	4416075	0
1112341	0	4663306	0
1112341	0	4703755	0
1112341	0	4704992	0
1112341	0	478772	0
1112341	0	4833308	0
1112341	0	4833311	0
1112341	0	4977768	0
1112341	0	5043405	0
1112341	0	5043407	0
1112341	0	5043408	0
1112341	0	5043410	0
1112341	0	508019	0
1112341	0	550571	0
1112341	0	5934807	0
1112341	0	6164791	1
1112341	0	6311795	1
1112341	0	6311799	0
1112341	0	6342847	1
1112341	0	6422795	0
1112341	0	6459596	0
1112341	0	6681382	0
1112341	0	6681384	0
1112341	0	6726337	0
1112341	0	6726340	1
1112341	0	6726341	1
1112341	0	6726342	1
1112341	0	6726344	1
1112341	0	6726346	0
1112341	0	6903059	1
1112341	0	6973589	0
1112341	0	7079774	0
1112341	0	7079776	1
1112341	0	7194370	0
1112341	0	7194371	0
1112341	0	7194374	0
1112341	0	7242813	0
1112341	0	7324913	0
1112341	0	7615749	0
1112341	0	7708623	0
1112341	0	7708629	0
1112341	0	7880073	0
1112341	0	8134792	0
1112341	0	8139257	1
1112341	0	8139258	1
1112341	0	8326584	0
1112341	0	8326588	0
1112341	0	8337125	1
1112341	0	8442174	0
1112341	0	8442176	0
1112341	0	8442177	0
1112341	0	8442178	0
1112341	0	8442180	0
1112341	0	8606160	0
1112341	0	8606161	0
1112341	0	8700909	0
1112341	0	875123	0
1113437	0	1066531	0
1113437	0	1066538	1
1113437	0	1280568	1
1113437	0	1280569	0
1113437	0	1280570	1
1113437	0	1681785	1
1113437	0	1768727	1
1113437	0	1768729	0
1113437	0	1896939	1
1113437	0	2001933	1
1113437	0	2001934	1
1113437	0	2226349	1
1113437	0	2354940	1
1113437	0	2354947	1
1113437	0	2884191	1
1113437	0	3026984	1
1113437	0	3125154	1
1113437	0	3125155	1
1113437	0	3687620	1
1113437	0	3880944	1
1113437	0	4016930	1
1113437	0	4016931	0
1113437	0	4016933	1
1113437	0	4016934	1
1113437	0	4016937	1
1113437	0	4216336	1
1113437	0	4367832	1
1113437	0	4412230	1
1113437	0	4473156	1
1113437	0	4473157	1
1113437	0	4498867	1
1113437	0	4628484	0
1113437	0	4751834	1
1113437	0	4751835	1
1113437	0	4751839	0
1113437	0	5188746	0
1113437	0	5188747	1
1113437	0	5188751	1
1113437	0	5328098	1
1113437	0	5346399	1
1113437	0	5514586	1
1113437	0	5514589	1
1113437	0	5514592	1
1113437	0	5546286	1
1113437	0	5546288	1
1113437	0	5546289	1
1113437	0	5591644	1
1113437	0	5938418	0
1113437	0	5938420	1
1113437	0	5938421	0
1113437	0	5938425	1
1113437	0	5938426	1
1113437	0	594251	1
1113437	0	6017939	1
1113437	0	6017945	0
1113437	0	6021902	1
1113437	0	6021905	1
1113437	0	6174327	1
1113437	0	6174328	1
1113437	0	6174329	1
1113437	0	631949	1
1113437	0	6455610	1
1113437	0	6593841	1
1113437	0	6593842	1
1113437	0	6688843	1
1113437	0	7263162	0
1113437	0	7377270	1
1113437	0	7377272	1
1113437	0	7377274	1
1113437	0	7377276	0
1113437	0	7377277	1
1113437	0	7377278	1
1113437	0	7385215	0
1113437	0	7385216	0
1113437	0	7385217	0
1113437	0	7385219	0
1113437	0	7385221	1
1113437	0	7385222	1
1113437	0	742037	1
1113437	0	742042	1
1113437	0	742044	1
1113437	0	742045	1
1113437	0	7497495	1
1113437	0	7890527	0
1113437	0	8128790	1
1113437	0	8128793	0
1113437	0	8128794	1
1113437	0	8128796	1
1113437	0	8128798	1
1113437	0	8162984	0
1113437	0	8503446	1
1113437	0	8503447	0
1113437	0	8503449	0
1113437	0	8503450	0
1113437	0	8503453	1
1113437	0	8503455	0
1113437	0	8729212	1
1113437	0	8729216	1
1113437	0	8729218	1
1113437	0	8729219	1
1114646	0	1014934	0
1114646	0	1069580	0
1114646	0	1437685	0
1114646	0	1533512	0
1114646	0	1533513	0
1114646	0	1533515	0
1114646	0	1533517	0
1114646	0	1811711	0
1114646	0	190438	0
1114646	0	2201127	1
1114646	0	2450728	0
1114646	0	2524143	0
1114646	0	2596910	0
1114646	0	2647994	1
1114646	0	266552	1
1114646	0	266555	0
1114646	0	2695353	1
1114646	0	2695583	0
1114646	0	2695584	0
1114646	0	2911035	1
1114646	0	2931848	0
1114646	0	2931851	0
1114646	0	3036935	0
1114646	0	3184850	0
1114646	0	3184851	0
1114646	0	3221858	0
1114646	0	3439626	0
1114646	0	3467665	1
1114646	0	3480743	0
1114646	0	3480744	0
1114646	0	3480745	0
1114646	0	3633307	0
1114646	0	3712097	0
1114646	0	3712098	0
1114646	0	3828281	0
1114646	0	4332918	1
1114646	0	444374	1
1114646	0	444375	0
1114646	0	444376	0
1114646	0	444377	1
1114646	0	444379	0
1114646	0	444380	1
1114646	0	444382	0
1114646	0	4533626	0
1114646	0	4573290	0
1114646	0	4969104	0
1114646	0	5041692	1
1114646	0	5127883	0
1114646	0	5127884	0
1114646	0	5133385	0
1114646	0	5217702	1
1114646	0	5279567	1
1114646	0	5337015	0
1114646	0	5417954	1
1114646	0	5531625	0
1114646	0	5637550	0
1114646	0	5640856	1
1114646	0	5640859	1
1114646	0	5729529	0
1114646	0	6247571	0
1114646	0	6484457	0
1114646	0	6704400	1
1114646	0	6704401	1
1114646	0	6868858	0
1114646	0	6996839	0
1114646	0	7078019	0
1114646	0	7078020	0
1114646	0	708455	0
1114646	0	7098750	0
1114646	0	7163815	0
1114646	0	7173756	0
1114646	0	7196961	1
1114646	0	7665520	0
1114646	0	7675379	0
1114646	0	7931424	0
1114646	0	7961851	0
1114646	0	7961857	0
1114646	0	8117087	1
1114646	0	8117088	0
1114646	0	8117089	1
1114646	0	8117090	1
1114646	0	8117091	1
1114646	0	8117092	1
1114646	0	8117093	0
1114646	0	8117095	1
1114646	0	8117096	1
1114646	0	8148968	0
1114646	0	8185549	1
1114646	0	831444	0
1114646	0	8327123	0
1114646	0	8327128	0
1114646	0	8327369	1
1114646	0	83451	0
1114646	0	857788	1
1114646	0	857789	1
1114646	0	8624973	0
1114646	0	8665820	1
1114646	0	8691521	0
1114646	0	8697543	0
1114646	0	981782	0
1114819	0	1009500	1
1114819	0	1245298	1
1114819	0	1248112	1
1114819	0	1302004	1
1114819	0	1302007	1
1114819	0	1315993	1
1114819	0	1315994	1
1114819	0	1315995	1
1114819	0	1315996	1
1114819	0	1315998	1
1114819	0	1419798	1
1114819	0	1419801	1
1114819	0	1625836	1
1114819	0	1724519	1
1114819	0	1724520	1
1114819	0	1724521	1
1114819	0	1724523	0
1114819	0	1724525	1
1114819	0	1724526	0
1114819	0	1724528	1
1114819	0	1735443	1
1114819	0	1738242	1
1114819	0	1738250	1
1114819	0	1816958	0
1114819	0	1852066	1
1114819	0	2185129	1
1114819	0	2212059	1
1114819	0	2477692	1
1114819	0	2590451	1
1114819	0	2590453	1
1114819	0	2590454	1
1114819	0	2694515	0
1114819	0	2831393	0
1114819	0	344350	1
1114819	0	344351	1
1114819	0	3484458	1
1114819	0	3781418	1
1114819	0	3906952	1
1114819	0	3906954	1
1114819	0	3906959	1
1114819	0	4890560	1
1114819	0	5019830	0
1114819	0	5165249	1
1114819	0	534362	1
1114819	0	5521371	1
1114819	0	5521373	1
1114819	0	5628952	1
1114819	0	5628955	0
1114819	0	5628956	1
1114819	0	5718417	1
1114819	0	6202319	0
1114819	0	6202321	1
1114819	0	6564169	1
1114819	0	6900766	1
1114819	0	6900767	1
1114819	0	6900769	1
1114819	0	6900773	1
1114819	0	6900774	1
1114819	0	6941478	1
1114819	0	694735	1
1114819	0	694737	1
1114819	0	7132894	1
1114819	0	7132899	1
1114819	0	750446	0
1114819	0	7588045	1
1114819	0	7803429	1
1114819	0	7803435	1
1114819	0	7803436	1
1114819	0	785027	1
1114819	0	785028	1
1114819	0	8022276	1
1114819	0	8022279	1
1114819	0	8022280	1
1114819	0	8027206	1
1114819	0	8088109	1
1114819	0	8096817	1
1114819	0	8096824	1
1114819	0	8115435	1
1114819	0	8115439	1
1114819	0	8115440	1
1114819	0	8115700	0
1114819	0	8115701	1
1114819	0	8115705	0
1114819	0	8336225	1
1114819	0	8336229	1
1114819	0	8336230	1
1114819	0	8336232	1
1114819	0	8480574	1
1114819	0	8508255	1
1114819	0	8508259	1
1114819	0	8508263	1
1114819	0	8625086	1
1114819	0	8736056	1
1114819	0	8754397	1
1114819	0	8754398	1
1114819	0	988369	0
1114819	0	988370	1
1114819	0	988373	1
1114819	0	988376	1
1114819	0	988378	1
1115776	0	1036904	0
1115776	0	1124084	0
1115776	0	1185823	0
1115776	0	132248	0
1115776	0	1403193	0
1115776	0	1440028	0
1115776	0	1440032	0
1115776	0	1729576	0
1115776	0	1729578	0
1115776	0	1801365	0
1115776	0	1841229	0
1115776	0	1954745	0
1115776	0	2274143	0
1115776	0	2514464	0
1115776	0	258694	0
1115776	0	286324	0
1115776	0	2903178	0
1115776	0	3052538	0
1115776	0	3203281	0
1115776	0	3208044	0
1115776	0	3208048	0
1115776	0	3469357	1
1115776	0	3607500	0
1115776	0	3797905	0
1115776	0	3894150	0
1115776	0	3958789	0
1115776	0	4131485	0
1115776	0	4314169	1
1115776	0	4314170	1
1115776	0	4314171	0
1115776	0	4314172	1
1115776	0	4314173	1
1115776	0	4314174	1
1115776	0	4314175	1
1115776	0	4314176	1
1115776	0	4314178	1
1115776	0	4719028	0
1115776	0	480793	0
1115776	0	480800	0
1115776	0	5075548	0
1115776	0	5075549	0
1115776	0	5264931	1
1115776	0	5296057	0
1115776	0	5377134	0
1115776	0	5430503	0
1115776	0	5599687	0
1115776	0	5599692	1
1115776	0	5605159	0
1115776	0	5605160	0
1115776	0	5728138	0
1115776	0	5739711	0
1115776	0	5756367	0
1115776	0	5906403	0
1115776	0	6055286	0
1115776	0	6120353	0
1115776	0	6354957	0
1115776	0	642039	0
1115776	0	6564291	0
1115776	0	660826	0
1115776	0	6616846	0
1115776	0	6747926	0
1115776	0	691189	0
1115776	0	691191	0
1115776	0	691192	0
1115776	0	691193	0
1115776	0	6973128	0
1115776	0	6989198	0
1115776	0	7129179	1
1115776	0	7183516	0
1115776	0	7218333	0
1115776	0	7609847	0
1115776	0	7779192	0
1115776	0	7996312	0
1115776	0	8099694	0
1115776	0	8099695	0
1115776	0	8106317	1
1115776	0	8106318	0
1115776	0	8106320	1
1115776	0	8106321	1
1115776	0	8106322	0
1115776	0	8106324	1
1115776	0	8108815	0
1115776	0	8108818	0
1115776	0	8124741	0
1115776	0	8172080	0
1115776	0	8172089	0
1115776	0	8241264	0
1115776	0	8495250	0
1115776	0	8495256	1
1115776	0	8616787	0
1115776	0	8616791	0
1115776	0	8621772	0
1115776	0	8632360	0
1115776	0	8632364	0
1115776	0	8673352	0
1115776	0	8757348	0
1115776	0	8769950	0
1115776	0	900808	0
1115776	0	900809	0
1115776	0	941057	0
1117099	0	1013796	0
1117099	0	1013797	0
1117099	0	103429	0
1117099	0	1123494	0
1117099	0	1123496	0
1117099	0	1196648	0
1117099	0	1252737	0
1117099	0	1371220	0
1117099	0	1445087	0
1117099	0	1505895	0
1117099	0	1542026	0
1117099	0	1542027	0
1117099	0	1544425	0
1117099	0	1586363	0
1117099	0	1620739	0
1117099	0	171427	0
1117099	0	171431	0
1117099	0	1718725	0
1117099	0	1798612	1
1117099	0	1798620	1
1117099	0	2022009	0
1117099	0	2109696	0
1117099	0	2109699	0
1117099	0	2413643	0
1117099	0	290076	0
1117099	0	297115	0
1117099	0	3104260	0
1117099	0	3104262	1
1117099	0	3104266	0
1117099	0	3222379	0
1117099	0	334615	1
1117099	0	3427787	0
1117099	0	3522902	0
1117099	0	3543106	1
1117099	0	365442	0
1117099	0	379387	0
1117099	0	3921953	0
1117099	0	4256788	0
1117099	0	4407002	0
1117099	0	4428779	0
1117099	0	4441325	1
1117099	0	4457444	0
1117099	0	4627808	0
1117099	0	4695635	0
1117099	0	4759495	0
1117099	0	4759497	0
1117099	0	4805755	0
1117099	0	4815809	0
1117099	0	49923	1
1117099	0	514309	0
1117099	0	514314	0
1117099	0	5278136	0
1117099	0	5286539	1
1117099	0	5462111	0
1117099	0	5462177	0
1117099	0	5699286	0
1117099	0	5752877	0
1117099	0	5784445	0
1117099	0	5817498	1
1117099	0	5874015	0
1117099	0	5874017	0
1117099	0	5941242	0
1117099	0	5979211	0
1117099	0	6122720	1
1117099	0	6122721	1
1117099	0	6122722	1
1117099	0	6122723	1
1117099	0	613685	0
1117099	0	6428916	0
1117099	0	6579664	0
1117099	0	6735875	0
1117099	0	6858988	0
1117099	0	6858989	0
1117099	0	6858992	0
1117099	0	6858996	0
1117099	0	6917898	0
1117099	0	6940552	0
1117099	0	6940555	0
1117099	0	6940557	0
1117099	0	6940558	0
1117099	0	6993942	1
1117099	0	7104723	0
1117099	0	7163733	0
1117099	0	7446984	0
1117099	0	74528	0
1117099	0	7495383	0
1117099	0	7514072	0
1117099	0	7663165	0
1117099	0	7828034	0
1117099	0	8019446	0
1117099	0	8093931	1
1117099	0	8093932	1
1117099	0	810081	0
1117099	0	8144478	0
1117099	0	8322336	0
1117099	0	8446501	1
1117099	0	8446505	1
1117099	0	878215	0
1117099	0	96635	0
1117099	0	989011	0
1121402	0	1042911	0
1121402	0	1249684	0
1121402	0	1249687	0
1121402	0	1249689	0
1121402	0	1276590	0
1121402	0	1323047	1
1121402	0	1323048	1
1121402	0	1429447	0
1121402	0	1429448	0
1121402	0	182364	1
1121402	0	182365	1
1121402	0	182366	1
1121402	0	182367	1
1121402	0	182368	1
1121402	0	182369	1
1121402	0	182370	0
1121402	0	182371	1
1121402	0	182372	1
1121402	0	182373	0
1121402	0	18275	0
1121402	0	18281	0
1121402	0	188209	1
1121402	0	188210	1
1121402	0	188211	1
1121402	0	188213	1
1121402	0	188214	1
1121402	0	188215	1
1121402	0	188216	0
1121402	0	188217	1
1121402	0	188218	0
1121402	0	1902386	0
1121402	0	1902387	0
1121402	0	1902388	1
1121402	0	1902392	0
1121402	0	1917419	0
1121402	0	2042119	0
1121402	0	2191941	0
1121402	0	2279040	0
1121402	0	2681041	0
1121402	0	2681045	1
1121402	0	2681046	0
1121402	0	2681048	0
1121402	0	3368448	0
1121402	0	3412904	0
1121402	0	3412909	0
1121402	0	3511789	1
1121402	0	3511795	0
1121402	0	3674183	0
1121402	0	3674187	0
1121402	0	3785307	0
1121402	0	3785308	1
1121402	0	3785309	0
1121402	0	3785310	1
1121402	0	4140833	0
1121402	0	43770	0
1121402	0	4620823	0
1121402	0	4620824	0
1121402	0	4620825	0
1121402	0	465109	0
1121402	0	5034217	0
1121402	0	5075673	0
1121402	0	5189911	0
1121402	0	5189913	1
1121402	0	5189914	0
1121402	0	55107	0
1121402	0	5587406	0
1121402	0	6001847	1
1121402	0	6392403	1
1121402	0	6900252	0
1121402	0	7017644	0
1121402	0	7059621	0
1121402	0	7098133	0
1121402	0	7125978	0
1121402	0	7125980	1
1121402	0	7125981	1
1121402	0	7125982	1
1121402	0	7125983	1
1121402	0	7125985	1
1121402	0	7125987	1
1121402	0	7134098	1
1121402	0	7142994	1
1121402	0	719124	0
1121402	0	7489485	0
1121402	0	7489486	0
1121402	0	7489487	0
1121402	0	7489488	0
1121402	0	7922814	0
1121402	0	8052617	1
1121402	0	8052619	1
1121402	0	8052620	1
1121402	0	8052621	1
1121402	0	8052622	1
1121402	0	8052623	1
1121402	0	8052624	1
1121402	0	879269	0
1121402	0	879273	0
1121402	0	879274	0
1121402	0	879278	0
1121402	0	8832490	0
1121402	0	993571	1
1121709	0	1003169	0
1121709	0	1095839	0
1121709	0	1095840	0
1121709	0	1095843	0
1121709	0	1282649	0
1121709	0	1282650	0
1121709	0	1332616	0
1121709	0	1332619	0
1121709	0	1752809	0
1121709	0	1752813	0
1121709	0	1995720	0
1121709	0	2051808	0
1121709	0	2051809	0
1121709	0	2051813	0
1121709	0	2167471	1
1121709	0	2438570	0
1121709	0	2537336	0
1121709	0	2537338	0
1121709	0	2537342	0
1121709	0	2706640	1
1121709	0	2706641	0
1121709	0	2706644	1
1121709	0	2706645	1
1121709	0	2706646	1
1121709	0	2735690	0
1121709	0	2735693	0
1121709	0	2742340	0
1121709	0	2940488	0
1121709	0	3030903	0
1121709	0	3158259	0
1121709	0	3165920	0
1121709	0	3165925	0
1121709	0	3334736	0
1121709	0	3423059	1
1121709	0	3423061	1
1121709	0	3423062	1
1121709	0	3423063	1
1121709	0	3423064	1
1121709	0	3423065	1
1121709	0	3423066	0
1121709	0	3423067	1
1121709	0	3762335	0
1121709	0	402054	0
1121709	0	425277	0
1121709	0	4438922	0
1121709	0	4463685	0
1121709	0	4668637	0
1121709	0	4697993	1
1121709	0	4883830	0
1121709	0	4935799	0
1121709	0	5014376	0
1121709	0	5014377	0
1121709	0	5014379	0
1121709	0	5014381	0
1121709	0	5014383	0
1121709	0	5092299	0
1121709	0	5231773	0
1121709	0	5346935	0
1121709	0	5463186	0
1121709	0	5707731	0
1121709	0	5938791	0
1121709	0	6026592	0
1121709	0	606074	0
1121709	0	606077	0
1121709	0	607064	0
1121709	0	6184887	0
1121709	0	6267737	0
1121709	0	6413363	1
1121709	0	6430192	0
1121709	0	6526914	0
1121709	0	6526915	0
1121709	0	6655453	0
1121709	0	6889434	0
1121709	0	6956259	0
1121709	0	700135	0
1121709	0	7313132	0
1121709	0	736611	0
1121709	0	7473134	0
1121709	0	7473136	0
1121709	0	7473137	0
1121709	0	7473140	0
1121709	0	8049577	1
1121709	0	8049578	1
1121709	0	8049579	1
1121709	0	8049580	1
1121709	0	8049582	1
1121709	0	8049583	1
1121709	0	8049584	1
1121709	0	8049585	1
1121709	0	8049586	1
1121709	0	8075352	0
1121709	0	8086376	0
1121709	0	8621375	0
1121709	0	8621380	0
1121709	0	868985	0
1121709	0	8722214	1
1121709	0	8722217	0
1121709	0	904704	0
1121709	0	904705	0
1121709	0	918204	1
1124210	0	11188	0
1124210	0	131190	1
1124210	0	1663644	0
1124210	0	1689639	1
1124210	0	1689640	1
1124210	0	176311	0
1124210	0	181175	1
1124210	0	181177	1
1124210	0	2085193	1
1124210	0	2089544	1
1124210	0	2258591	1
1124210	0	2258592	1
1124210	0	2258593	1
1124210	0	2258594	1
1124210	0	2258595	1
1124210	0	2258596	1
1124210	0	2258597	1
1124210	0	2258598	1
1124210	0	2274316	0
1124210	0	2399822	1
1124210	0	2433601	1
1124210	0	2433603	1
1124210	0	2433604	1
1124210	0	2461683	1
1124210	0	2494574	1
1124210	0	2494577	1
1124210	0	2500613	0
1124210	0	2553372	1
1124210	0	2650269	1
1124210	0	2728447	1
1124210	0	2728448	1
1124210	0	2753154	0
1124210	0	2806527	1
1124210	0	2859501	1
1124210	0	2958024	0
1124210	0	3031380	0
1124210	0	3162331	1
1124210	0	3263731	1
1124210	0	3289568	1
1124210	0	3466956	1
1124210	0	3587916	1
1124210	0	3657632	0
1124210	0	3750819	0
1124210	0	3848316	1
1124210	0	3848320	1
1124210	0	4002456	1
1124210	0	4303129	1
1124210	0	4553374	0
1124210	0	4648414	1
1124210	0	4651924	0
1124210	0	5032711	1
1124210	0	5056100	0
1124210	0	5098936	1
1124210	0	5098941	1
1124210	0	5281851	0
1124210	0	5401029	0
1124210	0	5463029	0
1124210	0	555792	0
1124210	0	5587711	1
1124210	0	5941717	1
1124210	0	6233255	1
1124210	0	6278958	0
1124210	0	6507996	1
1124210	0	6541864	1
1124210	0	6541866	1
1124210	0	6620551	1
1124210	0	6636929	0
1124210	0	6636931	1
1124210	0	6689006	1
1124210	0	6689009	0
1124210	0	6697410	1
1124210	0	6697412	1
1124210	0	7208694	0
1124210	0	7275367	1
1124210	0	7443583	1
1124210	0	7443586	1
1124210	0	7492993	0
1124210	0	7695217	1
1124210	0	7695224	1
1124210	0	7806221	1
1124210	0	7942807	1
1124210	0	8007295	0
1124210	0	8026735	1
1124210	0	8026737	1
1124210	0	8026739	1
1124210	0	8026740	1
1124210	0	8026743	1
1124210	0	8068727	0
1124210	0	8087696	1
1124210	0	8355477	1
1124210	0	8355483	1
1124210	0	8492305	1
1124210	0	8547690	1
1124210	0	8650641	1
1124210	0	8650642	1
1124210	0	8838005	0
1124210	0	926158	0
1124210	0	931162	1
1124210	0	931165	1
1124210	0	97689	1
1129237	0	1020793	0
1129237	0	120308	0
1129237	0	128982	1
1129237	0	128984	1
1129237	0	128986	0
1129237	0	128989	1
1129237	0	1296733	0
1129237	0	1676091	0
1129237	0	1850247	0
1129237	0	1904265	0
1129237	0	2152821	1
1129237	0	2152828	0
1129237	0	2522498	0
1129237	0	2580204	0
1129237	0	262487	0
1129237	0	2696926	1
1129237	0	2697745	1
1129237	0	2697746	1
1129237	0	2697752	1
1129237	0	2913079	0
1129237	0	2955243	1
1129237	0	3016192	0
1129237	0	302210	0
1129237	0	3153068	0
1129237	0	3227129	0
1129237	0	3279719	0
1129237	0	3636928	0
1129237	0	3641168	0
1129237	0	3683093	0
1129237	0	3683096	1
1129237	0	3808540	1
1129237	0	3900321	0
1129237	0	3905055	1
1129237	0	3905057	1
1129237	0	3905799	1
1129237	0	3905800	0
1129237	0	3905802	1
1129237	0	3905804	0
1129237	0	3979165	0
1129237	0	4141012	1
1129237	0	4254811	1
1129237	0	4254815	1
1129237	0	4254816	1
1129237	0	4486837	0
1129237	0	4569648	0
1129237	0	4801130	0
1129237	0	4884964	1
1129237	0	4915547	0
1129237	0	4946421	1
1129237	0	5187914	0
1129237	0	5310842	0
1129237	0	5310848	0
1129237	0	5619502	1
1129237	0	5644809	0
1129237	0	5644811	0
1129237	0	5831781	0
1129237	0	5831788	1
1129237	0	5906128	0
1129237	0	5906130	1
1129237	0	5906131	0
1129237	0	5906135	0
1129237	0	6080460	1
1129237	0	6343520	1
1129237	0	6343521	0
1129237	0	6447015	0
1129237	0	6640165	1
1129237	0	6903787	0
1129237	0	6956014	0
1129237	0	6969789	0
1129237	0	7050921	0
1129237	0	710733	0
1129237	0	7397082	0
1129237	0	7482392	0
1129237	0	7770526	0
1129237	0	7788682	0
1129237	0	7911557	1
1129237	0	806652	1
1129237	0	806653	0
1129237	0	8165055	0
1129237	0	8179084	1
1129237	0	8180273	0
1129237	0	824966	0
1129237	0	8431277	0
1129237	0	8431281	0
1129237	0	8450766	1
1129237	0	8469257	1
1129237	0	8588122	1
1129237	0	8588219	1
1129237	0	8588222	1
1129237	0	8588223	1
1129237	0	8588226	1
1129237	0	8588227	1
1129237	0	8596875	0
1129237	0	8630512	0
1129237	0	8658472	0
1129237	0	8682824	1
1129237	0	8710041	0
1129237	0	931707	0
1129237	0	998748	1
1129237	0	998751	1
1133167	0	1824479	1
1133167	0	1824480	1
1133167	0	1824481	1
1133167	0	1824483	1
1133167	0	1824484	1
1133167	0	1824485	1
1133167	0	1824486	1
1133167	0	1824487	1
1133167	0	1824488	1
1133167	0	1883272	1
1133167	0	1883273	1
1133167	0	1883276	1
1133167	0	1883281	1
1133167	0	190802	1
1133167	0	190803	1
1133167	0	190804	1
1133167	0	190805	1
1133167	0	190806	1
1133167	0	190809	1
1133167	0	190810	1
1133167	0	190811	1
1133167	0	2070087	1
1133167	0	2276678	1
1133167	0	2613291	1
1133167	0	2613296	1
1133167	0	3023120	1
1133167	0	3023121	1
1133167	0	3023123	1
1133167	0	3074598	1
1133167	0	3074599	1
1133167	0	3391439	1
1133167	0	3421898	1
1133167	0	3421899	1
1133167	0	3421900	1
1133167	0	3421906	1
1133167	0	3953805	1
1133167	0	434119	1
1133167	0	434120	1
1133167	0	434121	1
1133167	0	434125	1
1133167	0	4443371	1
1133167	0	4498473	1
1133167	0	4498474	1
1133167	0	4498475	1
1133167	0	4498476	1
1133167	0	4498478	1
1133167	0	4498479	1
1133167	0	4550240	1
1133167	0	4550243	1
1133167	0	4550244	1
1133167	0	4712273	1
1133167	0	4712275	1
1133167	0	4922619	1
1133167	0	4926197	1
1133167	0	4926201	1
1133167	0	4926202	1
1133167	0	4973626	1
1133167	0	5674623	1
1133167	0	5787117	1
1133167	0	6103289	1
1133167	0	6103291	1
1133167	0	6112586	1
1133167	0	6112587	1
1133167	0	6112590	1
1133167	0	6142	1
1133167	0	6467517	1
1133167	0	6467518	1
1133167	0	6467523	1
1133167	0	6467524	1
1133167	0	7093509	1
1133167	0	7093510	1
1133167	0	7093511	1
1133167	0	7093513	1
1133167	0	7217705	1
1133167	0	7217706	1
1133167	0	7218012	1
1133167	0	7218015	1
1133167	0	7486599	1
1133167	0	7486600	1
1133167	0	7486602	1
1133167	0	7762240	1
1133167	0	7793408	1
1133167	0	7793411	1
1133167	0	8003301	1
1133167	0	8033644	1
1133167	0	8033645	1
1133167	0	8033646	1
1133167	0	8033650	1
1133167	0	8160224	1
1133167	0	8160241	1
1133167	0	8160243	1
1133167	0	823272	1
1133167	0	823274	1
1133167	0	823275	1
1133167	0	823276	1
1133167	0	823277	1
1133167	0	8255705	1
1133167	0	8255706	1
1133167	0	8415743	1
1133167	0	8415744	1
130510	0	1105286	0
130510	0	1105290	0
130510	0	1244228	1
130510	0	1262132	0
130510	0	1262133	1
130510	0	1494930	1
130510	0	1494931	1
130510	0	1494932	1
130510	0	1494933	1
130510	0	1494934	1
130510	0	1494935	1
130510	0	1494936	1
130510	0	1494937	1
130510	0	1494938	1
130510	0	1494939	1
130510	0	1672906	0
130510	0	1766823	1
130510	0	1766826	0
130510	0	1864987	0
130510	0	1881833	1
130510	0	1881837	1
130510	0	1881838	1
130510	0	203714	1
130510	0	203718	1
130510	0	203721	0
130510	0	2407055	1
130510	0	2407058	0
130510	0	2407059	0
130510	0	2420310	0
130510	0	2796250	0
130510	0	2867680	0
130510	0	2881568	0
130510	0	2961567	0
130510	0	2982053	1
130510	0	3155834	0
130510	0	3155835	1
130510	0	3155837	1
130510	0	3155838	0
130510	0	3155839	1
130510	0	3155840	0
130510	0	3360244	0
130510	0	3913776	0
130510	0	4110458	0
130510	0	4110466	0
130510	0	4237516	0
130510	0	435588	0
130510	0	440976	1
130510	0	440978	1
130510	0	440983	1
130510	0	4528807	0
130510	0	4722583	0
130510	0	4748168	0
130510	0	474935	1
130510	0	5563751	0
130510	0	5622536	1
130510	0	5668640	1
130510	0	5668642	1
130510	0	5685707	1
130510	0	5732822	0
130510	0	5930013	0
130510	0	5984058	0
130510	0	6061506	0
130510	0	6061509	1
130510	0	6172269	0
130510	0	6229733	1
130510	0	6542824	0
130510	0	6614912	0
130510	0	6614916	0
130510	0	6703266	0
130510	0	6763277	1
130510	0	6780516	0
130510	0	6780520	1
130510	0	7125238	0
130510	0	7125239	1
130510	0	7125241	0
130510	0	7127694	0
130510	0	7129386	0
130510	0	7226977	1
130510	0	7501557	1
130510	0	7501558	1
130510	0	7501563	1
130510	0	768251	0
130510	0	7717233	0
130510	0	7840605	1
130510	0	799647	1
130510	0	80569	0
130510	0	8180119	0
130510	0	8287348	0
130510	0	8354778	0
130510	0	8384389	0
130510	0	8545281	0
130510	0	8612902	1
130510	0	8612903	1
130510	0	8612904	1
130510	0	8612905	1
130510	0	8612906	1
130510	0	8612909	1
130510	0	8612910	1
130510	0	956561	0
130510	0	996732	1
131843	0	1208161	0
131843	0	1222365	0
131843	0	1236267	0
131843	0	1288377	0
131843	0	1412225	0
131843	0	1429616	0
131843	0	1505736	0
131843	0	1594343	0
131843	0	1802988	0
131843	0	2056477	0
131843	0	2162844	0
131843	0	2241185	0
131843	0	2287018	0
131843	0	2458106	0
131843	0	2459046	0
131843	0	2795042	0
131843	0	2801714	0
131843	0	29030	0
131843	0	3047939	0
131843	0	3047940	0
131843	0	3092525	0
131843	0	3434695	0
131843	0	348759	0
131843	0	348760	0
131843	0	3527399	0
131843	0	3537787	0
131843	0	3553324	0
131843	0	3748231	0
131843	0	3841396	1
131843	0	3967164	0
131843	0	3967168	0
131843	0	4091094	0
131843	0	427728	0
131843	0	4440571	0
131843	0	4634395	0
131843	0	4634396	0
131843	0	4634397	0
131843	0	4634399	0
131843	0	4634400	0
131843	0	4634403	0
131843	0	4765732	0
131843	0	4765734	0
131843	0	4806979	0
131843	0	5103706	0
131843	0	5145702	0
131843	0	5145703	0
131843	0	5212622	0
131843	0	5212625	0
131843	0	5380690	0
131843	0	5423790	0
131843	0	5548319	0
131843	0	5548322	0
131843	0	5548323	0
131843	0	5548326	0
131843	0	5548327	0
131843	0	557332	0
131843	0	5715075	0
131843	0	5715079	0
131843	0	598554	0
131843	0	6121785	0
131843	0	6121787	0
131843	0	6143366	0
131843	0	6148486	0
131843	0	6195680	0
131843	0	6629203	0
131843	0	6629204	0
131843	0	6629206	0
131843	0	6667009	0
131843	0	6715415	0
131843	0	6803494	0
131843	0	6823129	0
131843	0	6863388	0
131843	0	6863389	0
131843	0	7141299	0
131843	0	7617276	0
131843	0	7635161	0
131843	0	8023784	0
131843	0	8069412	0
131843	0	8083953	0
131843	0	8102759	0
131843	0	8187665	0
131843	0	8187667	0
131843	0	8288868	0
131843	0	8305152	1
131843	0	8305153	1
131843	0	8305154	1
131843	0	8305155	1
131843	0	8305156	1
131843	0	8305158	1
131843	0	8327609	0
131843	0	8541969	0
131843	0	8731141	0
131843	0	8780259	0
131843	0	8780262	0
131843	0	8814234	0
131843	0	985988	1
131843	0	985990	1
131843	0	985991	0
131843	0	985992	1
131843	0	985994	1
146187	0	1028972	0
146187	0	1077549	0
146187	0	1110459	0
146187	0	1110463	0
146187	0	1144277	0
146187	0	1230566	1
146187	0	1312853	0
146187	0	1367167	0
146187	0	1367176	0
146187	0	1804746	0
146187	0	1841192	0
146187	0	1841195	0
146187	0	1841196	1
146187	0	1841197	0
146187	0	1869476	0
146187	0	1869481	0
146187	0	1972078	0
146187	0	1995994	0
146187	0	2009635	0
146187	0	2226093	0
146187	0	2246719	0
146187	0	2246721	1
146187	0	2257806	0
146187	0	2257810	0
146187	0	2365484	0
146187	0	3129298	0
146187	0	3129304	0
146187	0	315525	0
146187	0	3203261	0
146187	0	3615731	1
146187	0	3963187	0
146187	0	3963189	0
146187	0	4214923	1
146187	0	4214924	0
146187	0	4214925	1
146187	0	4216902	0
146187	0	4604562	0
146187	0	4777144	1
146187	0	4777148	0
146187	0	4921740	0
146187	0	4921741	0
146187	0	5050456	0
146187	0	5050464	0
146187	0	5238589	0
146187	0	5746033	0
146187	0	5746034	0
146187	0	5746036	0
146187	0	5836454	0
146187	0	5929433	0
146187	0	5999108	0
146187	0	6015025	1
146187	0	6015026	1
146187	0	6015027	1
146187	0	6073802	0
146187	0	6430257	0
146187	0	6430258	1
146187	0	6430259	0
146187	0	6430260	0
146187	0	6447377	0
146187	0	6483698	0
146187	0	6483701	0
146187	0	6483703	0
146187	0	6623314	0
146187	0	6929047	0
146187	0	7093332	0
146187	0	7093334	0
146187	0	7126360	0
146187	0	7405002	0
146187	0	744163	0
146187	0	744165	1
146187	0	744166	0
146187	0	744167	1
146187	0	744171	0
146187	0	76342	1
146187	0	76343	1
146187	0	76344	1
146187	0	76346	0
146187	0	76348	1
146187	0	76349	1
146187	0	76350	1
146187	0	76351	1
146187	0	7704674	0
146187	0	7704676	0
146187	0	7704677	0
146187	0	7772761	0
146187	0	7772762	0
146187	0	7836297	0
146187	0	7956019	0
146187	0	8113798	0
146187	0	8350557	0
146187	0	8434617	1
146187	0	8434618	1
146187	0	8434619	1
146187	0	8434620	1
146187	0	8434621	1
146187	0	8434622	1
146187	0	8434623	1
146187	0	8434624	1
146187	0	8434625	1
146187	0	8434626	1
148538	0	1147044	1
148538	0	1299824	1
148538	0	1311206	1
148538	0	1314489	1
148538	0	1384448	1
148538	0	1449786	1
148538	0	153920	1
148538	0	1568620	1
148538	0	1573498	1
148538	0	1828165	1
148538	0	1828171	1
148538	0	1950978	1
148538	0	1950983	1
148538	0	1967433	1
148538	0	1969519	1
148538	0	1969520	1
148538	0	1969521	1
148538	0	1985490	1
148538	0	1985491	1
148538	0	2033795	1
148538	0	208314	1
148538	0	2177849	1
148538	0	231453	1
148538	0	231455	1
148538	0	2368186	1
148538	0	2368189	1
148538	0	2455774	1
148538	0	2643562	1
148538	0	2731875	1
148538	0	2915322	1
148538	0	2915323	1
148538	0	2993239	1
148538	0	332400	1
148538	0	332401	1
148538	0	332402	1
148538	0	332406	1
148538	0	332407	1
148538	0	3353306	1
148538	0	3545040	1
148538	0	3693074	1
148538	0	3918785	1
148538	0	3997733	1
148538	0	4185812	1
148538	0	4185814	1
148538	0	4264121	1
148538	0	4264123	1
148538	0	4264124	1
148538	0	4264128	1
148538	0	4264129	1
148538	0	4447598	1
148538	0	4447601	1
148538	0	451558	1
148538	0	4539654	1
148538	0	4539657	1
148538	0	4539659	1
148538	0	4607262	1
148538	0	4607263	1
148538	0	4959633	1
148538	0	4959638	1
148538	0	5077704	1
148538	0	5077707	1
148538	0	5171603	1
148538	0	5171605	1
148538	0	5588133	0
148538	0	581145	1
148538	0	6037737	1
148538	0	615402	1
148538	0	615407	1
148538	0	6377909	1
148538	0	6543862	1
148538	0	6600519	1
148538	0	6697435	0
148538	0	6697437	1
148538	0	6846338	0
148538	0	6846340	1
148538	0	6846343	1
148538	0	6853480	1
148538	0	6873981	1
148538	0	6894608	1
148538	0	6894610	1
148538	0	7407803	1
148538	0	7407811	1
148538	0	7407812	1
148538	0	748721	0
148538	0	7529434	1
148538	0	7696389	1
148538	0	7796765	1
148538	0	8283527	1
148538	0	8283530	1
148538	0	8283531	1
148538	0	8283532	1
148538	0	929016	1
148538	0	985487	1
148538	0	985488	1
148538	0	985489	1
148538	0	985490	1
148538	0	985491	1
148538	0	985492	1
148538	0	985494	1
148538	0	986845	1
156493	0	1034435	1
156493	0	1101607	1
156493	0	1277720	1
156493	0	1277723	1
156493	0	1277725	1
156493	0	1277726	1
156493	0	1277727	1
156493	0	1347267	1
156493	0	1960254	1
156493	0	1960255	1
156493	0	1960257	1
156493	0	1960259	1
156493	0	1960260	1
156493	0	1960261	1
156493	0	2259179	1
156493	0	2259180	1
156493	0	2259182	1
156493	0	2259183	1
156493	0	2317807	1
156493	0	2411918	1
156493	0	2598786	1
156493	0	2598787	1
156493	0	2612486	1
156493	0	2612490	1
156493	0	2612491	1
156493	0	2612492	1
156493	0	2612493	1
156493	0	2616509	1
156493	0	2616512	1
156493	0	2717163	1
156493	0	2928700	1
156493	0	2928702	1
156493	0	2928704	1
156493	0	2928705	1
156493	0	2928707	1
156493	0	2949801	1
156493	0	2949802	1
156493	0	316872	1
156493	0	3258872	1
156493	0	3288595	1
156493	0	3288596	1
156493	0	3288597	1
156493	0	3288598	1
156493	0	3288599	1
156493	0	3288600	1
156493	0	3288601	1
156493	0	3288603	1
156493	0	349638	1
156493	0	349641	1
156493	0	349643	1
156493	0	349645	1
156493	0	3603920	1
156493	0	3603922	1
156493	0	3603923	1
156493	0	4542584	1
156493	0	4583221	1
156493	0	4648575	1
156493	0	4940228	1
156493	0	5346660	1
156493	0	5479183	1
156493	0	5530082	1
156493	0	5555919	1
156493	0	6139382	1
156493	0	6139383	1
156493	0	6139386	1
156493	0	6139387	1
156493	0	6524746	1
156493	0	6775071	1
156493	0	7371077	1
156493	0	7371078	1
156493	0	7371079	1
156493	0	7431316	1
156493	0	750111	1
156493	0	7529421	0
156493	0	7663269	1
156493	0	8029433	1
156493	0	8182159	1
156493	0	8182160	1
156493	0	8182161	1
156493	0	8182162	1
156493	0	8182163	1
156493	0	8182165	1
156493	0	8182166	1
156493	0	8245444	1
156493	0	8266017	1
156493	0	8273011	1
156493	0	8273017	1
156493	0	8273019	1
156493	0	8300113	1
156493	0	8820526	1
156493	0	885944	1
156493	0	911790	1
156493	0	95512	1
156493	0	95513	1
156493	0	95514	1
156493	0	95515	1
156493	0	95517	1
156493	0	95518	1
156493	0	95519	1
156493	0	95521	1
168216	0	1090089	1
168216	0	1090095	1
168216	0	1183706	1
168216	0	1301465	1
168216	0	1301466	1
168216	0	1301467	1
168216	0	1301468	1
168216	0	1301469	1
168216	0	1301471	1
168216	0	1301472	1
168216	0	1301473	1
168216	0	1301474	1
168216	0	13499	1
168216	0	1381477	1
168216	0	1735360	1
168216	0	2036279	1
168216	0	2210774	1
168216	0	2210775	1
168216	0	2210780	1
168216	0	2265769	1
168216	0	2790904	1
168216	0	3198680	1
168216	0	3198682	1
168216	0	3198684	0
168216	0	3198687	1
168216	0	3198689	1
168216	0	3344828	1
168216	0	3344832	1
168216	0	3344837	1
168216	0	3399712	1
168216	0	3399713	1
168216	0	3399715	1
168216	0	3399716	1
168216	0	3463556	1
168216	0	3681094	1
168216	0	3681095	1
168216	0	3681100	1
168216	0	3830857	1
168216	0	3908773	1
168216	0	3908774	1
168216	0	3908775	1
168216	0	3908776	1
168216	0	3908777	1
168216	0	3908778	1
168216	0	3908779	1
168216	0	4191395	1
168216	0	4245218	1
168216	0	4245223	1
168216	0	4324487	1
168216	0	4324491	1
168216	0	4324492	1
168216	0	4600607	1
168216	0	4600610	1
168216	0	5024307	1
168216	0	5024311	1
168216	0	5114458	1
168216	0	5935474	1
168216	0	5935476	1
168216	0	6012600	1
168216	0	6061718	1
168216	0	6061721	1
168216	0	6061722	1
168216	0	6061726	1
168216	0	6213322	1
168216	0	6213323	1
168216	0	6213324	1
168216	0	6213325	1
168216	0	6219118	1
168216	0	6264731	1
168216	0	6264732	1
168216	0	6264733	1
168216	0	6264734	1
168216	0	6264735	1
168216	0	6329932	1
168216	0	6426630	1
168216	0	6426631	1
168216	0	6426632	1
168216	0	6426633	1
168216	0	6426634	1
168216	0	6426637	1
168216	0	6426638	1
168216	0	6555034	1
168216	0	661750	1
168216	0	7337516	1
168216	0	7492753	1
168216	0	7492754	1
168216	0	7492755	1
168216	0	7595682	1
168216	0	8185131	1
168216	0	8185134	1
168216	0	8185135	1
168216	0	8185137	1
168216	0	8252763	1
168216	0	8731617	1
168216	0	8731620	1
168216	0	8731621	1
168216	0	8731622	1
168216	0	8731623	1
168216	0	8731624	1
168216	0	8731625	1
182539	0	1307232	1
182539	0	1307234	1
182539	0	1307235	1
182539	0	1504285	1
182539	0	1638687	1
182539	0	1638689	1
182539	0	1638690	1
182539	0	1664294	0
182539	0	1870363	1
182539	0	1879109	0
182539	0	2009617	0
182539	0	2009629	0
182539	0	2384731	0
182539	0	2384735	0
182539	0	2431122	0
182539	0	2674442	0
182539	0	2787602	0
182539	0	2823144	1
182539	0	2909954	1
182539	0	2909957	1
182539	0	2909959	1
182539	0	2909960	0
182539	0	2909961	1
182539	0	3293878	1
182539	0	3412555	0
182539	0	3760955	0
182539	0	3760957	1
182539	0	3760964	0
182539	0	3883077	1
182539	0	3883081	1
182539	0	423215	0
182539	0	4448399	1
182539	0	4468608	0
182539	0	4537743	0
182539	0	4730803	1
182539	0	4746166	1
182539	0	5020094	1
182539	0	5072935	0
182539	0	5317950	1
182539	0	5567729	1
182539	0	5567732	1
182539	0	57443	1
182539	0	57444	0
182539	0	57447	1
182539	0	57448	1
182539	0	57449	1
182539	0	57450	0
182539	0	57452	1
182539	0	6037973	1
182539	0	6081115	0
182539	0	6135907	0
182539	0	6413049	0
182539	0	6564983	0
182539	0	6596440	0
182539	0	6807899	1
182539	0	6807900	1
182539	0	6816571	1
182539	0	6816572	1
182539	0	6816573	1
182539	0	6816574	1
182539	0	6816576	1
182539	0	6816577	0
182539	0	6816579	1
182539	0	6933529	1
182539	0	697572	0
182539	0	6995118	0
182539	0	7050579	1
182539	0	7085057	0
182539	0	7153689	0
182539	0	7371253	1
182539	0	7371255	1
182539	0	7371257	1
182539	0	7371259	1
182539	0	7371261	1
182539	0	7371262	1
182539	0	7408022	1
182539	0	7527837	1
182539	0	7579347	0
182539	0	7579351	0
182539	0	7583024	1
182539	0	762792	1
182539	0	762795	0
182539	0	7686297	0
182539	0	7690609	1
182539	0	7807063	1
182539	0	8008661	0
182539	0	80372	0
182539	0	8112551	0
182539	0	8180622	0
182539	0	8299659	1
182539	0	8299660	1
182539	0	8299661	1
182539	0	8299665	1
182539	0	8299668	1
182539	0	8515182	1
182539	0	8757178	1
182539	0	8757179	1
182539	0	8757180	1
182539	0	8757181	1
182539	0	8757183	0
183378	0	1050571	1
183378	0	1289489	1
183378	0	1289490	1
183378	0	1289493	1
183378	0	1289495	1
183378	0	1289496	1
183378	0	1289497	1
183378	0	1730042	1
183378	0	1730858	1
183378	0	1960310	1
183378	0	2234245	1
183378	0	2352713	1
183378	0	2352716	1
183378	0	2874543	1
183378	0	3093214	1
183378	0	3093215	1
183378	0	3093217	1
183378	0	3185607	1
183378	0	3185611	1
183378	0	327908	1
183378	0	3389578	1
183378	0	3389579	1
183378	0	3389581	1
183378	0	3389584	1
183378	0	3605404	1
183378	0	3719069	1
183378	0	3719076	1
183378	0	376576	1
183378	0	3854428	1
183378	0	3928768	1
183378	0	4134897	1
183378	0	4134899	1
183378	0	4134902	1
183378	0	4493913	1
183378	0	4493914	1
183378	0	4493915	1
183378	0	4493916	1
183378	0	4493917	1
183378	0	4493918	1
183378	0	4493919	1
183378	0	4493920	1
183378	0	4493921	1
183378	0	4493922	1
183378	0	4727412	1
183378	0	4727417	1
183378	0	4727418	1
183378	0	4803847	1
183378	0	4803848	1
183378	0	4803850	1
183378	0	4803853	1
183378	0	4803855	1
183378	0	5391354	1
183378	0	5460936	1
183378	0	5460939	1
183378	0	5460941	1
183378	0	5534703	1
183378	0	5534707	1
183378	0	5534710	1
183378	0	5534711	1
183378	0	5817927	1
183378	0	6109461	1
183378	0	6247404	1
183378	0	6247405	1
183378	0	6291380	1
183378	0	6533300	1
183378	0	6548233	1
183378	0	6548235	1
183378	0	7398706	1
183378	0	7448291	1
183378	0	7449744	1
183378	0	7449747	1
183378	0	7449748	1
183378	0	7449750	1
183378	0	7449751	1
183378	0	7449752	1
183378	0	749540	1
183378	0	749542	1
183378	0	7593941	0
183378	0	7677975	1
183378	0	7678696	1
183378	0	7703397	1
183378	0	7811888	1
183378	0	7952868	1
183378	0	8121375	1
183378	0	8121380	1
183378	0	823211	1
183378	0	8570257	1
183378	0	8570258	1
183378	0	8570260	1
183378	0	8577213	1
183378	0	8577215	1
183378	0	8767239	1
183378	0	8767240	1
183378	0	8767241	1
183378	0	8794302	1
183378	0	8794303	1
183378	0	8794304	1
183378	0	8794306	1
183378	0	8794307	1
183378	0	8794308	1
19335	0	1054278	0
19335	0	1077788	0
19335	0	1160863	0
19335	0	1160871	0
19335	0	129765	0
19335	0	1316347	0
19335	0	1396142	0
19335	0	1396143	0
19335	0	1469573	0
19335	0	1568083	0
19335	0	161606	1
19335	0	1717015	1
19335	0	1717439	0
19335	0	1720387	0
19335	0	1720388	0
19335	0	1720389	0
19335	0	1720393	1
19335	0	1720395	0
19335	0	1905037	0
19335	0	1915754	1
19335	0	2020519	1
19335	0	2250973	1
19335	0	2304004	0
19335	0	2304005	0
19335	0	2437769	0
19335	0	2449497	0
19335	0	2459779	0
19335	0	2699379	0
19335	0	2874503	0
19335	0	3026405	0
19335	0	3026408	0
19335	0	3045565	1
19335	0	3045567	1
19335	0	3175481	1
19335	0	3175484	1
19335	0	342431	1
19335	0	3436236	0
19335	0	354219	1
19335	0	3559593	0
19335	0	3559596	0
19335	0	3587439	0
19335	0	3615077	1
19335	0	3706023	0
19335	0	429851	1
19335	0	4843828	1
19335	0	503739	1
19335	0	5051739	0
19335	0	5078863	0
19335	0	5081061	0
19335	0	527689	0
19335	0	527690	1
19335	0	527692	1
19335	0	527694	0
19335	0	527695	0
19335	0	527697	1
19335	0	527698	0
19335	0	5351351	0
19335	0	5508122	1
19335	0	5508123	0
19335	0	554950	0
19335	0	5711211	1
19335	0	5711213	0
19335	0	5711216	1
19335	0	5806604	0
19335	0	584350	0
19335	0	5870000	0
19335	0	6124004	1
19335	0	6184951	0
19335	0	6238007	1
19335	0	6294314	1
19335	0	6407998	0
19335	0	6452949	1
19335	0	6512137	1
19335	0	6512144	1
19335	0	6568700	0
19335	0	677305	0
19335	0	6902384	0
19335	0	7050803	1
19335	0	7122355	0
19335	0	7267246	0
19335	0	7267248	0
19335	0	7367410	0
19335	0	7367411	0
19335	0	7454464	0
19335	0	7460273	1
19335	0	7681710	0
19335	0	772234	0
19335	0	7763208	0
19335	0	8061829	1
19335	0	8184296	0
19335	0	8412681	1
19335	0	8412682	1
19335	0	8412683	1
19335	0	8412684	1
19335	0	8495708	0
19335	0	8495710	0
19335	0	8635984	1
19335	0	8786632	1
19335	0	8798994	0
19335	0	93557	1
207786	0	1081011	0
207786	0	1081014	0
207786	0	1392585	1
207786	0	1667536	0
207786	0	1667540	0
207786	0	2051016	0
207786	0	2051019	0
207786	0	2051020	1
207786	0	2051021	0
207786	0	2207751	0
207786	0	2430036	0
207786	0	2440415	0
207786	0	2440421	0
207786	0	2670733	0
207786	0	2763917	1
207786	0	2763922	0
207786	0	2763923	0
207786	0	2775833	0
207786	0	2775834	0
207786	0	2775835	0
207786	0	2775836	0
207786	0	2969228	0
207786	0	2969229	0
207786	0	2969232	0
207786	0	2969234	1
207786	0	3322527	0
207786	0	3322530	0
207786	0	3656958	0
207786	0	3855670	0
207786	0	3896738	0
207786	0	3896739	0
207786	0	3896742	0
207786	0	3896743	0
207786	0	3945573	0
207786	0	4016148	0
207786	0	4016149	0
207786	0	4218707	1
207786	0	4278001	0
207786	0	4342505	0
207786	0	4393128	0
207786	0	4465046	0
207786	0	4465050	0
207786	0	4613063	0
207786	0	4613065	1
207786	0	4672265	0
207786	0	4672268	0
207786	0	4695807	0
207786	0	4759179	0
207786	0	4759180	0
207786	0	4900223	0
207786	0	4900224	0
207786	0	493415	0
207786	0	493416	0
207786	0	5160451	0
207786	0	5175108	0
207786	0	5175109	0
207786	0	5184952	0
207786	0	524450	0
207786	0	5288615	0
207786	0	5297038	0
207786	0	5365939	0
207786	0	5365946	0
207786	0	5624831	0
207786	0	5845834	0
207786	0	5989435	0
207786	0	5989436	0
207786	0	5989442	0
207786	0	6023733	0
207786	0	6031623	0
207786	0	6031630	1
207786	0	6261311	0
207786	0	6526575	0
207786	0	6526580	0
207786	0	6822431	0
207786	0	7124121	0
207786	0	7331154	0
207786	0	7510476	0
207786	0	7622406	0
207786	0	7643812	0
207786	0	7643814	0
207786	0	7746367	0
207786	0	7777864	0
207786	0	7941579	1
207786	0	7963300	0
207786	0	8051707	0
207786	0	8053029	0
207786	0	8185061	0
207786	0	8185064	0
207786	0	8211377	0
207786	0	8273754	1
207786	0	8273755	0
207786	0	8273757	1
207786	0	8273758	1
207786	0	8273759	1
207786	0	8273760	1
207786	0	8273761	1
207786	0	8273762	1
207786	0	8273763	1
207786	0	8461486	0
207786	0	8651150	0
264014	0	1444286	1
264014	0	1610706	1
264014	0	1610707	1
264014	0	1610710	0
264014	0	1610711	1
264014	0	1610712	1
264014	0	1610714	1
264014	0	1804644	1
264014	0	2223171	1
264014	0	2420367	1
264014	0	2474340	1
264014	0	2474341	1
264014	0	2474342	1
264014	0	2474346	1
264014	0	2498169	1
264014	0	2572557	0
264014	0	2689662	1
264014	0	331929	1
264014	0	331931	1
264014	0	331932	1
264014	0	331934	1
264014	0	331936	0
264014	0	3338821	1
264014	0	3338825	1
264014	0	3338827	1
264014	0	3338828	1
264014	0	3372501	1
264014	0	3396076	1
264014	0	3577341	1
264014	0	3577342	1
264014	0	3577344	0
264014	0	3577345	1
264014	0	3577347	1
264014	0	3601328	1
264014	0	3666584	1
264014	0	3841908	1
264014	0	4367667	1
264014	0	447992	1
264014	0	4647186	1
264014	0	4687213	1
264014	0	4834545	1
264014	0	4834547	1
264014	0	4834548	1
264014	0	528372	1
264014	0	528375	1
264014	0	528379	1
264014	0	528380	1
264014	0	5328095	1
264014	0	5611210	1
264014	0	5611211	1
264014	0	5611212	1
264014	0	5611214	1
264014	0	5611216	1
264014	0	5611217	1
264014	0	5611218	1
264014	0	5611219	1
264014	0	5635519	1
264014	0	5635521	1
264014	0	5635522	1
264014	0	5819142	1
264014	0	5819145	1
264014	0	58386	1
264014	0	5849268	1
264014	0	5849270	1
264014	0	5849711	1
264014	0	5950718	1
264014	0	5950719	1
264014	0	5950721	1
264014	0	5950722	1
264014	0	5950723	1
264014	0	5950724	0
264014	0	5950726	1
264014	0	6105569	1
264014	0	6105571	1
264014	0	6105572	1
264014	0	6333839	1
264014	0	6334964	1
264014	0	6413951	1
264014	0	6555321	1
264014	0	6555322	1
264014	0	6641238	1
264014	0	6791760	1
264014	0	684616	1
264014	0	684618	1
264014	0	7323467	1
264014	0	7323468	1
264014	0	7323471	1
264014	0	7326932	1
264014	0	7326934	1
264014	0	7326936	1
264014	0	8502491	0
264014	0	8801661	1
264014	0	935825	1
264014	0	96851	1
264014	0	96852	1
264014	0	96854	0
264014	0	96855	1
264014	0	96857	1
264014	0	96858	1
264014	0	96859	1
359349	0	1306224	0
359349	0	1383279	0
359349	0	1394087	1
359349	0	1456209	0
359349	0	1456211	0
359349	0	1456212	0
359349	0	1521749	0
359349	0	1540097	0
359349	0	1830509	0
359349	0	1830512	1
359349	0	1830516	0
359349	0	1830517	1
359349	0	1892864	0
359349	0	205472	0
359349	0	2134318	0
359349	0	2134320	0
359349	0	2293820	1
359349	0	2444689	0
359349	0	2490389	0
359349	0	2490390	0
359349	0	2490392	0
359349	0	2490397	0
359349	0	2826510	1
359349	0	2826512	1
359349	0	3126802	0
359349	0	3176541	0
359349	0	3176542	0
359349	0	3193824	1
359349	0	3223831	1
359349	0	3223833	1
359349	0	3265497	0
359349	0	3645754	0
359349	0	3645761	0
359349	0	3900185	1
359349	0	4013723	1
359349	0	4020470	1
359349	0	4020471	0
359349	0	4020472	0
359349	0	4020474	1
359349	0	4020475	1
359349	0	4020476	0
359349	0	4020477	1
359349	0	4020478	0
359349	0	4020479	0
359349	0	4269559	0
359349	0	4474866	1
359349	0	457673	1
359349	0	4624153	0
359349	0	4646870	0
359349	0	5219976	0
359349	0	5345720	0
359349	0	5414623	0
359349	0	5414631	0
359349	0	5547389	0
359349	0	5547394	0
359349	0	5579653	0
359349	0	5615181	1
359349	0	5622886	0
359349	0	5686588	0
359349	0	576627	1
359349	0	576628	1
359349	0	576629	1
359349	0	576631	0
359349	0	576632	0
359349	0	576634	0
359349	0	576635	0
359349	0	6031050	0
359349	0	6031053	0
359349	0	6045519	0
359349	0	6081008	0
359349	0	6108721	1
359349	0	6412425	0
359349	0	6654071	0
359349	0	6817406	0
359349	0	68647	1
359349	0	68648	1
359349	0	68649	1
359349	0	68650	0
359349	0	68653	1
359349	0	68656	0
359349	0	6945211	0
359349	0	7062671	0
359349	0	725438	0
359349	0	7277971	0
359349	0	7544501	0
359349	0	7544503	0
359349	0	7544505	0
359349	0	7579883	0
359349	0	7651993	0
359349	0	7732667	0
359349	0	792264	0
359349	0	8058867	0
359349	0	8058873	1
359349	0	8125299	0
359349	0	8125300	0
359349	0	8167113	0
359349	0	8167114	1
359349	0	8456698	0
359349	0	927198	0
359349	0	943229	1
405717	0	1849743	1
405717	0	1976406	0
405717	0	1984962	1
405717	0	2125641	1
405717	0	2365659	1
405717	0	2365660	0
405717	0	2365661	1
405717	0	2365663	1
405717	0	2365665	1
405717	0	2514106	1
405717	0	2514107	1
405717	0	2642838	0
405717	0	2702419	0
405717	0	2702423	1
405717	0	2747484	1
405717	0	2747485	1
405717	0	2747486	0
405717	0	2747488	0
405717	0	2747489	0
405717	0	2747491	0
405717	0	2768521	0
405717	0	28368	0
405717	0	28372	0
405717	0	2879959	0
405717	0	2879960	0
405717	0	2879964	1
405717	0	3033900	1
405717	0	3033903	0
405717	0	3033904	1
405717	0	3033905	1
405717	0	3040883	1
405717	0	3274918	0
405717	0	3514259	1
405717	0	3606046	0
405717	0	3743460	0
405717	0	3743462	0
405717	0	3986303	0
405717	0	3986305	0
405717	0	3986306	0
405717	0	3986307	0
405717	0	3986308	0
405717	0	3986309	0
405717	0	4489661	0
405717	0	4489666	0
405717	0	4704973	0
405717	0	4704975	1
405717	0	4704978	1
405717	0	4704980	1
405717	0	4776926	0
405717	0	4776928	1
405717	0	4828118	1
405717	0	5079482	1
405717	0	5428443	0
405717	0	5638740	0
405717	0	5668741	1
405717	0	576346	1
405717	0	5857562	0
405717	0	6419725	0
405717	0	6426479	0
405717	0	6426483	1
405717	0	6442862	1
405717	0	6654652	0
405717	0	6654653	0
405717	0	6654655	1
405717	0	6654656	0
405717	0	6654658	1
405717	0	6654660	0
405717	0	6678050	1
405717	0	6741362	1
405717	0	6786304	0
405717	0	702383	0
405717	0	702386	0
405717	0	702391	1
405717	0	7170624	1
405717	0	7170625	0
405717	0	7170626	1
405717	0	7170630	1
405717	0	7170631	0
405717	0	7201359	0
405717	0	7201361	1
405717	0	7288990	0
405717	0	7288991	1
405717	0	7288996	1
405717	0	7447941	0
405717	0	7447942	1
405717	0	7447943	0
405717	0	758581	0
405717	0	758582	1
405717	0	758585	0
405717	0	758586	1
405717	0	7589975	0
405717	0	7728831	0
405717	0	7896211	1
405717	0	7896212	1
405717	0	8156519	0
405717	0	8433852	1
405717	0	8433854	1
405717	0	8433856	0
405717	0	8433858	0
405717	0	8610271	0
443396	0	1043988	0
443396	0	1091614	0
443396	0	1135750	1
443396	0	1135751	1
443396	0	1135757	1
443396	0	119472	0
443396	0	1262720	0
443396	0	1515376	0
443396	0	1843486	0
443396	0	2364911	0
443396	0	2638076	1
443396	0	2638078	0
443396	0	2638080	0
443396	0	2638081	1
443396	0	2638083	1
443396	0	2716450	0
443396	0	2716454	0
443396	0	2716455	0
443396	0	2767485	0
443396	0	2767487	0
443396	0	2819105	0
443396	0	3103995	1
443396	0	3256971	1
443396	0	3256974	1
443396	0	3323246	0
443396	0	3511993	0
443396	0	3599520	1
443396	0	360229	0
443396	0	360232	0
443396	0	3811857	1
443396	0	3915597	1
443396	0	3924405	0
443396	0	4041358	1
443396	0	4041361	1
443396	0	4205264	1
443396	0	4271441	0
443396	0	4511531	0
443396	0	4526739	0
443396	0	4526741	1
443396	0	4526744	1
443396	0	4526747	1
443396	0	456708	1
443396	0	456710	1
443396	0	4699186	0
443396	0	4774806	1
443396	0	4792649	0
443396	0	4792650	0
443396	0	4792653	0
443396	0	4792654	1
443396	0	4792655	0
443396	0	4825928	0
443396	0	4896251	1
443396	0	4935430	1
443396	0	5065439	0
443396	0	5158745	0
443396	0	5158746	0
443396	0	519923	0
443396	0	5224171	0
443396	0	5224173	0
443396	0	523589	0
443396	0	5311404	0
443396	0	5404318	0
443396	0	5404320	0
443396	0	5404322	1
443396	0	5902981	0
443396	0	6041945	0
443396	0	6085987	0
443396	0	6168532	0
443396	0	6168539	0
443396	0	6361505	1
443396	0	6361506	1
443396	0	6361507	1
443396	0	6486139	0
443396	0	6863144	0
443396	0	6881583	1
443396	0	7221395	0
443396	0	7620278	1
443396	0	7620279	0
443396	0	7703618	0
443396	0	7856435	0
443396	0	7856436	0
443396	0	7890878	0
443396	0	7890881	0
443396	0	7890882	0
443396	0	7911766	0
443396	0	7928757	0
443396	0	8079039	1
443396	0	8079040	0
443396	0	8079043	1
443396	0	8079046	1
443396	0	8079047	0
443396	0	8128960	0
443396	0	8416862	1
443396	0	8536118	1
443396	0	8536122	1
443396	0	8536123	1
443396	0	8575351	0
443396	0	8769481	0
443396	0	8769490	0
443396	0	8793491	1
451602	0	1078133	0
451602	0	1078134	0
451602	0	1078138	0
451602	0	1094138	1
451602	0	1277286	0
451602	0	1277287	0
451602	0	1277289	0
451602	0	1277290	0
451602	0	1277293	0
451602	0	1277294	0
451602	0	1626653	0
451602	0	2084909	0
451602	0	2176455	0
451602	0	2176458	1
451602	0	2312864	1
451602	0	2329895	0
451602	0	2414919	0
451602	0	2486935	0
451602	0	2922145	0
451602	0	2922147	0
451602	0	3052112	0
451602	0	3052115	0
451602	0	3090666	0
451602	0	3090667	0
451602	0	3090670	0
451602	0	3177691	0
451602	0	3177692	0
451602	0	3177694	0
451602	0	3177696	0
451602	0	3493825	0
451602	0	3790251	1
451602	0	3994779	0
451602	0	4264167	0
451602	0	4345752	0
451602	0	4453605	0
451602	0	4453608	0
451602	0	4487185	0
451602	0	4495080	0
451602	0	4559055	0
451602	0	4865759	0
451602	0	4874640	0
451602	0	4874641	0
451602	0	4874645	0
451602	0	5018391	0
451602	0	5053852	0
451602	0	5179251	0
451602	0	5211036	0
451602	0	5475308	1
451602	0	5475312	0
451602	0	5538937	1
451602	0	5538938	0
451602	0	5538945	0
451602	0	5655693	0
451602	0	6132119	0
451602	0	6286973	0
451602	0	6286975	0
451602	0	6286976	0
451602	0	6286977	0
451602	0	6286978	0
451602	0	6286980	0
451602	0	6286981	0
451602	0	6286982	0
451602	0	6618756	0
451602	0	6618763	0
451602	0	7179473	0
451602	0	7403454	0
451602	0	7800959	0
451602	0	7800962	0
451602	0	7804170	1
451602	0	8019873	0
451602	0	8025740	0
451602	0	8033471	0
451602	0	8033472	0
451602	0	8124687	0
451602	0	8214451	0
451602	0	8214452	0
451602	0	8383461	0
451602	0	8383462	0
451602	0	8383463	0
451602	0	8383465	0
451602	0	8390518	0
451602	0	8390519	0
451602	0	8390523	0
451602	0	8390525	0
451602	0	8390526	0
451602	0	847213	0
451602	0	8485130	0
451602	0	8485131	0
451602	0	8485133	0
451602	0	8485136	0
451602	0	8540468	0
451602	0	8540473	0
451602	0	8621776	1
451602	0	8621779	0
451602	0	8621781	0
451602	0	8621784	1
451602	0	8787234	1
451602	0	96222	0
451602	0	96229	0
451602	0	998695	0
47923	0	1161940	1
47923	0	129218	1
47923	0	1346412	1
47923	0	1508659	1
47923	0	1681331	1
47923	0	1681332	1
47923	0	1681333	1
47923	0	1681334	1
47923	0	1681336	1
47923	0	1681337	1
47923	0	1681339	1
47923	0	1681340	1
47923	0	1868437	1
47923	0	1960681	1
47923	0	2043791	0
47923	0	2135499	1
47923	0	2508227	1
47923	0	2670112	1
47923	0	2699736	1
47923	0	2699737	1
47923	0	2831042	1
47923	0	2838662	1
47923	0	291219	1
47923	0	3306871	0
47923	0	3348831	1
47923	0	3348834	1
47923	0	3348838	1
47923	0	3395317	0
47923	0	3630933	1
47923	0	3744477	0
47923	0	3853973	0
47923	0	385687	1
47923	0	4064329	0
47923	0	4119528	1
47923	0	4202492	0
47923	0	4257344	1
47923	0	4297620	1
47923	0	4525877	1
47923	0	4652795	1
47923	0	472111	1
47923	0	473807	1
47923	0	473809	1
47923	0	4778734	1
47923	0	5032362	1
47923	0	5032364	1
47923	0	5032365	1
47923	0	5137400	1
47923	0	5147526	1
47923	0	5147527	1
47923	0	5147528	1
47923	0	5147529	1
47923	0	5147530	1
47923	0	525511	1
47923	0	5282403	1
47923	0	5289336	1
47923	0	5417578	1
47923	0	5417579	1
47923	0	5417581	1
47923	0	5417582	1
47923	0	5417584	1
47923	0	5878048	1
47923	0	5936350	1
47923	0	5949693	1
47923	0	618556	1
47923	0	6191	1
47923	0	6241147	1
47923	0	6241148	1
47923	0	6241150	1
47923	0	6241151	1
47923	0	6241152	1
47923	0	6241153	1
47923	0	6241154	1
47923	0	6272906	1
47923	0	6643066	1
47923	0	6919836	1
47923	0	6919841	1
47923	0	7086728	1
47923	0	7417276	1
47923	0	7430505	1
47923	0	7685162	1
47923	0	7747055	1
47923	0	7936847	1
47923	0	8110288	0
47923	0	8110289	1
47923	0	8216702	1
47923	0	8327407	1
47923	0	8348762	1
47923	0	8418678	1
47923	0	8418681	1
47923	0	8418683	1
47923	0	8418684	1
47923	0	8418686	1
47923	0	8421421	1
47923	0	8641101	1
47923	0	8641104	1
47923	0	8641106	1
47923	0	8641107	1
47923	0	913042	1
47923	0	913049	0
47923	0	986177	1
489204	0	1051492	1
489204	0	1051494	1
489204	0	1051498	1
489204	0	1225589	1
489204	0	1225591	1
489204	0	1231677	1
489204	0	1310103	1
489204	0	136257	1
489204	0	1418931	1
489204	0	1418933	1
489204	0	1479542	1
489204	0	152948	1
489204	0	152951	1
489204	0	152954	1
489204	0	1664643	1
489204	0	1688165	1
489204	0	1759354	1
489204	0	1759357	1
489204	0	1759359	1
489204	0	1778458	1
489204	0	1778462	1
489204	0	185678	1
489204	0	2016623	1
489204	0	2163701	1
489204	0	216490	1
489204	0	216492	1
489204	0	2268651	1
489204	0	2268652	1
489204	0	2268654	1
489204	0	2268655	1
489204	0	2959687	1
489204	0	2996548	1
489204	0	3053140	1
489204	0	3623668	1
489204	0	3665912	1
489204	0	3665914	1
489204	0	3728441	1
489204	0	3728444	1
489204	0	3728445	1
489204	0	3744940	1
489204	0	3980122	1
489204	0	3980126	1
489204	0	3981857	1
489204	0	4029846	1
489204	0	4142348	1
489204	0	4387756	1
489204	0	4586570	1
489204	0	4669688	1
489204	0	4669690	1
489204	0	4917998	1
489204	0	533017	1
489204	0	5705356	1
489204	0	5815957	1
489204	0	5815958	1
489204	0	5842850	1
489204	0	5895917	1
489204	0	6087663	1
489204	0	6087666	1
489204	0	6087671	1
489204	0	6327174	1
489204	0	6327175	1
489204	0	6327176	1
489204	0	6327177	1
489204	0	6327181	1
489204	0	6327182	1
489204	0	6536367	1
489204	0	6542578	1
489204	0	6581771	1
489204	0	66437	1
489204	0	6652051	1
489204	0	6652052	1
489204	0	6652053	1
489204	0	678245	1
489204	0	7113153	1
489204	0	7522962	0
489204	0	753265	1
489204	0	759510	1
489204	0	7696283	1
489204	0	7734612	1
489204	0	8376905	1
489204	0	8376906	1
489204	0	8376909	1
489204	0	8376910	1
489204	0	8463820	1
489204	0	8463823	1
489204	0	852257	1
489204	0	855963	1
489204	0	855964	1
489204	0	855967	1
489204	0	855969	1
489204	0	855972	1
489204	0	8594271	1
489204	0	8594272	1
489204	0	8594273	1
489204	0	8594277	1
489204	0	8737051	1
489204	0	8781574	1
489204	0	8781577	1
489204	0	942473	1
489204	0	973923	1
490595	0	1044147	1
490595	0	1160847	1
490595	0	1194060	1
490595	0	1288938	1
490595	0	1288942	1
490595	0	1370801	0
490595	0	1473259	1
490595	0	1620438	1
490595	0	1652460	1
490595	0	1929910	1
490595	0	1929911	1
490595	0	2661183	1
490595	0	2850740	1
490595	0	3572695	1
490595	0	3572698	1
490595	0	3572701	1
490595	0	3780923	1
490595	0	3833407	1
490595	0	3833409	1
490595	0	3833413	1
490595	0	3833414	1
490595	0	3937196	1
490595	0	3937197	1
490595	0	3937200	1
490595	0	3937201	1
490595	0	3937202	1
490595	0	3937203	1
490595	0	3937204	1
490595	0	4082319	1
490595	0	4082324	1
490595	0	4292443	1
490595	0	4737059	1
490595	0	4737060	1
490595	0	4737061	1
490595	0	4737062	1
490595	0	4737063	1
490595	0	4737064	1
490595	0	4737065	1
490595	0	4737066	1
490595	0	4737067	1
490595	0	4737068	1
490595	0	4763066	1
490595	0	4763067	1
490595	0	4763070	1
490595	0	4776583	0
490595	0	4842889	1
490595	0	4842890	1
490595	0	4842891	1
490595	0	4842894	1
490595	0	4842895	1
490595	0	4842896	1
490595	0	4842897	1
490595	0	5112294	1
490595	0	5128293	1
490595	0	5247992	1
490595	0	5247999	1
490595	0	5248000	1
490595	0	526093	1
490595	0	5349566	1
490595	0	5359212	1
490595	0	549465	1
490595	0	559485	0
490595	0	5612095	0
490595	0	5612099	0
490595	0	5633627	1
490595	0	5633631	1
490595	0	6066626	1
490595	0	6455761	1
490595	0	6686784	1
490595	0	6742119	1
490595	0	6971303	0
490595	0	6976956	1
490595	0	7065739	1
490595	0	7340532	1
490595	0	7364608	0
490595	0	7422680	1
490595	0	7600745	0
490595	0	7704029	1
490595	0	777201	1
490595	0	7839904	1
490595	0	7839905	1
490595	0	7839906	1
490595	0	7839907	1
490595	0	7839908	1
490595	0	7839911	1
490595	0	7968900	1
490595	0	7994361	0
490595	0	805046	1
490595	0	805047	1
490595	0	805048	1
490595	0	805049	1
490595	0	805050	1
490595	0	805051	1
490595	0	8095032	0
490595	0	8485139	1
490595	0	8485140	1
490595	0	8485141	1
490595	0	8709994	1
490595	0	8716499	0
490595	0	903932	1
527433	0	1212783	0
527433	0	1212784	0
527433	0	1212787	0
527433	0	1217016	1
527433	0	1379236	1
527433	0	1379237	0
527433	0	1379238	0
527433	0	1379239	0
527433	0	1379240	1
527433	0	1379242	0
527433	0	1379245	1
527433	0	1404580	0
527433	0	1511548	0
527433	0	1511556	0
527433	0	1664518	0
527433	0	1753604	0
527433	0	2045580	0
527433	0	2496222	0
527433	0	2496227	0
527433	0	2649533	0
527433	0	269422	0
527433	0	269424	0
527433	0	269425	0
527433	0	269426	0
527433	0	269428	0
527433	0	269430	0
527433	0	2722036	0
527433	0	286674	0
527433	0	3224400	0
527433	0	3294599	0
527433	0	3339572	0
527433	0	3425595	0
527433	0	3430045	0
527433	0	3774355	0
527433	0	3774357	0
527433	0	3774358	0
527433	0	3774360	0
527433	0	3835729	0
527433	0	3835730	0
527433	0	3835731	0
527433	0	3835732	0
527433	0	3835735	0
527433	0	3835736	0
527433	0	3973282	0
527433	0	3973284	0
527433	0	3973285	0
527433	0	3973286	0
527433	0	4046876	0
527433	0	4064457	0
527433	0	4064459	0
527433	0	4261630	0
527433	0	4402992	0
527433	0	452715	0
527433	0	467601	0
527433	0	4958698	0
527433	0	4990159	0
527433	0	5154358	0
527433	0	5154365	0
527433	0	5295980	0
527433	0	5466807	1
527433	0	5466810	0
527433	0	5466811	0
527433	0	5466812	0
527433	0	5479497	0
527433	0	5603298	0
527433	0	5672164	0
527433	0	5672166	0
527433	0	5690938	0
527433	0	5690943	0
527433	0	5690947	0
527433	0	5908498	0
527433	0	6015377	0
527433	0	6038397	0
527433	0	6038404	0
527433	0	6065675	0
527433	0	6065681	0
527433	0	6065683	0
527433	0	6186391	0
527433	0	6186393	0
527433	0	6214995	0
527433	0	6215001	1
527433	0	6215002	0
527433	0	6398041	1
527433	0	6398043	0
527433	0	6398045	0
527433	0	6398047	0
527433	0	6928819	0
527433	0	7105530	0
527433	0	7357591	0
527433	0	7607669	1
527433	0	7799466	1
527433	0	8306449	1
527433	0	8306451	0
527433	0	8617267	0
527433	0	8617271	1
527433	0	8617273	1
527433	0	8617274	0
527433	0	8827925	0
527433	0	8827928	0
527433	0	975967	0
573724	0	1005338	1
573724	0	104856	1
573724	0	1113579	0
573724	0	1165124	1
573724	0	1165128	1
573724	0	1165129	1
573724	0	1509940	1
573724	0	1509942	1
573724	0	1509944	1
573724	0	162151	1
573724	0	1816038	1
573724	0	2133806	1
573724	0	2186124	1
573724	0	2417985	1
573724	0	2635262	1
573724	0	2910045	1
573724	0	305009	1
573724	0	3059589	1
573724	0	3146236	1
573724	0	3146238	1
573724	0	3146240	1
573724	0	3365631	1
573724	0	3365632	1
573724	0	3365633	1
573724	0	3365635	1
573724	0	3365636	1
573724	0	3365637	0
573724	0	3365638	1
573724	0	3365639	1
573724	0	3412325	1
573724	0	3492364	1
573724	0	3546092	1
573724	0	3617636	1
573724	0	394136	1
573724	0	394138	1
573724	0	394139	1
573724	0	394141	1
573724	0	394142	1
573724	0	4017883	1
573724	0	4360246	1
573724	0	4853172	1
573724	0	5047796	1
573724	0	5185664	1
573724	0	5185671	1
573724	0	5310530	1
573724	0	5339620	1
573724	0	5384308	1
573724	0	5721829	1
573724	0	5721831	1
573724	0	5962420	0
573724	0	5962423	1
573724	0	5962424	1
573724	0	5962425	0
573724	0	5962426	1
573724	0	5962427	1
573724	0	5962428	1
573724	0	6304877	0
573724	0	6496777	1
573724	0	6776717	1
573724	0	7104825	1
573724	0	7104826	1
573724	0	7104827	1
573724	0	7199667	1
573724	0	7199669	1
573724	0	7199672	1
573724	0	7199673	1
573724	0	7199674	0
573724	0	7199675	1
573724	0	7275118	1
573724	0	7384329	1
573724	0	7384331	1
573724	0	7384332	1
573724	0	7384333	1
573724	0	7530702	1
573724	0	7609926	1
573724	0	7609927	1
573724	0	7609928	1
573724	0	7609929	1
573724	0	7609930	1
573724	0	7609932	1
573724	0	7609933	1
573724	0	7674858	1
573724	0	7674859	1
573724	0	7674861	1
573724	0	7964601	1
573724	0	8047166	1
573724	0	8047172	1
573724	0	8441637	1
573724	0	8441642	1
573724	0	8444727	1
573724	0	8444728	1
573724	0	8573967	0
573724	0	87400	1
573724	0	87402	1
573724	0	87404	1
573724	0	87405	1
573724	0	87409	1
573724	0	8833192	1
573724	0	8833194	1
573724	0	8833199	1
833860	0	115142	0
833860	0	1187661	0
833860	0	1229019	0
833860	0	1733841	0
833860	0	1889863	1
833860	0	2206194	1
833860	0	2206195	1
833860	0	2206196	1
833860	0	2206197	1
833860	0	2206198	1
833860	0	2206199	0
833860	0	2579885	0
833860	0	2579892	0
833860	0	2654110	0
833860	0	2702357	1
833860	0	2829180	0
833860	0	2829181	0
833860	0	2990817	0
833860	0	2990820	0
833860	0	3087477	0
833860	0	3087481	1
833860	0	3087483	0
833860	0	3337874	0
833860	0	3337877	0
833860	0	3421947	1
833860	0	3437281	1
833860	0	3437283	0
833860	0	3437284	1
833860	0	3437285	0
833860	0	3437286	1
833860	0	3437288	0
833860	0	3437289	1
833860	0	3437290	0
833860	0	3494802	0
833860	0	3494809	0
833860	0	3798217	0
833860	0	3924121	0
833860	0	4046123	0
833860	0	4046125	0
833860	0	4046129	0
833860	0	4086000	0
833860	0	4086001	0
833860	0	4086002	0
833860	0	4086003	0
833860	0	4086006	0
833860	0	4121472	0
833860	0	4166209	0
833860	0	4166210	0
833860	0	4539590	0
833860	0	4544257	0
833860	0	46390	0
833860	0	4881965	1
833860	0	5167510	1
833860	0	5167512	1
833860	0	5167513	1
833860	0	5167514	0
833860	0	5167518	1
833860	0	5832657	1
833860	0	5897836	0
833860	0	5897839	0
833860	0	6083481	0
833860	0	6083487	0
833860	0	6211800	0
833860	0	6218032	1
833860	0	6230220	1
833860	0	6230221	1
833860	0	6230222	1
833860	0	6230223	1
833860	0	6230224	0
833860	0	6230225	1
833860	0	6230226	1
833860	0	6230227	1
833860	0	6230228	0
833860	0	6230229	0
833860	0	6292957	0
833860	0	6683659	0
833860	0	6804392	0
833860	0	6875877	1
833860	0	7061642	0
833860	0	7125488	0
833860	0	7435480	0
833860	0	7506146	0
833860	0	7548083	0
833860	0	7706738	1
833860	0	7944293	0
833860	0	8344031	1
833860	0	8400003	0
833860	0	8400005	0
833860	0	858687	0
833860	0	858688	0
833860	0	8697642	0
833860	0	8705868	0
833860	0	871334	0
833860	0	8767220	0
833860	0	8770262	0
833860	0	8833502	1
833860	0	8833504	1
833860	0	8833506	1
833860	0	8833509	1
833860	0	921798	0
855410	0	103039	0
855410	0	1147343	0
855410	0	1273115	0
855410	0	133350	0
855410	0	133357	0
855410	0	1441918	0
855410	0	149560	0
855410	0	1568738	0
855410	0	1599285	0
855410	0	1849825	0
855410	0	1981079	0
855410	0	1981080	0
855410	0	2089151	0
855410	0	2634476	0
855410	0	2700915	0
855410	0	2790292	0
855410	0	2882395	0
855410	0	2882396	0
855410	0	2969826	0
855410	0	317640	0
855410	0	330752	0
855410	0	3313818	0
855410	0	3319653	0
855410	0	3351348	0
855410	0	3394509	0
855410	0	3394513	0
855410	0	3395167	0
855410	0	3530757	1
855410	0	3530758	1
855410	0	3530762	0
855410	0	3544499	0
855410	0	3544501	0
855410	0	3614344	0
855410	0	3614350	0
855410	0	3723410	0
855410	0	3723411	0
855410	0	3723413	0
855410	0	3723415	0
855410	0	3723417	0
855410	0	3723418	0
855410	0	3798301	0
855410	0	3920974	0
855410	0	4100597	0
855410	0	4434033	0
855410	0	455368	0
855410	0	464946	0
855410	0	4876761	0
855410	0	4876764	0
855410	0	5321528	0
855410	0	5451277	0
855410	0	5630945	0
855410	0	5723208	0
855410	0	5723210	0
855410	0	5799767	0
855410	0	5799774	0
855410	0	5940976	0
855410	0	5962462	0
855410	0	5965635	0
855410	0	5979006	0
855410	0	6013113	0
855410	0	6013115	0
855410	0	6167255	0
855410	0	6167257	0
855410	0	627744	0
855410	0	6464782	0
855410	0	6481237	0
855410	0	6481240	0
855410	0	6481241	0
855410	0	6497404	0
855410	0	6615899	0
855410	0	6781351	0
855410	0	6781357	0
855410	0	6781360	0
855410	0	681985	0
855410	0	681987	0
855410	0	681988	0
855410	0	722968	0
855410	0	7340395	0
855410	0	7523586	0
855410	0	8157624	0
855410	0	8288124	0
855410	0	8622627	0
855410	0	862689	0
855410	0	862690	0
855410	0	862695	0
855410	0	8651770	1
855410	0	8651771	1
855410	0	8651772	0
855410	0	8651773	1
855410	0	8651775	1
855410	0	8651776	0
855410	0	8651778	1
855410	0	8663507	0
855410	0	8720966	1
855410	0	8776511	0
855410	0	8776516	0
855410	0	8776517	0
855410	0	8776519	0
855410	0	8776520	0
855410	0	944479	0
87181	0	1059517	1
87181	0	1129072	1
87181	0	123547	0
87181	0	1700168	1
87181	0	1766470	0
87181	0	1902826	0
87181	0	1902827	0
87181	0	1950532	1
87181	0	1992881	1
87181	0	2307979	1
87181	0	2528292	1
87181	0	2530252	0
87181	0	2530257	1
87181	0	2556144	0
87181	0	2556147	0
87181	0	2556150	0
87181	0	2556151	1
87181	0	2556152	1
87181	0	2556153	1
87181	0	2714169	0
87181	0	2922857	0
87181	0	2986227	1
87181	0	2986231	0
87181	0	2986234	0
87181	0	2993464	0
87181	0	3216315	1
87181	0	3216319	1
87181	0	3363613	0
87181	0	3363614	1
87181	0	3445699	1
87181	0	4190143	0
87181	0	4632251	1
87181	0	4639455	1
87181	0	4689523	1
87181	0	4689524	0
87181	0	4689525	1
87181	0	471769	0
87181	0	47203	0
87181	0	47205	0
87181	0	47206	0
87181	0	47207	1
87181	0	47210	0
87181	0	47211	1
87181	0	47212	1
87181	0	4786305	1
87181	0	4786306	1
87181	0	5197130	0
87181	0	5197133	0
87181	0	5197135	1
87181	0	5197138	0
87181	0	5469038	1
87181	0	5497677	1
87181	0	5531010	0
87181	0	5899049	1
87181	0	6129695	1
87181	0	6262327	0
87181	0	6429125	0
87181	0	6484575	1
87181	0	6484576	1
87181	0	6484577	1
87181	0	6484578	1
87181	0	6521360	0
87181	0	6521363	0
87181	0	6521366	1
87181	0	6685092	1
87181	0	6896088	0
87181	0	6969187	1
87181	0	7057928	1
87181	0	742425	1
87181	0	7504775	0
87181	0	7666828	0
87181	0	7666831	0
87181	0	7898244	0
87181	0	8037179	1
87181	0	8151921	1
87181	0	8151922	0
87181	0	8151926	1
87181	0	8165398	0
87181	0	8165401	1
87181	0	8165403	0
87181	0	8165404	0
87181	0	8183982	1
87181	0	8332546	1
87181	0	8332547	1
87181	0	8332551	1
87181	0	8332555	1
87181	0	8522403	1
87181	0	8534129	1
87181	0	8534130	1
87181	0	8534133	0
87181	0	8534134	1
87181	0	8534135	1
87181	0	8534136	0
87181	0	8565420	1
87181	0	8664069	0
87181	0	8683178	1
87181	0	8683181	0
87181	0	8683183	1
87181	0	8683185	1
87181	0	8738510	1
87452	0	1395625	0
87452	0	1395631	1
87452	0	1395633	1
87452	0	1528487	1
87452	0	1598547	0
87452	0	1689964	0
87452	0	1749882	1
87452	0	186931	1
87452	0	186939	1
87452	0	1890452	1
87452	0	2205470	1
87452	0	2205474	0
87452	0	2205477	0
87452	0	2624886	1
87452	0	3086589	1
87452	0	3161806	1
87452	0	3161807	1
87452	0	3161812	1
87452	0	3242437	1
87452	0	3505336	0
87452	0	4008486	1
87452	0	4008487	1
87452	0	4008488	1
87452	0	4008489	1
87452	0	4008491	1
87452	0	4008492	1
87452	0	4008494	1
87452	0	4307936	1
87452	0	4634896	1
87452	0	4634899	1
87452	0	4634900	1
87452	0	4634903	1
87452	0	4634904	1
87452	0	4846197	1
87452	0	4872050	0
87452	0	4872055	0
87452	0	5286924	1
87452	0	5502955	1
87452	0	5751686	1
87452	0	5851090	1
87452	0	5851095	1
87452	0	5851096	1
87452	0	5851098	1
87452	0	5878827	1
87452	0	6018160	1
87452	0	6018161	0
87452	0	6018162	1
87452	0	6018163	0
87452	0	6018164	1
87452	0	6018165	1
87452	0	6018166	1
87452	0	6018167	0
87452	0	6018168	1
87452	0	6018169	0
87452	0	612267	0
87452	0	7304545	1
87452	0	7388835	0
87452	0	7426326	0
87452	0	7444007	1
87452	0	7843982	1
87452	0	7843984	0
87452	0	7860960	0
87452	0	7965004	1
87452	0	7965005	1
87452	0	7965008	1
87452	0	7965011	1
87452	0	8152220	1
87452	0	8152222	1
87452	0	8152223	1
87452	0	8152225	1
87452	0	8152226	1
87452	0	8152227	1
87452	0	8333912	1
87452	0	8333913	1
87452	0	8333916	1
87452	0	8333917	1
87452	0	8333919	1
87452	0	8333920	1
87452	0	8333921	1
87452	0	8344640	1
87452	0	8436571	1
87452	0	8436572	0
87452	0	8436573	1
87452	0	8436574	0
87452	0	8436575	0
87452	0	8436576	0
87452	0	8436577	1
87452	0	8436578	0
87452	0	8436579	0
87452	0	8436580	0
87452	0	8453299	1
87452	0	8453304	1
87452	0	8680815	1
87452	0	8729943	1
87452	0	8819111	1
87452	0	8819112	1
87452	0	8819113	1
87452	0	8819114	1
87452	0	8819116	1
87452	0	994547	1
915593	0	1033076	0
915593	0	1396701	0
915593	0	1396706	0
915593	0	1396707	0
915593	0	1772930	0
915593	0	1772932	0
915593	0	1907207	1
915593	0	2210590	0
915593	0	2210591	0
915593	0	2210592	1
915593	0	2210593	1
915593	0	2210594	0
915593	0	2210595	0
915593	0	2210596	0
915593	0	2210597	0
915593	0	2210598	0
915593	0	2210599	0
915593	0	2637186	1
915593	0	2755128	0
915593	0	275726	1
915593	0	2923494	1
915593	0	3037805	0
915593	0	3037814	0
915593	0	3143377	0
915593	0	3375966	1
915593	0	3485338	1
915593	0	3523599	0
915593	0	3523602	0
915593	0	3538159	0
915593	0	3538160	1
915593	0	3538161	0
915593	0	3538162	0
915593	0	3538163	1
915593	0	3538164	0
915593	0	3538165	0
915593	0	3538166	0
915593	0	3538167	1
915593	0	3573473	0
915593	0	3573477	0
915593	0	3573479	0
915593	0	3991910	0
915593	0	4566815	0
915593	0	4566816	0
915593	0	4566817	0
915593	0	4566818	1
915593	0	4566819	0
915593	0	4566822	1
915593	0	4566823	0
915593	0	4605072	0
915593	0	4691129	0
915593	0	4834226	0
915593	0	5931262	1
915593	0	5931553	1
915593	0	6761341	0
915593	0	6761344	1
915593	0	6761345	0
915593	0	6761346	0
915593	0	6761348	0
915593	0	6923050	0
915593	0	6923052	1
915593	0	6923053	0
915593	0	6923057	0
915593	0	7742098	0
915593	0	7837084	0
915593	0	7837086	0
915593	0	7861755	1
915593	0	8002852	1
915593	0	8029524	1
915593	0	8029525	1
915593	0	8029527	1
915593	0	8029531	1
915593	0	8029532	0
915593	0	8103064	0
915593	0	8103068	0
915593	0	8178996	1
915593	0	8178998	1
915593	0	8178999	0
915593	0	8179003	0
915593	0	82105	0
915593	0	82106	1
915593	0	82107	1
915593	0	82108	1
915593	0	82109	0
915593	0	82110	1
915593	0	82111	0
915593	0	82113	1
915593	0	8275207	1
915593	0	8402967	0
915593	0	8402968	0
915593	0	8402969	0
915593	0	8402970	0
915593	0	8402971	1
915593	0	8402972	1
915593	0	8402973	0
915593	0	8455301	0
915593	0	8455302	0
915593	0	8455303	1
915593	0	8455304	1
915593	0	8455306	0
915593	0	924855	0
962179	0	1006861	0
962179	0	1006865	0
962179	0	137246	0
962179	0	1645080	0
962179	0	1645084	0
962179	0	1645086	0
962179	0	1645088	0
962179	0	1645089	0
962179	0	2131895	0
962179	0	2186433	0
962179	0	220191	0
962179	0	2329692	0
962179	0	2329693	0
962179	0	2329695	0
962179	0	2329696	0
962179	0	2329697	1
962179	0	2329699	1
962179	0	2329701	0
962179	0	2632688	0
962179	0	2697161	0
962179	0	2978862	0
962179	0	2978864	1
962179	0	2978866	1
962179	0	2978867	0
962179	0	2978869	0
962179	0	2978870	1
962179	0	2978871	0
962179	0	302861	0
962179	0	302864	0
962179	0	302867	0
962179	0	3046928	0
962179	0	3139219	0
962179	0	3156132	0
962179	0	3173623	0
962179	0	3173625	0
962179	0	3422319	0
962179	0	3705165	1
962179	0	4168112	0
962179	0	4257872	0
962179	0	4511499	1
962179	0	4511502	0
962179	0	4511503	1
962179	0	4606384	0
962179	0	4606386	1
962179	0	4606387	1
962179	0	4606388	0
962179	0	4606389	0
962179	0	4717424	0
962179	0	534563	1
962179	0	536176	1
962179	0	536177	0
962179	0	536178	0
962179	0	551127	0
962179	0	5642481	0
962179	0	5653652	0
962179	0	5653653	0
962179	0	5653655	0
962179	0	5653656	0
962179	0	5653657	0
962179	0	5653659	1
962179	0	5773184	0
962179	0	5919340	1
962179	0	5919342	1
962179	0	6635496	0
962179	0	6675257	0
962179	0	6675259	1
962179	0	6675260	1
962179	0	6675262	0
962179	0	6675264	0
962179	0	6898289	1
962179	0	6898292	0
962179	0	6898293	0
962179	0	6904859	0
962179	0	6904860	0
962179	0	6904861	0
962179	0	6904862	0
962179	0	6904863	0
962179	0	6980697	1
962179	0	7126017	0
962179	0	7126025	0
962179	0	7428149	0
962179	0	7733810	0
962179	0	7957547	1
962179	0	8032264	0
962179	0	8689054	0
962179	0	8689057	0
962179	0	8689059	0
962179	0	8746010	0
962179	0	8785369	1
962179	0	8785371	1
962179	0	8785373	0
962179	0	8785374	0
962179	0	8785375	0
962179	0	907607	0
962179	0	931118	0
962179	0	931120	0
962179	0	931123	0
962179	0	931124	0
962179	0	931126	0
962179	0	931127	0
