1037798	0	1513331	1
1037798	0	1721695	5
1037798	0	2032698	1
1037798	0	2140944	0
1037798	0	2157450	0
1037798	0	2258762	4
1037798	0	2258763	2
1037798	0	2258765	2
1037798	0	2360245	1
1037798	0	2360247	4
1037798	0	2360251	2
1037798	0	2360252	4
1037798	0	2371320	4
1037798	0	2475414	2
1037798	0	2589019	4
1037798	0	2608688	2
1037798	0	2698086	0
1037798	0	2781960	2
1037798	0	2781962	4
1037798	0	2781965	4
1037798	0	2781966	4
1037798	0	2787508	5
1037798	0	2868737	2
1037798	0	2914156	0
1037798	0	2970891	3
1037798	0	2970892	2
1037798	0	2970895	2
1037798	0	2970896	1
1037798	0	2970897	2
1037798	0	3055262	3
1037798	0	3187018	0
1037798	0	3247266	5
1037798	0	3310851	0
1037798	0	3310854	2
1037798	0	3310855	1
1037798	0	3520700	4
1037798	0	3620983	5
1037798	0	3620986	5
1037798	0	3620991	4
1037798	0	3641634	5
1037798	0	3679721	0
1037798	0	3805294	2
1037798	0	3881172	1
1037798	0	3914692	4
1037798	0	3926211	1
1037798	0	4055260	0
1037798	0	4114353	3
1037798	0	4227882	5
1037798	0	4452513	2
1037798	0	4468467	5
1037798	0	46336	5
1037798	0	4763648	2
1037798	0	4788864	5
1037798	0	4818124	3
1037798	0	4818129	3
1037798	0	4948777	0
1037798	0	4974552	5
1037798	0	5006521	3
1037798	0	5099520	5
1037798	0	5338404	4
1037798	0	5385710	1
1037798	0	6202756	1
1037798	0	6202758	1
1037798	0	6709846	2
1037798	0	6792680	2
1037798	0	6792681	2
1037798	0	6792682	3
1037798	0	6792683	4
1037798	0	6792684	2
1037798	0	6792687	1
1037798	0	6966724	1
1037798	0	7208741	3
1037798	0	7505181	2
1037798	0	7604812	4
1037798	0	7822415	5
1037798	0	7827292	2
1037798	0	7827293	1
1037798	0	7943228	5
1037798	0	7961603	0
1037798	0	8208397	4
1037798	0	8224670	5
1037798	0	8362738	1
1037798	0	8398820	5
1037798	0	8537479	5
1037798	0	8735281	2
1037798	0	8760864	5
1037798	0	8760866	5
1037798	0	8760867	5
1037798	0	8760868	5
1037798	0	8760870	5
1037798	0	8760871	5
1037798	0	8760873	5
1037798	0	8780801	3
1037798	0	8780802	2
1037798	0	8780804	1
1037798	0	8780806	2
1037798	0	8780808	2
1037798	0	8780809	2
1037798	0	8780810	3
1037798	0	994978	5
104861	0	1017092	2
104861	0	1046334	5
104861	0	1046339	4
104861	0	1055594	5
104861	0	1304632	5
104861	0	1313687	4
104861	0	146170	5
104861	0	146174	2
104861	0	1567102	3
104861	0	1675509	1
104861	0	1767224	0
104861	0	1773805	5
104861	0	1773807	5
104861	0	1811410	4
104861	0	1948963	5
104861	0	2202682	0
104861	0	2285415	1
104861	0	2294849	5
104861	0	2377050	5
104861	0	2916631	2
104861	0	3009632	2
104861	0	335342	2
104861	0	3443173	5
104861	0	3443176	3
104861	0	3471756	0
104861	0	3925933	3
104861	0	4017854	1
104861	0	4017855	0
104861	0	4017856	4
104861	0	4017858	0
104861	0	4199743	2
104861	0	4223386	1
104861	0	4230213	2
104861	0	4350439	4
104861	0	459675	2
104861	0	459676	5
104861	0	5138467	4
104861	0	5138468	2
104861	0	5138469	3
104861	0	5138471	4
104861	0	5138472	4
104861	0	5138473	4
104861	0	5138474	3
104861	0	5138476	2
104861	0	5150431	1
104861	0	5248341	5
104861	0	5248342	1
104861	0	5340890	1
104861	0	5340891	2
104861	0	5347273	4
104861	0	5394110	5
104861	0	5394112	1
104861	0	5438821	0
104861	0	5483490	2
104861	0	5667475	4
104861	0	5688415	1
104861	0	5688416	3
104861	0	5688417	5
104861	0	5688418	2
104861	0	5688421	2
104861	0	5703400	5
104861	0	5703401	5
104861	0	5776561	2
104861	0	5801822	5
104861	0	5836442	5
104861	0	599604	5
104861	0	6056676	0
104861	0	6187055	5
104861	0	6187057	1
104861	0	6187058	4
104861	0	6241793	3
104861	0	629270	4
104861	0	629273	2
104861	0	629274	4
104861	0	629276	3
104861	0	629277	5
104861	0	629278	2
104861	0	6351571	2
104861	0	6467577	2
104861	0	6467578	1
104861	0	6467579	4
104861	0	6467580	1
104861	0	6467581	1
104861	0	6585554	5
104861	0	6653674	3
104861	0	6653675	2
104861	0	6653677	0
104861	0	6653678	3
104861	0	6653679	2
104861	0	6658615	0
104861	0	6704672	2
104861	0	6904992	1
104861	0	6904999	1
104861	0	7034375	2
104861	0	715676	0
104861	0	7204477	2
104861	0	7462393	5
104861	0	8069848	5
104861	0	8297146	2
104861	0	8495099	5
1063750	0	1074552	5
1063750	0	1098173	1
1063750	0	1098174	0
1063750	0	1098175	2
1063750	0	118643	3
1063750	0	12266	0
1063750	0	1580962	1
1063750	0	1580964	2
1063750	0	1866482	3
1063750	0	1866486	5
1063750	0	1923499	5
1063750	0	1923500	4
1063750	0	1923506	4
1063750	0	2220585	5
1063750	0	2230089	5
1063750	0	2230090	4
1063750	0	2230091	2
1063750	0	2230095	5
1063750	0	2391460	1
1063750	0	2470328	4
1063750	0	2569813	2
1063750	0	2569816	4
1063750	0	2768117	2
1063750	0	2768123	5
1063750	0	2784782	2
1063750	0	2784784	1
1063750	0	2997842	1
1063750	0	309313	2
1063750	0	3259889	2
1063750	0	3259892	4
1063750	0	330159	2
1063750	0	330165	5
1063750	0	3327045	2
1063750	0	3327046	2
1063750	0	3327047	2
1063750	0	3327048	1
1063750	0	3327050	2
1063750	0	3327052	4
1063750	0	3477418	3
1063750	0	3633198	4
1063750	0	3654234	2
1063750	0	3965092	2
1063750	0	3973418	5
1063750	0	3973423	3
1063750	0	4158202	1
1063750	0	4158205	2
1063750	0	4337526	5
1063750	0	4337527	5
1063750	0	4337528	1
1063750	0	4337530	2
1063750	0	4337532	1
1063750	0	4487118	5
1063750	0	4559130	4
1063750	0	4588654	0
1063750	0	4718161	5
1063750	0	4788295	1
1063750	0	4795722	0
1063750	0	4795723	2
1063750	0	4802036	4
1063750	0	4834969	4
1063750	0	4834974	4
1063750	0	4844348	2
1063750	0	5237507	1
1063750	0	5412858	0
1063750	0	5442711	3
1063750	0	5590581	0
1063750	0	5956099	5
1063750	0	5956102	1
1063750	0	5956106	2
1063750	0	6127389	5
1063750	0	6347205	0
1063750	0	7146781	0
1063750	0	7247264	3
1063750	0	7304887	3
1063750	0	7571423	5
1063750	0	7571424	2
1063750	0	7571428	1
1063750	0	7778354	4
1063750	0	7781459	1
1063750	0	7781460	5
1063750	0	7837936	5
1063750	0	7837937	5
1063750	0	7837938	5
1063750	0	7952964	4
1063750	0	7952965	5
1063750	0	7952966	3
1063750	0	7952967	0
1063750	0	7952971	5
1063750	0	8170640	2
1063750	0	819283	2
1063750	0	819284	2
1063750	0	8239876	3
1063750	0	8239877	5
1063750	0	8384971	2
1063750	0	8384979	0
1063750	0	8640242	3
1063750	0	8722081	5
1063750	0	8821734	5
1063750	0	8821735	1
1063750	0	8821736	4
1103812	0	1214791	2
1103812	0	1294072	4
1103812	0	1434482	0
1103812	0	1614303	5
1103812	0	2060346	3
1103812	0	2332189	5
1103812	0	2473598	3
1103812	0	2535841	1
1103812	0	2541847	2
1103812	0	2581166	0
1103812	0	2586283	5
1103812	0	2703108	2
1103812	0	2703114	3
1103812	0	2720842	2
1103812	0	2730105	2
1103812	0	2750961	5
1103812	0	2750965	5
1103812	0	2790080	5
1103812	0	292716	1
1103812	0	3122425	1
1103812	0	3131753	4
1103812	0	3529443	0
1103812	0	3564774	4
1103812	0	3591090	4
1103812	0	3591092	1
1103812	0	3591094	5
1103812	0	36163	0
1103812	0	3650015	0
1103812	0	3672737	4
1103812	0	3672738	1
1103812	0	3672744	1
1103812	0	3843263	5
1103812	0	3843266	3
1103812	0	3843267	5
1103812	0	3843270	5
1103812	0	3843271	5
1103812	0	3940091	5
1103812	0	3990418	1
1103812	0	4044288	3
1103812	0	4044289	2
1103812	0	4191304	0
1103812	0	4322057	2
1103812	0	4322058	5
1103812	0	4331707	4
1103812	0	4444626	1
1103812	0	4492200	3
1103812	0	4584679	5
1103812	0	4657154	4
1103812	0	4824831	2
1103812	0	4824833	0
1103812	0	4963038	2
1103812	0	4991318	2
1103812	0	5062706	1
1103812	0	5190505	2
1103812	0	5201198	2
1103812	0	5372063	2
1103812	0	5372066	5
1103812	0	5372067	3
1103812	0	5449649	0
1103812	0	5823139	5
1103812	0	5974245	4
1103812	0	5976811	1
1103812	0	6103245	2
1103812	0	6127923	0
1103812	0	6141957	3
1103812	0	621213	1
1103812	0	645467	2
1103812	0	6569474	1
1103812	0	6604321	2
1103812	0	6604326	2
1103812	0	6799729	2
1103812	0	6924733	5
1103812	0	6939499	5
1103812	0	711271	4
1103812	0	7231343	2
1103812	0	7242599	2
1103812	0	7280671	4
1103812	0	7280672	4
1103812	0	7293191	4
1103812	0	7491609	1
1103812	0	7753287	3
1103812	0	7760621	2
1103812	0	7965773	2
1103812	0	8084238	0
1103812	0	8157968	4
1103812	0	8220081	5
1103812	0	8220085	5
1103812	0	8220086	5
1103812	0	8220087	5
1103812	0	8220088	5
1103812	0	8220089	5
1103812	0	8224175	4
1103812	0	8224183	5
1103812	0	8402961	2
1103812	0	865879	4
1103812	0	868008	2
1103812	0	8755009	2
1103812	0	8789820	1
1103812	0	896505	1
1103812	0	961775	3
1106007	0	1266234	3
1106007	0	1294320	5
1106007	0	1334328	5
1106007	0	1334330	5
1106007	0	1334331	4
1106007	0	1334334	4
1106007	0	1334335	5
1106007	0	1334336	5
1106007	0	1560243	5
1106007	0	1700769	4
1106007	0	1892454	1
1106007	0	2186171	0
1106007	0	2384065	0
1106007	0	2464373	4
1106007	0	2464374	1
1106007	0	2464375	4
1106007	0	2464376	2
1106007	0	2464378	1
1106007	0	2464379	4
1106007	0	2513606	4
1106007	0	2513608	3
1106007	0	2513609	2
1106007	0	2672601	5
1106007	0	2672608	5
1106007	0	2777111	5
1106007	0	2798876	3
1106007	0	2866627	2
1106007	0	2866630	5
1106007	0	2866634	2
1106007	0	2960558	5
1106007	0	2960561	2
1106007	0	2960563	5
1106007	0	2960564	2
1106007	0	2960566	5
1106007	0	3058529	2
1106007	0	3058967	1
1106007	0	3184240	1
1106007	0	3390428	2
1106007	0	3530025	0
1106007	0	3537611	0
1106007	0	3759894	2
1106007	0	3859263	1
1106007	0	4004169	4
1106007	0	4004170	5
1106007	0	4004173	1
1106007	0	4173707	2
1106007	0	4173709	5
1106007	0	4173712	5
1106007	0	420111	0
1106007	0	4781863	3
1106007	0	4781867	2
1106007	0	4912192	1
1106007	0	5204536	2
1106007	0	5204537	5
1106007	0	5204538	2
1106007	0	5204539	3
1106007	0	5204540	1
1106007	0	5204544	4
1106007	0	5279697	1
1106007	0	5279699	2
1106007	0	5279702	2
1106007	0	5279704	2
1106007	0	5311662	1
1106007	0	550999	2
1106007	0	551007	2
1106007	0	5571602	2
1106007	0	5571606	2
1106007	0	5774818	5
1106007	0	5780388	4
1106007	0	600704	4
1106007	0	6182968	2
1106007	0	6282108	2
1106007	0	6282110	3
1106007	0	6963994	0
1106007	0	701605	1
1106007	0	7211746	0
1106007	0	746358	4
1106007	0	7685380	1
1106007	0	7685381	2
1106007	0	7685382	4
1106007	0	7685383	2
1106007	0	7685384	4
1106007	0	7685385	5
1106007	0	7685386	5
1106007	0	7685387	0
1106007	0	7685388	5
1106007	0	8141089	3
1106007	0	8199519	4
1106007	0	8199521	5
1106007	0	8204457	5
1106007	0	832999	0
1106007	0	8398353	2
1106007	0	8521668	5
1106007	0	8521673	5
1106007	0	8521674	0
1106007	0	899461	1
1106007	0	899465	3
1106007	0	899467	3
1106007	0	899468	3
1106007	0	904504	1
1110199	0	1123090	4
1110199	0	1144986	5
1110199	0	1144987	4
1110199	0	1321205	1
1110199	0	1592475	2
1110199	0	1592477	4
1110199	0	1809288	2
1110199	0	1890810	1
1110199	0	1901876	5
1110199	0	1901877	5
1110199	0	1901878	5
1110199	0	1901879	5
1110199	0	1901881	5
1110199	0	1901882	5
1110199	0	2301113	1
1110199	0	2301115	2
1110199	0	2301117	1
1110199	0	2301118	2
1110199	0	239443	0
1110199	0	239444	0
1110199	0	2474406	2
1110199	0	2655843	4
1110199	0	2655848	5
1110199	0	2655849	5
1110199	0	2796204	5
1110199	0	2854609	2
1110199	0	2958762	2
1110199	0	3110637	3
1110199	0	313193	0
1110199	0	3135733	0
1110199	0	3230845	2
1110199	0	3270582	5
1110199	0	3270584	2
1110199	0	3272911	1
1110199	0	3272914	2
1110199	0	3515650	2
1110199	0	3519482	2
1110199	0	3838638	5
1110199	0	3838645	4
1110199	0	4057232	5
1110199	0	4489656	2
1110199	0	4496260	3
1110199	0	4504233	4
1110199	0	4511137	5
1110199	0	4511144	4
1110199	0	4558057	0
1110199	0	4588784	5
1110199	0	4624021	2
1110199	0	4674430	0
1110199	0	4800726	2
1110199	0	4800727	0
1110199	0	4800728	4
1110199	0	4800732	4
1110199	0	5049363	5
1110199	0	5074861	1
1110199	0	5172684	5
1110199	0	5387204	1
1110199	0	5387205	2
1110199	0	5479	3
1110199	0	5516092	4
1110199	0	5627957	1
1110199	0	5641717	3
1110199	0	5641718	3
1110199	0	5701621	2
1110199	0	5857920	2
1110199	0	5857921	4
1110199	0	5857923	1
1110199	0	5857924	2
1110199	0	5857925	2
1110199	0	5857927	1
1110199	0	6056861	3
1110199	0	618109	3
1110199	0	627298	2
1110199	0	6368887	4
1110199	0	6368891	5
1110199	0	6382102	0
1110199	0	6392463	5
1110199	0	6573362	1
1110199	0	6594551	0
1110199	0	6594555	2
1110199	0	712232	0
1110199	0	712235	1
1110199	0	7344200	4
1110199	0	7344201	2
1110199	0	7628033	1
1110199	0	7628037	2
1110199	0	7840255	2
1110199	0	789712	5
1110199	0	8160518	5
1110199	0	8160519	5
1110199	0	8160520	5
1110199	0	8160521	5
1110199	0	8160522	4
1110199	0	8160524	1
1110199	0	8160526	1
1110199	0	8160527	5
1110199	0	8404306	3
1110199	0	8404307	4
1110199	0	955120	3
1110199	0	986780	3
1112341	0	1087925	5
1112341	0	1087926	2
1112341	0	1087928	4
1112341	0	1253949	2
1112341	0	1288918	2
1112341	0	1373648	2
1112341	0	1450347	4
1112341	0	2095998	4
1112341	0	2173822	0
1112341	0	2517481	0
1112341	0	2596431	1
1112341	0	2596432	0
1112341	0	2694630	5
1112341	0	2694631	3
1112341	0	2694632	2
1112341	0	2694633	2
1112341	0	2694635	5
1112341	0	2694636	3
1112341	0	2735219	2
1112341	0	2835596	2
1112341	0	3118339	2
1112341	0	3118342	2
1112341	0	3252208	1
1112341	0	3274664	0
1112341	0	3291145	1
1112341	0	3291146	1
1112341	0	3291151	1
1112341	0	3408230	1
1112341	0	3493341	5
1112341	0	3519877	0
1112341	0	3524227	3
1112341	0	3666606	0
1112341	0	3795887	1
1112341	0	3795889	2
1112341	0	4022849	5
1112341	0	4390804	5
1112341	0	4461904	3
1112341	0	4703755	4
1112341	0	4704992	4
1112341	0	4833308	1
1112341	0	4833309	4
1112341	0	4833311	1
1112341	0	4833312	4
1112341	0	4977768	2
1112341	0	5043405	2
1112341	0	508019	2
1112341	0	508020	0
1112341	0	5133283	4
1112341	0	5133287	2
1112341	0	524251	2
1112341	0	5491786	1
1112341	0	550571	4
1112341	0	6164791	5
1112341	0	6227266	1
1112341	0	6303183	0
1112341	0	6311794	0
1112341	0	6311795	2
1112341	0	6311799	2
1112341	0	6311801	4
1112341	0	6339381	3
1112341	0	6459590	2
1112341	0	6478665	2
1112341	0	6715183	1
1112341	0	6715187	3
1112341	0	6726337	4
1112341	0	6726338	2
1112341	0	6726340	5
1112341	0	6726341	5
1112341	0	6726342	5
1112341	0	6726344	5
1112341	0	6726346	3
1112341	0	6873574	1
1112341	0	6947368	0
1112341	0	7079776	5
1112341	0	7615749	5
1112341	0	7708623	3
1112341	0	8134792	2
1112341	0	8139250	3
1112341	0	8139255	5
1112341	0	8139256	5
1112341	0	8139257	5
1112341	0	8139258	5
1112341	0	8326587	5
1112341	0	8326588	5
1112341	0	8337125	4
1112341	0	8337129	5
1112341	0	8442173	4
1112341	0	8442174	4
1112341	0	8442176	5
1112341	0	8442177	2
1112341	0	8442178	4
1112341	0	8442180	1
1112341	0	8606160	5
1112341	0	8606161	5
1112341	0	8651336	1
1112341	0	8700906	5
1112341	0	875123	2
1112341	0	8764445	2
1112341	0	90432	3
1112341	0	90433	5
1113437	0	1066538	3
1113437	0	1280567	3
1113437	0	1280568	5
1113437	0	1280569	3
1113437	0	1280571	2
1113437	0	1454814	1
1113437	0	1681785	0
1113437	0	1768727	4
1113437	0	1896939	1
1113437	0	1896943	4
1113437	0	2001933	4
1113437	0	2001934	5
1113437	0	2001936	4
1113437	0	2226349	5
1113437	0	2354941	0
1113437	0	2354947	5
1113437	0	2595622	1
1113437	0	2595628	0
1113437	0	3026984	1
1113437	0	3089474	2
1113437	0	3125154	5
1113437	0	3125155	2
1113437	0	3325381	5
1113437	0	3687620	2
1113437	0	3880944	5
1113437	0	4016930	2
1113437	0	4016933	4
1113437	0	4016934	2
1113437	0	4016937	3
1113437	0	4016938	4
1113437	0	4216336	3
1113437	0	4367832	5
1113437	0	4412234	5
1113437	0	4473156	5
1113437	0	4473157	5
1113437	0	4498867	5
1113437	0	4751835	5
1113437	0	4751839	2
1113437	0	4981632	1
1113437	0	5188747	4
1113437	0	520325	1
1113437	0	5514586	5
1113437	0	5514592	3
1113437	0	5514594	1
1113437	0	5546288	2
1113437	0	5591647	2
1113437	0	5863434	2
1113437	0	5938418	2
1113437	0	5938419	2
1113437	0	5938421	4
1113437	0	5938425	5
1113437	0	5996691	5
1113437	0	6021902	5
1113437	0	6148219	2
1113437	0	6174328	4
1113437	0	6174329	4
1113437	0	631946	0
1113437	0	631949	5
1113437	0	6593841	0
1113437	0	6593846	5
1113437	0	6597538	3
1113437	0	6688843	2
1113437	0	6688848	3
1113437	0	6792385	0
1113437	0	7263162	2
1113437	0	7263163	0
1113437	0	7377278	2
1113437	0	7385215	1
1113437	0	7385217	2
1113437	0	7385219	0
1113437	0	7385221	1
1113437	0	7385222	4
1113437	0	742037	5
1113437	0	742039	0
1113437	0	742044	5
1113437	0	7890527	3
1113437	0	8128790	5
1113437	0	8128792	2
1113437	0	8128793	2
1113437	0	8128794	4
1113437	0	8128795	1
1113437	0	8128796	1
1113437	0	8128798	2
1113437	0	8162984	5
1113437	0	8361680	1
1113437	0	8503446	5
1113437	0	8503447	2
1113437	0	8503449	1
1113437	0	8503450	4
1113437	0	8503451	3
1113437	0	8503452	2
1113437	0	8503453	4
1113437	0	8503455	4
1113437	0	8729210	2
1113437	0	8729212	0
1113437	0	8729214	1
1113437	0	8729215	1
1113437	0	8729216	2
1113437	0	8729218	2
1113437	0	8729219	5
1114646	0	1203975	2
1114646	0	1320853	1
1114646	0	1320856	2
1114646	0	1713662	2
1114646	0	1884059	5
1114646	0	1919864	2
1114646	0	2003060	2
1114646	0	2201127	0
1114646	0	2245935	2
1114646	0	2245938	0
1114646	0	2312898	0
1114646	0	238332	2
1114646	0	2524143	3
1114646	0	2647994	5
1114646	0	266552	5
1114646	0	2676807	4
1114646	0	2695584	4
1114646	0	288448	4
1114646	0	2911035	5
1114646	0	2911039	3
1114646	0	2911040	2
1114646	0	3056368	2
1114646	0	3184850	2
1114646	0	3184851	2
1114646	0	3249944	2
1114646	0	3467665	2
1114646	0	3480746	0
1114646	0	3480748	0
1114646	0	3996005	1
1114646	0	4145526	2
1114646	0	4329469	1
1114646	0	4332918	5
1114646	0	444374	5
1114646	0	444375	4
1114646	0	444377	3
1114646	0	444380	5
1114646	0	444382	1
1114646	0	4512955	5
1114646	0	4512958	1
1114646	0	4541939	0
1114646	0	4762665	4
1114646	0	4771285	2
1114646	0	4774522	1
1114646	0	482778	3
1114646	0	4919404	4
1114646	0	492400	4
1114646	0	4969553	1
1114646	0	5041692	3
1114646	0	5126393	2
1114646	0	5127880	3
1114646	0	5127884	2
1114646	0	5217702	3
1114646	0	5229617	5
1114646	0	5279567	5
1114646	0	529083	2
1114646	0	5376819	0
1114646	0	5417949	5
1114646	0	5417952	4
1114646	0	5417953	4
1114646	0	5417954	5
1114646	0	54346	2
1114646	0	5533216	0
1114646	0	5640856	2
1114646	0	5640859	5
1114646	0	5661838	3
1114646	0	579554	5
1114646	0	5836029	5
1114646	0	6124144	2
1114646	0	6124145	1
1114646	0	6124147	1
1114646	0	6348309	1
1114646	0	6704400	5
1114646	0	6704401	5
1114646	0	6711103	4
1114646	0	687064	5
1114646	0	6886644	1
1114646	0	7065010	1
1114646	0	7196956	3
1114646	0	7196961	2
1114646	0	771368	3
1114646	0	7726514	0
1114646	0	7762609	0
1114646	0	8117087	4
1114646	0	8117088	4
1114646	0	8117089	5
1114646	0	8117090	5
1114646	0	8117091	5
1114646	0	8117092	4
1114646	0	8117094	5
1114646	0	8117095	5
1114646	0	8117096	5
1114646	0	8327369	5
1114646	0	8329774	2
1114646	0	8363267	2
1114646	0	8363271	1
1114646	0	8385147	2
1114646	0	857788	4
1114646	0	857789	1
1114646	0	857796	1
1114646	0	8665820	4
1114819	0	1009500	2
1114819	0	1248112	3
1114819	0	1302004	2
1114819	0	1302007	2
1114819	0	1315993	2
1114819	0	1315994	4
1114819	0	1315995	2
1114819	0	1315996	4
1114819	0	1315998	5
1114819	0	1316000	1
1114819	0	1419798	1
1114819	0	1419801	1
1114819	0	1625836	1
1114819	0	1724520	5
1114819	0	1724525	5
1114819	0	1724526	2
1114819	0	1735443	2
1114819	0	1738242	5
1114819	0	1738243	1
1114819	0	1738250	5
1114819	0	1816958	2
1114819	0	1852066	4
1114819	0	2008577	0
1114819	0	2136434	4
1114819	0	2212059	5
1114819	0	2477692	3
1114819	0	2590453	1
1114819	0	2590454	2
1114819	0	2590455	2
1114819	0	2831393	3
1114819	0	2879085	1
1114819	0	344350	5
1114819	0	344351	4
1114819	0	3484458	5
1114819	0	3781418	5
1114819	0	3781422	2
1114819	0	3906952	2
1114819	0	3906954	2
1114819	0	3906959	5
1114819	0	4890560	5
1114819	0	5019832	2
1114819	0	5019839	1
1114819	0	5156171	1
1114819	0	5165249	4
1114819	0	534362	4
1114819	0	5521371	5
1114819	0	5521373	5
1114819	0	5628950	2
1114819	0	5628952	5
1114819	0	5628955	0
1114819	0	5718417	2
1114819	0	6202321	2
1114819	0	6820823	0
1114819	0	6900766	5
1114819	0	6900767	2
1114819	0	6900769	0
1114819	0	6900773	1
1114819	0	6900774	5
1114819	0	6941478	5
1114819	0	694735	0
1114819	0	694737	5
1114819	0	7132894	0
1114819	0	7132895	0
1114819	0	750446	1
1114819	0	7588045	2
1114819	0	7803435	3
1114819	0	785027	5
1114819	0	8022276	5
1114819	0	8022280	5
1114819	0	8024890	4
1114819	0	8027206	2
1114819	0	8088111	1
1114819	0	8096817	3
1114819	0	8096824	4
1114819	0	8115435	4
1114819	0	8115439	4
1114819	0	8115440	5
1114819	0	8115700	1
1114819	0	8115701	2
1114819	0	8115705	0
1114819	0	8336225	3
1114819	0	8336229	5
1114819	0	8336230	3
1114819	0	8336232	4
1114819	0	8480574	3
1114819	0	8508255	1
1114819	0	8508259	2
1114819	0	8508263	2
1114819	0	8579835	4
1114819	0	8625086	4
1114819	0	8736056	2
1114819	0	8754397	5
1114819	0	8754398	1
1114819	0	8754404	2
1114819	0	8768742	0
1114819	0	988370	3
1114819	0	988373	5
1114819	0	988374	4
1114819	0	988376	3
1114819	0	988378	0
1115776	0	1024554	3
1115776	0	1036904	5
1115776	0	1131734	1
1115776	0	1470410	2
1115776	0	1551024	2
1115776	0	1583930	1
1115776	0	1593001	3
1115776	0	1593006	2
1115776	0	1729572	5
1115776	0	1729576	4
1115776	0	1931035	2
1115776	0	2052727	2
1115776	0	2052728	2
1115776	0	2052730	4
1115776	0	2054815	0
1115776	0	2054819	4
1115776	0	2364285	5
1115776	0	2379497	1
1115776	0	2463576	0
1115776	0	2514462	0
1115776	0	266655	2
1115776	0	266658	3
1115776	0	266660	2
1115776	0	3344075	2
1115776	0	3411245	3
1115776	0	3469357	5
1115776	0	3626857	2
1115776	0	3626866	1
1115776	0	388122	2
1115776	0	3972605	4
1115776	0	3972606	0
1115776	0	4051141	1
1115776	0	4051145	5
1115776	0	4131485	2
1115776	0	4314169	5
1115776	0	4314171	4
1115776	0	4314172	5
1115776	0	4314174	5
1115776	0	4314175	5
1115776	0	4314176	5
1115776	0	4314178	5
1115776	0	4487937	4
1115776	0	4673198	2
1115776	0	4875857	2
1115776	0	4875858	0
1115776	0	492332	1
1115776	0	499309	0
1115776	0	5264931	5
1115776	0	5366585	2
1115776	0	5442399	3
1115776	0	5605159	4
1115776	0	5605160	4
1115776	0	5741317	1
1115776	0	5741321	4
1115776	0	5741322	5
1115776	0	5756364	0
1115776	0	5756367	0
1115776	0	5817439	4
1115776	0	5950738	4
1115776	0	5992104	2
1115776	0	6064471	1
1115776	0	622467	4
1115776	0	6318781	5
1115776	0	6326329	3
1115776	0	6564290	2
1115776	0	6564291	2
1115776	0	6692795	5
1115776	0	6718802	2
1115776	0	6934010	1
1115776	0	6973128	0
1115776	0	6973131	4
1115776	0	6989198	2
1115776	0	7015926	1
1115776	0	7140932	1
1115776	0	7183516	5
1115776	0	7271776	1
1115776	0	8099693	0
1115776	0	8099694	1
1115776	0	8099695	3
1115776	0	8099698	2
1115776	0	8106317	5
1115776	0	8106318	4
1115776	0	8106320	5
1115776	0	8106321	5
1115776	0	8106322	5
1115776	0	8106323	5
1115776	0	8106324	5
1115776	0	8108813	2
1115776	0	8177307	4
1115776	0	8177308	5
1115776	0	8177309	2
1115776	0	8177313	5
1115776	0	8382248	1
1115776	0	8417615	1
1115776	0	843572	3
1115776	0	8495250	5
1115776	0	8496317	2
1115776	0	8621766	3
1115776	0	8621772	3
1115776	0	900808	2
1117099	0	1123494	3
1117099	0	1123496	1
1117099	0	1252737	0
1117099	0	1389420	5
1117099	0	1445087	4
1117099	0	1542026	2
1117099	0	1798612	5
1117099	0	1798619	2
1117099	0	1798620	5
1117099	0	1986011	0
1117099	0	2109699	2
1117099	0	2128238	5
1117099	0	2128240	5
1117099	0	2157566	2
1117099	0	2867222	2
1117099	0	3019325	2
1117099	0	3104260	3
1117099	0	3104262	3
1117099	0	3104266	1
1117099	0	3128108	0
1117099	0	3128111	0
1117099	0	3128114	0
1117099	0	334615	4
1117099	0	3349612	4
1117099	0	3522902	1
1117099	0	3543106	5
1117099	0	3633442	1
1117099	0	375965	1
1117099	0	3921953	1
1117099	0	3973311	4
1117099	0	3973315	4
1117099	0	4268796	2
1117099	0	4268798	1
1117099	0	4441325	5
1117099	0	4458509	5
1117099	0	4458510	4
1117099	0	4458512	4
1117099	0	4759491	2
1117099	0	4759493	2
1117099	0	4759494	2
1117099	0	4759495	2
1117099	0	4759497	1
1117099	0	514309	3
1117099	0	514314	3
1117099	0	5149273	2
1117099	0	5258462	3
1117099	0	5286535	5
1117099	0	5286538	5
1117099	0	5286539	5
1117099	0	5377585	1
1117099	0	5699286	5
1117099	0	5752877	4
1117099	0	5795852	0
1117099	0	5817484	1
1117099	0	5874016	0
1117099	0	5874017	3
1117099	0	59312	0
1117099	0	5950904	1
1117099	0	5950907	2
1117099	0	5950908	2
1117099	0	5979210	2
1117099	0	5979211	2
1117099	0	6122720	4
1117099	0	6122721	4
1117099	0	6122722	5
1117099	0	6122723	4
1117099	0	6122724	4
1117099	0	6534818	5
1117099	0	6579664	2
1117099	0	6776508	2
1117099	0	6936935	1
1117099	0	6940557	2
1117099	0	6940558	1
1117099	0	6993942	5
1117099	0	700495	2
1117099	0	700497	2
1117099	0	7135561	0
1117099	0	714808	4
1117099	0	7313639	2
1117099	0	7313643	1
1117099	0	7408505	3
1117099	0	74528	1
1117099	0	7610604	5
1117099	0	8019446	2
1117099	0	8072928	3
1117099	0	8072932	2
1117099	0	8093927	4
1117099	0	8093931	5
1117099	0	8093932	5
1117099	0	8093933	2
1117099	0	8093934	5
1117099	0	8144478	3
1117099	0	8208315	0
1117099	0	8446501	5
1117099	0	8446502	4
1117099	0	8446504	5
1117099	0	8446505	5
1117099	0	8446506	5
1117099	0	8714082	5
1117099	0	8838111	5
1121402	0	1249687	5
1121402	0	1323047	2
1121402	0	1323048	2
1121402	0	1429447	2
1121402	0	1429448	1
1121402	0	182364	5
1121402	0	182365	3
1121402	0	182366	5
1121402	0	182367	3
1121402	0	182368	5
1121402	0	182369	5
1121402	0	182370	2
1121402	0	182371	3
1121402	0	182372	5
1121402	0	182373	3
1121402	0	188209	3
1121402	0	188210	2
1121402	0	188211	4
1121402	0	188213	5
1121402	0	188214	4
1121402	0	188215	4
1121402	0	188216	4
1121402	0	188217	1
1121402	0	188218	4
1121402	0	2042119	3
1121402	0	2070714	1
1121402	0	2070717	0
1121402	0	2191941	2
1121402	0	252277	4
1121402	0	2633464	2
1121402	0	2681041	2
1121402	0	2681042	0
1121402	0	2681043	1
1121402	0	2681045	3
1121402	0	2681046	2
1121402	0	2681048	2
1121402	0	3412904	1
1121402	0	3412909	5
1121402	0	3511789	3
1121402	0	3511795	2
1121402	0	3674181	1
1121402	0	3674187	2
1121402	0	3785307	4
1121402	0	3785308	5
1121402	0	3785309	4
1121402	0	3785310	4
1121402	0	4098073	3
1121402	0	4293064	5
1121402	0	43770	2
1121402	0	4449258	2
1121402	0	4449267	2
1121402	0	4486893	1
1121402	0	4616915	1
1121402	0	4620827	2
1121402	0	465101	1
1121402	0	465103	1
1121402	0	4893517	4
1121402	0	4893520	1
1121402	0	5048803	1
1121402	0	5103865	0
1121402	0	5189913	5
1121402	0	5189915	1
1121402	0	5189916	2
1121402	0	53696	3
1121402	0	5662150	1
1121402	0	6001847	5
1121402	0	7011506	1
1121402	0	7059621	0
1121402	0	7125978	4
1121402	0	7125980	5
1121402	0	7125981	5
1121402	0	7125982	4
1121402	0	7125983	5
1121402	0	7125985	4
1121402	0	7125987	5
1121402	0	7142994	5
1121402	0	7144703	0
1121402	0	7144705	2
1121402	0	7144708	0
1121402	0	7144709	0
1121402	0	7244820	5
1121402	0	7350653	0
1121402	0	7489485	2
1121402	0	7489487	2
1121402	0	7489488	2
1121402	0	7489490	4
1121402	0	7922814	2
1121402	0	8052617	5
1121402	0	8052619	4
1121402	0	8052620	5
1121402	0	8052621	5
1121402	0	8052622	5
1121402	0	8052623	5
1121402	0	8052624	5
1121402	0	8089444	2
1121402	0	8235730	5
1121402	0	8301689	0
1121402	0	8710743	0
1121402	0	8710746	2
1121402	0	8710749	2
1121709	0	1019579	0
1121709	0	1130925	2
1121709	0	1282652	0
1121709	0	1337300	2
1121709	0	1392335	0
1121709	0	1428558	5
1121709	0	1544063	3
1121709	0	1752809	5
1121709	0	1752813	5
1121709	0	181615	2
1121709	0	1937668	2
1121709	0	2051808	4
1121709	0	2254681	2
1121709	0	2450177	4
1121709	0	2678200	3
1121709	0	2706639	4
1121709	0	2706640	1
1121709	0	2706641	5
1121709	0	2706644	4
1121709	0	2706645	0
1121709	0	2706646	4
1121709	0	2736650	0
1121709	0	2862716	2
1121709	0	2862721	3
1121709	0	2909240	2
1121709	0	3093171	3
1121709	0	3151648	1
1121709	0	3158258	2
1121709	0	3165925	4
1121709	0	3239097	0
1121709	0	3310721	1
1121709	0	3423059	5
1121709	0	3423060	5
1121709	0	3423061	5
1121709	0	3423062	5
1121709	0	3423063	5
1121709	0	3423066	5
1121709	0	3423067	5
1121709	0	3445593	1
1121709	0	3593845	3
1121709	0	3631771	4
1121709	0	3632519	2
1121709	0	3734255	2
1121709	0	3861963	2
1121709	0	3891393	1
1121709	0	4156464	1
1121709	0	4205676	0
1121709	0	4463685	2
1121709	0	4507184	4
1121709	0	4566164	4
1121709	0	4832967	2
1121709	0	4884996	1
1121709	0	4928911	4
1121709	0	5101496	2
1121709	0	5198518	5
1121709	0	5266215	4
1121709	0	5719061	3
1121709	0	5719086	1
1121709	0	5777842	4
1121709	0	5781689	2
1121709	0	5829861	0
1121709	0	602393	4
1121709	0	6025896	3
1121709	0	6238758	2
1121709	0	6336517	2
1121709	0	6359259	1
1121709	0	6442070	3
1121709	0	6506760	2
1121709	0	6630430	0
1121709	0	700135	5
1121709	0	7050867	4
1121709	0	7313132	1
1121709	0	7397910	5
1121709	0	7473134	2
1121709	0	7473136	1
1121709	0	7473137	1
1121709	0	7473140	3
1121709	0	7656406	2
1121709	0	7741960	1
1121709	0	7783796	2
1121709	0	7996835	2
1121709	0	7996837	3
1121709	0	8024819	0
1121709	0	8049577	5
1121709	0	8049578	5
1121709	0	8049579	5
1121709	0	8049580	5
1121709	0	8049582	5
1121709	0	8049583	5
1121709	0	8049584	5
1121709	0	8049585	5
1121709	0	8049586	5
1121709	0	8392389	1
1121709	0	8621380	1
1121709	0	8655465	2
1121709	0	8655470	2
1121709	0	8784093	5
1121709	0	8798729	2
1121709	0	8811020	4
1121709	0	918204	5
1124210	0	1194682	3
1124210	0	131190	5
1124210	0	1362721	2
1124210	0	1383615	0
1124210	0	1383617	4
1124210	0	1383618	2
1124210	0	1383624	4
1124210	0	148318	2
1124210	0	1689639	5
1124210	0	1701417	1
1124210	0	1702008	2
1124210	0	181177	5
1124210	0	2070279	2
1124210	0	2200000	0
1124210	0	2200002	1
1124210	0	2258591	5
1124210	0	2258592	5
1124210	0	2258595	3
1124210	0	2258596	5
1124210	0	2303835	2
1124210	0	2303836	5
1124210	0	2303838	1
1124210	0	2494577	5
1124210	0	2632284	1
1124210	0	2728448	5
1124210	0	273566	4
1124210	0	3031380	0
1124210	0	3162331	5
1124210	0	3446170	2
1124210	0	3520552	2
1124210	0	3520553	4
1124210	0	3680798	5
1124210	0	3680799	4
1124210	0	3680800	2
1124210	0	3680801	4
1124210	0	3680802	5
1124210	0	3680805	3
1124210	0	371352	2
1124210	0	371357	4
1124210	0	3750823	2
1124210	0	3750824	3
1124210	0	3907021	0
1124210	0	4057442	2
1124210	0	4074148	3
1124210	0	4074149	4
1124210	0	4191083	1
1124210	0	4232134	5
1124210	0	4232139	1
1124210	0	4241350	0
1124210	0	4425464	1
1124210	0	475041	4
1124210	0	4794725	4
1124210	0	4794729	5
1124210	0	4840515	2
1124210	0	4957842	2
1124210	0	4958356	3
1124210	0	502337	0
1124210	0	5056100	5
1124210	0	5125015	0
1124210	0	5281849	2
1124210	0	5303910	2
1124210	0	5366909	2
1124210	0	5366913	1
1124210	0	546154	4
1124210	0	546155	1
1124210	0	546157	4
1124210	0	546158	5
1124210	0	5512675	0
1124210	0	5940130	4
1124210	0	5940134	5
1124210	0	607910	5
1124210	0	6172881	2
1124210	0	6213217	2
1124210	0	6263923	1
1124210	0	6552719	0
1124210	0	6704887	2
1124210	0	6992534	3
1124210	0	7205586	2
1124210	0	7205919	2
1124210	0	7205920	5
1124210	0	7205923	5
1124210	0	7208694	4
1124210	0	7229021	5
1124210	0	7234569	5
1124210	0	7278459	3
1124210	0	7278463	2
1124210	0	729893	1
1124210	0	7443586	5
1124210	0	7526587	3
1124210	0	7566672	1
1124210	0	7566674	1
1124210	0	7566675	2
1124210	0	7581155	3
1124210	0	7746535	4
1124210	0	7756780	0
1124210	0	7756781	2
1124210	0	7832730	1
1124210	0	7851118	5
1124210	0	8026737	5
1124210	0	841738	1
1129237	0	1080294	4
1129237	0	1160807	4
1129237	0	1169297	1
1129237	0	1169301	2
1129237	0	128982	5
1129237	0	128984	5
1129237	0	128989	5
1129237	0	1770027	4
1129237	0	1896189	2
1129237	0	1959030	4
1129237	0	2152821	3
1129237	0	2152828	2
1129237	0	2176863	3
1129237	0	2202086	2
1129237	0	2453794	1
1129237	0	2580204	5
1129237	0	2696926	4
1129237	0	2697746	5
1129237	0	2697752	5
1129237	0	2972916	2
1129237	0	3097761	3
1129237	0	3131122	0
1129237	0	3156016	2
1129237	0	321226	0
1129237	0	3247727	2
1129237	0	3285056	0
1129237	0	3352740	2
1129237	0	3456618	1
1129237	0	3641168	4
1129237	0	3683096	5
1129237	0	3905055	5
1129237	0	3905057	5
1129237	0	3905799	3
1129237	0	3905802	5
1129237	0	3932424	0
1129237	0	3950048	2
1129237	0	4141012	5
1129237	0	4254811	5
1129237	0	4254813	4
1129237	0	4254815	4
1129237	0	4254816	5
1129237	0	4449295	2
1129237	0	4569648	5
1129237	0	461835	3
1129237	0	4773351	2
1129237	0	4787274	2
1129237	0	483367	2
1129237	0	4915547	1
1129237	0	4924434	2
1129237	0	5032115	1
1129237	0	5619502	4
1129237	0	5627214	3
1129237	0	568162	3
1129237	0	5831781	5
1129237	0	5831788	5
1129237	0	5894033	2
1129237	0	5906130	5
1129237	0	5916672	1
1129237	0	6080460	5
1129237	0	6165827	1
1129237	0	6194649	5
1129237	0	6343520	5
1129237	0	6343521	3
1129237	0	6366866	2
1129237	0	6575091	2
1129237	0	6640165	4
1129237	0	6646337	2
1129237	0	6771711	1
1129237	0	6956014	5
1129237	0	7050921	1
1129237	0	7092638	2
1129237	0	7132886	2
1129237	0	7208025	1
1129237	0	7273363	1
1129237	0	7337950	2
1129237	0	7350325	2
1129237	0	7673289	3
1129237	0	767822	1
1129237	0	7688471	2
1129237	0	7874563	1
1129237	0	7874566	4
1129237	0	7911557	5
1129237	0	8033081	0
1129237	0	806652	3
1129237	0	824966	0
1129237	0	8450766	4
1129237	0	8469257	5
1129237	0	8588219	5
1129237	0	8588222	4
1129237	0	8588226	2
1129237	0	8588227	4
1129237	0	8596875	0
1129237	0	8658472	0
1129237	0	8682824	0
1129237	0	8712732	2
1129237	0	895802	1
1129237	0	931707	1
1129237	0	998747	0
1129237	0	998748	5
1129237	0	998751	4
1133167	0	1379370	4
1133167	0	1824479	5
1133167	0	1824480	5
1133167	0	1824481	5
1133167	0	1824484	2
1133167	0	1824485	4
1133167	0	1824486	4
1133167	0	1824487	1
1133167	0	1824488	4
1133167	0	1883272	5
1133167	0	1883273	2
1133167	0	1883276	1
1133167	0	1883280	4
1133167	0	1883281	0
1133167	0	190802	4
1133167	0	190803	3
1133167	0	190804	5
1133167	0	190805	0
1133167	0	190806	5
1133167	0	190808	1
1133167	0	190810	1
1133167	0	190811	1
1133167	0	2070087	2
1133167	0	2276678	4
1133167	0	2419498	1
1133167	0	2613291	2
1133167	0	2613296	3
1133167	0	3023120	4
1133167	0	3023123	5
1133167	0	3074599	5
1133167	0	3355083	2
1133167	0	3391439	3
1133167	0	3944276	1
1133167	0	3944277	0
1133167	0	3953805	0
1133167	0	3953807	1
1133167	0	434119	5
1133167	0	434120	5
1133167	0	434121	5
1133167	0	434123	1
1133167	0	434124	3
1133167	0	434125	5
1133167	0	434126	2
1133167	0	4443375	0
1133167	0	4498473	2
1133167	0	4498474	4
1133167	0	4498476	3
1133167	0	4498477	2
1133167	0	4498478	4
1133167	0	4498479	5
1133167	0	4550240	5
1133167	0	4550243	2
1133167	0	4550244	5
1133167	0	4712279	2
1133167	0	4922619	5
1133167	0	4926197	0
1133167	0	4973626	5
1133167	0	5674623	2
1133167	0	5787117	5
1133167	0	6112586	5
1133167	0	6112587	2
1133167	0	6112590	5
1133167	0	6142	2
1133167	0	6257034	2
1133167	0	6299572	2
1133167	0	6299576	2
1133167	0	6467517	1
1133167	0	6467518	5
1133167	0	6467523	4
1133167	0	6467524	3
1133167	0	7093509	2
1133167	0	7093510	5
1133167	0	7093511	4
1133167	0	7217705	4
1133167	0	7218012	0
1133167	0	7218015	0
1133167	0	7486594	1
1133167	0	7486602	2
1133167	0	7762240	1
1133167	0	7793408	2
1133167	0	7793411	2
1133167	0	8003301	1
1133167	0	8033644	3
1133167	0	8033645	2
1133167	0	8033647	2
1133167	0	8033648	2
1133167	0	8033650	5
1133167	0	8160224	1
1133167	0	8160241	2
1133167	0	8160243	4
1133167	0	823272	3
1133167	0	823274	5
1133167	0	823275	4
1133167	0	823277	0
1133167	0	823280	2
1133167	0	8250498	1
1133167	0	8255704	3
1133167	0	8255705	0
1133167	0	8255706	5
1133167	0	8415743	3
130510	0	1110766	5
130510	0	1159414	1
130510	0	1494930	5
130510	0	1494931	4
130510	0	1494932	5
130510	0	1494933	5
130510	0	1494935	5
130510	0	1494936	5
130510	0	1494938	5
130510	0	1494939	5
130510	0	179622	0
130510	0	179623	1
130510	0	1799013	3
130510	0	1972340	4
130510	0	2079377	1
130510	0	2346969	0
130510	0	2490145	2
130510	0	2490146	2
130510	0	2490150	3
130510	0	2490154	2
130510	0	2839082	2
130510	0	2862515	2
130510	0	2862518	4
130510	0	2862522	3
130510	0	2982053	5
130510	0	3163980	5
130510	0	3525026	2
130510	0	3913770	2
130510	0	3913772	2
130510	0	3913773	3
130510	0	3913774	2
130510	0	3913775	2
130510	0	3913776	4
130510	0	3913778	1
130510	0	3913779	3
130510	0	3995677	4
130510	0	4022904	1
130510	0	417583	4
130510	0	4189500	1
130510	0	4528804	3
130510	0	4528806	4
130510	0	4528807	2
130510	0	4528808	2
130510	0	4528809	4
130510	0	4528810	5
130510	0	4528811	0
130510	0	4528812	0
130510	0	4528813	4
130510	0	4804307	2
130510	0	5685704	0
130510	0	5685705	2
130510	0	5685706	2
130510	0	5685707	2
130510	0	5685708	1
130510	0	5685711	2
130510	0	5930009	2
130510	0	5930010	2
130510	0	5930011	2
130510	0	5930012	3
130510	0	5930013	4
130510	0	5930014	2
130510	0	5930018	1
130510	0	6035035	1
130510	0	6183638	4
130510	0	6229727	1
130510	0	6229732	3
130510	0	6229733	5
130510	0	6486232	4
130510	0	6575500	0
130510	0	6621100	5
130510	0	6677359	0
130510	0	6763277	0
130510	0	6815300	4
130510	0	6881818	1
130510	0	6881820	0
130510	0	7125239	5
130510	0	7203252	5
130510	0	7479905	2
130510	0	7501557	5
130510	0	7501558	5
130510	0	7501563	5
130510	0	7779650	0
130510	0	783657	3
130510	0	783658	1
130510	0	783662	3
130510	0	783664	2
130510	0	783665	1
130510	0	799647	5
130510	0	8083814	1
130510	0	8094068	2
130510	0	8514425	1
130510	0	8612902	5
130510	0	8612903	5
130510	0	8612904	5
130510	0	8612905	2
130510	0	8612906	5
130510	0	8612909	5
130510	0	8612910	5
130510	0	996732	4
130510	0	996740	4
131843	0	1019934	1
131843	0	1019935	0
131843	0	1019936	2
131843	0	1019938	1
131843	0	1101587	1
131843	0	1133058	3
131843	0	1222339	2
131843	0	1429616	4
131843	0	1597975	1
131843	0	1600913	2
131843	0	1621724	1
131843	0	1781040	3
131843	0	1830509	0
131843	0	1895120	5
131843	0	2103970	0
131843	0	2104933	4
131843	0	2126682	4
131843	0	2170725	2
131843	0	2286036	0
131843	0	2378491	2
131843	0	2526491	2
131843	0	2623607	1
131843	0	2623616	2
131843	0	2683747	4
131843	0	2914687	5
131843	0	31718	3
131843	0	3368900	0
131843	0	3432705	3
131843	0	352863	2
131843	0	3564032	2
131843	0	3841396	5
131843	0	3937054	4
131843	0	3937056	2
131843	0	4036688	2
131843	0	4036689	1
131843	0	4036690	3
131843	0	4036695	1
131843	0	4235202	1
131843	0	4235204	5
131843	0	4440568	4
131843	0	4440571	4
131843	0	4461384	2
131843	0	4695186	2
131843	0	5074688	0
131843	0	5124823	1
131843	0	5297238	3
131843	0	5319115	1
131843	0	5324710	3
131843	0	5325671	2
131843	0	5325672	0
131843	0	5325675	1
131843	0	5325677	3
131843	0	5685851	0
131843	0	6028399	3
131843	0	6028403	1
131843	0	6086584	4
131843	0	6086587	2
131843	0	6121785	3
131843	0	6121787	2
131843	0	6335670	2
131843	0	6487859	2
131843	0	6533880	2
131843	0	6779775	5
131843	0	7269086	2
131843	0	7269088	2
131843	0	7269089	4
131843	0	7269092	4
131843	0	7269095	4
131843	0	7759230	1
131843	0	7880471	4
131843	0	8305151	2
131843	0	8305152	5
131843	0	8305153	5
131843	0	8305154	5
131843	0	8305155	5
131843	0	8305156	5
131843	0	8305158	5
131843	0	8382296	4
131843	0	8456963	5
131843	0	8456964	5
131843	0	8456965	2
131843	0	8456966	4
131843	0	8456967	5
131843	0	8456970	5
131843	0	8573227	5
131843	0	8598786	4
131843	0	8598788	2
131843	0	8600961	1
131843	0	8690086	0
131843	0	8710813	5
131843	0	884231	5
131843	0	884234	0
131843	0	895362	2
131843	0	985988	5
131843	0	985989	5
131843	0	985990	5
131843	0	985991	5
131843	0	985992	5
131843	0	985994	5
131843	0	985995	5
146187	0	1077549	2
146187	0	1138801	2
146187	0	1230566	5
146187	0	1254157	1
146187	0	1367167	1
146187	0	1369239	2
146187	0	1493345	0
146187	0	1493352	5
146187	0	1972078	3
146187	0	1995994	2
146187	0	2040185	2
146187	0	2226090	1
146187	0	2226093	5
146187	0	2226094	1
146187	0	2257806	4
146187	0	315525	4
146187	0	3523051	2
146187	0	3615731	5
146187	0	3758956	3
146187	0	3963187	1
146187	0	3963189	0
146187	0	4026486	1
146187	0	4214923	2
146187	0	4214925	5
146187	0	4216895	0
146187	0	4216897	2
146187	0	4216901	2
146187	0	4216902	4
146187	0	4306847	2
146187	0	4631167	1
146187	0	4741857	5
146187	0	4777144	5
146187	0	4921740	3
146187	0	4921741	2
146187	0	5217815	4
146187	0	5238589	4
146187	0	5251981	0
146187	0	5548652	1
146187	0	5548655	2
146187	0	5566562	2
146187	0	5590506	3
146187	0	5746033	5
146187	0	5836454	4
146187	0	5844996	3
146187	0	5929430	1
146187	0	5999108	3
146187	0	6015024	4
146187	0	6015026	4
146187	0	6015027	4
146187	0	6417741	4
146187	0	6430257	0
146187	0	6430258	5
146187	0	6430259	4
146187	0	6430260	2
146187	0	6483699	0
146187	0	6620285	2
146187	0	6929047	4
146187	0	7093332	2
146187	0	7093334	4
146187	0	7096817	2
146187	0	7096819	3
146187	0	7096823	0
146187	0	7126360	5
146187	0	7405002	2
146187	0	744165	5
146187	0	744167	5
146187	0	744171	2
146187	0	7601871	3
146187	0	76342	4
146187	0	76344	5
146187	0	76348	5
146187	0	7704674	5
146187	0	7704676	0
146187	0	7704679	2
146187	0	7772761	1
146187	0	7782525	2
146187	0	7782529	5
146187	0	7836294	2
146187	0	7836296	4
146187	0	7836297	2
146187	0	7956019	1
146187	0	8042965	1
146187	0	8042968	0
146187	0	8042969	2
146187	0	8113798	1
146187	0	8361899	1
146187	0	8361901	0
146187	0	8361902	2
146187	0	8361905	1
146187	0	8434617	5
146187	0	8434618	5
146187	0	8434619	5
146187	0	8434620	3
146187	0	8434621	5
146187	0	8434622	5
146187	0	8434623	5
146187	0	8434624	5
146187	0	8434625	5
146187	0	8434626	5
146187	0	8795490	3
148538	0	1147038	3
148538	0	1147044	2
148538	0	1147046	4
148538	0	1299823	2
148538	0	1299824	5
148538	0	1299830	2
148538	0	1311206	0
148538	0	1311209	1
148538	0	1314489	4
148538	0	1384447	5
148538	0	1384448	4
148538	0	1736918	2
148538	0	1828171	0
148538	0	1950974	1
148538	0	1950976	1
148538	0	1950983	1
148538	0	1969519	5
148538	0	1969521	3
148538	0	1985490	0
148538	0	1985491	2
148538	0	2033795	3
148538	0	2033800	3
148538	0	2177849	2
148538	0	231453	5
148538	0	231455	5
148538	0	23586	2
148538	0	2368188	4
148538	0	2368189	2
148538	0	245016	3
148538	0	2455774	5
148538	0	2455779	1
148538	0	2564821	0
148538	0	2643562	4
148538	0	2915322	4
148538	0	2915323	2
148538	0	332398	4
148538	0	332400	5
148538	0	332401	4
148538	0	332406	1
148538	0	332407	0
148538	0	3353306	2
148538	0	3393970	5
148538	0	3557943	5
148538	0	3588269	0
148538	0	3631449	2
148538	0	3918785	5
148538	0	3918789	0
148538	0	4185812	2
148538	0	4225978	2
148538	0	4264121	2
148538	0	4264123	3
148538	0	4264124	0
148538	0	4447598	2
148538	0	4447601	5
148538	0	4539654	5
148538	0	4539657	2
148538	0	4539663	5
148538	0	4607262	1
148538	0	4607263	5
148538	0	4660637	5
148538	0	4959633	4
148538	0	4959637	2
148538	0	4959638	4
148538	0	5077704	1
148538	0	5077709	3
148538	0	5171599	2
148538	0	5171603	4
148538	0	5171605	2
148538	0	5606202	4
148538	0	581145	2
148538	0	615402	2
148538	0	615407	5
148538	0	6234125	3
148538	0	6377902	1
148538	0	6543862	4
148538	0	6600519	2
148538	0	6697437	5
148538	0	6704661	2
148538	0	6846343	5
148538	0	6894608	5
148538	0	7407803	5
148538	0	7407811	1
148538	0	7407812	5
148538	0	7496116	3
148538	0	753805	1
148538	0	7543015	1
148538	0	784460	0
148538	0	7858769	2
148538	0	8283530	1
148538	0	8283531	5
148538	0	8283532	5
148538	0	8283533	1
148538	0	8388795	0
148538	0	8618875	2
148538	0	985488	3
148538	0	985489	4
148538	0	985490	4
148538	0	985491	5
148538	0	985494	5
148538	0	986845	1
156493	0	1101607	0
156493	0	1277723	4
156493	0	1277725	5
156493	0	1277726	1
156493	0	1277727	3
156493	0	1347266	2
156493	0	1643747	1
156493	0	1939298	1
156493	0	1960255	5
156493	0	1960257	5
156493	0	1960259	3
156493	0	1960260	5
156493	0	1960261	4
156493	0	2123395	4
156493	0	2259179	2
156493	0	2259182	1
156493	0	2259183	4
156493	0	2317807	5
156493	0	2378078	1
156493	0	2378079	5
156493	0	2411918	5
156493	0	2598786	3
156493	0	2598787	5
156493	0	2612486	1
156493	0	2612488	3
156493	0	2612490	0
156493	0	2612491	5
156493	0	2612492	1
156493	0	2612493	5
156493	0	2717163	5
156493	0	2928700	2
156493	0	2928702	2
156493	0	2928704	2
156493	0	2928705	4
156493	0	2928707	5
156493	0	2949801	5
156493	0	2949802	2
156493	0	3218251	1
156493	0	3288595	3
156493	0	3288596	4
156493	0	3288597	1
156493	0	3288598	2
156493	0	3288599	2
156493	0	3288600	3
156493	0	3288601	5
156493	0	3288603	4
156493	0	349638	5
156493	0	349643	2
156493	0	3603920	4
156493	0	3603922	0
156493	0	3603923	2
156493	0	4219345	2
156493	0	4396054	1
156493	0	4400814	0
156493	0	4465044	2
156493	0	4527706	0
156493	0	4542584	2
156493	0	4583221	2
156493	0	4940228	2
156493	0	4940232	0
156493	0	5122747	0
156493	0	5326286	1
156493	0	5346660	4
156493	0	5530082	2
156493	0	6129968	0
156493	0	6139382	2
156493	0	6139386	5
156493	0	6267258	3
156493	0	6524746	1
156493	0	6775071	3
156493	0	6983821	2
156493	0	7371077	5
156493	0	7371078	5
156493	0	7371079	2
156493	0	750111	2
156493	0	8182159	4
156493	0	8182160	4
156493	0	8182161	2
156493	0	8182162	5
156493	0	8182163	2
156493	0	8182165	5
156493	0	8182166	4
156493	0	8245444	0
156493	0	8273011	2
156493	0	8273017	5
156493	0	8273018	4
156493	0	8273019	5
156493	0	8725864	1
156493	0	8820526	4
156493	0	8820527	1
156493	0	8820531	3
156493	0	885944	0
156493	0	892007	3
156493	0	95512	5
156493	0	95514	2
156493	0	95515	4
156493	0	95517	1
156493	0	95518	5
156493	0	95521	5
156493	0	994486	2
168216	0	1090089	0
168216	0	1301465	5
168216	0	1301467	5
168216	0	1301469	5
168216	0	1301472	4
168216	0	1301473	0
168216	0	1301474	5
168216	0	13499	5
168216	0	1381477	5
168216	0	1735358	1
168216	0	1735360	4
168216	0	1860843	2
168216	0	1924796	4
168216	0	1924800	4
168216	0	2036279	4
168216	0	2069992	4
168216	0	2069995	1
168216	0	2210775	5
168216	0	2210780	5
168216	0	2265769	5
168216	0	2659074	5
168216	0	2790904	2
168216	0	2806307	2
168216	0	290826	4
168216	0	3033359	2
168216	0	3174840	5
168216	0	3198687	2
168216	0	3198689	2
168216	0	3344828	4
168216	0	3344834	2
168216	0	3399712	3
168216	0	3399713	3
168216	0	3399715	2
168216	0	3399718	1
168216	0	3463556	5
168216	0	3681095	2
168216	0	3681097	1
168216	0	3830857	5
168216	0	3908773	2
168216	0	3908774	1
168216	0	3908776	2
168216	0	3908777	2
168216	0	4119829	5
168216	0	4191395	5
168216	0	4245218	1
168216	0	4324490	1
168216	0	4324491	2
168216	0	4324492	4
168216	0	4600607	1
168216	0	4600610	5
168216	0	4741403	2
168216	0	4741406	1
168216	0	4792582	3
168216	0	4792583	0
168216	0	5024307	2
168216	0	5024311	2
168216	0	5024313	1
168216	0	5114458	2
168216	0	5293614	0
168216	0	5771045	0
168216	0	5935474	1
168216	0	5935476	3
168216	0	6012600	0
168216	0	6061718	0
168216	0	6061722	2
168216	0	6213322	5
168216	0	6213325	2
168216	0	6219118	1
168216	0	6249512	4
168216	0	6264731	0
168216	0	6264732	5
168216	0	6264734	3
168216	0	6264735	5
168216	0	6282560	2
168216	0	6282561	1
168216	0	6282562	3
168216	0	6282567	4
168216	0	6329932	1
168216	0	6426632	4
168216	0	6426634	4
168216	0	6426638	2
168216	0	6584042	3
168216	0	7337513	5
168216	0	7492755	2
168216	0	7595684	2
168216	0	8048968	0
168216	0	8185131	5
168216	0	8185135	5
168216	0	8185137	4
168216	0	8252763	3
168216	0	8319213	3
168216	0	8639627	2
168216	0	8639630	1
168216	0	8723467	3
168216	0	8731617	5
168216	0	8731618	2
168216	0	8731621	5
168216	0	8731622	5
168216	0	8731623	4
168216	0	8731625	0
182539	0	1094157	0
182539	0	1229197	1
182539	0	1307232	2
182539	0	1307234	2
182539	0	1307235	5
182539	0	146695	1
182539	0	1497952	0
182539	0	1512198	2
182539	0	1638687	5
182539	0	1638689	2
182539	0	1638690	5
182539	0	1638691	3
182539	0	1638694	4
182539	0	1664297	3
182539	0	176563	2
182539	0	1798203	2
182539	0	1956775	2
182539	0	1996675	1
182539	0	1996680	4
182539	0	2009617	2
182539	0	2041085	0
182539	0	2092202	1
182539	0	2165968	5
182539	0	2234015	1
182539	0	2273384	0
182539	0	2787602	2
182539	0	2801795	0
182539	0	2909954	3
182539	0	2909960	4
182539	0	2909961	5
182539	0	3009872	1
182539	0	3009878	1
182539	0	330179	1
182539	0	3760957	4
182539	0	3760964	2
182539	0	3777193	1
182539	0	3858310	2
182539	0	3883077	5
182539	0	3883081	5
182539	0	4370020	2
182539	0	4438902	2
182539	0	4468612	1
182539	0	4730803	3
182539	0	4776378	0
182539	0	4985182	2
182539	0	503147	1
182539	0	5567729	5
182539	0	5567732	4
182539	0	57443	5
182539	0	57444	5
182539	0	57447	5
182539	0	57448	4
182539	0	57449	5
182539	0	57450	4
182539	0	57452	5
182539	0	5756776	2
182539	0	6037973	4
182539	0	6097108	5
182539	0	6135907	2
182539	0	6282906	2
182539	0	6283812	2
182539	0	646260	1
182539	0	6596440	2
182539	0	6783449	3
182539	0	6816574	2
182539	0	6965540	2
182539	0	6980965	3
182539	0	6995118	2
182539	0	7034196	1
182539	0	7085056	1
182539	0	7085057	1
182539	0	7088372	4
182539	0	7291427	0
182539	0	7371255	5
182539	0	7371257	5
182539	0	7371259	4
182539	0	7371261	4
182539	0	7371262	5
182539	0	7439970	2
182539	0	7527837	3
182539	0	7579347	2
182539	0	7583024	5
182539	0	7730613	5
182539	0	7745556	0
182539	0	8299659	5
182539	0	8299661	4
182539	0	8299665	3
182539	0	8299668	5
182539	0	830471	5
182539	0	8349147	0
182539	0	8470381	4
182539	0	8515182	5
182539	0	8636665	0
182539	0	8757178	5
182539	0	8757179	4
182539	0	8757180	4
182539	0	8757181	5
182539	0	8757182	3
182539	0	8757183	3
182539	0	8757184	2
183378	0	1050571	0
183378	0	1239964	4
183378	0	1289489	5
183378	0	1289490	5
183378	0	1289492	5
183378	0	1289493	2
183378	0	1289494	1
183378	0	1289495	0
183378	0	1289496	5
183378	0	1289497	5
183378	0	1666386	5
183378	0	1678836	1
183378	0	2040104	1
183378	0	2040106	1
183378	0	2040111	2
183378	0	2352713	2
183378	0	2352716	1
183378	0	2533259	1
183378	0	2533260	2
183378	0	2533262	2
183378	0	2874543	3
183378	0	3009378	5
183378	0	3093214	5
183378	0	3093217	1
183378	0	3093218	2
183378	0	3185607	3
183378	0	3185611	5
183378	0	327908	2
183378	0	3389578	4
183378	0	3389579	4
183378	0	3389581	4
183378	0	3389582	2
183378	0	3389584	5
183378	0	3867604	0
183378	0	3928768	2
183378	0	3987911	2
183378	0	4493913	4
183378	0	4493914	4
183378	0	4493915	5
183378	0	4493916	2
183378	0	4493917	5
183378	0	4493918	1
183378	0	4493919	2
183378	0	4493920	3
183378	0	4493921	1
183378	0	4493922	2
183378	0	4727412	1
183378	0	4727417	2
183378	0	4727418	1
183378	0	4803847	5
183378	0	4803848	5
183378	0	5391354	4
183378	0	5460939	5
183378	0	5460941	1
183378	0	5534703	2
183378	0	5534707	5
183378	0	5534710	4
183378	0	5534711	2
183378	0	5817927	5
183378	0	6109461	4
183378	0	6150907	0
183378	0	6182925	0
183378	0	6182927	0
183378	0	6548233	0
183378	0	6548235	3
183378	0	7014328	4
183378	0	7398706	5
183378	0	7448291	4
183378	0	7449744	5
183378	0	7449747	4
183378	0	7449748	5
183378	0	7449750	3
183378	0	7449751	2
183378	0	7449752	5
183378	0	749542	5
183378	0	7677975	2
183378	0	7678696	2
183378	0	7718047	0
183378	0	7952868	2
183378	0	8121375	4
183378	0	8121377	2
183378	0	8121380	2
183378	0	823211	1
183378	0	8507874	2
183378	0	8570255	0
183378	0	8570257	5
183378	0	8570258	5
183378	0	8570260	3
183378	0	8570261	1
183378	0	8577213	3
183378	0	8577215	4
183378	0	8767239	0
183378	0	8767240	2
183378	0	8767241	3
183378	0	8794302	1
183378	0	8794303	4
183378	0	8794304	3
183378	0	8794306	5
183378	0	8794307	3
183378	0	8794308	2
19335	0	1143050	2
19335	0	1434829	1
19335	0	1504746	2
19335	0	1504747	3
19335	0	1504748	3
19335	0	161606	1
19335	0	161608	2
19335	0	1717015	2
19335	0	1720387	5
19335	0	1720388	3
19335	0	1720389	3
19335	0	1720391	0
19335	0	1720394	5
19335	0	1720395	5
19335	0	1905037	1
19335	0	2046505	5
19335	0	211275	2
19335	0	2250973	5
19335	0	2303999	2
19335	0	2304004	5
19335	0	2304005	2
19335	0	2459779	4
19335	0	2459780	1
19335	0	2459784	2
19335	0	2594902	0
19335	0	284841	1
19335	0	2874496	0
19335	0	2874497	3
19335	0	2874503	2
19335	0	3045565	5
19335	0	3045567	5
19335	0	3064703	2
19335	0	342431	5
19335	0	3559593	3
19335	0	3559596	4
19335	0	359174	1
19335	0	3615074	2
19335	0	3615077	0
19335	0	3615078	3
19335	0	3615079	4
19335	0	3615080	3
19335	0	3615083	4
19335	0	3709463	0
19335	0	429851	2
19335	0	4480943	0
19335	0	4480945	1
19335	0	4480948	4
19335	0	4937589	1
19335	0	503739	1
19335	0	5078863	4
19335	0	527690	5
19335	0	527692	5
19335	0	527695	2
19335	0	527697	4
19335	0	5508122	4
19335	0	5711211	5
19335	0	5732401	0
19335	0	5732406	0
19335	0	5806604	0
19335	0	5870000	4
19335	0	5920775	2
19335	0	6069804	4
19335	0	6069805	5
19335	0	6452949	5
19335	0	6512137	5
19335	0	6512138	5
19335	0	6512144	5
19335	0	6568704	2
19335	0	6773977	1
19335	0	6902384	3
19335	0	6902386	5
19335	0	6902389	4
19335	0	7050803	4
19335	0	7122355	3
19335	0	7122361	2
19335	0	7267248	5
19335	0	7367410	1
19335	0	7367411	5
19335	0	7454464	1
19335	0	7460276	2
19335	0	7464793	4
19335	0	763108	1
19335	0	763110	2
19335	0	763113	2
19335	0	763117	0
19335	0	7644151	4
19335	0	772227	2
19335	0	772234	2
19335	0	7856992	1
19335	0	7961905	5
19335	0	7961908	1
19335	0	8231218	2
19335	0	8412681	5
19335	0	8412682	5
19335	0	8412683	5
19335	0	8412684	5
19335	0	8633126	4
19335	0	8828697	2
19335	0	8828698	2
19335	0	93557	2
207786	0	1025057	0
207786	0	1029962	5
207786	0	1071464	2
207786	0	1085406	2
207786	0	1335084	0
207786	0	1392579	3
207786	0	1392585	5
207786	0	1432530	1
207786	0	1667536	1
207786	0	1667544	4
207786	0	1731873	1
207786	0	1759929	5
207786	0	201711	4
207786	0	2051015	4
207786	0	2051020	5
207786	0	2051023	2
207786	0	2174683	1
207786	0	2457540	2
207786	0	2457541	2
207786	0	2457542	5
207786	0	2557234	2
207786	0	2658594	0
207786	0	2763917	5
207786	0	2763922	2
207786	0	2775837	0
207786	0	2877168	2
207786	0	2998723	0
207786	0	3103885	1
207786	0	3322527	5
207786	0	3322529	0
207786	0	3352521	2
207786	0	3522830	2
207786	0	3600016	4
207786	0	3632499	4
207786	0	3773663	4
207786	0	3914510	1
207786	0	3931757	2
207786	0	3945573	1
207786	0	4042362	1
207786	0	4218707	5
207786	0	4257473	4
207786	0	4342505	3
207786	0	4393128	1
207786	0	4613065	5
207786	0	4754014	2
207786	0	4759180	2
207786	0	4759183	2
207786	0	4823377	1
207786	0	4900224	2
207786	0	493413	1
207786	0	5170147	2
207786	0	5175108	3
207786	0	5175113	4
207786	0	524445	4
207786	0	524450	2
207786	0	5266140	0
207786	0	5297035	2
207786	0	5297036	5
207786	0	5321444	2
207786	0	5365946	3
207786	0	6031630	5
207786	0	6060398	1
207786	0	6133373	3
207786	0	6145822	5
207786	0	6226369	2
207786	0	6474685	4
207786	0	6584630	4
207786	0	6822431	3
207786	0	6964232	0
207786	0	7016165	2
207786	0	7124120	5
207786	0	7229816	3
207786	0	7229822	3
207786	0	737802	0
207786	0	7510472	5
207786	0	7599318	5
207786	0	7639366	5
207786	0	7643812	1
207786	0	7643819	2
207786	0	7777862	0
207786	0	7777867	5
207786	0	7941579	5
207786	0	7969232	4
207786	0	8053029	4
207786	0	8185061	4
207786	0	8185063	2
207786	0	8185064	3
207786	0	8265334	2
207786	0	8273754	5
207786	0	8273755	4
207786	0	8273756	2
207786	0	8273757	5
207786	0	8273758	5
207786	0	8273759	3
207786	0	8273760	5
207786	0	8273761	5
207786	0	8273762	5
207786	0	8273763	5
207786	0	8316281	1
207786	0	8785524	1
264014	0	1610706	4
264014	0	1610707	2
264014	0	1610711	2
264014	0	1804644	2
264014	0	2223171	4
264014	0	2420367	1
264014	0	2474340	1
264014	0	2474341	3
264014	0	2474342	3
264014	0	2474346	4
264014	0	2498165	1
264014	0	2498169	2
264014	0	331929	1
264014	0	331931	2
264014	0	331932	2
264014	0	331934	2
264014	0	3338821	0
264014	0	3338825	5
264014	0	3338827	4
264014	0	3338828	2
264014	0	3396076	5
264014	0	3577338	5
264014	0	3577341	0
264014	0	3577342	3
264014	0	3577343	4
264014	0	3577344	2
264014	0	3577345	2
264014	0	3577347	4
264014	0	3835935	2
264014	0	3841908	3
264014	0	4259227	2
264014	0	447992	5
264014	0	4647186	5
264014	0	4687213	5
264014	0	4790255	3
264014	0	4834543	4
264014	0	4834547	5
264014	0	4834548	4
264014	0	5151339	5
264014	0	5269173	1
264014	0	528372	5
264014	0	528375	0
264014	0	528379	4
264014	0	528380	4
264014	0	5328095	5
264014	0	5506564	3
264014	0	5611210	0
264014	0	5611211	0
264014	0	5611212	5
264014	0	5611214	0
264014	0	5611218	2
264014	0	5611219	3
264014	0	5635515	2
264014	0	5635519	2
264014	0	5635521	2
264014	0	5816473	4
264014	0	5819142	1
264014	0	5819145	4
264014	0	58386	1
264014	0	5849268	2
264014	0	5849270	2
264014	0	5849711	1
264014	0	5950718	4
264014	0	5950719	5
264014	0	5950720	0
264014	0	5950721	5
264014	0	5950722	5
264014	0	5950723	3
264014	0	5950725	1
264014	0	5950726	4
264014	0	6105566	5
264014	0	6105569	3
264014	0	6105571	1
264014	0	6105572	5
264014	0	6333839	0
264014	0	6334964	2
264014	0	6337909	2
264014	0	6555321	0
264014	0	6555322	5
264014	0	6641238	5
264014	0	667686	2
264014	0	6791755	1
264014	0	6791757	1
264014	0	6791760	5
264014	0	684616	1
264014	0	684618	2
264014	0	7323467	2
264014	0	7326932	0
264014	0	7326934	2
264014	0	7326936	1
264014	0	8012101	5
264014	0	8801661	4
264014	0	935825	5
264014	0	96851	5
264014	0	96852	3
264014	0	96855	5
264014	0	96856	1
264014	0	96857	5
264014	0	96858	5
264014	0	96859	2
359349	0	1394087	5
359349	0	15799	2
359349	0	15800	2
359349	0	15801	2
359349	0	15802	3
359349	0	15803	3
359349	0	15804	3
359349	0	15805	0
359349	0	15806	2
359349	0	15808	2
359349	0	1622452	1
359349	0	1830509	2
359349	0	1830512	4
359349	0	1830516	4
359349	0	1830517	5
359349	0	1979833	0
359349	0	2293820	5
359349	0	2434861	2
359349	0	2444689	1
359349	0	2826510	5
359349	0	2826512	2
359349	0	3126802	1
359349	0	3176539	5
359349	0	3176540	2
359349	0	3176548	2
359349	0	3193824	5
359349	0	3223831	5
359349	0	3223833	5
359349	0	3739664	1
359349	0	3739666	0
359349	0	3900185	5
359349	0	4013723	5
359349	0	4020470	5
359349	0	4020471	2
359349	0	4020472	5
359349	0	4020474	4
359349	0	4020475	5
359349	0	4020477	4
359349	0	4020478	0
359349	0	4020479	5
359349	0	4087265	0
359349	0	4344093	2
359349	0	4344099	2
359349	0	4344100	0
359349	0	4344101	2
359349	0	4474866	1
359349	0	4474870	2
359349	0	4474872	2
359349	0	457673	4
359349	0	4624153	4
359349	0	5155586	2
359349	0	5219970	2
359349	0	5219971	2
359349	0	5219976	0
359349	0	5219977	1
359349	0	5248756	0
359349	0	5345720	4
359349	0	5414623	1
359349	0	5414625	5
359349	0	5615181	5
359349	0	576627	4
359349	0	576628	5
359349	0	576629	5
359349	0	576632	4
359349	0	576635	4
359349	0	5773713	3
359349	0	5773714	3
359349	0	5773715	2
359349	0	5773716	2
359349	0	5773717	2
359349	0	5773719	3
359349	0	5806113	1
359349	0	6108721	4
359349	0	6113313	3
359349	0	6213658	3
359349	0	6226412	1
359349	0	6226414	2
359349	0	6412425	1
359349	0	6440028	3
359349	0	6440029	1
359349	0	6779501	3
359349	0	68647	5
359349	0	68648	0
359349	0	68649	5
359349	0	68650	5
359349	0	68653	0
359349	0	68656	1
359349	0	7062671	5
359349	0	7277971	2
359349	0	7544504	1
359349	0	7579883	4
359349	0	7857633	5
359349	0	7857634	1
359349	0	7857635	4
359349	0	8058867	4
359349	0	8058868	2
359349	0	8058873	4
359349	0	8167113	1
359349	0	8584521	5
359349	0	943229	5
405717	0	1619423	0
405717	0	1849743	5
405717	0	1976406	0
405717	0	2125641	4
405717	0	234955	4
405717	0	2365659	5
405717	0	2365660	2
405717	0	2365661	5
405717	0	2365662	2
405717	0	2365663	2
405717	0	2365664	0
405717	0	2365665	3
405717	0	2616168	1
405717	0	2642838	5
405717	0	2702419	5
405717	0	2702423	5
405717	0	273851	0
405717	0	2747484	3
405717	0	2747485	5
405717	0	2747486	2
405717	0	2747488	2
405717	0	2747489	2
405717	0	2747491	3
405717	0	2747492	0
405717	0	2768521	0
405717	0	28368	4
405717	0	28372	4
405717	0	2879960	1
405717	0	3033900	5
405717	0	3033903	2
405717	0	3033904	4
405717	0	3033905	2
405717	0	3040883	1
405717	0	3274915	1
405717	0	3274918	1
405717	0	3514259	2
405717	0	3986303	5
405717	0	3986305	4
405717	0	3986306	2
405717	0	3986307	4
405717	0	3986308	4
405717	0	3986309	2
405717	0	4232833	2
405717	0	4489661	2
405717	0	4489666	1
405717	0	4577231	1
405717	0	4704973	5
405717	0	4704975	5
405717	0	4704978	2
405717	0	4776928	2
405717	0	4828118	4
405717	0	5079482	5
405717	0	5274649	4
405717	0	5615458	1
405717	0	5638740	3
405717	0	5668741	4
405717	0	5690233	1
405717	0	5690234	1
405717	0	5690237	2
405717	0	576346	2
405717	0	5857570	1
405717	0	6419725	2
405717	0	6426483	3
405717	0	6442862	5
405717	0	6654652	2
405717	0	6654655	5
405717	0	6654658	4
405717	0	6654660	1
405717	0	6741362	5
405717	0	6786304	1
405717	0	702383	2
405717	0	702386	5
405717	0	7170624	2
405717	0	7170625	0
405717	0	7170626	5
405717	0	7170629	0
405717	0	7170630	5
405717	0	7170631	1
405717	0	7201359	3
405717	0	7201361	0
405717	0	7288991	0
405717	0	7288996	5
405717	0	7447941	4
405717	0	7447942	2
405717	0	7447943	3
405717	0	758581	2
405717	0	758582	3
405717	0	758585	2
405717	0	758586	5
405717	0	7589975	5
405717	0	7728831	5
405717	0	7896211	3
405717	0	7896212	1
405717	0	8156519	5
405717	0	8433852	5
405717	0	8433854	5
405717	0	8433856	2
405717	0	8433858	4
405717	0	846414	3
405717	0	931517	4
443396	0	1062726	2
443396	0	1089146	3
443396	0	1091614	2
443396	0	1133058	2
443396	0	119472	5
443396	0	1269427	2
443396	0	1360104	3
443396	0	1525423	2
443396	0	1533746	1
443396	0	1552106	0
443396	0	1608504	2
443396	0	1645100	2
443396	0	1660562	1
443396	0	1913399	1
443396	0	2007121	0
443396	0	2138579	2
443396	0	2316507	5
443396	0	2320326	3
443396	0	2490486	2
443396	0	2498237	1
443396	0	2528057	4
443396	0	257389	4
443396	0	2745552	2
443396	0	2976738	4
443396	0	2976740	4
443396	0	2976741	2
443396	0	3118073	2
443396	0	3131746	3
443396	0	3231289	1
443396	0	3323246	1
443396	0	3440850	5
443396	0	355277	0
443396	0	3617225	5
443396	0	3712489	2
443396	0	3721948	5
443396	0	3834027	1
443396	0	4025397	5
443396	0	4052112	0
443396	0	4060727	5
443396	0	415545	5
443396	0	415552	5
443396	0	4205264	5
443396	0	4271045	5
443396	0	4281721	2
443396	0	4415869	1
443396	0	4433173	4
443396	0	4526747	3
443396	0	453706	0
443396	0	4544490	4
443396	0	456710	5
443396	0	458179	3
443396	0	4792653	0
443396	0	4830647	0
443396	0	4851110	0
443396	0	5048837	5
443396	0	5053511	5
443396	0	5065439	4
443396	0	5073515	2
443396	0	510377	2
443396	0	5202178	4
443396	0	5315644	3
443396	0	5644797	4
443396	0	5836687	2
443396	0	5890955	1
443396	0	5922987	4
443396	0	6411588	1
443396	0	6471278	5
443396	0	6471285	0
443396	0	6863144	4
443396	0	6863145	3
443396	0	691944	4
443396	0	6998055	2
443396	0	7143882	4
443396	0	7188675	2
443396	0	7230688	5
443396	0	7489164	5
443396	0	7722259	1
443396	0	7734655	1
443396	0	7749375	5
443396	0	7810275	2
443396	0	7824761	4
443396	0	7844096	2
443396	0	788091	1
443396	0	7890878	2
443396	0	7890882	5
443396	0	8079039	5
443396	0	8079040	3
443396	0	8083065	3
443396	0	8219243	4
443396	0	8337676	2
443396	0	8383775	0
443396	0	8421784	2
443396	0	843370	1
443396	0	8536118	5
443396	0	8536121	5
443396	0	8536122	5
443396	0	8536123	5
443396	0	8578323	2
443396	0	8613216	1
443396	0	8793491	5
451602	0	1078132	1
451602	0	1078134	2
451602	0	1078138	3
451602	0	1094131	0
451602	0	1094139	4
451602	0	127537	0
451602	0	1277286	2
451602	0	1277290	5
451602	0	1277293	1
451602	0	1277294	4
451602	0	1314129	4
451602	0	1715030	5
451602	0	2084909	2
451602	0	2154597	0
451602	0	2176450	5
451602	0	2176453	5
451602	0	2176455	5
451602	0	2176458	5
451602	0	2176459	5
451602	0	2244874	0
451602	0	2244875	0
451602	0	2244882	1
451602	0	2618829	2
451602	0	2756872	2
451602	0	2922145	1
451602	0	3090664	3
451602	0	3090665	0
451602	0	3090666	4
451602	0	3090667	1
451602	0	3090670	2
451602	0	3090671	0
451602	0	3090672	3
451602	0	3119124	1
451602	0	3177691	4
451602	0	3177694	2
451602	0	3177696	1
451602	0	3177699	2
451602	0	3177700	3
451602	0	3214501	0
451602	0	3371386	2
451602	0	3493825	5
451602	0	370081	1
451602	0	3746406	2
451602	0	4345752	5
451602	0	4453605	5
451602	0	4453606	1
451602	0	4487179	3
451602	0	4874640	5
451602	0	4874641	5
451602	0	4874644	0
451602	0	4874645	2
451602	0	5000376	1
451602	0	5008865	2
451602	0	5053852	2
451602	0	5179245	2
451602	0	5179250	2
451602	0	5179251	5
451602	0	5211036	1
451602	0	5475308	5
451602	0	5475312	0
451602	0	5538936	3
451602	0	5538937	5
451602	0	5538938	5
451602	0	5538942	4
451602	0	5916874	4
451602	0	6132119	1
451602	0	6286973	2
451602	0	6286974	2
451602	0	6286975	5
451602	0	6286976	2
451602	0	6286977	5
451602	0	6286978	4
451602	0	6286979	3
451602	0	6286980	3
451602	0	6286981	2
451602	0	6286982	4
451602	0	6618756	2
451602	0	6775287	2
451602	0	7792100	2
451602	0	7800959	3
451602	0	7800962	4
451602	0	8019873	4
451602	0	8033471	1
451602	0	8214451	4
451602	0	8214452	5
451602	0	8383461	5
451602	0	8383462	2
451602	0	8383463	1
451602	0	8383465	4
451602	0	8390518	5
451602	0	8390525	5
451602	0	8485136	2
451602	0	8540470	4
451602	0	8540473	4
451602	0	8621776	5
451602	0	8742537	2
451602	0	8786896	1
451602	0	930490	5
451602	0	96222	5
451602	0	96229	3
47923	0	129219	1
47923	0	1346412	2
47923	0	1488918	2
47923	0	1488919	3
47923	0	1681331	3
47923	0	1681332	5
47923	0	1681333	5
47923	0	1681334	5
47923	0	1681336	5
47923	0	1681337	2
47923	0	1681338	2
47923	0	1681339	4
47923	0	1681340	2
47923	0	1827449	3
47923	0	1827452	4
47923	0	1868437	5
47923	0	1868438	4
47923	0	1868442	0
47923	0	2044900	5
47923	0	2135499	2
47923	0	2284128	2
47923	0	2284134	1
47923	0	2408264	2
47923	0	2508227	0
47923	0	2699736	1
47923	0	2831042	0
47923	0	291219	0
47923	0	3348834	1
47923	0	3348838	2
47923	0	3630935	2
47923	0	3688361	1
47923	0	4064327	1
47923	0	4064328	2
47923	0	4119528	2
47923	0	4257344	1
47923	0	4257345	0
47923	0	4297620	5
47923	0	4523464	2
47923	0	4652795	4
47923	0	473807	5
47923	0	473809	4
47923	0	5032362	5
47923	0	5032364	5
47923	0	5147526	1
47923	0	5147527	2
47923	0	5147529	2
47923	0	525507	2
47923	0	525511	3
47923	0	525513	2
47923	0	5282403	2
47923	0	5310902	2
47923	0	5417578	1
47923	0	5417580	2
47923	0	5417581	0
47923	0	5417582	4
47923	0	5417584	0
47923	0	5595916	3
47923	0	5898845	0
47923	0	5898846	2
47923	0	5936354	2
47923	0	5966643	1
47923	0	6111296	2
47923	0	618556	5
47923	0	6191	3
47923	0	6210760	5
47923	0	6222131	1
47923	0	6241147	5
47923	0	6241148	5
47923	0	6241150	4
47923	0	6241151	5
47923	0	6241152	4
47923	0	6241153	5
47923	0	6241154	4
47923	0	6272906	1
47923	0	6643066	5
47923	0	6919836	5
47923	0	6919841	1
47923	0	7038128	3
47923	0	7071695	0
47923	0	7137895	1
47923	0	7417276	0
47923	0	7747055	2
47923	0	7902936	5
47923	0	7936847	4
47923	0	8110288	2
47923	0	8110289	1
47923	0	8216702	5
47923	0	829484	3
47923	0	8327407	4
47923	0	8348762	5
47923	0	8418678	4
47923	0	8418681	4
47923	0	8418683	5
47923	0	8418686	3
47923	0	8421421	3
47923	0	8641104	5
47923	0	8641106	5
47923	0	8641107	4
47923	0	913042	4
47923	0	986177	5
489204	0	114148	1
489204	0	1167659	0
489204	0	1225589	4
489204	0	1225591	3
489204	0	1228655	2
489204	0	1231677	3
489204	0	1276947	4
489204	0	1319513	1
489204	0	1418931	0
489204	0	1418933	5
489204	0	1418935	0
489204	0	1418937	2
489204	0	1430550	5
489204	0	152948	4
489204	0	152954	5
489204	0	1538587	5
489204	0	173119	5
489204	0	1759354	5
489204	0	1759357	0
489204	0	1759360	1
489204	0	1778458	3
489204	0	185678	4
489204	0	185679	1
489204	0	1950273	1
489204	0	216490	2
489204	0	216492	5
489204	0	2268651	2
489204	0	2268652	4
489204	0	2268656	2
489204	0	2268657	3
489204	0	3053137	1
489204	0	3053140	5
489204	0	3608627	5
489204	0	3728441	3
489204	0	3728445	5
489204	0	4029846	2
489204	0	4142348	2
489204	0	416864	2
489204	0	4279451	2
489204	0	4387756	2
489204	0	4586570	5
489204	0	4890939	4
489204	0	4917998	3
489204	0	5005765	5
489204	0	5107817	1
489204	0	5107824	1
489204	0	533017	5
489204	0	5541650	5
489204	0	5629373	4
489204	0	5815957	5
489204	0	5842847	1
489204	0	5842850	5
489204	0	5895917	5
489204	0	6087663	2
489204	0	6087666	1
489204	0	6087671	2
489204	0	6327174	5
489204	0	6327175	1
489204	0	6327177	3
489204	0	6327181	4
489204	0	6327182	1
489204	0	6343845	0
489204	0	6362205	0
489204	0	6542578	3
489204	0	66437	2
489204	0	6652051	4
489204	0	6652052	5
489204	0	6661536	2
489204	0	6665318	2
489204	0	6665319	2
489204	0	6665321	2
489204	0	678245	5
489204	0	6894988	4
489204	0	6952550	1
489204	0	6964307	0
489204	0	7113153	3
489204	0	7116533	5
489204	0	753265	4
489204	0	7734612	0
489204	0	8376905	2
489204	0	8376907	2
489204	0	8376910	2
489204	0	8463820	5
489204	0	8463823	5
489204	0	855963	4
489204	0	855967	1
489204	0	855969	0
489204	0	855972	5
489204	0	8594271	2
489204	0	8594272	3
489204	0	8594273	4
489204	0	8594276	0
489204	0	8594277	2
489204	0	8594280	4
489204	0	8737051	5
489204	0	8737053	2
489204	0	8781574	1
489204	0	8781575	2
489204	0	890797	2
489204	0	973923	4
490595	0	1044147	1
490595	0	1160847	2
490595	0	1194055	2
490595	0	1194060	0
490595	0	1288938	2
490595	0	1288942	3
490595	0	1288943	2
490595	0	1288946	1
490595	0	1473259	4
490595	0	1554695	0
490595	0	1620438	0
490595	0	1652460	4
490595	0	1814180	4
490595	0	1929910	5
490595	0	1929911	4
490595	0	2433509	2
490595	0	2668007	5
490595	0	3497870	1
490595	0	3833407	4
490595	0	3833409	2
490595	0	3833413	1
490595	0	3833414	5
490595	0	3937195	4
490595	0	3937196	3
490595	0	3937197	3
490595	0	3937199	0
490595	0	3937200	3
490595	0	3937201	5
490595	0	3937202	2
490595	0	3937203	5
490595	0	3937204	1
490595	0	4082315	1
490595	0	4082319	3
490595	0	4292443	0
490595	0	4737059	5
490595	0	4737060	5
490595	0	4737061	5
490595	0	4737062	2
490595	0	4737063	5
490595	0	4737064	5
490595	0	4737065	5
490595	0	4737066	5
490595	0	4737067	2
490595	0	4737068	4
490595	0	4763066	2
490595	0	4763068	1
490595	0	4763070	0
490595	0	4771671	1
490595	0	4842889	5
490595	0	4842890	5
490595	0	4842891	4
490595	0	4842894	5
490595	0	4842895	2
490595	0	4842896	1
490595	0	4842897	5
490595	0	4865130	0
490595	0	5112294	3
490595	0	5128293	3
490595	0	5247992	4
490595	0	5247999	4
490595	0	5248000	3
490595	0	526093	2
490595	0	5359208	2
490595	0	5359212	3
490595	0	5359213	4
490595	0	549465	5
490595	0	549466	4
490595	0	5633627	1
490595	0	5633631	2
490595	0	6045591	2
490595	0	6045596	2
490595	0	6066623	2
490595	0	6412650	2
490595	0	6686784	2
490595	0	6742119	5
490595	0	6971306	0
490595	0	6976956	2
490595	0	6976960	4
490595	0	7045861	1
490595	0	7065739	1
490595	0	7340532	3
490595	0	7422680	2
490595	0	7698191	2
490595	0	777201	1
490595	0	7839903	2
490595	0	7839904	4
490595	0	7839906	4
490595	0	7968900	2
490595	0	805046	5
490595	0	805047	5
490595	0	805048	5
490595	0	805050	5
490595	0	805051	5
490595	0	805052	2
490595	0	8485139	5
490595	0	8485140	5
490595	0	8485141	0
490595	0	8485142	0
490595	0	8709994	1
490595	0	903932	1
527433	0	1000485	5
527433	0	1101466	4
527433	0	1125933	1
527433	0	1187918	5
527433	0	1212783	2
527433	0	1251475	0
527433	0	1251480	2
527433	0	126710	3
527433	0	1379237	4
527433	0	1379238	0
527433	0	1379239	5
527433	0	1379240	2
527433	0	1379245	5
527433	0	1511548	3
527433	0	1511549	2
527433	0	1511551	4
527433	0	1511553	2
527433	0	1511556	3
527433	0	1664523	5
527433	0	1753604	2
527433	0	1753981	4
527433	0	2496224	5
527433	0	2496227	3
527433	0	2565413	1
527433	0	269422	4
527433	0	269423	2
527433	0	269424	2
527433	0	269425	4
527433	0	269426	4
527433	0	269428	2
527433	0	269430	3
527433	0	2722036	5
527433	0	286501	0
527433	0	291606	2
527433	0	3093197	4
527433	0	3124961	0
527433	0	3136618	0
527433	0	3224400	2
527433	0	3294599	5
527433	0	3294600	1
527433	0	3774360	2
527433	0	3786813	4
527433	0	3835729	5
527433	0	3835731	5
527433	0	3835736	5
527433	0	4046875	1
527433	0	4046876	5
527433	0	4351170	3
527433	0	4351179	4
527433	0	4402992	1
527433	0	4402995	0
527433	0	467601	5
527433	0	4958697	0
527433	0	5466807	5
527433	0	5466809	3
527433	0	5466810	5
527433	0	5479497	1
527433	0	5479502	2
527433	0	5603305	3
527433	0	5672164	1
527433	0	5690943	2
527433	0	6038397	5
527433	0	6038403	0
527433	0	6038404	5
527433	0	6038411	1
527433	0	6065683	5
527433	0	6186391	2
527433	0	6186393	5
527433	0	6186394	3
527433	0	6186395	2
527433	0	6214994	1
527433	0	6214995	4
527433	0	6215001	2
527433	0	6394981	1
527433	0	6398041	4
527433	0	6498113	4
527433	0	653101	5
527433	0	6595634	2
527433	0	6735245	1
527433	0	7514088	1
527433	0	7514090	0
527433	0	7607669	5
527433	0	7748145	1
527433	0	7748146	1
527433	0	8306449	3
527433	0	8306450	2
527433	0	8306451	2
527433	0	8371764	2
527433	0	8617267	4
527433	0	8617269	2
527433	0	8617270	2
527433	0	8617271	5
527433	0	8617272	1
527433	0	8617273	5
527433	0	8617274	5
527433	0	8617276	2
527433	0	8761458	2
527433	0	8827925	4
527433	0	8827928	5
527433	0	953162	0
573724	0	1005335	0
573724	0	1005338	2
573724	0	1005341	2
573724	0	104856	1
573724	0	1165128	2
573724	0	1165129	5
573724	0	1293333	1
573724	0	1509939	2
573724	0	1509940	4
573724	0	1509942	5
573724	0	1509943	1
573724	0	1509944	2
573724	0	162145	1
573724	0	162151	5
573724	0	1816038	5
573724	0	2133806	5
573724	0	2417985	2
573724	0	2635262	5
573724	0	3059590	5
573724	0	3059593	5
573724	0	3146236	1
573724	0	3146238	5
573724	0	3146240	2
573724	0	3365631	2
573724	0	3365632	5
573724	0	3365633	4
573724	0	3365635	2
573724	0	3365636	4
573724	0	3365637	3
573724	0	3365638	5
573724	0	3365639	1
573724	0	340830	4
573724	0	3412325	1
573724	0	3492364	3
573724	0	3617636	2
573724	0	394136	5
573724	0	394138	4
573724	0	394139	3
573724	0	394141	3
573724	0	394142	4
573724	0	4017883	2
573724	0	4041520	1
573724	0	4360246	2
573724	0	5047796	5
573724	0	5185664	0
573724	0	5185671	1
573724	0	5310530	4
573724	0	5339620	5
573724	0	5384308	1
573724	0	5721829	5
573724	0	5721831	3
573724	0	5962420	2
573724	0	5962423	4
573724	0	5962424	2
573724	0	5962425	0
573724	0	5962426	2
573724	0	5962427	0
573724	0	5962428	3
573724	0	6113247	2
573724	0	6496777	2
573724	0	6776717	4
573724	0	7104825	4
573724	0	7104826	3
573724	0	7104827	3
573724	0	7199667	2
573724	0	7199669	5
573724	0	7199672	5
573724	0	7199673	5
573724	0	7199674	0
573724	0	7199675	3
573724	0	7275118	1
573724	0	7384329	0
573724	0	7384331	3
573724	0	7384332	4
573724	0	7384333	0
573724	0	7530702	0
573724	0	7609926	5
573724	0	7609927	5
573724	0	7609928	4
573724	0	7609929	0
573724	0	7609930	2
573724	0	7609932	1
573724	0	7609933	1
573724	0	7674858	0
573724	0	7674859	5
573724	0	7964601	4
573724	0	8047166	2
573724	0	8318905	5
573724	0	8441637	1
573724	0	8441642	4
573724	0	8444726	2
573724	0	8444727	1
573724	0	8444728	5
573724	0	87400	2
573724	0	87404	2
573724	0	87405	4
573724	0	87409	2
573724	0	8833192	5
573724	0	8833194	5
573724	0	8833199	2
833860	0	1187661	3
833860	0	1327051	0
833860	0	1361867	2
833860	0	1501736	5
833860	0	1524399	4
833860	0	1799624	1
833860	0	1889863	5
833860	0	2022685	1
833860	0	2022688	5
833860	0	2022689	1
833860	0	2037474	1
833860	0	2206194	5
833860	0	2206195	5
833860	0	2206196	4
833860	0	2206197	5
833860	0	2206198	2
833860	0	2206200	2
833860	0	223308	2
833860	0	2672510	3
833860	0	2702357	3
833860	0	2792242	2
833860	0	3087477	5
833860	0	3087479	2
833860	0	3087481	5
833860	0	3087483	1
833860	0	3320119	1
833860	0	3394881	0
833860	0	3394884	1
833860	0	3437281	5
833860	0	3437283	2
833860	0	3437284	5
833860	0	3437285	3
833860	0	3437286	5
833860	0	3437288	5
833860	0	3437289	0
833860	0	3437290	5
833860	0	3767859	2
833860	0	4046122	1
833860	0	4431446	5
833860	0	4461904	2
833860	0	474455	0
833860	0	4881965	2
833860	0	4983652	1
833860	0	5167510	5
833860	0	5167512	2
833860	0	5167513	5
833860	0	5167518	4
833860	0	5196182	0
833860	0	5268870	1
833860	0	5268871	1
833860	0	5407712	2
833860	0	5417403	1
833860	0	5652528	4
833860	0	5832657	2
833860	0	5832662	2
833860	0	5832665	1
833860	0	596153	2
833860	0	6083481	2
833860	0	6182014	0
833860	0	6211800	4
833860	0	6211801	4
833860	0	6218032	5
833860	0	6218035	2
833860	0	6218036	1
833860	0	6218040	2
833860	0	6230220	4
833860	0	6230221	5
833860	0	6230222	5
833860	0	6230223	5
833860	0	6230224	4
833860	0	6230225	3
833860	0	6230226	5
833860	0	6230227	5
833860	0	6230228	4
833860	0	6230229	4
833860	0	6301693	2
833860	0	6672273	3
833860	0	6812180	3
833860	0	6875877	0
833860	0	6943598	2
833860	0	6943600	2
833860	0	6943602	0
833860	0	7038170	2
833860	0	7061642	2
833860	0	7140183	4
833860	0	7526106	0
833860	0	767542	2
833860	0	7706738	3
833860	0	771855	4
833860	0	7831470	0
833860	0	7944293	4
833860	0	8344031	5
833860	0	8697642	3
833860	0	8813242	4
833860	0	8833502	3
833860	0	8833504	5
833860	0	8833506	4
833860	0	8833507	2
833860	0	8833509	5
833860	0	918663	1
855410	0	1047903	4
855410	0	107007	3
855410	0	1094085	5
855410	0	1147838	2
855410	0	1186979	5
855410	0	1265640	1
855410	0	1375118	5
855410	0	1601632	4
855410	0	1601633	4
855410	0	1819434	1
855410	0	1823202	1
855410	0	1865662	0
855410	0	1943019	2
855410	0	2077825	0
855410	0	2273664	3
855410	0	2320432	1
855410	0	235313	0
855410	0	2499353	2
855410	0	2531712	2
855410	0	2699630	2
855410	0	2699633	2
855410	0	2890365	5
855410	0	290393	1
855410	0	290399	2
855410	0	2956083	2
855410	0	2956088	3
855410	0	3029131	3
855410	0	3395167	5
855410	0	3616245	0
855410	0	3723413	5
855410	0	3723415	5
855410	0	3899594	2
855410	0	3946565	1
855410	0	3950388	4
855410	0	4280787	2
855410	0	4280789	1
855410	0	4492814	4
855410	0	4492820	2
855410	0	4544524	4
855410	0	4550443	2
855410	0	4550444	2
855410	0	4554616	5
855410	0	4806059	4
855410	0	4806060	2
855410	0	4806061	0
855410	0	4905096	4
855410	0	4949888	0
855410	0	4949892	4
855410	0	5053555	5
855410	0	5053561	4
855410	0	5054952	1
855410	0	5054953	2
855410	0	5170091	2
855410	0	5227585	5
855410	0	5238596	1
855410	0	5501406	4
855410	0	5501411	1
855410	0	5886095	3
855410	0	5980107	3
855410	0	6206276	3
855410	0	6257436	5
855410	0	6385718	5
855410	0	6385723	2
855410	0	6385724	5
855410	0	6438956	2
855410	0	6468667	5
855410	0	6522121	4
855410	0	6658891	4
855410	0	6792307	0
855410	0	681984	0
855410	0	681993	5
855410	0	6897274	2
855410	0	6933293	3
855410	0	7380061	4
855410	0	7835607	2
855410	0	8157623	5
855410	0	8157631	1
855410	0	8157632	5
855410	0	8442441	2
855410	0	8442446	2
855410	0	8458402	1
855410	0	8543388	1
855410	0	8543392	2
855410	0	8543394	3
855410	0	8596531	3
855410	0	8645167	5
855410	0	8647049	2
855410	0	8647051	0
855410	0	8651770	5
855410	0	8651771	5
855410	0	8651772	5
855410	0	8651773	5
855410	0	8651775	5
855410	0	8651776	5
855410	0	8711527	1
855410	0	8792394	5
855410	0	902854	2
855410	0	944479	0
855410	0	995377	1
855410	0	995381	4
87181	0	1059517	2
87181	0	123547	1
87181	0	1700168	0
87181	0	1766470	1
87181	0	1950526	5
87181	0	1950532	5
87181	0	1961300	0
87181	0	1992881	2
87181	0	2024860	2
87181	0	2307974	5
87181	0	2307979	4
87181	0	2530227	5
87181	0	2530252	2
87181	0	2530257	5
87181	0	2556144	2
87181	0	2556149	1
87181	0	2556150	2
87181	0	2556151	2
87181	0	2556153	4
87181	0	2986227	5
87181	0	3216315	4
87181	0	3216319	5
87181	0	3914970	4
87181	0	4632251	2
87181	0	4639455	4
87181	0	4689523	5
87181	0	4689524	1
87181	0	4689525	4
87181	0	47203	2
87181	0	47204	1
87181	0	47206	1
87181	0	47207	3
87181	0	47210	3
87181	0	47211	2
87181	0	47212	1
87181	0	4786305	5
87181	0	5103077	2
87181	0	5103082	4
87181	0	5103083	0
87181	0	5197130	2
87181	0	5197133	4
87181	0	5197135	4
87181	0	5197138	5
87181	0	5469038	4
87181	0	5497677	3
87181	0	5503697	0
87181	0	5753301	1
87181	0	5758954	3
87181	0	5899049	5
87181	0	6129695	0
87181	0	6482229	3
87181	0	6484575	5
87181	0	6484576	5
87181	0	6484577	2
87181	0	6484578	1
87181	0	6521360	2
87181	0	6521365	1
87181	0	6521366	5
87181	0	6521367	1
87181	0	6685092	5
87181	0	6747685	0
87181	0	6774305	3
87181	0	6969187	4
87181	0	7057928	3
87181	0	742425	5
87181	0	7504775	2
87181	0	753721	5
87181	0	7586365	0
87181	0	7666828	2
87181	0	7666831	1
87181	0	8037179	0
87181	0	8049855	5
87181	0	8151921	2
87181	0	8151922	2
87181	0	8151926	2
87181	0	8165400	2
87181	0	8165401	4
87181	0	8165403	1
87181	0	8165404	2
87181	0	8332546	5
87181	0	8332547	5
87181	0	8332551	1
87181	0	8332555	5
87181	0	8356380	1
87181	0	8499367	0
87181	0	8522403	3
87181	0	8534130	5
87181	0	8534133	2
87181	0	8534134	5
87181	0	8534135	4
87181	0	8534136	0
87181	0	8565420	3
87181	0	8614359	4
87181	0	8614360	3
87181	0	8664069	4
87181	0	8683178	2
87181	0	8683181	2
87181	0	8683183	5
87181	0	8683185	5
87181	0	8738510	2
87452	0	110898	5
87452	0	119524	2
87452	0	119526	0
87452	0	1395625	5
87452	0	1395631	2
87452	0	1395633	2
87452	0	1518500	1
87452	0	1533416	4
87452	0	1598547	5
87452	0	1749882	3
87452	0	186931	3
87452	0	186939	0
87452	0	1890452	4
87452	0	2026774	5
87452	0	2026777	2
87452	0	2127122	0
87452	0	2205470	4
87452	0	2624886	5
87452	0	2771908	5
87452	0	3732121	3
87452	0	3809020	1
87452	0	4008486	0
87452	0	4307932	4
87452	0	4307935	1
87452	0	4307936	0
87452	0	4307938	5
87452	0	4307941	2
87452	0	4496461	1
87452	0	4557554	5
87452	0	4634899	1
87452	0	4846191	4
87452	0	4846192	2
87452	0	4846194	1
87452	0	4846197	5
87452	0	4846198	2
87452	0	4866237	0
87452	0	4866238	2
87452	0	4872055	5
87452	0	4993648	2
87452	0	5180105	5
87452	0	5219890	2
87452	0	5286924	5
87452	0	5500606	1
87452	0	5746165	1
87452	0	5746167	2
87452	0	5751686	4
87452	0	5851090	2
87452	0	5851095	4
87452	0	6018160	5
87452	0	6018161	3
87452	0	6018162	5
87452	0	6018163	5
87452	0	6018164	5
87452	0	6018165	5
87452	0	6018166	3
87452	0	6018167	3
87452	0	6018168	5
87452	0	6018169	2
87452	0	6159692	0
87452	0	7166743	2
87452	0	7166746	2
87452	0	7166749	1
87452	0	7166751	2
87452	0	7261521	0
87452	0	7261524	4
87452	0	7304545	0
87452	0	7641652	2
87452	0	7843982	4
87452	0	7843984	1
87452	0	7965004	0
87452	0	7965011	2
87452	0	8055174	5
87452	0	8081930	3
87452	0	8081937	1
87452	0	8126315	2
87452	0	8152220	1
87452	0	8152222	1
87452	0	8152225	1
87452	0	8213478	5
87452	0	8213486	2
87452	0	8333912	3
87452	0	8333913	5
87452	0	8333917	5
87452	0	8333919	1
87452	0	8333920	4
87452	0	8333921	5
87452	0	8436571	2
87452	0	8436572	4
87452	0	8436573	2
87452	0	8436574	2
87452	0	8436575	4
87452	0	8436576	3
87452	0	8436578	4
87452	0	8436579	4
87452	0	8436580	5
87452	0	8819111	3
87452	0	8819112	5
87452	0	8819113	2
87452	0	8819114	2
87452	0	8819116	4
915593	0	1396701	5
915593	0	1396705	2
915593	0	1396708	0
915593	0	1772930	3
915593	0	1972028	1
915593	0	2210590	1
915593	0	2210591	4
915593	0	2210592	5
915593	0	2210593	2
915593	0	2210594	2
915593	0	2210595	3
915593	0	2210596	1
915593	0	2210597	2
915593	0	2588143	5
915593	0	2744909	0
915593	0	2915475	0
915593	0	3069424	1
915593	0	3143377	3
915593	0	3375966	2
915593	0	3485338	5
915593	0	3523602	0
915593	0	3538160	5
915593	0	3538161	5
915593	0	3538163	4
915593	0	3538164	4
915593	0	3538166	3
915593	0	3538168	5
915593	0	3573473	2
915593	0	3573477	1
915593	0	3573478	5
915593	0	3573479	1
915593	0	3890492	4
915593	0	3930156	4
915593	0	3991910	4
915593	0	4566815	3
915593	0	4566816	4
915593	0	4566817	3
915593	0	4566818	5
915593	0	4566819	2
915593	0	4566822	2
915593	0	4566823	2
915593	0	4691129	1
915593	0	4834226	5
915593	0	4998398	2
915593	0	5931262	5
915593	0	5931553	1
915593	0	649106	2
915593	0	6546464	2
915593	0	6761340	2
915593	0	6761341	3
915593	0	6761344	4
915593	0	6761346	0
915593	0	6761348	2
915593	0	6849965	2
915593	0	6923052	5
915593	0	6923054	2
915593	0	698385	2
915593	0	7709320	5
915593	0	7715653	2
915593	0	7715657	0
915593	0	7742098	3
915593	0	7837084	0
915593	0	7837086	1
915593	0	7861751	4
915593	0	8002852	3
915593	0	8029524	5
915593	0	8029525	2
915593	0	8029527	5
915593	0	8029532	0
915593	0	8029533	5
915593	0	8103065	2
915593	0	8103067	0
915593	0	8103068	0
915593	0	8178996	5
915593	0	8178998	1
915593	0	8178999	4
915593	0	8179005	1
915593	0	82105	2
915593	0	82106	5
915593	0	82107	5
915593	0	82108	5
915593	0	82109	4
915593	0	82110	4
915593	0	82111	1
915593	0	82113	5
915593	0	82114	1
915593	0	8275207	1
915593	0	8402968	4
915593	0	8402969	3
915593	0	8402970	4
915593	0	8402971	5
915593	0	8402972	5
915593	0	8402973	4
915593	0	8402974	2
915593	0	8420020	2
915593	0	8455303	1
915593	0	8455304	2
915593	0	8455306	5
915593	0	8681775	2
915593	0	8835904	5
962179	0	1645080	2
962179	0	1882903	4
962179	0	2017001	1
962179	0	2017003	5
962179	0	2131895	1
962179	0	2131896	5
962179	0	2186434	4
962179	0	220191	0
962179	0	2329692	4
962179	0	2329693	5
962179	0	2329694	2
962179	0	2329695	3
962179	0	2329696	3
962179	0	2329697	5
962179	0	2329699	5
962179	0	2329700	2
962179	0	2329701	3
962179	0	2589902	2
962179	0	2589904	2
962179	0	2589905	2
962179	0	2632688	0
962179	0	2697161	2
962179	0	2697162	4
962179	0	2781435	4
962179	0	2978863	2
962179	0	2978864	5
962179	0	2978865	5
962179	0	2978866	5
962179	0	2978867	1
962179	0	2978868	3
962179	0	2978869	2
962179	0	2978870	5
962179	0	2978871	4
962179	0	302861	0
962179	0	302867	1
962179	0	3033200	2
962179	0	3046926	1
962179	0	3111420	5
962179	0	3173623	0
962179	0	3173625	1
962179	0	3422319	0
962179	0	3705165	5
962179	0	3896629	2
962179	0	3896632	3
962179	0	4209397	2
962179	0	4257871	3
962179	0	4257872	5
962179	0	4257873	3
962179	0	4511499	5
962179	0	4511503	5
962179	0	4606386	5
962179	0	4606387	5
962179	0	4606388	4
962179	0	4610583	0
962179	0	5105844	1
962179	0	5268432	2
962179	0	529450	1
962179	0	5329867	2
962179	0	534563	5
962179	0	536176	5
962179	0	536177	4
962179	0	536178	0
962179	0	5653655	1
962179	0	5653656	2
962179	0	5653657	1
962179	0	5653659	5
962179	0	5919340	5
962179	0	5919342	5
962179	0	5931179	1
962179	0	6186348	2
962179	0	6675259	3
962179	0	6675260	2
962179	0	6675262	2
962179	0	6675264	2
962179	0	6898289	5
962179	0	6898293	4
962179	0	6901240	2
962179	0	6904860	0
962179	0	6904861	1
962179	0	6904862	4
962179	0	6904863	1
962179	0	6980697	5
962179	0	7126025	0
962179	0	7428149	2
962179	0	7733807	4
962179	0	7733810	4
962179	0	8032264	0
962179	0	8739706	2
962179	0	8768354	1
962179	0	8785367	5
962179	0	8785368	2
962179	0	8785369	4
962179	0	8785370	4
962179	0	8785371	5
962179	0	8785372	2
962179	0	8785373	3
962179	0	8785374	3
962179	0	8785375	4
962179	0	8811422	1
962179	0	963708	2
