1037798	0	1057605	1
1037798	0	1137775	2
1037798	0	1149704	3
1037798	0	1232011	0
1037798	0	1232012	0
1037798	0	1308037	2
1037798	0	1499298	4
1037798	0	1520771	5
1037798	0	1520773	5
1037798	0	1715850	3
1037798	0	1780966	2
1037798	0	2157450	4
1037798	0	2157456	4
1037798	0	2232394	2
1037798	0	2256138	0
1037798	0	2266020	0
1037798	0	2354063	2
1037798	0	2403951	2
1037798	0	2403955	2
1037798	0	2572535	2
1037798	0	2608688	5
1037798	0	2634475	4
1037798	0	2787508	2
1037798	0	2863296	3
1037798	0	2868741	2
1037798	0	2914156	4
1037798	0	2970896	0
1037798	0	3030654	2
1037798	0	3030655	3
1037798	0	3167284	5
1037798	0	3295328	3
1037798	0	3387556	5
1037798	0	3620983	5
1037798	0	3641442	1
1037798	0	3641634	5
1037798	0	3641640	5
1037798	0	3673022	3
1037798	0	3681010	2
1037798	0	4083926	2
1037798	0	4095286	5
1037798	0	4114353	2
1037798	0	4227882	4
1037798	0	4273497	2
1037798	0	4291373	2
1037798	0	4296396	0
1037798	0	4297400	1
1037798	0	4297405	0
1037798	0	4439951	2
1037798	0	4482918	3
1037798	0	4714121	0
1037798	0	4788864	4
1037798	0	4877594	3
1037798	0	4936037	2
1037798	0	4974552	5
1037798	0	5099520	4
1037798	0	5171588	2
1037798	0	5438881	5
1037798	0	5538667	2
1037798	0	5702713	4
1037798	0	5732889	2
1037798	0	5748541	1
1037798	0	5753978	2
1037798	0	5904351	0
1037798	0	6060285	5
1037798	0	6155141	2
1037798	0	6421952	3
1037798	0	6511237	1
1037798	0	6511240	1
1037798	0	6605198	1
1037798	0	6605199	1
1037798	0	6765783	1
1037798	0	6912814	4
1037798	0	720665	5
1037798	0	7253357	3
1037798	0	7466652	5
1037798	0	7780938	2
1037798	0	7822415	5
1037798	0	7827293	1
1037798	0	7943228	4
1037798	0	7950016	1
1037798	0	7967207	5
1037798	0	7995048	1
1037798	0	8010124	1
1037798	0	8087396	2
1037798	0	811306	0
1037798	0	8223340	0
1037798	0	8230221	2
1037798	0	8355398	1
1037798	0	8417086	4
1037798	0	8537479	5
1037798	0	8717816	4
1037798	0	8760864	5
1037798	0	8760866	5
1037798	0	8760867	5
1037798	0	8760868	5
1037798	0	8760870	5
1037798	0	8760871	5
1037798	0	8760873	5
1037798	0	8820474	4
1037798	0	994978	5
104861	0	1017085	2
104861	0	1017092	4
104861	0	1046334	5
104861	0	125332	2
104861	0	1304632	2
104861	0	1313687	5
104861	0	1313691	4
104861	0	1365744	1
104861	0	1424216	2
104861	0	146170	5
104861	0	146178	1
104861	0	1811410	3
104861	0	1948963	4
104861	0	1995989	4
104861	0	2158194	4
104861	0	2377050	5
104861	0	2471336	2
104861	0	2600385	0
104861	0	2916636	5
104861	0	2958127	2
104861	0	2958131	1
104861	0	2958133	2
104861	0	314919	1
104861	0	3915516	2
104861	0	3925933	4
104861	0	3928196	0
104861	0	4019224	3
104861	0	409268	5
104861	0	4197096	0
104861	0	4350441	2
104861	0	4563275	1
104861	0	459675	3
104861	0	459676	4
104861	0	4717134	2
104861	0	4930174	0
104861	0	4961345	1
104861	0	5073463	2
104861	0	5101716	2
104861	0	5110656	2
104861	0	5150431	3
104861	0	5150438	5
104861	0	5248340	5
104861	0	5248341	5
104861	0	5379458	1
104861	0	5405670	2
104861	0	5598961	0
104861	0	5607729	2
104861	0	5667474	4
104861	0	5670527	2
104861	0	5688415	5
104861	0	5688416	5
104861	0	5688417	5
104861	0	5688420	4
104861	0	5703400	3
104861	0	5703401	3
104861	0	5778133	1
104861	0	5801822	5
104861	0	5836442	5
104861	0	5864689	2
104861	0	5864693	2
104861	0	6056677	5
104861	0	6156641	1
104861	0	6187055	5
104861	0	6200735	4
104861	0	6200737	4
104861	0	6202527	4
104861	0	6241793	3
104861	0	629274	5
104861	0	629278	5
104861	0	6351571	3
104861	0	6391586	1
104861	0	6436838	1
104861	0	6518057	0
104861	0	6566321	1
104861	0	6585554	4
104861	0	6653676	5
104861	0	6658615	3
104861	0	6704672	5
104861	0	672931	1
104861	0	6788423	1
104861	0	715676	5
104861	0	7186729	2
104861	0	7204477	2
104861	0	7462393	2
104861	0	7506026	4
104861	0	7506028	4
104861	0	7666364	2
104861	0	7817767	0
104861	0	8131235	0
104861	0	8138536	2
104861	0	8141081	2
104861	0	8259116	5
104861	0	8260035	5
104861	0	8260037	2
104861	0	8400531	1
104861	0	8495099	3
104861	0	8516149	0
104861	0	8546159	4
104861	0	8546162	5
104861	0	8546679	0
1063750	0	1126299	5
1063750	0	1449750	2
1063750	0	1506582	2
1063750	0	1747827	3
1063750	0	2197526	5
1063750	0	2230090	5
1063750	0	2391457	5
1063750	0	2489562	5
1063750	0	2516	1
1063750	0	2531262	5
1063750	0	2737817	2
1063750	0	2741096	0
1063750	0	2868845	5
1063750	0	2881841	1
1063750	0	292715	2
1063750	0	292720	3
1063750	0	2981566	3
1063750	0	2992036	1
1063750	0	2997653	2
1063750	0	3057055	1
1063750	0	3327051	5
1063750	0	3388270	2
1063750	0	3419021	5
1063750	0	3419024	5
1063750	0	3610446	5
1063750	0	3633193	2
1063750	0	3633196	4
1063750	0	3765643	3
1063750	0	3805477	1
1063750	0	3959834	3
1063750	0	3985729	2
1063750	0	4035182	1
1063750	0	4096516	4
1063750	0	4164404	2
1063750	0	4164408	3
1063750	0	4318010	2
1063750	0	4329899	2
1063750	0	4330928	3
1063750	0	4337526	5
1063750	0	4337527	5
1063750	0	4349323	1
1063750	0	4414266	2
1063750	0	4788295	5
1063750	0	4788296	5
1063750	0	4788297	5
1063750	0	4788299	5
1063750	0	4823168	4
1063750	0	4823169	4
1063750	0	4844353	4
1063750	0	4895432	5
1063750	0	5057642	2
1063750	0	5061526	1
1063750	0	5123011	1
1063750	0	5236487	2
1063750	0	5256198	1
1063750	0	5307035	2
1063750	0	5442717	5
1063750	0	5511493	0
1063750	0	5539843	2
1063750	0	5659951	5
1063750	0	5937604	2
1063750	0	5971113	4
1063750	0	6093904	1
1063750	0	6093907	2
1063750	0	621072	0
1063750	0	6312813	2
1063750	0	6407369	1
1063750	0	6436703	3
1063750	0	6666451	5
1063750	0	6796349	2
1063750	0	6796352	2
1063750	0	6992949	0
1063750	0	7215631	0
1063750	0	7230839	0
1063750	0	7242446	4
1063750	0	7244922	2
1063750	0	7412324	2
1063750	0	7412330	4
1063750	0	7466280	1
1063750	0	7466281	1
1063750	0	7493867	3
1063750	0	7494554	5
1063750	0	7614194	3
1063750	0	7778348	4
1063750	0	7778351	4
1063750	0	7783007	4
1063750	0	7881253	5
1063750	0	7937217	1
1063750	0	7952971	5
1063750	0	8093226	4
1063750	0	8093228	1
1063750	0	8182566	0
1063750	0	8354852	1
1063750	0	8378776	5
1063750	0	8670789	2
1063750	0	8689678	4
1063750	0	8689799	4
1063750	0	8778700	0
1063750	0	8809837	0
1063750	0	8809842	0
1103812	0	1059165	4
1103812	0	1059168	2
1103812	0	1241994	2
1103812	0	1527127	4
1103812	0	1583317	5
1103812	0	1659850	5
1103812	0	1659852	5
1103812	0	1736597	1
1103812	0	1783582	2
1103812	0	1783588	2
1103812	0	1785498	2
1103812	0	2250580	4
1103812	0	2332189	5
1103812	0	2379406	1
1103812	0	2379408	2
1103812	0	2379409	2
1103812	0	239599	3
1103812	0	2489484	3
1103812	0	2641953	2
1103812	0	2641960	3
1103812	0	2666747	4
1103812	0	2715494	2
1103812	0	2746387	1
1103812	0	2750961	5
1103812	0	2859495	2
1103812	0	2878679	0
1103812	0	2945096	5
1103812	0	2967948	3
1103812	0	2972402	3
1103812	0	3297503	2
1103812	0	3425644	2
1103812	0	3486832	4
1103812	0	3543021	2
1103812	0	3591094	4
1103812	0	3672742	2
1103812	0	3672744	1
1103812	0	3684042	4
1103812	0	3684048	2
1103812	0	3843263	2
1103812	0	3843267	5
1103812	0	3843271	2
1103812	0	3936549	1
1103812	0	3936550	1
1103812	0	3978768	4
1103812	0	4059416	2
1103812	0	4191304	4
1103812	0	4292848	5
1103812	0	4331707	2
1103812	0	4401695	5
1103812	0	4434352	1
1103812	0	4455026	2
1103812	0	4567920	2
1103812	0	4645341	1
1103812	0	4726841	3
1103812	0	4824831	5
1103812	0	4824834	0
1103812	0	4905647	1
1103812	0	4905650	0
1103812	0	4954261	4
1103812	0	4954262	5
1103812	0	5000627	1
1103812	0	5190505	5
1103812	0	5201198	4
1103812	0	5201200	3
1103812	0	5372067	3
1103812	0	5564936	0
1103812	0	5581284	4
1103812	0	59539	0
1103812	0	5974240	4
1103812	0	5974245	5
1103812	0	5976809	1
1103812	0	6054716	2
1103812	0	6103245	5
1103812	0	6289840	5
1103812	0	6619493	2
1103812	0	6790264	4
1103812	0	6927984	0
1103812	0	6927987	0
1103812	0	7076088	0
1103812	0	7206366	2
1103812	0	7242599	5
1103812	0	7285933	4
1103812	0	7507311	1
1103812	0	7551186	0
1103812	0	8062134	1
1103812	0	8097008	0
1103812	0	8220080	5
1103812	0	8220085	5
1103812	0	8220086	5
1103812	0	8220087	5
1103812	0	8220088	5
1103812	0	8220089	5
1103812	0	8224181	1
1103812	0	8224183	5
1103812	0	8237381	4
1103812	0	8293805	5
1103812	0	8435739	2
1103812	0	864598	2
1103812	0	8792133	1
1103812	0	955560	2
1106007	0	1334328	5
1106007	0	1334335	5
1106007	0	1334336	5
1106007	0	1343769	0
1106007	0	13561	4
1106007	0	13564	4
1106007	0	1530299	1
1106007	0	1918089	4
1106007	0	2143418	3
1106007	0	2143420	1
1106007	0	2165342	3
1106007	0	2294712	5
1106007	0	2384069	5
1106007	0	2464377	1
1106007	0	2464378	1
1106007	0	2513608	2
1106007	0	2513610	2
1106007	0	2602346	1
1106007	0	2602354	2
1106007	0	2621974	3
1106007	0	2621981	4
1106007	0	2623990	5
1106007	0	2677529	0
1106007	0	2704004	0
1106007	0	2777112	0
1106007	0	2777113	2
1106007	0	2798884	4
1106007	0	2866628	4
1106007	0	2960561	5
1106007	0	2960563	5
1106007	0	3137010	0
1106007	0	3174638	0
1106007	0	3260376	2
1106007	0	3263361	3
1106007	0	3390428	5
1106007	0	3427763	0
1106007	0	3537614	2
1106007	0	3745155	1
1106007	0	4000699	2
1106007	0	4001949	2
1106007	0	4004166	5
1106007	0	4089153	2
1106007	0	4120343	4
1106007	0	4173709	5
1106007	0	4255223	3
1106007	0	4359726	4
1106007	0	4606749	2
1106007	0	4747656	2
1106007	0	4753818	4
1106007	0	4753821	5
1106007	0	4953437	3
1106007	0	5174765	5
1106007	0	5228015	4
1106007	0	5228016	2
1106007	0	5279699	2
1106007	0	548434	3
1106007	0	5813635	2
1106007	0	5836920	4
1106007	0	5913574	2
1106007	0	5913575	2
1106007	0	5952125	2
1106007	0	5971071	2
1106007	0	5974974	4
1106007	0	5993697	3
1106007	0	6126194	5
1106007	0	6126197	5
1106007	0	6147546	1
1106007	0	6209484	4
1106007	0	6255354	3
1106007	0	6492973	2
1106007	0	6942456	2
1106007	0	7022723	0
1106007	0	7045935	1
1106007	0	7456197	3
1106007	0	7509690	2
1106007	0	7638713	0
1106007	0	7638716	1
1106007	0	7638720	2
1106007	0	765663	5
1106007	0	7685383	5
1106007	0	7685384	5
1106007	0	7726655	5
1106007	0	8141088	2
1106007	0	8141089	5
1106007	0	814414	1
1106007	0	8199521	5
1106007	0	8203964	1
1106007	0	8204457	5
1106007	0	8204460	2
1106007	0	8204461	4
1106007	0	8204463	5
1106007	0	8204464	5
1106007	0	8214505	5
1106007	0	8348781	1
1106007	0	8521958	1
1106007	0	8649212	2
1106007	0	8802281	4
1106007	0	8811073	0
1106007	0	8811080	1
1106007	0	920778	1
1110199	0	1197690	2
1110199	0	1411495	3
1110199	0	1426939	3
1110199	0	167604	0
1110199	0	1795043	4
1110199	0	1901881	5
1110199	0	1957395	1
1110199	0	2080928	4
1110199	0	2218462	4
1110199	0	2279578	2
1110199	0	2312587	1
1110199	0	2594143	5
1110199	0	2612594	0
1110199	0	2713574	2
1110199	0	2777132	1
1110199	0	2777133	1
1110199	0	2796825	5
1110199	0	2796830	5
1110199	0	2811563	1
1110199	0	2925378	4
1110199	0	3107787	4
1110199	0	3270581	5
1110199	0	3342396	2
1110199	0	3447960	0
1110199	0	357932	4
1110199	0	3588619	2
1110199	0	3588624	2
1110199	0	3609843	3
1110199	0	3647394	5
1110199	0	3684454	1
1110199	0	3722531	1
1110199	0	3817715	0
1110199	0	3838645	5
1110199	0	3934419	4
1110199	0	398442	2
1110199	0	4082283	1
1110199	0	425993	4
1110199	0	4411531	4
1110199	0	4438807	4
1110199	0	4438812	5
1110199	0	4489656	5
1110199	0	4511137	5
1110199	0	4511144	5
1110199	0	4680533	1
1110199	0	4750530	2
1110199	0	4949578	2
1110199	0	5007789	2
1110199	0	5049366	3
1110199	0	507875	2
1110199	0	507878	3
1110199	0	5172684	5
1110199	0	5172688	5
1110199	0	5218014	4
1110199	0	5279606	1
1110199	0	5326655	2
1110199	0	5355385	2
1110199	0	554521	0
1110199	0	554522	4
1110199	0	554529	3
1110199	0	5555051	0
1110199	0	557603	5
1110199	0	557605	5
1110199	0	558317	3
1110199	0	5600214	2
1110199	0	5716613	4
1110199	0	5719120	1
1110199	0	5846443	2
1110199	0	5857921	5
1110199	0	6161010	2
1110199	0	6161016	1
1110199	0	637099	5
1110199	0	6392463	5
1110199	0	6392469	5
1110199	0	6430361	1
1110199	0	6430362	0
1110199	0	6475269	1
1110199	0	6503962	2
1110199	0	6509853	3
1110199	0	6645893	2
1110199	0	6822586	0
1110199	0	6923050	2
1110199	0	6923057	2
1110199	0	7174098	5
1110199	0	7267932	0
1110199	0	735472	1
1110199	0	7369955	5
1110199	0	7628031	2
1110199	0	7680811	5
1110199	0	7821191	3
1110199	0	8113522	2
1110199	0	8160519	5
1110199	0	8160520	5
1110199	0	8160523	2
1110199	0	8160524	2
1110199	0	8160527	5
1110199	0	8267435	0
1110199	0	8301971	4
1110199	0	8301973	4
1110199	0	879019	3
1110199	0	879021	2
1112341	0	1045315	2
1112341	0	1052666	1
1112341	0	1180260	4
1112341	0	1227036	0
1112341	0	1267520	4
1112341	0	1288917	1
1112341	0	1288918	1
1112341	0	1312437	3
1112341	0	1369482	5
1112341	0	1373646	4
1112341	0	1373648	3
1112341	0	1373651	4
1112341	0	1493657	2
1112341	0	1554245	2
1112341	0	1675296	2
1112341	0	2026107	0
1112341	0	2096427	1
1112341	0	2096429	1
1112341	0	2390522	0
1112341	0	2434429	2
1112341	0	2596431	3
1112341	0	2596432	2
1112341	0	2616109	2
1112341	0	2694636	5
1112341	0	2735215	5
1112341	0	2735219	5
1112341	0	2770214	4
1112341	0	2830103	5
1112341	0	2916681	3
1112341	0	3007130	2
1112341	0	3291151	5
1112341	0	3291152	5
1112341	0	3344316	3
1112341	0	3524227	5
1112341	0	3658729	1
1112341	0	3669682	2
1112341	0	3795896	5
1112341	0	400581	1
1112341	0	400582	1
1112341	0	4022846	5
1112341	0	4263743	2
1112341	0	439512	1
1112341	0	4538538	3
1112341	0	4595994	0
1112341	0	4595997	0
1112341	0	4621549	5
1112341	0	4927748	5
1112341	0	4977768	2
1112341	0	5029428	4
1112341	0	508023	4
1112341	0	508024	4
1112341	0	5204825	1
1112341	0	550571	3
1112341	0	5729974	1
1112341	0	5899430	1
1112341	0	5982344	5
1112341	0	6016292	2
1112341	0	6102033	5
1112341	0	6164791	5
1112341	0	6167355	5
1112341	0	6416487	1
1112341	0	6478665	4
1112341	0	6726344	5
1112341	0	6726346	2
1112341	0	6740558	1
1112341	0	6903063	5
1112341	0	6947373	4
1112341	0	7079779	5
1112341	0	7194373	1
1112341	0	7242813	1
1112341	0	733687	2
1112341	0	7349793	2
1112341	0	7597740	4
1112341	0	7635722	2
1112341	0	7718340	2
1112341	0	7747884	0
1112341	0	7915023	2
1112341	0	805834	4
1112341	0	8139249	5
1112341	0	8139251	5
1112341	0	8139255	5
1112341	0	8139256	5
1112341	0	8139258	5
1112341	0	8223035	0
1112341	0	8316213	1
1112341	0	8424594	2
1112341	0	8442174	4
1112341	0	8442177	4
1112341	0	8442178	3
1112341	0	848961	1
1112341	0	8555308	2
1112341	0	8606160	5
1112341	0	8609536	1
1112341	0	8629184	2
1112341	0	8725077	3
1112341	0	8802641	0
1112341	0	883225	0
1112341	0	883227	0
1112341	0	90432	3
1112341	0	90433	4
1113437	0	1066532	5
1113437	0	1280572	4
1113437	0	1287014	4
1113437	0	142150	1
1113437	0	1520227	5
1113437	0	1655114	0
1113437	0	1768729	3
1113437	0	1768734	3
1113437	0	1783459	2
1113437	0	1931169	2
1113437	0	2110583	5
1113437	0	213006	2
1113437	0	213009	3
1113437	0	213011	3
1113437	0	2354940	5
1113437	0	2354941	5
1113437	0	2535148	2
1113437	0	2759673	0
1113437	0	2922427	0
1113437	0	3049193	2
1113437	0	3049194	2
1113437	0	3064610	3
1113437	0	313538	2
1113437	0	313542	2
1113437	0	3325914	2
1113437	0	3329254	2
1113437	0	3436901	1
1113437	0	3436902	1
1113437	0	3518298	3
1113437	0	3518300	5
1113437	0	3990056	3
1113437	0	3997986	5
1113437	0	4016930	5
1113437	0	4016934	5
1113437	0	4016939	5
1113437	0	4111480	0
1113437	0	4186999	2
1113437	0	4193422	1
1113437	0	4216338	4
1113437	0	436902	1
1113437	0	436903	1
1113437	0	4486954	4
1113437	0	4498864	5
1113437	0	4498871	4
1113437	0	4498873	4
1113437	0	4615569	5
1113437	0	4628483	2
1113437	0	4628484	4
1113437	0	4783291	2
1113437	0	4841345	0
1113437	0	4898185	2
1113437	0	4981632	2
1113437	0	5050470	1
1113437	0	5132846	1
1113437	0	5188745	2
1113437	0	5188746	2
1113437	0	520325	2
1113437	0	5215406	1
1113437	0	5215408	1
1113437	0	5313809	4
1113437	0	5545723	4
1113437	0	5546289	5
1113437	0	5720141	0
1113437	0	5748055	1
1113437	0	5938419	5
1113437	0	6017945	3
1113437	0	6021898	5
1113437	0	61756	3
1113437	0	6215772	2
1113437	0	6284746	0
1113437	0	6302495	2
1113437	0	657400	2
1113437	0	657405	1
1113437	0	6597538	2
1113437	0	6601849	4
1113437	0	6992968	2
1113437	0	7126000	1
1113437	0	7277236	5
1113437	0	7306673	2
1113437	0	7385216	4
1113437	0	7385217	4
1113437	0	742037	5
1113437	0	7458700	4
1113437	0	7497491	5
1113437	0	7618558	0
1113437	0	7618564	0
1113437	0	7774459	1
1113437	0	807273	4
1113437	0	807274	3
1113437	0	8128790	5
1113437	0	8128793	5
1113437	0	8128794	5
1113437	0	8128796	5
1113437	0	8128798	5
1113437	0	8133335	1
1113437	0	8162984	4
1113437	0	8299324	0
1113437	0	8336306	5
1113437	0	8363317	5
1113437	0	919328	1
1114646	0	1038132	1
1114646	0	153138	0
1114646	0	1544838	4
1114646	0	1647183	0
1114646	0	1760178	2
1114646	0	1884059	5
1114646	0	2201127	5
1114646	0	2319282	2
1114646	0	2343615	3
1114646	0	2343618	2
1114646	0	2343621	2
1114646	0	2407770	0
1114646	0	2505772	2
1114646	0	2505776	1
1114646	0	2647994	5
1114646	0	266552	5
1114646	0	2676807	4
1114646	0	2911035	3
1114646	0	2911039	4
1114646	0	2911040	3
1114646	0	2995800	1
1114646	0	3056368	5
1114646	0	3092012	0
1114646	0	3123685	2
1114646	0	3184850	3
1114646	0	3184851	3
1114646	0	3467664	5
1114646	0	3467665	4
1114646	0	3470484	5
1114646	0	3741322	3
1114646	0	3828281	3
1114646	0	400352	2
1114646	0	400354	2
1114646	0	4270203	2
1114646	0	4314094	0
1114646	0	4327099	1
1114646	0	4332918	5
1114646	0	4438502	2
1114646	0	444375	2
1114646	0	444382	2
1114646	0	4453440	2
1114646	0	4603841	0
1114646	0	46323	2
1114646	0	4655941	0
1114646	0	4656404	1
1114646	0	4656405	1
1114646	0	4771285	3
1114646	0	4776382	0
1114646	0	4824843	1
1114646	0	4908869	1
1114646	0	4908870	1
1114646	0	5041692	4
1114646	0	5080866	2
1114646	0	5128542	1
1114646	0	5217702	4
1114646	0	5229617	4
1114646	0	5279567	5
1114646	0	5417952	5
1114646	0	5417953	5
1114646	0	5417954	5
1114646	0	5640856	3
1114646	0	5640859	4
1114646	0	5661838	4
1114646	0	5661840	4
1114646	0	579554	5
1114646	0	5829214	1
1114646	0	5836029	4
1114646	0	5959593	4
1114646	0	6120716	2
1114646	0	6157422	2
1114646	0	6214269	0
1114646	0	6348309	5
1114646	0	6455057	4
1114646	0	6501323	2
1114646	0	6589360	2
1114646	0	6704400	5
1114646	0	6704401	5
1114646	0	6711103	5
1114646	0	687064	5
1114646	0	7012106	1
1114646	0	7065010	3
1114646	0	7196956	4
1114646	0	7196961	4
1114646	0	7629822	2
1114646	0	76836	2
1114646	0	7702599	2
1114646	0	771368	5
1114646	0	773300	0
1114646	0	7984234	5
1114646	0	8074924	0
1114646	0	8117087	4
1114646	0	8117088	2
1114646	0	8117092	5
1114646	0	8117093	2
1114646	0	8117094	5
1114646	0	8117095	4
1114646	0	8327369	5
1114646	0	860901	2
1114646	0	8825558	0
1114646	0	898854	0
1114819	0	1002627	2
1114819	0	1009500	4
1114819	0	126884	1
1114819	0	1315993	5
1114819	0	1315994	5
1114819	0	1315997	1
1114819	0	1315998	5
1114819	0	1419798	3
1114819	0	1419801	2
1114819	0	1625836	5
1114819	0	1724520	5
1114819	0	1724523	1
1114819	0	1724528	3
1114819	0	1735443	4
1114819	0	1738242	5
1114819	0	1816958	0
1114819	0	1851540	2
1114819	0	1852066	3
1114819	0	2192058	0
1114819	0	255279	3
1114819	0	2590453	2
1114819	0	2590455	4
1114819	0	2831393	1
1114819	0	2926432	2
1114819	0	3144706	2
1114819	0	3353671	1
1114819	0	344350	5
1114819	0	3781418	5
1114819	0	3781419	4
1114819	0	3906952	5
1114819	0	3906954	5
1114819	0	4064011	1
1114819	0	461344	2
1114819	0	4890560	5
1114819	0	5019830	1
1114819	0	5019832	5
1114819	0	5156171	1
1114819	0	5165249	5
1114819	0	5342188	2
1114819	0	5363582	2
1114819	0	5521373	5
1114819	0	5628952	5
1114819	0	5703157	2
1114819	0	5718417	2
1114819	0	6202321	2
1114819	0	6578914	2
1114819	0	6900767	4
1114819	0	6900769	3
1114819	0	6900773	5
1114819	0	6900774	5
1114819	0	6941478	5
1114819	0	694735	3
1114819	0	6951105	2
1114819	0	7132894	2
1114819	0	7156443	5
1114819	0	750446	1
1114819	0	752644	1
1114819	0	771719	2
1114819	0	7786792	0
1114819	0	7803429	2
1114819	0	783080	2
1114819	0	785027	5
1114819	0	785028	4
1114819	0	8022277	0
1114819	0	8022279	2
1114819	0	8022280	5
1114819	0	8022281	4
1114819	0	8024894	0
1114819	0	8088109	2
1114819	0	8088111	3
1114819	0	8096824	4
1114819	0	8115434	1
1114819	0	8115435	4
1114819	0	8115439	4
1114819	0	8115440	4
1114819	0	8115703	0
1114819	0	8115706	2
1114819	0	812436	2
1114819	0	8321012	4
1114819	0	8336223	0
1114819	0	8336231	1
1114819	0	8336232	3
1114819	0	8480574	4
1114819	0	8508255	4
1114819	0	8579830	2
1114819	0	8579832	1
1114819	0	8625086	5
1114819	0	862869	1
1114819	0	8754395	2
1114819	0	8754397	5
1114819	0	8754398	5
1114819	0	8754399	2
1114819	0	8754400	0
1114819	0	8754403	0
1114819	0	8754404	3
1114819	0	988369	1
1114819	0	988370	5
1114819	0	988373	4
1114819	0	988375	0
1114819	0	988378	3
1115776	0	1328460	2
1115776	0	1328463	2
1115776	0	143334	2
1115776	0	1440028	2
1115776	0	1440035	1
1115776	0	1540838	4
1115776	0	1565105	1
1115776	0	1593007	4
1115776	0	1593008	5
1115776	0	1621981	5
1115776	0	1826911	2
1115776	0	2017908	2
1115776	0	2017909	2
1115776	0	2196566	2
1115776	0	2230476	2
1115776	0	2230477	1
1115776	0	2230480	0
1115776	0	2230483	2
1115776	0	2337363	3
1115776	0	2471196	1
1115776	0	257268	2
1115776	0	258978	0
1115776	0	2903177	1
1115776	0	3081626	4
1115776	0	3276364	0
1115776	0	3296854	2
1115776	0	3366472	2
1115776	0	3411245	5
1115776	0	3469357	5
1115776	0	3680291	2
1115776	0	3743894	3
1115776	0	3977422	0
1115776	0	4051141	3
1115776	0	4314169	5
1115776	0	4314171	5
1115776	0	4314172	5
1115776	0	4314173	5
1115776	0	4314174	5
1115776	0	4314175	5
1115776	0	4314176	5
1115776	0	4314178	5
1115776	0	4620863	5
1115776	0	480800	4
1115776	0	4984390	0
1115776	0	5232955	4
1115776	0	5232963	2
1115776	0	5264931	5
1115776	0	5295699	5
1115776	0	5305147	5
1115776	0	5555296	1
1115776	0	5599692	5
1115776	0	5605159	4
1115776	0	5605160	3
1115776	0	580737	4
1115776	0	600966	3
1115776	0	6246928	2
1115776	0	6251729	1
1115776	0	6397841	3
1115776	0	6616842	2
1115776	0	6616844	2
1115776	0	6702136	0
1115776	0	6747926	3
1115776	0	6919096	2
1115776	0	6934013	4
1115776	0	6934016	4
1115776	0	6989198	5
1115776	0	6989199	3
1115776	0	7129173	5
1115776	0	7129178	5
1115776	0	7183516	4
1115776	0	7318318	1
1115776	0	7442432	1
1115776	0	758999	2
1115776	0	7618005	1
1115776	0	7618006	0
1115776	0	7618008	1
1115776	0	7840022	2
1115776	0	8046348	2
1115776	0	8078183	0
1115776	0	8106318	4
1115776	0	8106320	5
1115776	0	8106321	5
1115776	0	8106322	4
1115776	0	8106323	5
1115776	0	8106324	5
1115776	0	8108815	0
1115776	0	8108818	2
1115776	0	8180097	4
1115776	0	8345724	1
1115776	0	8355020	0
1115776	0	8355028	0
1115776	0	8388343	2
1115776	0	8447122	2
1115776	0	8495250	5
1115776	0	8706770	3
1115776	0	8710004	2
1115776	0	8757348	1
1115776	0	8828147	4
1115776	0	896003	0
1115776	0	941057	4
1117099	0	1013796	3
1117099	0	1068642	2
1117099	0	1174584	3
1117099	0	1197318	0
1117099	0	1212767	0
1117099	0	1445087	2
1117099	0	1551131	0
1117099	0	1570999	0
1117099	0	1632948	3
1117099	0	1798612	5
1117099	0	1798619	5
1117099	0	1798620	5
1117099	0	1986002	3
1117099	0	225482	1
1117099	0	2292116	1
1117099	0	2398222	3
1117099	0	2398223	3
1117099	0	2567188	1
1117099	0	2715359	1
1117099	0	2715363	1
1117099	0	2754430	2
1117099	0	2789022	1
1117099	0	2826254	2
1117099	0	297115	3
1117099	0	3128113	2
1117099	0	3186367	1
1117099	0	3214921	4
1117099	0	334615	4
1117099	0	3349612	5
1117099	0	3412239	4
1117099	0	3427785	3
1117099	0	3427786	3
1117099	0	3543106	5
1117099	0	3633445	2
1117099	0	3729946	4
1117099	0	389980	0
1117099	0	4001644	4
1117099	0	4131489	2
1117099	0	4131491	1
1117099	0	4131492	2
1117099	0	4441325	5
1117099	0	4458506	0
1117099	0	4458509	5
1117099	0	4458512	5
1117099	0	4493492	1
1117099	0	4631857	1
1117099	0	464305	1
1117099	0	4775947	5
1117099	0	4888196	2
1117099	0	5001703	2
1117099	0	5258462	5
1117099	0	5286538	5
1117099	0	5286539	5
1117099	0	5286540	0
1117099	0	5319158	2
1117099	0	5597127	4
1117099	0	5643723	4
1117099	0	5699286	4
1117099	0	5752877	3
1117099	0	5817484	4
1117099	0	5817491	4
1117099	0	6122720	5
1117099	0	6122721	5
1117099	0	6122723	5
1117099	0	6122724	5
1117099	0	6177939	4
1117099	0	6398911	2
1117099	0	6622235	1
1117099	0	6691413	2
1117099	0	6858988	2
1117099	0	6858994	4
1117099	0	696157	4
1117099	0	6993942	5
1117099	0	7077675	1
1117099	0	7153698	2
1117099	0	7153702	2
1117099	0	7172078	4
1117099	0	7407593	2
1117099	0	7431533	2
1117099	0	7610604	4
1117099	0	7676049	2
1117099	0	7722560	1
1117099	0	7868161	2
1117099	0	7868164	2
1117099	0	8079296	0
1117099	0	8093931	5
1117099	0	8093932	5
1117099	0	8093934	5
1117099	0	810080	2
1117099	0	8152830	1
1117099	0	8152834	2
1117099	0	8446501	5
1117099	0	8446502	5
1117099	0	8446504	5
1117099	0	8708306	1
1117099	0	8709226	2
1117099	0	8709227	0
1117099	0	8714082	5
1117099	0	8714085	5
1117099	0	8714087	0
1121402	0	1249687	3
1121402	0	1402314	3
1121402	0	1471443	0
1121402	0	1608737	2
1121402	0	177807	2
1121402	0	177809	1
1121402	0	177810	3
1121402	0	177813	1
1121402	0	182364	4
1121402	0	182365	4
1121402	0	182368	5
1121402	0	182369	5
1121402	0	182370	2
1121402	0	182372	5
1121402	0	182373	2
1121402	0	1873309	0
1121402	0	188209	5
1121402	0	188210	5
1121402	0	188211	4
1121402	0	188213	5
1121402	0	188214	4
1121402	0	188215	4
1121402	0	188216	4
1121402	0	188217	4
1121402	0	188218	3
1121402	0	2281086	3
1121402	0	333401	2
1121402	0	3412904	2
1121402	0	3494458	0
1121402	0	3511789	5
1121402	0	3511795	1
1121402	0	3674185	0
1121402	0	3785308	5
1121402	0	3785309	3
1121402	0	3785310	4
1121402	0	4214351	0
1121402	0	43770	2
1121402	0	4449258	5
1121402	0	4449267	5
1121402	0	465100	0
1121402	0	4727107	2
1121402	0	4844735	3
1121402	0	4893523	0
1121402	0	4986315	0
1121402	0	5103864	1
1121402	0	5189913	5
1121402	0	5318501	2
1121402	0	53692	1
1121402	0	53696	1
1121402	0	53697	1
1121402	0	53699	2
1121402	0	5614619	0
1121402	0	5614625	1
1121402	0	5662150	0
1121402	0	5966850	3
1121402	0	6157464	0
1121402	0	6324938	3
1121402	0	6371837	2
1121402	0	6371843	1
1121402	0	6392400	2
1121402	0	6392405	2
1121402	0	6717336	2
1121402	0	6717338	2
1121402	0	6717342	2
1121402	0	6918691	2
1121402	0	697136	2
1121402	0	7011506	4
1121402	0	7125978	4
1121402	0	7125980	5
1121402	0	7125981	5
1121402	0	7125982	4
1121402	0	7125983	5
1121402	0	7125985	4
1121402	0	7125987	5
1121402	0	7142994	5
1121402	0	7161979	2
1121402	0	7471825	1
1121402	0	7477362	1
1121402	0	7477363	1
1121402	0	7510847	4
1121402	0	7572311	1
1121402	0	7572312	1
1121402	0	7774688	2
1121402	0	7898701	2
1121402	0	8052617	5
1121402	0	8052619	5
1121402	0	8052620	5
1121402	0	8052621	5
1121402	0	8052622	5
1121402	0	8052623	5
1121402	0	8052624	5
1121402	0	8089444	5
1121402	0	8235730	5
1121402	0	8376430	2
1121402	0	8453588	4
1121402	0	8492342	2
1121402	0	8718639	4
1121402	0	8821496	3
1121402	0	8821498	2
1121402	0	8832487	2
1121709	0	1077530	1
1121709	0	1112487	5
1121709	0	1114393	5
1121709	0	1169279	0
1121709	0	1243178	2
1121709	0	1271795	1
1121709	0	1392360	4
1121709	0	1643334	4
1121709	0	16845	2
1121709	0	1698341	4
1121709	0	1729290	2
1121709	0	1736566	1
1121709	0	1760876	2
1121709	0	1937668	0
1121709	0	208465	2
1121709	0	2302396	1
1121709	0	2317095	4
1121709	0	2432508	5
1121709	0	2440458	4
1121709	0	2517708	5
1121709	0	2615981	3
1121709	0	2851223	5
1121709	0	2874652	2
1121709	0	2879470	4
1121709	0	291564	3
1121709	0	2964602	4
1121709	0	3030903	2
1121709	0	3055199	5
1121709	0	3064096	5
1121709	0	306414	0
1121709	0	3098031	4
1121709	0	3221617	0
1121709	0	3381112	5
1121709	0	3386509	2
1121709	0	3423062	5
1121709	0	3446958	4
1121709	0	3545984	0
1121709	0	3552218	1
1121709	0	3552222	3
1121709	0	3709755	2
1121709	0	3709758	2
1121709	0	3742654	1
1121709	0	3869997	1
1121709	0	3875032	1
1121709	0	4038354	1
1121709	0	419129	2
1121709	0	4575770	0
1121709	0	4580131	5
1121709	0	4580133	5
1121709	0	4644464	2
1121709	0	4707664	5
1121709	0	4769720	2
1121709	0	4836900	5
1121709	0	4861638	2
1121709	0	4896238	5
1121709	0	51033	0
1121709	0	5177794	2
1121709	0	5209523	2
1121709	0	5264299	5
1121709	0	5346546	0
1121709	0	5530626	5
1121709	0	5879625	2
1121709	0	5915729	3
1121709	0	6007524	5
1121709	0	6054702	2
1121709	0	6076433	1
1121709	0	6212343	2
1121709	0	6630430	5
1121709	0	6657504	1
1121709	0	669004	3
1121709	0	6690192	4
1121709	0	6694095	2
1121709	0	6886933	4
1121709	0	701349	1
1121709	0	7209949	5
1121709	0	7229531	0
1121709	0	731070	2
1121709	0	7370525	4
1121709	0	7434522	2
1121709	0	747368	4
1121709	0	7499157	3
1121709	0	7565881	5
1121709	0	7586674	3
1121709	0	7591000	0
1121709	0	7591002	1
1121709	0	7744250	3
1121709	0	7841119	1
1121709	0	7849690	3
1121709	0	8049577	5
1121709	0	8049578	5
1121709	0	8049580	5
1121709	0	812328	2
1121709	0	8283424	3
1121709	0	8327576	3
1121709	0	8492081	1
1121709	0	8500135	5
1121709	0	862855	2
1121709	0	8643664	4
1121709	0	88402	2
1121709	0	950984	5
1124210	0	1244877	1
1124210	0	1280828	2
1124210	0	131190	2
1124210	0	1689639	2
1124210	0	181175	2
1124210	0	181177	2
1124210	0	2070515	5
1124210	0	2089544	1
1124210	0	2258591	1
1124210	0	2258592	2
1124210	0	2258594	3
1124210	0	2258595	1
1124210	0	2258596	1
1124210	0	2258597	4
1124210	0	2258598	2
1124210	0	2258599	3
1124210	0	2399822	2
1124210	0	2433601	4
1124210	0	2433603	4
1124210	0	2433604	3
1124210	0	2433609	3
1124210	0	2461683	4
1124210	0	2494574	5
1124210	0	2494577	2
1124210	0	2608221	1
1124210	0	2650269	3
1124210	0	2685123	4
1124210	0	2728448	2
1124210	0	2753148	5
1124210	0	2825130	2
1124210	0	284020	4
1124210	0	2859501	1
1124210	0	2958020	5
1124210	0	3162331	0
1124210	0	3225197	0
1124210	0	3263727	4
1124210	0	3289568	5
1124210	0	3466956	3
1124210	0	3517427	3
1124210	0	4002454	5
1124210	0	4002456	2
1124210	0	4174699	0
1124210	0	4303129	4
1124210	0	4535489	0
1124210	0	4616435	1
1124210	0	4648414	3
1124210	0	4942992	5
1124210	0	5098936	2
1124210	0	5098941	2
1124210	0	522219	0
1124210	0	522220	0
1124210	0	5587709	3
1124210	0	5587711	4
1124210	0	5664148	2
1124210	0	5941717	5
1124210	0	6146809	5
1124210	0	6233255	5
1124210	0	6255796	5
1124210	0	6498977	5
1124210	0	6507996	1
1124210	0	6541864	3
1124210	0	6541866	1
1124210	0	6541868	5
1124210	0	6620551	0
1124210	0	6636931	2
1124210	0	6636936	1
1124210	0	6720368	2
1124210	0	6737727	5
1124210	0	6737729	4
1124210	0	7146473	0
1124210	0	7146478	0
1124210	0	7203360	5
1124210	0	7224102	5
1124210	0	7443586	2
1124210	0	7443588	4
1124210	0	7695217	5
1124210	0	7715335	0
1124210	0	7806221	4
1124210	0	7806222	5
1124210	0	7942807	2
1124210	0	8026735	3
1124210	0	8026737	2
1124210	0	8026738	2
1124210	0	8026740	1
1124210	0	8026743	5
1124210	0	8087696	1
1124210	0	8087702	5
1124210	0	8355477	5
1124210	0	8355483	4
1124210	0	8406413	2
1124210	0	8492305	2
1124210	0	8547690	5
1124210	0	8558068	3
1124210	0	8650642	5
1124210	0	8802909	5
1124210	0	8828525	2
1124210	0	92049	5
1124210	0	931162	1
1124210	0	931165	2
1124210	0	943794	1
1129237	0	128984	5
1129237	0	1325030	1
1129237	0	1421371	2
1129237	0	1526193	1
1129237	0	162127	4
1129237	0	1721142	2
1129237	0	1770027	5
1129237	0	1779229	2
1129237	0	1959030	5
1129237	0	2015118	2
1129237	0	2176863	4
1129237	0	2188742	3
1129237	0	2351491	4
1129237	0	2364443	1
1129237	0	2384636	1
1129237	0	262492	5
1129237	0	2697746	5
1129237	0	2697752	5
1129237	0	2777623	3
1129237	0	2777625	4
1129237	0	2955239	3
1129237	0	2971620	2
1129237	0	2971621	1
1129237	0	2976015	2
1129237	0	302210	3
1129237	0	305088	3
1129237	0	3097761	5
1129237	0	3153068	2
1129237	0	3279719	2
1129237	0	3409660	5
1129237	0	3588803	4
1129237	0	3588805	4
1129237	0	3641168	4
1129237	0	3649330	4
1129237	0	3683096	5
1129237	0	3826651	2
1129237	0	3826653	2
1129237	0	3826656	2
1129237	0	3826659	0
1129237	0	3832058	4
1129237	0	3832685	0
1129237	0	3858675	0
1129237	0	3858678	2
1129237	0	3905057	5
1129237	0	3905802	5
1129237	0	3905806	2
1129237	0	392579	0
1129237	0	3993743	1
1129237	0	4003056	4
1129237	0	4066969	0
1129237	0	4162487	1
1129237	0	4233383	2
1129237	0	4233385	2
1129237	0	4328625	2
1129237	0	4367170	3
1129237	0	4425405	2
1129237	0	461835	3
1129237	0	461837	0
1129237	0	4723973	0
1129237	0	4773351	3
1129237	0	4779185	2
1129237	0	4915547	1
1129237	0	5094333	2
1129237	0	5122274	4
1129237	0	5831781	4
1129237	0	5906130	5
1129237	0	5916672	2
1129237	0	6080460	5
1129237	0	6166230	1
1129237	0	6194643	2
1129237	0	6194648	2
1129237	0	6225977	1
1129237	0	6325273	4
1129237	0	6343520	5
1129237	0	6343521	5
1129237	0	6386977	0
1129237	0	6585295	0
1129237	0	6705270	1
1129237	0	6868144	2
1129237	0	6884449	3
1129237	0	7350325	4
1129237	0	7688465	3
1129237	0	7688471	2
1129237	0	7769727	1
1129237	0	7769728	1
1129237	0	7874566	5
1129237	0	7911557	5
1129237	0	806652	5
1129237	0	8150178	2
1129237	0	818342	1
1129237	0	8357400	0
1129237	0	8588219	5
1129237	0	8588222	5
1129237	0	8588223	5
1129237	0	8588226	5
1129237	0	8588227	5
1129237	0	8633911	1
1129237	0	8682824	5
1129237	0	8712732	4
1129237	0	998751	5
1133167	0	1379370	5
1133167	0	1790122	0
1133167	0	1824481	4
1133167	0	1824483	5
1133167	0	1824487	4
1133167	0	1824488	5
1133167	0	1883277	0
1133167	0	1883278	2
1133167	0	1883280	4
1133167	0	1883281	3
1133167	0	190805	4
1133167	0	190806	5
1133167	0	190809	3
1133167	0	2010281	2
1133167	0	2276678	5
1133167	0	2439240	1
1133167	0	2491371	3
1133167	0	2613290	2
1133167	0	2613293	2
1133167	0	2623303	4
1133167	0	3074598	5
1133167	0	3074599	5
1133167	0	332787	2
1133167	0	3355083	4
1133167	0	3421898	2
1133167	0	3421900	3
1133167	0	3421904	1
1133167	0	3953805	3
1133167	0	434124	5
1133167	0	434126	2
1133167	0	4443368	0
1133167	0	4443370	4
1133167	0	4443375	4
1133167	0	4494097	0
1133167	0	4494100	0
1133167	0	4498479	5
1133167	0	4550240	5
1133167	0	4557439	2
1133167	0	4625145	2
1133167	0	4712273	3
1133167	0	4926204	2
1133167	0	563738	4
1133167	0	5674622	5
1133167	0	5674623	5
1133167	0	5985458	0
1133167	0	6103289	5
1133167	0	6112586	5
1133167	0	6112588	1
1133167	0	6112589	1
1133167	0	6112590	5
1133167	0	6112592	2
1133167	0	6142	2
1133167	0	6157114	1
1133167	0	6257038	5
1133167	0	6299574	2
1133167	0	6299575	4
1133167	0	6332045	0
1133167	0	6467517	4
1133167	0	6467518	5
1133167	0	6467519	1
1133167	0	6467522	2
1133167	0	6999438	2
1133167	0	7091940	2
1133167	0	7091943	2
1133167	0	7093509	5
1133167	0	7093512	2
1133167	0	7217706	2
1133167	0	7218012	5
1133167	0	7218016	1
1133167	0	7218019	1
1133167	0	7486594	2
1133167	0	7486597	2
1133167	0	7486599	2
1133167	0	7793408	4
1133167	0	7793409	2
1133167	0	7793414	3
1133167	0	7793416	5
1133167	0	8033645	4
1133167	0	8033646	2
1133167	0	8033647	3
1133167	0	8160224	4
1133167	0	8160230	1
1133167	0	8160241	4
1133167	0	8160243	5
1133167	0	823272	2
1133167	0	823273	1
1133167	0	823275	5
1133167	0	823277	4
1133167	0	823279	2
1133167	0	8250498	1
1133167	0	8250500	0
1133167	0	8250501	0
1133167	0	8255701	1
1133167	0	8255705	4
1133167	0	8255706	5
1133167	0	8405623	1
1133167	0	8484845	2
1133167	0	8484849	1
1133167	0	8484851	1
1133167	0	8839920	0
130510	0	1047769	0
130510	0	1110766	4
130510	0	1159414	5
130510	0	1481524	4
130510	0	1494930	5
130510	0	1494931	5
130510	0	1494932	5
130510	0	1494933	2
130510	0	1494935	5
130510	0	1494936	5
130510	0	1494937	4
130510	0	1494938	5
130510	0	1494939	5
130510	0	1799013	2
130510	0	1881840	2
130510	0	2079375	2
130510	0	2079377	3
130510	0	2174992	3
130510	0	2346969	2
130510	0	2407055	2
130510	0	2420310	2
130510	0	2490145	3
130510	0	2490150	1
130510	0	2589317	2
130510	0	2589323	3
130510	0	2862515	3
130510	0	2862518	4
130510	0	2862522	2
130510	0	2881563	1
130510	0	2961568	2
130510	0	3163980	5
130510	0	348429	1
130510	0	3913778	1
130510	0	3923091	1
130510	0	3995677	3
130510	0	4022902	4
130510	0	4022904	5
130510	0	4022905	4
130510	0	4022909	4
130510	0	4089773	1
130510	0	4189500	4
130510	0	440983	3
130510	0	4528805	2
130510	0	4528808	1
130510	0	5415276	0
130510	0	566525	1
130510	0	5685704	2
130510	0	5685706	1
130510	0	5685708	2
130510	0	5685710	2
130510	0	5685711	2
130510	0	5791683	2
130510	0	5930010	1
130510	0	5930011	2
130510	0	5930013	1
130510	0	5930015	2
130510	0	5930018	2
130510	0	6035035	2
130510	0	6172269	1
130510	0	6183638	4
130510	0	6486232	3
130510	0	6542823	2
130510	0	6542827	1
130510	0	6621100	5
130510	0	6763277	5
130510	0	6815300	5
130510	0	6881818	2
130510	0	6881820	2
130510	0	6881821	2
130510	0	7001677	0
130510	0	7001679	0
130510	0	7125239	5
130510	0	7203252	5
130510	0	7298862	0
130510	0	7464751	2
130510	0	7479905	3
130510	0	7501557	5
130510	0	7501558	5
130510	0	7501563	4
130510	0	7529548	1
130510	0	7603931	3
130510	0	7696346	0
130510	0	7708723	0
130510	0	7777478	0
130510	0	7777480	0
130510	0	7792405	4
130510	0	799647	5
130510	0	7997887	1
130510	0	8095118	4
130510	0	815703	0
130510	0	8514425	4
130510	0	8612902	5
130510	0	8612903	5
130510	0	8612904	5
130510	0	8612905	5
130510	0	8612906	5
130510	0	8612909	5
130510	0	8612910	5
130510	0	996732	4
130510	0	996740	3
131843	0	1073193	0
131843	0	1267422	2
131843	0	14055	5
131843	0	1907695	3
131843	0	1941266	2
131843	0	1959309	1
131843	0	1965924	2
131843	0	1993076	0
131843	0	2041693	5
131843	0	208011	3
131843	0	2333348	4
131843	0	2495625	2
131843	0	2669218	5
131843	0	2683747	5
131843	0	278279	1
131843	0	2896791	4
131843	0	3299960	1
131843	0	3400902	1
131843	0	3400903	1
131843	0	373498	2
131843	0	3761239	2
131843	0	3841396	5
131843	0	3844836	3
131843	0	3884881	2
131843	0	3884882	2
131843	0	3919317	1
131843	0	3930069	1
131843	0	4013724	0
131843	0	4099926	2
131843	0	4254836	4
131843	0	4682759	2
131843	0	491120	3
131843	0	4911365	4
131843	0	4931453	2
131843	0	5000167	2
131843	0	5038538	3
131843	0	5056232	4
131843	0	5121126	3
131843	0	5125375	0
131843	0	542347	2
131843	0	5858902	4
131843	0	6187399	4
131843	0	6187402	4
131843	0	6248852	2
131843	0	6249757	2
131843	0	6604053	2
131843	0	6718494	0
131843	0	6782345	2
131843	0	6787809	1
131843	0	6820615	2
131843	0	68421	0
131843	0	68427	1
131843	0	6959233	2
131843	0	7066446	2
131843	0	7073516	4
131843	0	7073518	3
131843	0	7078432	4
131843	0	7078434	4
131843	0	7082304	3
131843	0	7091663	4
131843	0	7208948	1
131843	0	7451206	0
131843	0	7451207	0
131843	0	7589014	2
131843	0	7678189	2
131843	0	7707868	5
131843	0	788586	2
131843	0	8024309	1
131843	0	8073461	4
131843	0	8085708	0
131843	0	8090240	4
131843	0	8102602	5
131843	0	8117361	0
131843	0	8146334	1
131843	0	8191894	0
131843	0	8305151	5
131843	0	8305152	5
131843	0	8305153	5
131843	0	8305154	5
131843	0	8305155	5
131843	0	8305156	5
131843	0	8305158	5
131843	0	8318153	3
131843	0	8519713	3
131843	0	8530759	0
131843	0	8589858	2
131843	0	8685913	2
131843	0	8710810	5
131843	0	8710812	5
131843	0	8710813	5
131843	0	8710814	5
131843	0	8780616	1
131843	0	97739	4
131843	0	985988	5
131843	0	985989	5
131843	0	985990	5
131843	0	985991	5
131843	0	985992	5
131843	0	985994	5
131843	0	985995	5
146187	0	1028969	0
146187	0	1028971	4
146187	0	1043679	0
146187	0	1043683	0
146187	0	1138801	3
146187	0	1230566	5
146187	0	1246346	2
146187	0	1254157	5
146187	0	1841192	3
146187	0	1972078	2
146187	0	2040185	2
146187	0	2087678	2
146187	0	2226093	4
146187	0	2226094	5
146187	0	2257806	3
146187	0	2345126	4
146187	0	2509	1
146187	0	315525	4
146187	0	3241340	0
146187	0	3505470	2
146187	0	3531644	3
146187	0	3860555	0
146187	0	3878277	1
146187	0	3963185	4
146187	0	3963187	4
146187	0	3963189	4
146187	0	4026486	4
146187	0	4111407	4
146187	0	4216894	0
146187	0	4216895	2
146187	0	4216897	2
146187	0	4216899	0
146187	0	4216901	3
146187	0	4216902	2
146187	0	4777144	5
146187	0	4825394	1
146187	0	4908916	3
146187	0	4921740	2
146187	0	4921741	1
146187	0	5226113	1
146187	0	5332230	5
146187	0	5332231	5
146187	0	5548651	1
146187	0	5548652	4
146187	0	5590506	3
146187	0	5836454	4
146187	0	5844996	4
146187	0	5889120	0
146187	0	5929430	5
146187	0	5954584	5
146187	0	6015026	5
146187	0	6241267	1
146187	0	6430258	5
146187	0	6430259	3
146187	0	6430260	2
146187	0	6658185	1
146187	0	7093332	4
146187	0	7093334	4
146187	0	7095976	1
146187	0	7096817	3
146187	0	7096819	2
146187	0	7096823	2
146187	0	7307399	1
146187	0	7405002	2
146187	0	744165	5
146187	0	744167	5
146187	0	744168	0
146187	0	7471713	0
146187	0	76342	5
146187	0	76344	5
146187	0	76348	5
146187	0	76349	5
146187	0	7704677	2
146187	0	7836295	2
146187	0	7836296	4
146187	0	7956019	2
146187	0	8042965	2
146187	0	8042966	1
146187	0	8042967	1
146187	0	8042971	1
146187	0	8042972	2
146187	0	8042974	3
146187	0	8361899	1
146187	0	8361902	2
146187	0	8434618	5
146187	0	8434619	5
146187	0	8434620	5
146187	0	8434622	5
146187	0	8434623	5
146187	0	8434624	5
146187	0	8434625	5
146187	0	8434626	5
146187	0	8481818	1
146187	0	8664004	5
146187	0	8792967	2
146187	0	8795488	2
146187	0	8795489	2
146187	0	8795491	2
146187	0	8795494	2
146187	0	8795495	2
148538	0	1247539	2
148538	0	1311204	2
148538	0	1311206	2
148538	0	1384441	5
148538	0	1384446	5
148538	0	1384447	2
148538	0	1671257	4
148538	0	190794	4
148538	0	1950974	4
148538	0	1950976	5
148538	0	1950977	5
148538	0	1950979	5
148538	0	1950983	5
148538	0	1963585	3
148538	0	1969519	1
148538	0	1985491	4
148538	0	1985495	2
148538	0	231452	4
148538	0	231453	5
148538	0	231455	5
148538	0	2368185	4
148538	0	2368187	2
148538	0	2419541	1
148538	0	2805681	0
148538	0	2915322	1
148538	0	2915323	1
148538	0	2915327	2
148538	0	2951883	2
148538	0	2993237	2
148538	0	3138645	2
148538	0	3165111	1
148538	0	332400	1
148538	0	332401	2
148538	0	3446014	3
148538	0	3557943	5
148538	0	3918785	2
148538	0	4185812	5
148538	0	4185814	5
148538	0	4264129	5
148538	0	436836	3
148538	0	4410448	4
148538	0	4447601	5
148538	0	4447659	0
148538	0	4539657	5
148538	0	4607267	2
148538	0	4959634	4
148538	0	4976407	2
148538	0	5020788	2
148538	0	5077704	5
148538	0	5077707	5
148538	0	512198	1
148538	0	5305311	2
148538	0	5533647	2
148538	0	5533652	3
148538	0	5588133	1
148538	0	5588137	1
148538	0	5592685	3
148538	0	5679985	2
148538	0	5693666	0
148538	0	5809605	0
148538	0	5825400	4
148538	0	5843047	0
148538	0	5844625	0
148538	0	6006382	2
148538	0	6017980	1
148538	0	615401	4
148538	0	615404	1
148538	0	615405	2
148538	0	615406	2
148538	0	615407	2
148538	0	6222119	1
148538	0	6425028	0
148538	0	6438296	3
148538	0	6438297	0
148538	0	6506241	5
148538	0	6567031	0
148538	0	6846343	5
148538	0	6894608	5
148538	0	7318210	3
148538	0	734990	4
148538	0	7407803	5
148538	0	7407804	3
148538	0	7529434	2
148538	0	7696609	2
148538	0	8080460	4
148538	0	8181574	1
148538	0	820304	2
148538	0	820312	2
148538	0	820313	4
148538	0	8283527	5
148538	0	8283531	5
148538	0	8283532	5
148538	0	844360	1
148538	0	8610395	3
148538	0	8730430	0
148538	0	8814767	4
148538	0	985488	4
148538	0	985491	5
148538	0	985492	5
148538	0	985493	1
156493	0	1101607	5
156493	0	1171595	0
156493	0	1171598	0
156493	0	1172287	0
156493	0	1277720	2
156493	0	1277721	2
156493	0	1277722	2
156493	0	1277723	3
156493	0	1277724	2
156493	0	1277725	4
156493	0	1277726	3
156493	0	1277727	5
156493	0	1347264	3
156493	0	1347266	2
156493	0	1960255	4
156493	0	1960257	5
156493	0	1960260	3
156493	0	1960261	2
156493	0	2141931	0
156493	0	2259179	3
156493	0	2259180	4
156493	0	2259182	5
156493	0	2259183	5
156493	0	2317800	2
156493	0	2317802	2
156493	0	2317807	4
156493	0	2411918	3
156493	0	2598786	4
156493	0	2612490	2
156493	0	2612491	5
156493	0	2612492	2
156493	0	2616513	0
156493	0	2616515	1
156493	0	278176	2
156493	0	2928700	4
156493	0	2928702	5
156493	0	2928704	4
156493	0	2928707	5
156493	0	2949801	4
156493	0	2949802	5
156493	0	3288596	4
156493	0	3288597	5
156493	0	3288598	2
156493	0	3288599	2
156493	0	3288600	5
156493	0	3288601	5
156493	0	349637	2
156493	0	349638	5
156493	0	349639	1
156493	0	349643	2
156493	0	4131138	4
156493	0	4527706	5
156493	0	4940228	2
156493	0	4940229	2
156493	0	5022725	2
156493	0	5059020	0
156493	0	5122747	1
156493	0	5346660	2
156493	0	5406908	2
156493	0	5530082	5
156493	0	5549994	1
156493	0	6139382	5
156493	0	6139386	5
156493	0	6267258	2
156493	0	627307	1
156493	0	6343406	1
156493	0	6357270	2
156493	0	6464089	1
156493	0	6524741	1
156493	0	6524745	0
156493	0	6524746	4
156493	0	6859022	1
156493	0	6859031	0
156493	0	7371077	5
156493	0	7371078	4
156493	0	7371079	3
156493	0	750111	4
156493	0	7663272	1
156493	0	7976153	1
156493	0	8029433	2
156493	0	8182159	5
156493	0	8182160	4
156493	0	8182161	5
156493	0	8182165	5
156493	0	8182166	5
156493	0	8245439	1
156493	0	8245444	3
156493	0	8273014	1
156493	0	8273017	5
156493	0	8273018	1
156493	0	8273019	5
156493	0	8393766	4
156493	0	8463133	0
156493	0	8803136	2
156493	0	8811146	0
156493	0	885944	2
156493	0	95514	4
156493	0	95515	3
156493	0	95519	3
156493	0	994488	1
168216	0	1090088	1
168216	0	1183706	1
168216	0	1274194	3
168216	0	1301465	4
168216	0	1301466	0
168216	0	1301467	5
168216	0	1301468	0
168216	0	1301469	4
168216	0	1301471	1
168216	0	1301472	4
168216	0	1301474	3
168216	0	13499	4
168216	0	1381477	5
168216	0	1735358	5
168216	0	1735360	2
168216	0	1924796	5
168216	0	1924800	5
168216	0	2036279	5
168216	0	2069992	5
168216	0	2069995	2
168216	0	2210775	3
168216	0	2265769	3
168216	0	2265772	5
168216	0	2659074	5
168216	0	2790904	2
168216	0	290826	5
168216	0	3033359	5
168216	0	3174840	4
168216	0	3198680	0
168216	0	3198682	2
168216	0	3198687	2
168216	0	3198689	2
168216	0	3344828	4
168216	0	3344832	0
168216	0	3344834	4
168216	0	3399712	1
168216	0	3399713	3
168216	0	3399715	2
168216	0	3681095	3
168216	0	3830857	5
168216	0	3908773	2
168216	0	3908774	2
168216	0	3908776	2
168216	0	3908777	3
168216	0	4119829	4
168216	0	4191395	4
168216	0	4324487	0
168216	0	4324491	2
168216	0	4324492	1
168216	0	4498419	4
168216	0	4792582	5
168216	0	4792583	5
168216	0	5024307	3
168216	0	5293614	3
168216	0	5690224	1
168216	0	5935474	2
168216	0	5935476	2
168216	0	5935477	1
168216	0	6061718	2
168216	0	6061721	1
168216	0	6061722	1
168216	0	6061726	0
168216	0	6213322	4
168216	0	6213325	2
168216	0	6249512	4
168216	0	6264731	0
168216	0	6264732	2
168216	0	6264733	2
168216	0	6282560	1
168216	0	6282561	5
168216	0	6282562	2
168216	0	6282567	3
168216	0	6329932	3
168216	0	6426632	4
168216	0	6426634	1
168216	0	6426638	2
168216	0	661750	0
168216	0	731200	1
168216	0	7337513	5
168216	0	7337519	1
168216	0	7492748	1
168216	0	7492752	1
168216	0	7492753	2
168216	0	7492755	2
168216	0	7745780	1
168216	0	8048968	0
168216	0	8141128	5
168216	0	8185129	1
168216	0	8185131	4
168216	0	8185135	5
168216	0	8185137	2
168216	0	8252763	1
168216	0	8639627	5
168216	0	8639630	5
168216	0	8639633	5
168216	0	8723467	5
168216	0	8731621	4
168216	0	8731623	3
168216	0	8731624	0
168216	0	8731625	2
182539	0	1307232	3
182539	0	1307234	3
182539	0	1307235	2
182539	0	1638687	4
182539	0	1638688	0
182539	0	1638689	3
182539	0	1638690	4
182539	0	1638691	2
182539	0	1638694	2
182539	0	1654895	5
182539	0	171653	2
182539	0	2053701	5
182539	0	2092202	4
182539	0	2165968	5
182539	0	2623668	5
182539	0	2751871	2
182539	0	2839827	0
182539	0	2840563	2
182539	0	2909954	4
182539	0	2909960	2
182539	0	2909961	2
182539	0	3127071	2
182539	0	3198392	0
182539	0	3729714	2
182539	0	3760957	4
182539	0	3760964	2
182539	0	3779895	1
182539	0	3883077	2
182539	0	3883081	5
182539	0	4096478	1
182539	0	4487755	5
182539	0	4730803	3
182539	0	5020094	3
182539	0	518150	4
182539	0	5567729	3
182539	0	5567732	4
182539	0	5618254	1
182539	0	57443	5
182539	0	57444	1
182539	0	57447	5
182539	0	57448	4
182539	0	57449	5
182539	0	57450	2
182539	0	5793580	1
182539	0	6037973	4
182539	0	6135907	2
182539	0	6201541	0
182539	0	6201542	0
182539	0	6355993	1
182539	0	6783449	5
182539	0	6816571	5
182539	0	6816572	5
182539	0	6816573	5
182539	0	6816574	4
182539	0	6816576	5
182539	0	6816577	1
182539	0	6816579	4
182539	0	6957819	2
182539	0	6980965	5
182539	0	6981225	2
182539	0	7148714	0
182539	0	7154102	4
182539	0	7206189	2
182539	0	721170	5
182539	0	7303730	1
182539	0	7371255	5
182539	0	7371257	4
182539	0	7371259	2
182539	0	7371261	2
182539	0	7371262	4
182539	0	738025	3
182539	0	7527837	5
182539	0	7579346	1
182539	0	7579347	2
182539	0	7579349	0
182539	0	7579350	0
182539	0	7579351	1
182539	0	7583024	5
182539	0	7617321	1
182539	0	7637811	1
182539	0	7850108	0
182539	0	7883763	5
182539	0	7919974	0
182539	0	8147663	2
182539	0	8299659	2
182539	0	8299661	3
182539	0	8299665	2
182539	0	8299668	4
182539	0	8337703	2
182539	0	8515182	5
182539	0	8598792	5
182539	0	8752298	1
182539	0	8757178	3
182539	0	8757179	3
182539	0	8757180	4
182539	0	8757181	2
182539	0	8757182	5
182539	0	8757183	1
182539	0	8757184	5
182539	0	941371	1
183378	0	1261035	0
183378	0	1289489	5
183378	0	1289495	4
183378	0	1289496	5
183378	0	1289497	5
183378	0	1603312	1
183378	0	1603314	1
183378	0	1765863	2
183378	0	1773959	3
183378	0	2068968	2
183378	0	2089154	2
183378	0	2095187	0
183378	0	2234245	4
183378	0	229739	3
183378	0	2493332	4
183378	0	2499865	3
183378	0	2533256	4
183378	0	2533260	3
183378	0	2639939	2
183378	0	2796241	1
183378	0	2805325	0
183378	0	3093215	4
183378	0	324175	1
183378	0	324177	0
183378	0	324178	1
183378	0	327908	4
183378	0	3389579	5
183378	0	3389580	4
183378	0	3576220	1
183378	0	3576225	1
183378	0	3605404	2
183378	0	3662782	2
183378	0	376576	2
183378	0	424997	1
183378	0	4371183	1
183378	0	4493913	5
183378	0	4493914	5
183378	0	4493915	5
183378	0	4493916	5
183378	0	4493919	2
183378	0	4493920	5
183378	0	4493921	4
183378	0	4493922	4
183378	0	4530314	2
183378	0	4716324	2
183378	0	4727412	5
183378	0	4727418	5
183378	0	4803847	5
183378	0	4803848	5
183378	0	4803850	2
183378	0	4803851	2
183378	0	4803856	2
183378	0	4810802	0
183378	0	4835769	2
183378	0	4856305	2
183378	0	4862063	2
183378	0	5105265	1
183378	0	5286899	0
183378	0	5391353	3
183378	0	5534703	5
183378	0	5534707	5
183378	0	5534708	2
183378	0	5534711	5
183378	0	5728400	1
183378	0	5798333	2
183378	0	6295431	0
183378	0	6548235	3
183378	0	6569755	0
183378	0	6880045	2
183378	0	6960777	1
183378	0	711450	0
183378	0	7449744	5
183378	0	7449750	5
183378	0	7449751	5
183378	0	7449752	5
183378	0	749548	2
183378	0	7677975	5
183378	0	7703397	4
183378	0	7878227	0
183378	0	7952865	2
183378	0	8079968	1
183378	0	8079970	0
183378	0	8121377	4
183378	0	8121380	2
183378	0	8191188	2
183378	0	828108	2
183378	0	8507877	2
183378	0	8570256	4
183378	0	8570257	5
183378	0	8570258	5
183378	0	8570260	4
183378	0	8570261	4
183378	0	8577215	4
183378	0	8643931	2
183378	0	8756893	1
183378	0	8779628	2
183378	0	8794302	3
183378	0	8794303	3
183378	0	8794304	5
183378	0	8794308	5
19335	0	1280402	3
19335	0	129764	1
19335	0	1359917	0
19335	0	1389478	5
19335	0	1389479	5
19335	0	1555319	0
19335	0	1568084	2
19335	0	1568085	3
19335	0	1568088	3
19335	0	1616883	3
19335	0	1705525	1
19335	0	1722	2
19335	0	1725697	3
19335	0	1726	5
19335	0	1729	5
19335	0	1730	2
19335	0	1746951	4
19335	0	1796647	2
19335	0	1837110	1
19335	0	1994172	4
19335	0	2046341	1
19335	0	2046505	4
19335	0	2108336	0
19335	0	2943087	2
19335	0	3156238	5
19335	0	3175481	5
19335	0	3175484	5
19335	0	3260688	1
19335	0	342431	5
19335	0	342432	2
19335	0	3445058	2
19335	0	3497214	0
19335	0	3539483	5
19335	0	3653053	0
19335	0	4349928	1
19335	0	436828	3
19335	0	4540808	0
19335	0	4540809	2
19335	0	4540816	2
19335	0	4835655	2
19335	0	5051739	3
19335	0	5140471	4
19335	0	527689	3
19335	0	527690	5
19335	0	527694	2
19335	0	527695	2
19335	0	527698	2
19335	0	5379897	4
19335	0	5454280	0
19335	0	5454283	0
19335	0	5629115	0
19335	0	5843331	4
19335	0	5843332	4
19335	0	6010966	4
19335	0	6109209	1
19335	0	6144461	5
19335	0	6179483	1
19335	0	6214701	0
19335	0	630063	5
19335	0	6452949	5
19335	0	6783161	4
19335	0	6867870	5
19335	0	691492	1
19335	0	691497	2
19335	0	691498	1
19335	0	6999135	3
19335	0	6999143	2
19335	0	7042455	5
19335	0	712802	2
19335	0	712806	2
19335	0	7256139	4
19335	0	7267248	4
19335	0	7276206	1
19335	0	7298833	1
19335	0	7298837	2
19335	0	7298840	1
19335	0	7367402	1
19335	0	7367407	1
19335	0	7367411	3
19335	0	7692043	2
19335	0	7727462	4
19335	0	8024611	2
19335	0	8080924	4
19335	0	8151642	5
19335	0	8151650	5
19335	0	819168	5
19335	0	8218756	2
19335	0	8412681	5
19335	0	8412682	5
19335	0	8412683	5
19335	0	8412684	5
19335	0	8412685	5
19335	0	8412687	5
19335	0	8525221	2
19335	0	8612877	4
19335	0	8635981	5
19335	0	8754859	2
19335	0	8798990	2
19335	0	901325	4
19335	0	901329	2
207786	0	1081009	2
207786	0	1081010	0
207786	0	1081011	1
207786	0	1085404	2
207786	0	1085406	2
207786	0	13254	2
207786	0	13262	2
207786	0	197297	5
207786	0	2288091	3
207786	0	2288092	2
207786	0	2315834	2
207786	0	2322024	5
207786	0	2397607	1
207786	0	263210	1
207786	0	2763917	5
207786	0	280082	2
207786	0	2998723	3
207786	0	2998726	4
207786	0	3103885	2
207786	0	3232784	0
207786	0	3352521	2
207786	0	3506136	3
207786	0	3522830	2
207786	0	3597549	4
207786	0	3773663	4
207786	0	3931757	5
207786	0	3931763	4
207786	0	403538	0
207786	0	4257473	4
207786	0	4580648	2
207786	0	4660023	4
207786	0	4660025	4
207786	0	4660027	2
207786	0	4660028	2
207786	0	4672265	1
207786	0	4674262	1
207786	0	4754014	4
207786	0	5114969	5
207786	0	5170143	3
207786	0	5170147	5
207786	0	5175113	5
207786	0	5195205	3
207786	0	5321444	3
207786	0	5365946	2
207786	0	5388259	2
207786	0	5388266	3
207786	0	5624825	0
207786	0	5624828	0
207786	0	5624830	1
207786	0	5624831	1
207786	0	5624832	1
207786	0	5624834	0
207786	0	5745781	1
207786	0	5745786	1
207786	0	5804666	2
207786	0	5990371	0
207786	0	5990374	1
207786	0	6003357	0
207786	0	6003360	1
207786	0	6031630	5
207786	0	6060398	3
207786	0	6133373	3
207786	0	6226372	4
207786	0	6226377	4
207786	0	6309217	3
207786	0	6309220	4
207786	0	6309223	2
207786	0	6474686	0
207786	0	6547477	5
207786	0	655407	0
207786	0	6563690	2
207786	0	673361	2
207786	0	6736451	1
207786	0	688486	2
207786	0	706234	3
207786	0	7449212	1
207786	0	7449213	1
207786	0	7510472	5
207786	0	7599318	5
207786	0	7639366	5
207786	0	7777867	4
207786	0	7780967	5
207786	0	7869794	2
207786	0	7941579	5
207786	0	8185061	5
207786	0	8185063	4
207786	0	8185064	2
207786	0	8265334	4
207786	0	8273754	5
207786	0	8273755	5
207786	0	8273756	5
207786	0	8273757	5
207786	0	8273758	5
207786	0	8273759	5
207786	0	8273760	5
207786	0	8273761	5
207786	0	8273762	5
207786	0	8273763	5
207786	0	8367880	2
207786	0	8622991	2
264014	0	1163962	1
264014	0	1313260	4
264014	0	1444280	0
264014	0	1610706	5
264014	0	1610708	1
264014	0	1610709	1
264014	0	1610710	0
264014	0	1610711	2
264014	0	1610712	3
264014	0	1610713	4
264014	0	1610714	3
264014	0	1697966	2
264014	0	1804644	5
264014	0	2223171	5
264014	0	2420367	4
264014	0	2438164	0
264014	0	2474341	2
264014	0	2498165	2
264014	0	2572557	1
264014	0	2688537	2
264014	0	276903	1
264014	0	2991665	2
264014	0	3120993	2
264014	0	3201487	0
264014	0	3215992	1
264014	0	331933	2
264014	0	331935	2
264014	0	3338823	2
264014	0	3338827	5
264014	0	340485	3
264014	0	340490	3
264014	0	3577342	3
264014	0	3577344	1
264014	0	3585842	5
264014	0	3666583	4
264014	0	3666584	2
264014	0	3683674	3
264014	0	3720137	4
264014	0	3764482	2
264014	0	3780879	4
264014	0	4018134	0
264014	0	4018139	1
264014	0	4021598	2
264014	0	4125993	4
264014	0	4125994	2
264014	0	4239616	1
264014	0	4425760	0
264014	0	447992	5
264014	0	4615176	4
264014	0	4647186	5
264014	0	4687213	5
264014	0	473960	1
264014	0	4834545	4
264014	0	4834547	5
264014	0	5063302	2
264014	0	5063309	2
264014	0	5104401	2
264014	0	528372	5
264014	0	528379	4
264014	0	5328095	5
264014	0	5386309	0
264014	0	5386314	0
264014	0	5583426	1
264014	0	5587285	1
264014	0	5611210	5
264014	0	5635519	3
264014	0	5635521	2
264014	0	5849270	4
264014	0	5896177	2
264014	0	5950719	5
264014	0	5950722	5
264014	0	5950723	5
264014	0	5950724	1
264014	0	5950725	2
264014	0	6105566	5
264014	0	6105572	5
264014	0	6333841	5
264014	0	6337909	3
264014	0	6501719	1
264014	0	6555322	5
264014	0	6641238	5
264014	0	684616	5
264014	0	684618	4
264014	0	7196300	4
264014	0	7317297	2
264014	0	7326934	5
264014	0	8008355	3
264014	0	8193533	4
264014	0	8310921	0
264014	0	8502491	2
264014	0	8531389	2
264014	0	8531391	2
264014	0	8623794	0
264014	0	96851	5
264014	0	96852	4
264014	0	96854	1
264014	0	96855	5
264014	0	96856	2
264014	0	96857	5
264014	0	96859	3
359349	0	15799	1
359349	0	15800	0
359349	0	15801	0
359349	0	15802	1
359349	0	15803	0
359349	0	15804	0
359349	0	15805	1
359349	0	15806	1
359349	0	15807	1
359349	0	15808	2
359349	0	1622451	3
359349	0	1622452	4
359349	0	1622457	2
359349	0	1830517	5
359349	0	2229870	2
359349	0	2259899	2
359349	0	2293820	5
359349	0	2826510	5
359349	0	2826513	1
359349	0	2964479	2
359349	0	3176540	2
359349	0	3176541	4
359349	0	3176542	4
359349	0	3176543	4
359349	0	3176548	2
359349	0	3193824	5
359349	0	3215625	5
359349	0	3223831	5
359349	0	3223833	5
359349	0	3900185	5
359349	0	4013719	2
359349	0	4013720	2
359349	0	4013723	5
359349	0	4013724	1
359349	0	4013725	2
359349	0	4020470	5
359349	0	4020471	2
359349	0	4020472	2
359349	0	4020476	2
359349	0	4020478	1
359349	0	4020479	2
359349	0	4087265	3
359349	0	4087268	2
359349	0	4344098	2
359349	0	4344099	4
359349	0	4344100	4
359349	0	4463572	2
359349	0	4463573	3
359349	0	4463574	0
359349	0	4474866	5
359349	0	4474872	0
359349	0	4551556	4
359349	0	4551557	4
359349	0	457673	5
359349	0	4881617	4
359349	0	5151802	3
359349	0	5219970	0
359349	0	5219971	0
359349	0	5219976	4
359349	0	5322530	1
359349	0	5322532	2
359349	0	5345720	5
359349	0	5615181	5
359349	0	5615187	3
359349	0	576627	5
359349	0	576628	5
359349	0	576629	5
359349	0	576632	1
359349	0	576635	1
359349	0	5773713	2
359349	0	5773714	2
359349	0	5773715	1
359349	0	5773716	3
359349	0	5773717	1
359349	0	5773718	0
359349	0	5773719	0
359349	0	5806106	3
359349	0	5806110	2
359349	0	607024	2
359349	0	6108721	5
359349	0	6113313	0
359349	0	6113314	1
359349	0	6440028	4
359349	0	68647	5
359349	0	68648	5
359349	0	68649	5
359349	0	68650	4
359349	0	68653	5
359349	0	7277971	4
359349	0	7329397	4
359349	0	7579885	2
359349	0	7857628	2
359349	0	7857629	3
359349	0	7857632	1
359349	0	7857634	2
359349	0	8058869	5
359349	0	8398223	4
359349	0	8748954	2
359349	0	8811558	4
359349	0	943229	5
405717	0	1589738	5
405717	0	1619423	5
405717	0	1849743	3
405717	0	2125641	5
405717	0	234955	4
405717	0	2365659	5
405717	0	2365660	0
405717	0	2365661	5
405717	0	2365662	5
405717	0	2365663	4
405717	0	2365665	5
405717	0	2413458	4
405717	0	2413461	5
405717	0	2616168	2
405717	0	2642838	0
405717	0	2702419	2
405717	0	2702423	4
405717	0	273851	5
405717	0	2747484	2
405717	0	2747485	3
405717	0	2747486	2
405717	0	2747488	2
405717	0	2747489	1
405717	0	2747491	1
405717	0	2747492	5
405717	0	2768521	2
405717	0	28368	0
405717	0	28372	0
405717	0	2879960	0
405717	0	3033900	3
405717	0	3033904	2
405717	0	3274915	2
405717	0	3274918	2
405717	0	3514259	5
405717	0	3803378	5
405717	0	3986303	0
405717	0	3986305	1
405717	0	3986307	1
405717	0	3986308	2
405717	0	3986309	0
405717	0	4326699	4
405717	0	4406585	5
405717	0	4432155	5
405717	0	4489661	2
405717	0	4489666	0
405717	0	4577231	3
405717	0	4704973	2
405717	0	4704975	2
405717	0	4704978	5
405717	0	4711654	5
405717	0	4776926	2
405717	0	4776928	4
405717	0	4828118	2
405717	0	4987955	0
405717	0	505912	5
405717	0	5079482	4
405717	0	5079486	2
405717	0	5274649	2
405717	0	5638740	2
405717	0	5668741	3
405717	0	5690233	5
405717	0	5690234	4
405717	0	5690237	4
405717	0	576346	5
405717	0	5857562	0
405717	0	6419725	1
405717	0	6442862	3
405717	0	6654655	3
405717	0	6741362	3
405717	0	6786304	1
405717	0	702383	1
405717	0	702386	1
405717	0	7170624	2
405717	0	7170625	2
405717	0	7170626	5
405717	0	7170629	4
405717	0	7170630	5
405717	0	7201361	3
405717	0	7288996	4
405717	0	7447941	2
405717	0	7447942	4
405717	0	7447943	2
405717	0	7458371	1
405717	0	758581	1
405717	0	758582	3
405717	0	758585	1
405717	0	758586	3
405717	0	7589975	2
405717	0	7728831	1
405717	0	7896211	4
405717	0	7896212	5
405717	0	7965240	5
405717	0	8156519	2
405717	0	8433852	5
405717	0	8433854	5
405717	0	8433856	1
405717	0	8433858	1
405717	0	846414	2
405717	0	8610271	0
405717	0	931517	4
443396	0	1091609	2
443396	0	1211156	2
443396	0	1367149	4
443396	0	1367150	4
443396	0	1367154	4
443396	0	1465664	5
443396	0	1465667	5
443396	0	1469068	5
443396	0	1587663	2
443396	0	1826142	5
443396	0	2038000	5
443396	0	2082395	2
443396	0	2143845	5
443396	0	2143847	5
443396	0	2144852	1
443396	0	2188880	3
443396	0	227255	1
443396	0	2349193	3
443396	0	2434039	0
443396	0	2434043	0
443396	0	2438904	1
443396	0	2448872	2
443396	0	2490482	5
443396	0	2654914	0
443396	0	2654918	0
443396	0	2654920	0
443396	0	2654922	1
443396	0	279294	4
443396	0	3007982	5
443396	0	3007987	2
443396	0	3008668	4
443396	0	3222557	5
443396	0	339130	1
443396	0	3438593	3
443396	0	3519033	4
443396	0	3526407	5
443396	0	3526411	5
443396	0	3648921	1
443396	0	368001	5
443396	0	3703289	1
443396	0	3750163	0
443396	0	3861791	1
443396	0	3961940	2
443396	0	3961947	2
443396	0	4052112	5
443396	0	4208445	0
443396	0	4452727	4
443396	0	4526744	4
443396	0	453706	2
443396	0	456708	5
443396	0	456710	5
443396	0	4774806	5
443396	0	4792649	4
443396	0	4792650	3
443396	0	4792655	2
443396	0	483935	2
443396	0	4896251	5
443396	0	5048840	4
443396	0	5053511	5
443396	0	5285667	4
443396	0	5468743	1
443396	0	5653999	1
443396	0	5932403	2
443396	0	6056355	2
443396	0	6349608	2
443396	0	6397543	4
443396	0	6568383	1
443396	0	6587149	1
443396	0	6590997	2
443396	0	6704846	2
443396	0	6776524	1
443396	0	6781701	2
443396	0	7242384	4
443396	0	7242390	3
443396	0	7422742	5
443396	0	755968	4
443396	0	759261	1
443396	0	7617065	1
443396	0	7620276	5
443396	0	7730354	2
443396	0	789926	2
443396	0	7922077	5
443396	0	8079039	5
443396	0	8079040	2
443396	0	8079046	4
443396	0	8117806	2
443396	0	8171402	5
443396	0	8204431	2
443396	0	822432	0
443396	0	822437	0
443396	0	8266065	2
443396	0	8348187	0
443396	0	844323	3
443396	0	8536118	5
443396	0	8542630	3
443396	0	8599548	2
443396	0	8687371	3
443396	0	8699743	0
443396	0	8769481	2
443396	0	8769489	2
451602	0	1078133	2
451602	0	1078134	1
451602	0	1078139	0
451602	0	1094138	5
451602	0	124065	2
451602	0	1277287	2
451602	0	1277289	1
451602	0	1277290	4
451602	0	1277293	4
451602	0	1575781	4
451602	0	1626653	1
451602	0	1640289	2
451602	0	1715030	4
451602	0	2084905	2
451602	0	2084909	2
451602	0	2154597	4
451602	0	2176450	5
451602	0	2176453	5
451602	0	2176454	5
451602	0	2176455	5
451602	0	2176459	5
451602	0	2244882	5
451602	0	2284888	2
451602	0	2329889	2
451602	0	2482418	4
451602	0	2922141	3
451602	0	2922142	0
451602	0	2922145	0
451602	0	2922147	1
451602	0	3052112	2
451602	0	3090663	3
451602	0	3090666	2
451602	0	3090668	2
451602	0	3090670	2
451602	0	3090671	1
451602	0	3090672	1
451602	0	3177691	3
451602	0	3177692	1
451602	0	3177700	5
451602	0	3347274	4
451602	0	3347278	4
451602	0	3746411	1
451602	0	4176454	5
451602	0	4345752	5
451602	0	4358117	4
451602	0	4453605	3
451602	0	4453608	5
451602	0	4487185	1
451602	0	4874640	2
451602	0	4874641	3
451602	0	5018391	3
451602	0	5018392	1
451602	0	5018394	2
451602	0	5053853	4
451602	0	5179251	5
451602	0	5211036	2
451602	0	5371416	0
451602	0	5475308	5
451602	0	5534586	2
451602	0	5538936	5
451602	0	5538937	5
451602	0	5538938	5
451602	0	5538940	2
451602	0	5538945	2
451602	0	5741073	0
451602	0	5902818	4
451602	0	5913111	3
451602	0	6225558	2
451602	0	6242935	0
451602	0	6250347	4
451602	0	6286974	5
451602	0	6286977	3
451602	0	6286981	5
451602	0	6286982	1
451602	0	6618756	2
451602	0	6994774	4
451602	0	705851	0
451602	0	7315074	2
451602	0	7326276	4
451602	0	7403454	1
451602	0	7510020	2
451602	0	7510025	0
451602	0	7792099	3
451602	0	7800959	5
451602	0	7804169	5
451602	0	7859334	3
451602	0	7864188	1
451602	0	8025740	2
451602	0	8033474	0
451602	0	8214452	2
451602	0	8383461	2
451602	0	8383465	4
451602	0	8390518	5
451602	0	8485132	1
451602	0	8485136	1
451602	0	8540468	5
451602	0	8621776	5
451602	0	8787234	5
451602	0	949152	5
451602	0	96224	0
47923	0	1161940	3
47923	0	146706	2
47923	0	1488916	0
47923	0	1488918	3
47923	0	1488919	2
47923	0	1496426	1
47923	0	1506786	1
47923	0	1565060	1
47923	0	1681331	5
47923	0	1681332	5
47923	0	1681334	5
47923	0	1681336	5
47923	0	1681337	5
47923	0	1827449	2
47923	0	1868437	5
47923	0	1868438	2
47923	0	1960681	2
47923	0	2044900	4
47923	0	2135499	4
47923	0	2284132	2
47923	0	2402776	1
47923	0	2408264	2
47923	0	2508230	0
47923	0	2699736	0
47923	0	2699737	0
47923	0	2704000	1
47923	0	2838662	5
47923	0	3348834	4
47923	0	3348838	4
47923	0	3589347	2
47923	0	3703415	1
47923	0	3785497	0
47923	0	3883233	2
47923	0	4257345	1
47923	0	4297620	5
47923	0	4523464	1
47923	0	4587558	2
47923	0	4652799	3
47923	0	4684893	0
47923	0	4684895	1
47923	0	473807	4
47923	0	473809	5
47923	0	4818815	2
47923	0	4991357	3
47923	0	5032362	5
47923	0	5032364	3
47923	0	5147526	3
47923	0	5147527	2
47923	0	5147528	4
47923	0	5147529	4
47923	0	5147530	2
47923	0	525511	5
47923	0	5417580	2
47923	0	5417582	5
47923	0	5417583	4
47923	0	5417584	4
47923	0	5586331	2
47923	0	5911790	2
47923	0	6089359	2
47923	0	618556	5
47923	0	6191	5
47923	0	6210760	1
47923	0	6241147	5
47923	0	6241150	5
47923	0	6241151	5
47923	0	6241152	5
47923	0	6241153	5
47923	0	6267282	2
47923	0	6626703	2
47923	0	6626705	2
47923	0	6643066	4
47923	0	6696631	2
47923	0	6919836	5
47923	0	6919841	4
47923	0	6935784	1
47923	0	7038128	2
47923	0	7071694	1
47923	0	7071695	2
47923	0	7137895	2
47923	0	7417276	3
47923	0	766019	4
47923	0	7747055	3
47923	0	7774316	1
47923	0	7774318	1
47923	0	7914498	0
47923	0	8110288	0
47923	0	8284608	0
47923	0	8348762	5
47923	0	8418678	4
47923	0	8418679	3
47923	0	8418681	5
47923	0	8418683	4
47923	0	8418684	5
47923	0	8619126	3
47923	0	8619129	2
47923	0	8619130	1
47923	0	8641104	4
47923	0	8641106	5
47923	0	8641107	5
47923	0	99926	0
489204	0	1051498	5
489204	0	1070807	0
489204	0	113238	5
489204	0	114148	4
489204	0	1225589	5
489204	0	1276947	5
489204	0	1310101	5
489204	0	1310103	0
489204	0	1310106	5
489204	0	1310107	4
489204	0	1310108	4
489204	0	1319513	1
489204	0	1410249	4
489204	0	1410255	4
489204	0	1418931	1
489204	0	1418935	1
489204	0	1479542	5
489204	0	1538587	5
489204	0	1736553	2
489204	0	1759354	3
489204	0	1759357	2
489204	0	1759360	2
489204	0	1778458	5
489204	0	1950269	1
489204	0	1950273	2
489204	0	2016623	1
489204	0	2053095	1
489204	0	2163701	5
489204	0	216490	5
489204	0	216492	4
489204	0	2218038	2
489204	0	2268657	3
489204	0	2959687	2
489204	0	3012141	4
489204	0	3049941	3
489204	0	3075337	4
489204	0	3075338	4
489204	0	3608627	3
489204	0	3744940	1
489204	0	3778489	4
489204	0	3980122	5
489204	0	3980126	2
489204	0	4029846	2
489204	0	4088951	5
489204	0	4279451	0
489204	0	4387756	2
489204	0	4430765	2
489204	0	465742	4
489204	0	4917998	2
489204	0	4917999	2
489204	0	4918001	1
489204	0	4918005	4
489204	0	4929952	3
489204	0	528348	1
489204	0	528349	2
489204	0	535375	4
489204	0	5519177	0
489204	0	5583224	1
489204	0	5629373	5
489204	0	5815950	2
489204	0	5815958	3
489204	0	5895917	2
489204	0	6087671	2
489204	0	6237427	5
489204	0	6237429	5
489204	0	6237430	5
489204	0	6301568	4
489204	0	6327176	1
489204	0	6327178	1
489204	0	6327179	4
489204	0	6327182	0
489204	0	6397957	2
489204	0	66437	1
489204	0	6661536	5
489204	0	6665319	1
489204	0	6753502	3
489204	0	6753503	4
489204	0	678245	5
489204	0	7113153	2
489204	0	7116533	5
489204	0	7432758	1
489204	0	753265	3
489204	0	7564977	5
489204	0	7564980	5
489204	0	7660249	0
489204	0	7718090	2
489204	0	7734612	2
489204	0	8054792	5
489204	0	8055356	2
489204	0	8083618	0
489204	0	8376906	2
489204	0	8376910	2
489204	0	8395205	3
489204	0	8420374	0
489204	0	855967	2
489204	0	855969	2
489204	0	8594276	0
489204	0	8737051	3
489204	0	8737053	0
489204	0	973923	3
490595	0	1160847	5
490595	0	1194055	1
490595	0	1194060	1
490595	0	1288938	4
490595	0	1288940	2
490595	0	1288943	3
490595	0	1391477	0
490595	0	1473259	5
490595	0	1530274	2
490595	0	1620438	3
490595	0	1652460	5
490595	0	1754202	1
490595	0	1894652	2
490595	0	1894653	2
490595	0	1894656	2
490595	0	1929910	5
490595	0	1929911	5
490595	0	2197786	2
490595	0	2507917	2
490595	0	2661183	1
490595	0	2788470	2
490595	0	2850740	4
490595	0	3175975	4
490595	0	3403265	1
490595	0	3403268	1
490595	0	3497876	1
490595	0	3572694	2
490595	0	3572695	1
490595	0	3572698	1
490595	0	3572701	1
490595	0	3595606	2
490595	0	3833408	2
490595	0	3833409	2
490595	0	3833413	3
490595	0	3845163	4
490595	0	3937197	5
490595	0	3937200	4
490595	0	3937204	3
490595	0	4292443	2
490595	0	4420107	1
490595	0	4737059	4
490595	0	4737060	5
490595	0	4737061	3
490595	0	4737063	5
490595	0	4737064	5
490595	0	4737065	5
490595	0	4737066	5
490595	0	4737067	3
490595	0	4737068	4
490595	0	4763065	0
490595	0	4763066	4
490595	0	4763070	2
490595	0	4842889	5
490595	0	4842890	5
490595	0	4842891	5
490595	0	4842894	3
490595	0	4842896	2
490595	0	4842897	4
490595	0	5112294	4
490595	0	5128293	1
490595	0	5247992	5
490595	0	5247999	4
490595	0	5248000	2
490595	0	526093	4
490595	0	5359212	2
490595	0	5359213	4
490595	0	5488538	2
490595	0	549465	4
490595	0	549466	4
490595	0	5612095	0
490595	0	5612099	0
490595	0	5633627	0
490595	0	5633631	1
490595	0	6206562	1
490595	0	6412650	2
490595	0	6742115	4
490595	0	6742119	5
490595	0	6845345	3
490595	0	6976956	0
490595	0	6976960	0
490595	0	7045863	0
490595	0	7340532	2
490595	0	7385093	2
490595	0	7598980	2
490595	0	7698193	5
490595	0	7839903	4
490595	0	7839904	3
490595	0	7839906	2
490595	0	7839907	2
490595	0	7839908	5
490595	0	7839910	2
490595	0	7839911	0
490595	0	805046	5
490595	0	805048	5
490595	0	805049	2
490595	0	805051	5
490595	0	8485138	4
490595	0	8485139	5
490595	0	8544459	0
490595	0	8709994	1
527433	0	1101457	5
527433	0	1101460	4
527433	0	1101462	4
527433	0	1251475	2
527433	0	1251477	0
527433	0	1251478	2
527433	0	1251480	2
527433	0	1251481	0
527433	0	1317222	1
527433	0	1317224	2
527433	0	1317225	1
527433	0	1379240	5
527433	0	1379245	5
527433	0	1511554	3
527433	0	1542069	1
527433	0	1664523	5
527433	0	1721940	3
527433	0	1753605	0
527433	0	1753608	1
527433	0	1753610	1
527433	0	1993691	5
527433	0	1993699	5
527433	0	2004910	4
527433	0	2018341	2
527433	0	2235421	4
527433	0	2331981	3
527433	0	2331982	1
527433	0	2331984	2
527433	0	2496224	5
527433	0	2496227	2
527433	0	269423	4
527433	0	269424	2
527433	0	269425	5
527433	0	269426	5
527433	0	269428	2
527433	0	269429	4
527433	0	269430	5
527433	0	278402	3
527433	0	2981253	0
527433	0	2981256	0
527433	0	301243	4
527433	0	3136613	2
527433	0	3139056	4
527433	0	319844	4
527433	0	3294600	2
527433	0	3786813	2
527433	0	4046876	3
527433	0	422228	2
527433	0	422236	2
527433	0	4351170	3
527433	0	4351171	3
527433	0	4351175	4
527433	0	4402992	3
527433	0	4402994	5
527433	0	4402995	4
527433	0	4903729	0
527433	0	4903731	1
527433	0	4903736	1
527433	0	4958693	0
527433	0	4958696	2
527433	0	4958697	2
527433	0	5331576	2
527433	0	5466807	5
527433	0	5466810	5
527433	0	547444	5
527433	0	5479497	1
527433	0	5479502	1
527433	0	5501454	5
527433	0	5603299	1
527433	0	5603300	1
527433	0	5603301	1
527433	0	5603305	1
527433	0	5603306	2
527433	0	5629888	4
527433	0	5878263	4
527433	0	6038397	4
527433	0	6038398	3
527433	0	6045939	2
527433	0	6186391	3
527433	0	6186394	1
527433	0	653097	5
527433	0	653103	2
527433	0	653104	2
527433	0	6667279	5
527433	0	6708088	4
527433	0	6743092	0
527433	0	6743093	0
527433	0	6897131	0
527433	0	6928819	5
527433	0	7514088	2
527433	0	7514089	2
527433	0	7514090	2
527433	0	7607669	5
527433	0	8306449	5
527433	0	8306451	2
527433	0	8322920	5
527433	0	8371764	5
527433	0	8617271	5
527433	0	8617274	5
527433	0	8617275	3
573724	0	1033756	0
573724	0	1113579	1
573724	0	1165128	2
573724	0	1165129	5
573724	0	1183178	0
573724	0	1183181	0
573724	0	1293333	3
573724	0	1376204	1
573724	0	1376205	1
573724	0	141998	1
573724	0	148751	0
573724	0	148753	0
573724	0	1509937	4
573724	0	1509939	1
573724	0	1509940	5
573724	0	1509942	5
573724	0	1509944	2
573724	0	1816038	5
573724	0	1817741	1
573724	0	2002445	2
573724	0	2002448	2
573724	0	2021252	2
573724	0	2084571	1
573724	0	2133806	5
573724	0	2186124	4
573724	0	2417985	4
573724	0	2910045	2
573724	0	3146236	4
573724	0	3146238	4
573724	0	3146240	4
573724	0	3365631	4
573724	0	3365632	5
573724	0	3365633	4
573724	0	3365635	3
573724	0	3365636	5
573724	0	3365638	5
573724	0	3365639	3
573724	0	3365640	2
573724	0	3546092	4
573724	0	3617636	4
573724	0	3644944	1
573724	0	394136	5
573724	0	394138	5
573724	0	394139	5
573724	0	394142	5
573724	0	4017883	2
573724	0	41433	2
573724	0	4360246	2
573724	0	4457787	0
573724	0	4966874	0
573724	0	5047796	5
573724	0	5185664	5
573724	0	5185671	5
573724	0	525215	1
573724	0	5306910	4
573724	0	5310530	5
573724	0	5339620	5
573724	0	5384308	1
573724	0	5721833	2
573724	0	5962419	3
573724	0	5962423	5
573724	0	5962424	2
573724	0	5962426	4
573724	0	5962428	4
573724	0	6121093	1
573724	0	6462957	2
573724	0	6911370	0
573724	0	7104825	5
573724	0	7104826	4
573724	0	7134411	3
573724	0	7199667	3
573724	0	7199669	5
573724	0	7199672	2
573724	0	7199673	5
573724	0	7199674	1
573724	0	7199675	2
573724	0	7275118	2
573724	0	7384325	2
573724	0	7384332	5
573724	0	7609926	2
573724	0	7609927	2
573724	0	7609928	2
573724	0	7609929	3
573724	0	7609930	3
573724	0	7609932	2
573724	0	7609933	3
573724	0	7674858	2
573724	0	8047166	3
573724	0	8404002	2
573724	0	8436350	1
573724	0	8441642	5
573724	0	8444727	4
573724	0	8444730	1
573724	0	8450864	0
573724	0	8492171	1
573724	0	8540429	0
573724	0	87405	5
573724	0	87409	2
573724	0	8833192	5
573724	0	8833199	2
833860	0	1016915	2
833860	0	115142	5
833860	0	1400521	4
833860	0	1448548	0
833860	0	1524399	0
833860	0	1524401	2
833860	0	1524402	1
833860	0	1524403	1
833860	0	1524406	0
833860	0	1524644	4
833860	0	1524648	5
833860	0	1579406	3
833860	0	1694695	2
833860	0	1751577	2
833860	0	1799623	2
833860	0	1859403	5
833860	0	1900577	2
833860	0	1969741	0
833860	0	1971028	1
833860	0	2036934	0
833860	0	2188108	5
833860	0	2192805	4
833860	0	2386361	5
833860	0	2488236	0
833860	0	2488241	0
833860	0	2597196	2
833860	0	2702357	5
833860	0	2702358	4
833860	0	2727126	5
833860	0	280004	1
833860	0	280008	1
833860	0	2829180	1
833860	0	2829181	1
833860	0	3026174	3
833860	0	3087477	4
833860	0	3107240	2
833860	0	3107242	1
833860	0	3437285	5
833860	0	3437288	5
833860	0	3437289	5
833860	0	3544301	3
833860	0	3729262	4
833860	0	3798217	3
833860	0	4046129	4
833860	0	4460348	5
833860	0	456068	5
833860	0	4565141	2
833860	0	4565899	1
833860	0	4736124	4
833860	0	4967639	2
833860	0	5167513	5
833860	0	5178289	3
833860	0	5229080	2
833860	0	541470	4
833860	0	5500892	2
833860	0	557588	2
833860	0	5639026	1
833860	0	5759683	2
833860	0	5967462	1
833860	0	5988243	4
833860	0	611992	4
833860	0	6209174	2
833860	0	6230220	5
833860	0	6230221	5
833860	0	6230222	5
833860	0	6230226	5
833860	0	6230227	5
833860	0	6230229	5
833860	0	6277473	2
833860	0	6297606	1
833860	0	6406714	4
833860	0	6406715	4
833860	0	6510230	2
833860	0	6541901	3
833860	0	6610436	3
833860	0	6654798	3
833860	0	6738736	2
833860	0	6829804	5
833860	0	6886846	4
833860	0	7007433	1
833860	0	7023585	1
833860	0	7153349	0
833860	0	7153355	1
833860	0	7184644	5
833860	0	7184650	5
833860	0	7192576	3
833860	0	7508039	2
833860	0	7548089	1
833860	0	7826521	4
833860	0	7973006	4
833860	0	8112006	0
833860	0	8119467	3
833860	0	8160728	2
833860	0	8189156	2
833860	0	8344031	5
833860	0	8469913	1
833860	0	8584923	1
833860	0	8683095	0
833860	0	8697642	5
833860	0	8742336	0
855410	0	1041939	2
855410	0	1051865	4
855410	0	1147809	5
855410	0	1147810	5
855410	0	1147811	5
855410	0	1294305	4
855410	0	1294308	5
855410	0	1561018	5
855410	0	159665	0
855410	0	1685597	2
855410	0	1719692	1
855410	0	1795261	2
855410	0	1874884	0
855410	0	1929957	2
855410	0	1970390	2
855410	0	229903	5
855410	0	232305	2
855410	0	2350118	2
855410	0	2418458	5
855410	0	2418890	1
855410	0	2418893	2
855410	0	2506511	5
855410	0	2519077	5
855410	0	2737046	0
855410	0	3006601	2
855410	0	3110654	5
855410	0	3113274	1
855410	0	3200693	1
855410	0	326818	5
855410	0	3340202	1
855410	0	3340204	0
855410	0	352146	2
855410	0	3527605	1
855410	0	3724700	4
855410	0	3724701	5
855410	0	3948069	0
855410	0	4275296	4
855410	0	4406031	5
855410	0	4503925	3
855410	0	4518587	0
855410	0	4636144	3
855410	0	4685777	5
855410	0	5095701	5
855410	0	5095702	5
855410	0	5130380	4
855410	0	5232523	2
855410	0	5232525	2
855410	0	5239970	5
855410	0	5478153	1
855410	0	5550193	1
855410	0	5558891	2
855410	0	5594994	3
855410	0	5629792	1
855410	0	576583	5
855410	0	6098860	2
855410	0	6133647	4
855410	0	6152822	2
855410	0	6197317	2
855410	0	6218319	4
855410	0	6301992	0
855410	0	6301995	1
855410	0	6301996	1
855410	0	6338974	0
855410	0	6647485	2
855410	0	6674058	2
855410	0	6688284	2
855410	0	6706455	3
855410	0	6759238	2
855410	0	6760182	2
855410	0	6796749	0
855410	0	6859899	0
855410	0	6893643	4
855410	0	6936948	1
855410	0	6936951	2
855410	0	6941139	2
855410	0	7066409	2
855410	0	7066410	2
855410	0	7099015	4
855410	0	7140868	2
855410	0	7151082	4
855410	0	7210777	4
855410	0	7240299	2
855410	0	7456767	2
855410	0	7747483	5
855410	0	788830	0
855410	0	8140208	1
855410	0	8144663	3
855410	0	8145658	3
855410	0	8165085	5
855410	0	8407524	4
855410	0	8448246	0
855410	0	8533683	1
855410	0	8651770	5
855410	0	8651771	5
855410	0	8651772	5
855410	0	8651775	5
855410	0	8651776	5
855410	0	884430	4
855410	0	884436	4
855410	0	984177	2
87181	0	1179100	3
87181	0	123547	1
87181	0	123548	4
87181	0	1519996	2
87181	0	1692902	4
87181	0	1700168	5
87181	0	1766470	2
87181	0	1856241	4
87181	0	1902826	2
87181	0	1902827	0
87181	0	1950525	3
87181	0	1961300	3
87181	0	2024860	4
87181	0	2307979	4
87181	0	2345225	4
87181	0	2374850	3
87181	0	2530227	5
87181	0	2530252	1
87181	0	2530257	4
87181	0	2556144	2
87181	0	2556146	0
87181	0	2556149	1
87181	0	2556150	1
87181	0	2556151	4
87181	0	2763490	4
87181	0	2986227	5
87181	0	3198047	4
87181	0	3216315	5
87181	0	3354162	5
87181	0	3423884	3
87181	0	3914970	5
87181	0	4632251	3
87181	0	4632256	3
87181	0	4689523	5
87181	0	4689524	2
87181	0	4689525	4
87181	0	47203	0
87181	0	47206	0
87181	0	47207	4
87181	0	47208	2
87181	0	47210	0
87181	0	47211	2
87181	0	47212	2
87181	0	4786305	5
87181	0	5197130	0
87181	0	5197133	1
87181	0	5197135	3
87181	0	5197136	0
87181	0	5197138	0
87181	0	5469038	5
87181	0	6029788	4
87181	0	6055562	4
87181	0	6262331	4
87181	0	6484575	5
87181	0	6484576	5
87181	0	6484578	2
87181	0	6521360	1
87181	0	6521366	5
87181	0	6685092	5
87181	0	6774305	5
87181	0	6928212	2
87181	0	6969187	5
87181	0	7057928	2
87181	0	7112964	2
87181	0	7112968	2
87181	0	7139898	1
87181	0	742425	5
87181	0	7666828	1
87181	0	7666831	2
87181	0	803955	0
87181	0	8082516	1
87181	0	8151919	1
87181	0	8151921	2
87181	0	8151922	2
87181	0	8151926	5
87181	0	8165398	2
87181	0	8165403	0
87181	0	8183977	2
87181	0	8183981	2
87181	0	8183982	2
87181	0	8246410	5
87181	0	8332546	5
87181	0	8332547	5
87181	0	8332548	5
87181	0	8332551	2
87181	0	8332555	3
87181	0	8476330	2
87181	0	8522403	2
87181	0	8534134	5
87181	0	8534135	5
87181	0	8565420	5
87181	0	8614359	1
87181	0	8614360	1
87181	0	8664069	1
87181	0	8683178	3
87181	0	8683181	1
87181	0	8683185	5
87181	0	8738512	2
87181	0	921633	2
87181	0	935164	1
87452	0	1118401	2
87452	0	1150485	2
87452	0	1185292	2
87452	0	119522	2
87452	0	1395625	4
87452	0	1642159	2
87452	0	1749882	5
87452	0	186931	5
87452	0	186939	5
87452	0	1890450	2
87452	0	1971830	0
87452	0	2026775	2
87452	0	2026777	2
87452	0	2035306	4
87452	0	2127122	2
87452	0	2571220	2
87452	0	2571221	2
87452	0	2571223	2
87452	0	2951800	3
87452	0	3347347	0
87452	0	3347348	0
87452	0	3540111	0
87452	0	3732121	3
87452	0	3732895	2
87452	0	3808783	4
87452	0	3809016	0
87452	0	3809017	0
87452	0	3809018	0
87452	0	3919937	5
87452	0	4157764	1
87452	0	4248450	2
87452	0	4312660	1
87452	0	4496459	1
87452	0	4496461	2
87452	0	4502603	1
87452	0	4557555	1
87452	0	4634899	4
87452	0	4872055	4
87452	0	5048394	3
87452	0	5052034	1
87452	0	5286924	5
87452	0	5296736	5
87452	0	5338945	2
87452	0	5500606	3
87452	0	5694214	0
87452	0	5746165	2
87452	0	5751686	5
87452	0	5836705	2
87452	0	5851090	5
87452	0	6018160	5
87452	0	6018161	3
87452	0	6018163	4
87452	0	6018164	5
87452	0	6018166	4
87452	0	6018167	3
87452	0	6018168	5
87452	0	6018169	4
87452	0	6042747	1
87452	0	6096580	0
87452	0	6159694	2
87452	0	6621971	2
87452	0	6679972	1
87452	0	6679974	1
87452	0	6931702	1
87452	0	7499674	1
87452	0	7499676	0
87452	0	7499678	1
87452	0	7542008	5
87452	0	7588883	1
87452	0	7843982	4
87452	0	7843984	4
87452	0	7897960	1
87452	0	7897962	2
87452	0	7965004	5
87452	0	7965007	5
87452	0	7965011	4
87452	0	8055167	2
87452	0	8055172	2
87452	0	8079127	2
87452	0	8081937	5
87452	0	8152222	5
87452	0	8333912	5
87452	0	8333919	5
87452	0	8333920	5
87452	0	8436571	4
87452	0	8436572	3
87452	0	8436575	3
87452	0	8436576	4
87452	0	8436577	4
87452	0	8436578	4
87452	0	8436579	3
87452	0	8496921	2
87452	0	8496922	2
87452	0	861789	5
87452	0	8819111	5
87452	0	8819112	5
87452	0	8819113	5
87452	0	8819114	5
87452	0	8819115	1
87452	0	8819116	5
915593	0	1396701	2
915593	0	1396704	2
915593	0	1396706	1
915593	0	1396707	1
915593	0	1772930	2
915593	0	1815965	2
915593	0	210379	4
915593	0	2210591	2
915593	0	2210593	5
915593	0	2210594	2
915593	0	2210595	2
915593	0	2210597	3
915593	0	2588143	5
915593	0	2744909	3
915593	0	275732	5
915593	0	2923494	4
915593	0	2923496	4
915593	0	2923497	5
915593	0	2923498	3
915593	0	2923501	4
915593	0	3143377	1
915593	0	3357360	4
915593	0	3375966	4
915593	0	3385971	4
915593	0	3485338	4
915593	0	3523599	1
915593	0	3523602	0
915593	0	3538160	5
915593	0	3538162	0
915593	0	3538163	5
915593	0	3538164	2
915593	0	3538165	1
915593	0	3538166	2
915593	0	3538167	5
915593	0	3573479	2
915593	0	3890492	1
915593	0	3991910	3
915593	0	4566815	1
915593	0	4566816	1
915593	0	4566818	5
915593	0	4566819	2
915593	0	4566822	4
915593	0	4566823	2
915593	0	4691129	2
915593	0	4818067	4
915593	0	4834226	3
915593	0	4910037	5
915593	0	5931264	2
915593	0	5931265	1
915593	0	5931266	5
915593	0	5931268	4
915593	0	5931269	5
915593	0	5931270	2
915593	0	5931271	2
915593	0	6181638	5
915593	0	6761346	0
915593	0	6923050	1
915593	0	6923052	5
915593	0	6923055	0
915593	0	6923057	1
915593	0	7742098	3
915593	0	7816726	2
915593	0	7837084	1
915593	0	7837086	1
915593	0	7861747	2
915593	0	7861749	3
915593	0	7861751	4
915593	0	7861753	4
915593	0	7861756	5
915593	0	8002855	5
915593	0	8029525	5
915593	0	8029532	1
915593	0	8029533	5
915593	0	8103063	0
915593	0	8103065	5
915593	0	8103067	5
915593	0	8103068	0
915593	0	8178996	5
915593	0	8178998	5
915593	0	8178999	2
915593	0	8179000	1
915593	0	8179001	1
915593	0	8179003	0
915593	0	8179005	0
915593	0	82105	2
915593	0	82107	5
915593	0	82109	0
915593	0	82110	5
915593	0	82111	3
915593	0	82113	5
915593	0	82114	2
915593	0	8402970	2
915593	0	8402972	5
915593	0	8402973	2
915593	0	8402974	2
915593	0	8420020	4
915593	0	8455301	0
915593	0	8455302	3
915593	0	8455304	4
915593	0	8455306	2
962179	0	1006859	1
962179	0	1006860	1
962179	0	1006861	2
962179	0	1006865	4
962179	0	1006866	2
962179	0	1006867	3
962179	0	1006868	0
962179	0	1015976	3
962179	0	1645080	5
962179	0	1645087	5
962179	0	181089	2
962179	0	2017001	5
962179	0	2017003	4
962179	0	2131893	2
962179	0	2329697	5
962179	0	2329699	5
962179	0	2632688	5
962179	0	2925975	4
962179	0	2929465	1
962179	0	2929469	2
962179	0	2978866	5
962179	0	2978870	5
962179	0	302861	5
962179	0	302865	3
962179	0	302866	2
962179	0	302868	2
962179	0	3173623	2
962179	0	3422317	1
962179	0	3422318	0
962179	0	3422321	0
962179	0	3661633	1
962179	0	3705165	5
962179	0	3982060	2
962179	0	4209392	2
962179	0	4257873	5
962179	0	4309122	1
962179	0	4511497	2
962179	0	4511498	2
962179	0	4511501	0
962179	0	4511504	0
962179	0	4606387	5
962179	0	4606388	5
962179	0	4606389	0
962179	0	4606390	2
962179	0	4717424	2
962179	0	4717426	2
962179	0	5320368	4
962179	0	536178	4
962179	0	536180	2
962179	0	5427063	0
962179	0	5427064	0
962179	0	5427065	1
962179	0	5427070	2
962179	0	5642479	2
962179	0	5642481	2
962179	0	5653652	2
962179	0	5653655	4
962179	0	5653657	5
962179	0	5773184	1
962179	0	5773189	1
962179	0	5886688	4
962179	0	5919341	1
962179	0	6575560	3
962179	0	6575567	3
962179	0	6675257	2
962179	0	6675258	5
962179	0	6675259	5
962179	0	6675261	2
962179	0	6675262	4
962179	0	6675265	4
962179	0	6898290	4
962179	0	6898292	2
962179	0	6898295	1
962179	0	6904865	1
962179	0	6980697	5
962179	0	6980701	3
962179	0	7126025	4
962179	0	7428143	1
962179	0	7428146	1
962179	0	7588230	5
962179	0	8032264	3
962179	0	8032269	5
962179	0	8689053	4
962179	0	8689054	1
962179	0	8689055	4
962179	0	8689056	3
962179	0	8689057	2
962179	0	8689058	5
962179	0	8746010	2
962179	0	8768974	0
962179	0	8785368	5
962179	0	8785370	4
962179	0	8785371	5
962179	0	8785372	5
962179	0	8785373	5
962179	0	8785374	5
962179	0	8811426	4
962179	0	902372	0
962179	0	902373	3
962179	0	931124	2
