1037798	0	1057605	0
1037798	0	1137775	0
1037798	0	1149704	0
1037798	0	1232011	0
1037798	0	1232012	0
1037798	0	1308037	0
1037798	0	1499298	0
1037798	0	1520771	1
1037798	0	1520773	1
1037798	0	1715850	0
1037798	0	1780966	0
1037798	0	2157450	0
1037798	0	2157456	0
1037798	0	2232394	0
1037798	0	2256138	0
1037798	0	2266020	0
1037798	0	2354063	0
1037798	0	2403951	0
1037798	0	2403955	0
1037798	0	2572535	0
1037798	0	2608688	1
1037798	0	2634475	0
1037798	0	2787508	0
1037798	0	2863296	0
1037798	0	2868741	0
1037798	0	2914156	0
1037798	0	2970896	0
1037798	0	3030654	0
1037798	0	3030655	0
1037798	0	3167284	1
1037798	0	3295328	0
1037798	0	3387556	1
1037798	0	3620983	1
1037798	0	3641442	0
1037798	0	3641634	1
1037798	0	3641640	1
1037798	0	3673022	0
1037798	0	3681010	0
1037798	0	4083926	0
1037798	0	4095286	1
1037798	0	4114353	0
1037798	0	4227882	0
1037798	0	4273497	0
1037798	0	4291373	0
1037798	0	4296396	0
1037798	0	4297400	0
1037798	0	4297405	0
1037798	0	4439951	0
1037798	0	4482918	0
1037798	0	4714121	0
1037798	0	4788864	0
1037798	0	4877594	0
1037798	0	4936037	0
1037798	0	4974552	1
1037798	0	5099520	1
1037798	0	5171588	0
1037798	0	5438881	1
1037798	0	5538667	0
1037798	0	5702713	0
1037798	0	5732889	0
1037798	0	5748541	0
1037798	0	5753978	0
1037798	0	5904351	0
1037798	0	6060285	1
1037798	0	6155141	0
1037798	0	6421952	0
1037798	0	6511237	0
1037798	0	6511240	0
1037798	0	6605198	0
1037798	0	6605199	0
1037798	0	6765783	0
1037798	0	6912814	0
1037798	0	720665	1
1037798	0	7253357	0
1037798	0	7466652	1
1037798	0	7780938	0
1037798	0	7822415	1
1037798	0	7827293	0
1037798	0	7943228	1
1037798	0	7950016	0
1037798	0	7967207	1
1037798	0	7995048	0
1037798	0	8010124	0
1037798	0	8087396	0
1037798	0	811306	0
1037798	0	8223340	0
1037798	0	8230221	0
1037798	0	8355398	0
1037798	0	8417086	0
1037798	0	8537479	1
1037798	0	8717816	0
1037798	0	8760864	1
1037798	0	8760866	1
1037798	0	8760867	1
1037798	0	8760868	1
1037798	0	8760870	1
1037798	0	8760871	1
1037798	0	8760873	1
1037798	0	8820474	0
1037798	0	994978	1
104861	0	1017085	1
104861	0	1017092	1
104861	0	1046334	1
104861	0	125332	1
104861	0	1304632	1
104861	0	1313687	1
104861	0	1313691	1
104861	0	1365744	1
104861	0	1424216	1
104861	0	146170	1
104861	0	146178	1
104861	0	1811410	1
104861	0	1948963	1
104861	0	1995989	1
104861	0	2158194	1
104861	0	2377050	1
104861	0	2471336	1
104861	0	2600385	0
104861	0	2916636	1
104861	0	2958127	1
104861	0	2958131	1
104861	0	2958133	1
104861	0	314919	0
104861	0	3915516	1
104861	0	3925933	1
104861	0	3928196	0
104861	0	4019224	1
104861	0	409268	1
104861	0	4197096	0
104861	0	4350441	1
104861	0	4563275	0
104861	0	459675	1
104861	0	459676	1
104861	0	4717134	1
104861	0	4930174	0
104861	0	4961345	1
104861	0	5073463	1
104861	0	5101716	1
104861	0	5110656	1
104861	0	5150431	1
104861	0	5150438	1
104861	0	5248340	1
104861	0	5248341	1
104861	0	5379458	0
104861	0	5405670	1
104861	0	5598961	0
104861	0	5607729	1
104861	0	5667474	1
104861	0	5670527	1
104861	0	5688415	1
104861	0	5688416	1
104861	0	5688417	1
104861	0	5688420	1
104861	0	5703400	1
104861	0	5703401	1
104861	0	5778133	0
104861	0	5801822	1
104861	0	5836442	1
104861	0	5864689	1
104861	0	5864693	1
104861	0	6056677	1
104861	0	6156641	0
104861	0	6187055	1
104861	0	6200735	1
104861	0	6200737	1
104861	0	6202527	1
104861	0	6241793	1
104861	0	629274	1
104861	0	629278	1
104861	0	6351571	1
104861	0	6391586	1
104861	0	6436838	0
104861	0	6518057	0
104861	0	6566321	1
104861	0	6585554	1
104861	0	6653676	1
104861	0	6658615	1
104861	0	6704672	1
104861	0	672931	1
104861	0	6788423	1
104861	0	715676	1
104861	0	7186729	1
104861	0	7204477	1
104861	0	7462393	1
104861	0	7506026	1
104861	0	7506028	1
104861	0	7666364	1
104861	0	7817767	0
104861	0	8131235	0
104861	0	8138536	1
104861	0	8141081	1
104861	0	8259116	1
104861	0	8260035	1
104861	0	8260037	1
104861	0	8400531	0
104861	0	8495099	1
104861	0	8516149	0
104861	0	8546159	1
104861	0	8546162	1
104861	0	8546679	0
1063750	0	1126299	0
1063750	0	1449750	0
1063750	0	1506582	0
1063750	0	1747827	0
1063750	0	2197526	0
1063750	0	2230090	0
1063750	0	2391457	0
1063750	0	2489562	0
1063750	0	2516	0
1063750	0	2531262	0
1063750	0	2737817	0
1063750	0	2741096	0
1063750	0	2868845	0
1063750	0	2881841	0
1063750	0	292715	0
1063750	0	292720	0
1063750	0	2981566	0
1063750	0	2992036	0
1063750	0	2997653	0
1063750	0	3057055	0
1063750	0	3327051	1
1063750	0	3388270	0
1063750	0	3419021	0
1063750	0	3419024	0
1063750	0	3610446	1
1063750	0	3633193	0
1063750	0	3633196	0
1063750	0	3765643	0
1063750	0	3805477	0
1063750	0	3959834	0
1063750	0	3985729	0
1063750	0	4035182	0
1063750	0	4096516	0
1063750	0	4164404	0
1063750	0	4164408	0
1063750	0	4318010	0
1063750	0	4329899	0
1063750	0	4330928	0
1063750	0	4337526	1
1063750	0	4337527	1
1063750	0	4349323	0
1063750	0	4414266	0
1063750	0	4788295	1
1063750	0	4788296	1
1063750	0	4788297	1
1063750	0	4788299	1
1063750	0	4823168	0
1063750	0	4823169	0
1063750	0	4844353	0
1063750	0	4895432	0
1063750	0	5057642	0
1063750	0	5061526	0
1063750	0	5123011	0
1063750	0	5236487	0
1063750	0	5256198	0
1063750	0	5307035	0
1063750	0	5442717	1
1063750	0	5511493	0
1063750	0	5539843	0
1063750	0	5659951	0
1063750	0	5937604	0
1063750	0	5971113	0
1063750	0	6093904	0
1063750	0	6093907	0
1063750	0	621072	0
1063750	0	6312813	0
1063750	0	6407369	0
1063750	0	6436703	0
1063750	0	6666451	0
1063750	0	6796349	0
1063750	0	6796352	0
1063750	0	6992949	0
1063750	0	7215631	0
1063750	0	7230839	0
1063750	0	7242446	0
1063750	0	7244922	0
1063750	0	7412324	0
1063750	0	7412330	0
1063750	0	7466280	0
1063750	0	7466281	0
1063750	0	7493867	0
1063750	0	7494554	0
1063750	0	7614194	0
1063750	0	7778348	0
1063750	0	7778351	0
1063750	0	7783007	0
1063750	0	7881253	0
1063750	0	7937217	0
1063750	0	7952971	1
1063750	0	8093226	0
1063750	0	8093228	0
1063750	0	8182566	0
1063750	0	8354852	0
1063750	0	8378776	0
1063750	0	8670789	0
1063750	0	8689678	0
1063750	0	8689799	0
1063750	0	8778700	0
1063750	0	8809837	0
1063750	0	8809842	0
1103812	0	1059165	0
1103812	0	1059168	0
1103812	0	1241994	0
1103812	0	1527127	0
1103812	0	1583317	1
1103812	0	1659850	1
1103812	0	1659852	0
1103812	0	1736597	0
1103812	0	1783582	0
1103812	0	1783588	0
1103812	0	1785498	0
1103812	0	2250580	0
1103812	0	2332189	1
1103812	0	2379406	0
1103812	0	2379408	0
1103812	0	2379409	0
1103812	0	239599	0
1103812	0	2489484	0
1103812	0	2641953	0
1103812	0	2641960	0
1103812	0	2666747	0
1103812	0	2715494	0
1103812	0	2746387	0
1103812	0	2750961	1
1103812	0	2859495	0
1103812	0	2878679	0
1103812	0	2945096	0
1103812	0	2967948	0
1103812	0	2972402	0
1103812	0	3297503	0
1103812	0	3425644	0
1103812	0	3486832	0
1103812	0	3543021	0
1103812	0	3591094	0
1103812	0	3672742	0
1103812	0	3672744	0
1103812	0	3684042	0
1103812	0	3684048	0
1103812	0	3843263	0
1103812	0	3843267	1
1103812	0	3843271	0
1103812	0	3936549	0
1103812	0	3936550	0
1103812	0	3978768	0
1103812	0	4059416	0
1103812	0	4191304	0
1103812	0	4292848	0
1103812	0	4331707	0
1103812	0	4401695	1
1103812	0	4434352	0
1103812	0	4455026	0
1103812	0	4567920	0
1103812	0	4645341	0
1103812	0	4726841	0
1103812	0	4824831	0
1103812	0	4824834	0
1103812	0	4905647	0
1103812	0	4905650	0
1103812	0	4954261	0
1103812	0	4954262	0
1103812	0	5000627	0
1103812	0	5190505	0
1103812	0	5201198	0
1103812	0	5201200	0
1103812	0	5372067	0
1103812	0	5564936	0
1103812	0	5581284	0
1103812	0	59539	0
1103812	0	5974240	0
1103812	0	5974245	0
1103812	0	5976809	0
1103812	0	6054716	0
1103812	0	6103245	0
1103812	0	6289840	1
1103812	0	6619493	0
1103812	0	6790264	0
1103812	0	6927984	0
1103812	0	6927987	0
1103812	0	7076088	0
1103812	0	7206366	0
1103812	0	7242599	1
1103812	0	7285933	0
1103812	0	7507311	0
1103812	0	7551186	0
1103812	0	8062134	0
1103812	0	8097008	0
1103812	0	8220080	0
1103812	0	8220085	1
1103812	0	8220086	1
1103812	0	8220087	1
1103812	0	8220088	1
1103812	0	8220089	1
1103812	0	8224181	0
1103812	0	8224183	0
1103812	0	8237381	0
1103812	0	8293805	0
1103812	0	8435739	0
1103812	0	864598	0
1103812	0	8792133	0
1103812	0	955560	0
1106007	0	1334328	1
1106007	0	1334335	1
1106007	0	1334336	1
1106007	0	1343769	0
1106007	0	13561	1
1106007	0	13564	1
1106007	0	1530299	0
1106007	0	1918089	1
1106007	0	2143418	1
1106007	0	2143420	0
1106007	0	2165342	1
1106007	0	2294712	1
1106007	0	2384069	1
1106007	0	2464377	0
1106007	0	2464378	0
1106007	0	2513608	1
1106007	0	2513610	1
1106007	0	2602346	0
1106007	0	2602354	1
1106007	0	2621974	1
1106007	0	2621981	1
1106007	0	2623990	1
1106007	0	2677529	0
1106007	0	2704004	0
1106007	0	2777112	0
1106007	0	2777113	1
1106007	0	2798884	1
1106007	0	2866628	1
1106007	0	2960561	1
1106007	0	2960563	1
1106007	0	3137010	0
1106007	0	3174638	0
1106007	0	3260376	1
1106007	0	3263361	1
1106007	0	3390428	1
1106007	0	3427763	0
1106007	0	3537614	1
1106007	0	3745155	0
1106007	0	4000699	1
1106007	0	4001949	1
1106007	0	4004166	1
1106007	0	4089153	1
1106007	0	4120343	1
1106007	0	4173709	1
1106007	0	4255223	1
1106007	0	4359726	1
1106007	0	4606749	1
1106007	0	4747656	1
1106007	0	4753818	1
1106007	0	4753821	1
1106007	0	4953437	1
1106007	0	5174765	1
1106007	0	5228015	1
1106007	0	5228016	1
1106007	0	5279699	1
1106007	0	548434	1
1106007	0	5813635	1
1106007	0	5836920	1
1106007	0	5913574	1
1106007	0	5913575	1
1106007	0	5952125	1
1106007	0	5971071	1
1106007	0	5974974	1
1106007	0	5993697	1
1106007	0	6126194	1
1106007	0	6126197	1
1106007	0	6147546	1
1106007	0	6209484	1
1106007	0	6255354	1
1106007	0	6492973	1
1106007	0	6942456	1
1106007	0	7022723	0
1106007	0	7045935	1
1106007	0	7456197	1
1106007	0	7509690	1
1106007	0	7638713	0
1106007	0	7638716	0
1106007	0	7638720	1
1106007	0	765663	1
1106007	0	7685383	1
1106007	0	7685384	1
1106007	0	7726655	1
1106007	0	8141088	1
1106007	0	8141089	1
1106007	0	814414	0
1106007	0	8199521	1
1106007	0	8203964	0
1106007	0	8204457	1
1106007	0	8204460	1
1106007	0	8204461	1
1106007	0	8204463	1
1106007	0	8204464	1
1106007	0	8214505	1
1106007	0	8348781	0
1106007	0	8521958	0
1106007	0	8649212	1
1106007	0	8802281	1
1106007	0	8811073	0
1106007	0	8811080	0
1106007	0	920778	0
1110199	0	1197690	0
1110199	0	1411495	0
1110199	0	1426939	1
1110199	0	167604	0
1110199	0	1795043	1
1110199	0	1901881	1
1110199	0	1957395	0
1110199	0	2080928	1
1110199	0	2218462	1
1110199	0	2279578	0
1110199	0	2312587	0
1110199	0	2594143	1
1110199	0	2612594	0
1110199	0	2713574	0
1110199	0	2777132	0
1110199	0	2777133	0
1110199	0	2796825	1
1110199	0	2796830	1
1110199	0	2811563	0
1110199	0	2925378	1
1110199	0	3107787	1
1110199	0	3270581	1
1110199	0	3342396	0
1110199	0	3447960	0
1110199	0	357932	1
1110199	0	3588619	0
1110199	0	3588624	0
1110199	0	3609843	0
1110199	0	3647394	1
1110199	0	3684454	0
1110199	0	3722531	0
1110199	0	3817715	0
1110199	0	3838645	1
1110199	0	3934419	1
1110199	0	398442	0
1110199	0	4082283	0
1110199	0	425993	1
1110199	0	4411531	1
1110199	0	4438807	1
1110199	0	4438812	1
1110199	0	4489656	1
1110199	0	4511137	1
1110199	0	4511144	1
1110199	0	4680533	0
1110199	0	4750530	0
1110199	0	4949578	0
1110199	0	5007789	0
1110199	0	5049366	1
1110199	0	507875	0
1110199	0	507878	0
1110199	0	5172684	1
1110199	0	5172688	1
1110199	0	5218014	1
1110199	0	5279606	0
1110199	0	5326655	0
1110199	0	5355385	0
1110199	0	554521	0
1110199	0	554522	1
1110199	0	554529	1
1110199	0	5555051	0
1110199	0	557603	1
1110199	0	557605	1
1110199	0	558317	0
1110199	0	5600214	0
1110199	0	5716613	1
1110199	0	5719120	0
1110199	0	5846443	0
1110199	0	5857921	1
1110199	0	6161010	0
1110199	0	6161016	0
1110199	0	637099	1
1110199	0	6392463	1
1110199	0	6392469	1
1110199	0	6430361	0
1110199	0	6430362	0
1110199	0	6475269	0
1110199	0	6503962	0
1110199	0	6509853	1
1110199	0	6645893	0
1110199	0	6822586	0
1110199	0	6923050	0
1110199	0	6923057	0
1110199	0	7174098	1
1110199	0	7267932	0
1110199	0	735472	0
1110199	0	7369955	1
1110199	0	7628031	0
1110199	0	7680811	1
1110199	0	7821191	0
1110199	0	8113522	0
1110199	0	8160519	1
1110199	0	8160520	1
1110199	0	8160523	0
1110199	0	8160524	0
1110199	0	8160527	1
1110199	0	8267435	0
1110199	0	8301971	1
1110199	0	8301973	1
1110199	0	879019	0
1110199	0	879021	0
1112341	0	1045315	0
1112341	0	1052666	0
1112341	0	1180260	0
1112341	0	1227036	0
1112341	0	1267520	0
1112341	0	1288917	0
1112341	0	1288918	0
1112341	0	1312437	0
1112341	0	1369482	0
1112341	0	1373646	0
1112341	0	1373648	0
1112341	0	1373651	0
1112341	0	1493657	0
1112341	0	1554245	0
1112341	0	1675296	0
1112341	0	2026107	0
1112341	0	2096427	0
1112341	0	2096429	0
1112341	0	2390522	0
1112341	0	2434429	0
1112341	0	2596431	0
1112341	0	2596432	0
1112341	0	2616109	0
1112341	0	2694636	0
1112341	0	2735215	0
1112341	0	2735219	0
1112341	0	2770214	0
1112341	0	2830103	0
1112341	0	2916681	0
1112341	0	3007130	0
1112341	0	3291151	0
1112341	0	3291152	0
1112341	0	3344316	0
1112341	0	3524227	0
1112341	0	3658729	0
1112341	0	3669682	0
1112341	0	3795896	0
1112341	0	400581	0
1112341	0	400582	0
1112341	0	4022846	1
1112341	0	4263743	0
1112341	0	439512	0
1112341	0	4538538	0
1112341	0	4595994	0
1112341	0	4595997	0
1112341	0	4621549	0
1112341	0	4927748	0
1112341	0	4977768	0
1112341	0	5029428	0
1112341	0	508023	0
1112341	0	508024	0
1112341	0	5204825	0
1112341	0	550571	0
1112341	0	5729974	0
1112341	0	5899430	0
1112341	0	5982344	0
1112341	0	6016292	0
1112341	0	6102033	1
1112341	0	6164791	1
1112341	0	6167355	0
1112341	0	6416487	0
1112341	0	6478665	0
1112341	0	6726344	1
1112341	0	6726346	0
1112341	0	6740558	0
1112341	0	6903063	0
1112341	0	6947373	0
1112341	0	7079779	0
1112341	0	7194373	0
1112341	0	7242813	0
1112341	0	733687	0
1112341	0	7349793	0
1112341	0	7597740	0
1112341	0	7635722	0
1112341	0	7718340	0
1112341	0	7747884	0
1112341	0	7915023	0
1112341	0	805834	0
1112341	0	8139249	1
1112341	0	8139251	1
1112341	0	8139255	1
1112341	0	8139256	1
1112341	0	8139258	1
1112341	0	8223035	0
1112341	0	8316213	0
1112341	0	8424594	0
1112341	0	8442174	0
1112341	0	8442177	0
1112341	0	8442178	0
1112341	0	848961	0
1112341	0	8555308	0
1112341	0	8606160	0
1112341	0	8609536	0
1112341	0	8629184	0
1112341	0	8725077	0
1112341	0	8802641	0
1112341	0	883225	0
1112341	0	883227	0
1112341	0	90432	0
1112341	0	90433	0
1113437	0	1066532	1
1113437	0	1280572	0
1113437	0	1287014	0
1113437	0	142150	0
1113437	0	1520227	0
1113437	0	1655114	0
1113437	0	1768729	0
1113437	0	1768734	0
1113437	0	1783459	0
1113437	0	1931169	0
1113437	0	2110583	1
1113437	0	213006	0
1113437	0	213009	0
1113437	0	213011	0
1113437	0	2354940	1
1113437	0	2354941	1
1113437	0	2535148	0
1113437	0	2759673	0
1113437	0	2922427	0
1113437	0	3049193	0
1113437	0	3049194	0
1113437	0	3064610	0
1113437	0	313538	0
1113437	0	313542	0
1113437	0	3325914	0
1113437	0	3329254	0
1113437	0	3436901	0
1113437	0	3436902	0
1113437	0	3518298	0
1113437	0	3518300	0
1113437	0	3990056	0
1113437	0	3997986	1
1113437	0	4016930	1
1113437	0	4016934	1
1113437	0	4016939	0
1113437	0	4111480	0
1113437	0	4186999	0
1113437	0	4193422	0
1113437	0	4216338	0
1113437	0	436902	0
1113437	0	436903	0
1113437	0	4486954	0
1113437	0	4498864	1
1113437	0	4498871	0
1113437	0	4498873	0
1113437	0	4615569	0
1113437	0	4628483	0
1113437	0	4628484	0
1113437	0	4783291	0
1113437	0	4841345	0
1113437	0	4898185	0
1113437	0	4981632	0
1113437	0	5050470	0
1113437	0	5132846	0
1113437	0	5188745	0
1113437	0	5188746	0
1113437	0	520325	0
1113437	0	5215406	0
1113437	0	5215408	0
1113437	0	5313809	0
1113437	0	5545723	0
1113437	0	5546289	1
1113437	0	5720141	0
1113437	0	5748055	0
1113437	0	5938419	1
1113437	0	6017945	0
1113437	0	6021898	1
1113437	0	61756	0
1113437	0	6215772	0
1113437	0	6284746	0
1113437	0	6302495	0
1113437	0	657400	0
1113437	0	657405	0
1113437	0	6597538	0
1113437	0	6601849	0
1113437	0	6992968	0
1113437	0	7126000	0
1113437	0	7277236	1
1113437	0	7306673	0
1113437	0	7385216	0
1113437	0	7385217	0
1113437	0	742037	1
1113437	0	7458700	0
1113437	0	7497491	1
1113437	0	7618558	0
1113437	0	7618564	0
1113437	0	7774459	0
1113437	0	807273	0
1113437	0	807274	0
1113437	0	8128790	1
1113437	0	8128793	0
1113437	0	8128794	1
1113437	0	8128796	1
1113437	0	8128798	1
1113437	0	8133335	0
1113437	0	8162984	0
1113437	0	8299324	0
1113437	0	8336306	0
1113437	0	8363317	0
1113437	0	919328	0
1114646	0	1038132	0
1114646	0	153138	0
1114646	0	1544838	1
1114646	0	1647183	0
1114646	0	1760178	0
1114646	0	1884059	1
1114646	0	2201127	1
1114646	0	2319282	0
1114646	0	2343615	0
1114646	0	2343618	0
1114646	0	2343621	0
1114646	0	2407770	0
1114646	0	2505772	0
1114646	0	2505776	0
1114646	0	2647994	1
1114646	0	266552	1
1114646	0	2676807	1
1114646	0	2911035	1
1114646	0	2911039	1
1114646	0	2911040	1
1114646	0	2995800	0
1114646	0	3056368	1
1114646	0	3092012	0
1114646	0	3123685	0
1114646	0	3184850	0
1114646	0	3184851	0
1114646	0	3467664	1
1114646	0	3467665	1
1114646	0	3470484	1
1114646	0	3741322	1
1114646	0	3828281	0
1114646	0	400352	0
1114646	0	400354	0
1114646	0	4270203	0
1114646	0	4314094	0
1114646	0	4327099	0
1114646	0	4332918	1
1114646	0	4438502	0
1114646	0	444375	0
1114646	0	444382	0
1114646	0	4453440	0
1114646	0	4603841	0
1114646	0	46323	0
1114646	0	4655941	0
1114646	0	4656404	0
1114646	0	4656405	0
1114646	0	4771285	1
1114646	0	4776382	0
1114646	0	4824843	0
1114646	0	4908869	0
1114646	0	4908870	0
1114646	0	5041692	1
1114646	0	5080866	0
1114646	0	5128542	0
1114646	0	5217702	1
1114646	0	5229617	1
1114646	0	5279567	1
1114646	0	5417952	1
1114646	0	5417953	1
1114646	0	5417954	1
1114646	0	5640856	1
1114646	0	5640859	1
1114646	0	5661838	1
1114646	0	5661840	1
1114646	0	579554	1
1114646	0	5829214	0
1114646	0	5836029	1
1114646	0	5959593	1
1114646	0	6120716	0
1114646	0	6157422	0
1114646	0	6214269	0
1114646	0	6348309	1
1114646	0	6455057	1
1114646	0	6501323	0
1114646	0	6589360	0
1114646	0	6704400	1
1114646	0	6704401	1
1114646	0	6711103	1
1114646	0	687064	1
1114646	0	7012106	0
1114646	0	7065010	1
1114646	0	7196956	1
1114646	0	7196961	1
1114646	0	7629822	0
1114646	0	76836	0
1114646	0	7702599	0
1114646	0	771368	1
1114646	0	773300	0
1114646	0	7984234	1
1114646	0	8074924	0
1114646	0	8117087	1
1114646	0	8117088	0
1114646	0	8117092	1
1114646	0	8117093	0
1114646	0	8117094	1
1114646	0	8117095	1
1114646	0	8327369	1
1114646	0	860901	0
1114646	0	8825558	0
1114646	0	898854	0
1114819	0	1002627	1
1114819	0	1009500	1
1114819	0	126884	0
1114819	0	1315993	1
1114819	0	1315994	1
1114819	0	1315997	0
1114819	0	1315998	1
1114819	0	1419798	1
1114819	0	1419801	1
1114819	0	1625836	1
1114819	0	1724520	1
1114819	0	1724523	0
1114819	0	1724528	1
1114819	0	1735443	1
1114819	0	1738242	1
1114819	0	1816958	0
1114819	0	1851540	0
1114819	0	1852066	1
1114819	0	2192058	0
1114819	0	255279	1
1114819	0	2590453	1
1114819	0	2590455	1
1114819	0	2831393	0
1114819	0	2926432	1
1114819	0	3144706	1
1114819	0	3353671	0
1114819	0	344350	1
1114819	0	3781418	1
1114819	0	3781419	1
1114819	0	3906952	1
1114819	0	3906954	1
1114819	0	4064011	0
1114819	0	461344	1
1114819	0	4890560	1
1114819	0	5019830	0
1114819	0	5019832	1
1114819	0	5156171	0
1114819	0	5165249	1
1114819	0	5342188	1
1114819	0	5363582	1
1114819	0	5521373	1
1114819	0	5628952	1
1114819	0	5703157	1
1114819	0	5718417	1
1114819	0	6202321	1
1114819	0	6578914	1
1114819	0	6900767	1
1114819	0	6900769	1
1114819	0	6900773	1
1114819	0	6900774	1
1114819	0	6941478	1
1114819	0	694735	1
1114819	0	6951105	1
1114819	0	7132894	1
1114819	0	7156443	1
1114819	0	750446	0
1114819	0	752644	0
1114819	0	771719	1
1114819	0	7786792	0
1114819	0	7803429	1
1114819	0	783080	1
1114819	0	785027	1
1114819	0	785028	1
1114819	0	8022277	0
1114819	0	8022279	1
1114819	0	8022280	1
1114819	0	8022281	1
1114819	0	8024894	0
1114819	0	8088109	1
1114819	0	8088111	1
1114819	0	8096824	1
1114819	0	8115434	0
1114819	0	8115435	1
1114819	0	8115439	1
1114819	0	8115440	1
1114819	0	8115703	0
1114819	0	8115706	1
1114819	0	812436	1
1114819	0	8321012	1
1114819	0	8336223	0
1114819	0	8336231	0
1114819	0	8336232	1
1114819	0	8480574	1
1114819	0	8508255	1
1114819	0	8579830	1
1114819	0	8579832	0
1114819	0	8625086	1
1114819	0	862869	0
1114819	0	8754395	1
1114819	0	8754397	1
1114819	0	8754398	1
1114819	0	8754399	1
1114819	0	8754400	0
1114819	0	8754403	0
1114819	0	8754404	1
1114819	0	988369	0
1114819	0	988370	1
1114819	0	988373	1
1114819	0	988375	0
1114819	0	988378	1
1115776	0	1328460	0
1115776	0	1328463	0
1115776	0	143334	0
1115776	0	1440028	0
1115776	0	1440035	0
1115776	0	1540838	0
1115776	0	1565105	0
1115776	0	1593007	0
1115776	0	1593008	0
1115776	0	1621981	0
1115776	0	1826911	0
1115776	0	2017908	0
1115776	0	2017909	0
1115776	0	2196566	0
1115776	0	2230476	0
1115776	0	2230477	0
1115776	0	2230480	0
1115776	0	2230483	0
1115776	0	2337363	0
1115776	0	2471196	0
1115776	0	257268	0
1115776	0	258978	0
1115776	0	2903177	0
1115776	0	3081626	0
1115776	0	3276364	0
1115776	0	3296854	0
1115776	0	3366472	0
1115776	0	3411245	1
1115776	0	3469357	1
1115776	0	3680291	0
1115776	0	3743894	0
1115776	0	3977422	0
1115776	0	4051141	0
1115776	0	4314169	1
1115776	0	4314171	0
1115776	0	4314172	1
1115776	0	4314173	1
1115776	0	4314174	1
1115776	0	4314175	1
1115776	0	4314176	1
1115776	0	4314178	1
1115776	0	4620863	0
1115776	0	480800	0
1115776	0	4984390	0
1115776	0	5232955	0
1115776	0	5232963	0
1115776	0	5264931	1
1115776	0	5295699	1
1115776	0	5305147	0
1115776	0	5555296	0
1115776	0	5599692	1
1115776	0	5605159	0
1115776	0	5605160	0
1115776	0	580737	0
1115776	0	600966	0
1115776	0	6246928	0
1115776	0	6251729	0
1115776	0	6397841	0
1115776	0	6616842	0
1115776	0	6616844	0
1115776	0	6702136	0
1115776	0	6747926	0
1115776	0	6919096	0
1115776	0	6934013	0
1115776	0	6934016	0
1115776	0	6989198	0
1115776	0	6989199	0
1115776	0	7129173	1
1115776	0	7129178	0
1115776	0	7183516	0
1115776	0	7318318	0
1115776	0	7442432	0
1115776	0	758999	0
1115776	0	7618005	0
1115776	0	7618006	0
1115776	0	7618008	0
1115776	0	7840022	0
1115776	0	8046348	0
1115776	0	8078183	0
1115776	0	8106318	0
1115776	0	8106320	1
1115776	0	8106321	1
1115776	0	8106322	0
1115776	0	8106323	1
1115776	0	8106324	1
1115776	0	8108815	0
1115776	0	8108818	0
1115776	0	8180097	0
1115776	0	8345724	0
1115776	0	8355020	0
1115776	0	8355028	0
1115776	0	8388343	0
1115776	0	8447122	0
1115776	0	8495250	0
1115776	0	8706770	0
1115776	0	8710004	0
1115776	0	8757348	0
1115776	0	8828147	0
1115776	0	896003	0
1115776	0	941057	0
1117099	0	1013796	0
1117099	0	1068642	0
1117099	0	1174584	0
1117099	0	1197318	0
1117099	0	1212767	0
1117099	0	1445087	0
1117099	0	1551131	0
1117099	0	1570999	0
1117099	0	1632948	0
1117099	0	1798612	1
1117099	0	1798619	1
1117099	0	1798620	1
1117099	0	1986002	0
1117099	0	225482	0
1117099	0	2292116	0
1117099	0	2398222	0
1117099	0	2398223	0
1117099	0	2567188	0
1117099	0	2715359	0
1117099	0	2715363	0
1117099	0	2754430	0
1117099	0	2789022	0
1117099	0	2826254	0
1117099	0	297115	0
1117099	0	3128113	0
1117099	0	3186367	0
1117099	0	3214921	1
1117099	0	334615	1
1117099	0	3349612	1
1117099	0	3412239	1
1117099	0	3427785	0
1117099	0	3427786	0
1117099	0	3543106	1
1117099	0	3633445	0
1117099	0	3729946	0
1117099	0	389980	0
1117099	0	4001644	0
1117099	0	4131489	0
1117099	0	4131491	0
1117099	0	4131492	0
1117099	0	4441325	1
1117099	0	4458506	0
1117099	0	4458509	1
1117099	0	4458512	1
1117099	0	4493492	0
1117099	0	4631857	0
1117099	0	464305	0
1117099	0	4775947	1
1117099	0	4888196	0
1117099	0	5001703	0
1117099	0	5258462	1
1117099	0	5286538	1
1117099	0	5286539	1
1117099	0	5286540	0
1117099	0	5319158	0
1117099	0	5597127	0
1117099	0	5643723	0
1117099	0	5699286	0
1117099	0	5752877	0
1117099	0	5817484	0
1117099	0	5817491	0
1117099	0	6122720	1
1117099	0	6122721	1
1117099	0	6122723	1
1117099	0	6122724	1
1117099	0	6177939	1
1117099	0	6398911	0
1117099	0	6622235	0
1117099	0	6691413	0
1117099	0	6858988	0
1117099	0	6858994	0
1117099	0	696157	1
1117099	0	6993942	1
1117099	0	7077675	0
1117099	0	7153698	0
1117099	0	7153702	0
1117099	0	7172078	0
1117099	0	7407593	0
1117099	0	7431533	0
1117099	0	7610604	0
1117099	0	7676049	0
1117099	0	7722560	0
1117099	0	7868161	0
1117099	0	7868164	0
1117099	0	8079296	0
1117099	0	8093931	1
1117099	0	8093932	1
1117099	0	8093934	1
1117099	0	810080	0
1117099	0	8152830	0
1117099	0	8152834	0
1117099	0	8446501	1
1117099	0	8446502	1
1117099	0	8446504	1
1117099	0	8708306	0
1117099	0	8709226	0
1117099	0	8709227	0
1117099	0	8714082	1
1117099	0	8714085	1
1117099	0	8714087	0
1121402	0	1249687	0
1121402	0	1402314	0
1121402	0	1471443	0
1121402	0	1608737	0
1121402	0	177807	0
1121402	0	177809	0
1121402	0	177810	0
1121402	0	177813	0
1121402	0	182364	1
1121402	0	182365	1
1121402	0	182368	1
1121402	0	182369	1
1121402	0	182370	0
1121402	0	182372	1
1121402	0	182373	0
1121402	0	1873309	0
1121402	0	188209	1
1121402	0	188210	1
1121402	0	188211	0
1121402	0	188213	1
1121402	0	188214	1
1121402	0	188215	1
1121402	0	188216	0
1121402	0	188217	1
1121402	0	188218	0
1121402	0	2281086	0
1121402	0	333401	0
1121402	0	3412904	0
1121402	0	3494458	0
1121402	0	3511789	1
1121402	0	3511795	0
1121402	0	3674185	0
1121402	0	3785308	1
1121402	0	3785309	0
1121402	0	3785310	1
1121402	0	4214351	0
1121402	0	43770	0
1121402	0	4449258	1
1121402	0	4449267	1
1121402	0	465100	0
1121402	0	4727107	0
1121402	0	4844735	0
1121402	0	4893523	0
1121402	0	4986315	0
1121402	0	5103864	0
1121402	0	5189913	1
1121402	0	5318501	0
1121402	0	53692	0
1121402	0	53696	0
1121402	0	53697	0
1121402	0	53699	0
1121402	0	5614619	0
1121402	0	5614625	0
1121402	0	5662150	0
1121402	0	5966850	0
1121402	0	6157464	0
1121402	0	6324938	0
1121402	0	6371837	0
1121402	0	6371843	0
1121402	0	6392400	0
1121402	0	6392405	0
1121402	0	6717336	0
1121402	0	6717338	0
1121402	0	6717342	0
1121402	0	6918691	0
1121402	0	697136	0
1121402	0	7011506	1
1121402	0	7125978	0
1121402	0	7125980	1
1121402	0	7125981	1
1121402	0	7125982	1
1121402	0	7125983	1
1121402	0	7125985	1
1121402	0	7125987	1
1121402	0	7142994	1
1121402	0	7161979	0
1121402	0	7471825	0
1121402	0	7477362	0
1121402	0	7477363	0
1121402	0	7510847	0
1121402	0	7572311	0
1121402	0	7572312	0
1121402	0	7774688	0
1121402	0	7898701	0
1121402	0	8052617	1
1121402	0	8052619	1
1121402	0	8052620	1
1121402	0	8052621	1
1121402	0	8052622	1
1121402	0	8052623	1
1121402	0	8052624	1
1121402	0	8089444	1
1121402	0	8235730	1
1121402	0	8376430	0
1121402	0	8453588	1
1121402	0	8492342	0
1121402	0	8718639	1
1121402	0	8821496	0
1121402	0	8821498	0
1121402	0	8832487	0
1121709	0	1077530	0
1121709	0	1112487	0
1121709	0	1114393	1
1121709	0	1169279	0
1121709	0	1243178	0
1121709	0	1271795	0
1121709	0	1392360	0
1121709	0	1643334	0
1121709	0	16845	0
1121709	0	1698341	0
1121709	0	1729290	0
1121709	0	1736566	0
1121709	0	1760876	0
1121709	0	1937668	0
1121709	0	208465	0
1121709	0	2302396	0
1121709	0	2317095	0
1121709	0	2432508	1
1121709	0	2440458	0
1121709	0	2517708	0
1121709	0	2615981	0
1121709	0	2851223	1
1121709	0	2874652	0
1121709	0	2879470	0
1121709	0	291564	0
1121709	0	2964602	0
1121709	0	3030903	0
1121709	0	3055199	1
1121709	0	3064096	1
1121709	0	306414	0
1121709	0	3098031	0
1121709	0	3221617	0
1121709	0	3381112	1
1121709	0	3386509	0
1121709	0	3423062	1
1121709	0	3446958	0
1121709	0	3545984	0
1121709	0	3552218	0
1121709	0	3552222	0
1121709	0	3709755	0
1121709	0	3709758	0
1121709	0	3742654	0
1121709	0	3869997	0
1121709	0	3875032	0
1121709	0	4038354	0
1121709	0	419129	0
1121709	0	4575770	0
1121709	0	4580131	1
1121709	0	4580133	1
1121709	0	4644464	0
1121709	0	4707664	1
1121709	0	4769720	0
1121709	0	4836900	1
1121709	0	4861638	0
1121709	0	4896238	0
1121709	0	51033	0
1121709	0	5177794	0
1121709	0	5209523	0
1121709	0	5264299	1
1121709	0	5346546	0
1121709	0	5530626	0
1121709	0	5879625	0
1121709	0	5915729	0
1121709	0	6007524	1
1121709	0	6054702	0
1121709	0	6076433	0
1121709	0	6212343	0
1121709	0	6630430	1
1121709	0	6657504	0
1121709	0	669004	0
1121709	0	6690192	0
1121709	0	6694095	0
1121709	0	6886933	0
1121709	0	701349	0
1121709	0	7209949	1
1121709	0	7229531	0
1121709	0	731070	0
1121709	0	7370525	0
1121709	0	7434522	0
1121709	0	747368	0
1121709	0	7499157	0
1121709	0	7565881	1
1121709	0	7586674	0
1121709	0	7591000	0
1121709	0	7591002	0
1121709	0	7744250	0
1121709	0	7841119	0
1121709	0	7849690	0
1121709	0	8049577	1
1121709	0	8049578	1
1121709	0	8049580	1
1121709	0	812328	0
1121709	0	8283424	0
1121709	0	8327576	0
1121709	0	8492081	0
1121709	0	8500135	1
1121709	0	862855	0
1121709	0	8643664	0
1121709	0	88402	0
1121709	0	950984	1
1124210	0	1244877	1
1124210	0	1280828	1
1124210	0	131190	1
1124210	0	1689639	1
1124210	0	181175	1
1124210	0	181177	1
1124210	0	2070515	1
1124210	0	2089544	1
1124210	0	2258591	1
1124210	0	2258592	1
1124210	0	2258594	1
1124210	0	2258595	1
1124210	0	2258596	1
1124210	0	2258597	1
1124210	0	2258598	1
1124210	0	2258599	1
1124210	0	2399822	1
1124210	0	2433601	1
1124210	0	2433603	1
1124210	0	2433604	1
1124210	0	2433609	1
1124210	0	2461683	1
1124210	0	2494574	1
1124210	0	2494577	1
1124210	0	2608221	1
1124210	0	2650269	1
1124210	0	2685123	1
1124210	0	2728448	1
1124210	0	2753148	1
1124210	0	2825130	1
1124210	0	284020	1
1124210	0	2859501	1
1124210	0	2958020	1
1124210	0	3162331	1
1124210	0	3225197	1
1124210	0	3263727	1
1124210	0	3289568	1
1124210	0	3466956	1
1124210	0	3517427	1
1124210	0	4002454	1
1124210	0	4002456	1
1124210	0	4174699	1
1124210	0	4303129	1
1124210	0	4535489	1
1124210	0	4616435	1
1124210	0	4648414	1
1124210	0	4942992	1
1124210	0	5098936	1
1124210	0	5098941	1
1124210	0	522219	1
1124210	0	522220	1
1124210	0	5587709	1
1124210	0	5587711	1
1124210	0	5664148	1
1124210	0	5941717	1
1124210	0	6146809	1
1124210	0	6233255	1
1124210	0	6255796	1
1124210	0	6498977	1
1124210	0	6507996	1
1124210	0	6541864	1
1124210	0	6541866	1
1124210	0	6541868	1
1124210	0	6620551	1
1124210	0	6636931	1
1124210	0	6636936	1
1124210	0	6720368	1
1124210	0	6737727	1
1124210	0	6737729	1
1124210	0	7146473	1
1124210	0	7146478	1
1124210	0	7203360	1
1124210	0	7224102	1
1124210	0	7443586	1
1124210	0	7443588	1
1124210	0	7695217	1
1124210	0	7715335	1
1124210	0	7806221	1
1124210	0	7806222	1
1124210	0	7942807	1
1124210	0	8026735	1
1124210	0	8026737	1
1124210	0	8026738	1
1124210	0	8026740	1
1124210	0	8026743	1
1124210	0	8087696	1
1124210	0	8087702	1
1124210	0	8355477	1
1124210	0	8355483	1
1124210	0	8406413	1
1124210	0	8492305	1
1124210	0	8547690	1
1124210	0	8558068	1
1124210	0	8650642	1
1124210	0	8802909	1
1124210	0	8828525	1
1124210	0	92049	1
1124210	0	931162	1
1124210	0	931165	1
1124210	0	943794	1
1129237	0	128984	1
1129237	0	1325030	0
1129237	0	1421371	0
1129237	0	1526193	0
1129237	0	162127	0
1129237	0	1721142	0
1129237	0	1770027	1
1129237	0	1779229	0
1129237	0	1959030	1
1129237	0	2015118	0
1129237	0	2176863	0
1129237	0	2188742	0
1129237	0	2351491	0
1129237	0	2364443	0
1129237	0	2384636	0
1129237	0	262492	1
1129237	0	2697746	1
1129237	0	2697752	1
1129237	0	2777623	0
1129237	0	2777625	0
1129237	0	2955239	0
1129237	0	2971620	0
1129237	0	2971621	0
1129237	0	2976015	0
1129237	0	302210	0
1129237	0	305088	0
1129237	0	3097761	1
1129237	0	3153068	0
1129237	0	3279719	0
1129237	0	3409660	1
1129237	0	3588803	0
1129237	0	3588805	0
1129237	0	3641168	0
1129237	0	3649330	0
1129237	0	3683096	1
1129237	0	3826651	0
1129237	0	3826653	0
1129237	0	3826656	0
1129237	0	3826659	0
1129237	0	3832058	0
1129237	0	3832685	0
1129237	0	3858675	0
1129237	0	3858678	0
1129237	0	3905057	1
1129237	0	3905802	1
1129237	0	3905806	0
1129237	0	392579	0
1129237	0	3993743	0
1129237	0	4003056	0
1129237	0	4066969	0
1129237	0	4162487	0
1129237	0	4233383	0
1129237	0	4233385	0
1129237	0	4328625	0
1129237	0	4367170	0
1129237	0	4425405	0
1129237	0	461835	0
1129237	0	461837	0
1129237	0	4723973	0
1129237	0	4773351	0
1129237	0	4779185	0
1129237	0	4915547	0
1129237	0	5094333	0
1129237	0	5122274	0
1129237	0	5831781	0
1129237	0	5906130	1
1129237	0	5916672	0
1129237	0	6080460	1
1129237	0	6166230	0
1129237	0	6194643	0
1129237	0	6194648	0
1129237	0	6225977	0
1129237	0	6325273	0
1129237	0	6343520	1
1129237	0	6343521	0
1129237	0	6386977	0
1129237	0	6585295	0
1129237	0	6705270	0
1129237	0	6868144	0
1129237	0	6884449	0
1129237	0	7350325	0
1129237	0	7688465	0
1129237	0	7688471	0
1129237	0	7769727	0
1129237	0	7769728	0
1129237	0	7874566	0
1129237	0	7911557	1
1129237	0	806652	1
1129237	0	8150178	0
1129237	0	818342	0
1129237	0	8357400	0
1129237	0	8588219	1
1129237	0	8588222	1
1129237	0	8588223	1
1129237	0	8588226	1
1129237	0	8588227	1
1129237	0	8633911	0
1129237	0	8682824	1
1129237	0	8712732	0
1129237	0	998751	1
1133167	0	1379370	1
1133167	0	1790122	1
1133167	0	1824481	1
1133167	0	1824483	1
1133167	0	1824487	1
1133167	0	1824488	1
1133167	0	1883277	1
1133167	0	1883278	1
1133167	0	1883280	1
1133167	0	1883281	1
1133167	0	190805	1
1133167	0	190806	1
1133167	0	190809	1
1133167	0	2010281	1
1133167	0	2276678	1
1133167	0	2439240	1
1133167	0	2491371	1
1133167	0	2613290	1
1133167	0	2613293	1
1133167	0	2623303	1
1133167	0	3074598	1
1133167	0	3074599	1
1133167	0	332787	1
1133167	0	3355083	1
1133167	0	3421898	1
1133167	0	3421900	1
1133167	0	3421904	1
1133167	0	3953805	1
1133167	0	434124	1
1133167	0	434126	1
1133167	0	4443368	1
1133167	0	4443370	1
1133167	0	4443375	1
1133167	0	4494097	1
1133167	0	4494100	1
1133167	0	4498479	1
1133167	0	4550240	1
1133167	0	4557439	1
1133167	0	4625145	1
1133167	0	4712273	1
1133167	0	4926204	1
1133167	0	563738	1
1133167	0	5674622	1
1133167	0	5674623	1
1133167	0	5985458	1
1133167	0	6103289	1
1133167	0	6112586	1
1133167	0	6112588	1
1133167	0	6112589	1
1133167	0	6112590	1
1133167	0	6112592	1
1133167	0	6142	1
1133167	0	6157114	1
1133167	0	6257038	1
1133167	0	6299574	1
1133167	0	6299575	1
1133167	0	6332045	0
1133167	0	6467517	1
1133167	0	6467518	1
1133167	0	6467519	1
1133167	0	6467522	1
1133167	0	6999438	1
1133167	0	7091940	1
1133167	0	7091943	1
1133167	0	7093509	1
1133167	0	7093512	1
1133167	0	7217706	1
1133167	0	7218012	1
1133167	0	7218016	1
1133167	0	7218019	1
1133167	0	7486594	1
1133167	0	7486597	1
1133167	0	7486599	1
1133167	0	7793408	1
1133167	0	7793409	1
1133167	0	7793414	1
1133167	0	7793416	1
1133167	0	8033645	1
1133167	0	8033646	1
1133167	0	8033647	1
1133167	0	8160224	1
1133167	0	8160230	1
1133167	0	8160241	1
1133167	0	8160243	1
1133167	0	823272	1
1133167	0	823273	1
1133167	0	823275	1
1133167	0	823277	1
1133167	0	823279	1
1133167	0	8250498	1
1133167	0	8250500	1
1133167	0	8250501	1
1133167	0	8255701	1
1133167	0	8255705	1
1133167	0	8255706	1
1133167	0	8405623	1
1133167	0	8484845	1
1133167	0	8484849	1
1133167	0	8484851	1
1133167	0	8839920	1
130510	0	1047769	0
130510	0	1110766	1
130510	0	1159414	1
130510	0	1481524	1
130510	0	1494930	1
130510	0	1494931	1
130510	0	1494932	1
130510	0	1494933	1
130510	0	1494935	1
130510	0	1494936	1
130510	0	1494937	1
130510	0	1494938	1
130510	0	1494939	1
130510	0	1799013	0
130510	0	1881840	0
130510	0	2079375	1
130510	0	2079377	1
130510	0	2174992	1
130510	0	2346969	1
130510	0	2407055	1
130510	0	2420310	0
130510	0	2490145	1
130510	0	2490150	0
130510	0	2589317	1
130510	0	2589323	1
130510	0	2862515	1
130510	0	2862518	1
130510	0	2862522	1
130510	0	2881563	0
130510	0	2961568	0
130510	0	3163980	1
130510	0	348429	0
130510	0	3913778	0
130510	0	3923091	0
130510	0	3995677	1
130510	0	4022902	1
130510	0	4022904	1
130510	0	4022905	1
130510	0	4022909	1
130510	0	4089773	0
130510	0	4189500	1
130510	0	440983	1
130510	0	4528805	0
130510	0	4528808	0
130510	0	5415276	0
130510	0	566525	0
130510	0	5685704	0
130510	0	5685706	0
130510	0	5685708	0
130510	0	5685710	0
130510	0	5685711	1
130510	0	5791683	1
130510	0	5930010	0
130510	0	5930011	1
130510	0	5930013	0
130510	0	5930015	0
130510	0	5930018	0
130510	0	6035035	1
130510	0	6172269	0
130510	0	6183638	1
130510	0	6486232	1
130510	0	6542823	0
130510	0	6542827	0
130510	0	6621100	1
130510	0	6763277	1
130510	0	6815300	1
130510	0	6881818	0
130510	0	6881820	0
130510	0	6881821	0
130510	0	7001677	0
130510	0	7001679	0
130510	0	7125239	1
130510	0	7203252	1
130510	0	7298862	0
130510	0	7464751	0
130510	0	7479905	1
130510	0	7501557	1
130510	0	7501558	1
130510	0	7501563	1
130510	0	7529548	0
130510	0	7603931	1
130510	0	7696346	0
130510	0	7708723	0
130510	0	7777478	0
130510	0	7777480	0
130510	0	7792405	1
130510	0	799647	1
130510	0	7997887	0
130510	0	8095118	1
130510	0	815703	0
130510	0	8514425	1
130510	0	8612902	1
130510	0	8612903	1
130510	0	8612904	1
130510	0	8612905	1
130510	0	8612906	1
130510	0	8612909	1
130510	0	8612910	1
130510	0	996732	1
130510	0	996740	1
131843	0	1073193	0
131843	0	1267422	0
131843	0	14055	1
131843	0	1907695	0
131843	0	1941266	0
131843	0	1959309	0
131843	0	1965924	0
131843	0	1993076	0
131843	0	2041693	1
131843	0	208011	0
131843	0	2333348	0
131843	0	2495625	0
131843	0	2669218	0
131843	0	2683747	0
131843	0	278279	0
131843	0	2896791	0
131843	0	3299960	0
131843	0	3400902	0
131843	0	3400903	0
131843	0	373498	0
131843	0	3761239	0
131843	0	3841396	1
131843	0	3844836	0
131843	0	3884881	0
131843	0	3884882	0
131843	0	3919317	0
131843	0	3930069	0
131843	0	4013724	0
131843	0	4099926	0
131843	0	4254836	0
131843	0	4682759	0
131843	0	491120	0
131843	0	4911365	0
131843	0	4931453	0
131843	0	5000167	0
131843	0	5038538	0
131843	0	5056232	0
131843	0	5121126	0
131843	0	5125375	0
131843	0	542347	0
131843	0	5858902	0
131843	0	6187399	0
131843	0	6187402	0
131843	0	6248852	0
131843	0	6249757	0
131843	0	6604053	0
131843	0	6718494	0
131843	0	6782345	0
131843	0	6787809	0
131843	0	6820615	0
131843	0	68421	0
131843	0	68427	0
131843	0	6959233	0
131843	0	7066446	0
131843	0	7073516	0
131843	0	7073518	0
131843	0	7078432	0
131843	0	7078434	0
131843	0	7082304	0
131843	0	7091663	0
131843	0	7208948	0
131843	0	7451206	0
131843	0	7451207	0
131843	0	7589014	0
131843	0	7678189	0
131843	0	7707868	1
131843	0	788586	0
131843	0	8024309	0
131843	0	8073461	0
131843	0	8085708	0
131843	0	8090240	0
131843	0	8102602	1
131843	0	8117361	0
131843	0	8146334	0
131843	0	8191894	0
131843	0	8305151	1
131843	0	8305152	1
131843	0	8305153	1
131843	0	8305154	1
131843	0	8305155	1
131843	0	8305156	1
131843	0	8305158	1
131843	0	8318153	0
131843	0	8519713	0
131843	0	8530759	0
131843	0	8589858	0
131843	0	8685913	0
131843	0	8710810	0
131843	0	8710812	0
131843	0	8710813	0
131843	0	8710814	1
131843	0	8780616	0
131843	0	97739	0
131843	0	985988	1
131843	0	985989	1
131843	0	985990	1
131843	0	985991	0
131843	0	985992	1
131843	0	985994	1
131843	0	985995	0
146187	0	1028969	0
146187	0	1028971	0
146187	0	1043679	0
146187	0	1043683	0
146187	0	1138801	0
146187	0	1230566	1
146187	0	1246346	0
146187	0	1254157	0
146187	0	1841192	0
146187	0	1972078	0
146187	0	2040185	0
146187	0	2087678	0
146187	0	2226093	0
146187	0	2226094	1
146187	0	2257806	0
146187	0	2345126	0
146187	0	2509	0
146187	0	315525	0
146187	0	3241340	0
146187	0	3505470	0
146187	0	3531644	0
146187	0	3860555	0
146187	0	3878277	0
146187	0	3963185	0
146187	0	3963187	0
146187	0	3963189	0
146187	0	4026486	0
146187	0	4111407	0
146187	0	4216894	0
146187	0	4216895	0
146187	0	4216897	0
146187	0	4216899	0
146187	0	4216901	0
146187	0	4216902	0
146187	0	4777144	1
146187	0	4825394	0
146187	0	4908916	0
146187	0	4921740	0
146187	0	4921741	0
146187	0	5226113	0
146187	0	5332230	1
146187	0	5332231	1
146187	0	5548651	0
146187	0	5548652	0
146187	0	5590506	0
146187	0	5836454	0
146187	0	5844996	0
146187	0	5889120	0
146187	0	5929430	1
146187	0	5954584	1
146187	0	6015026	1
146187	0	6241267	0
146187	0	6430258	1
146187	0	6430259	0
146187	0	6430260	0
146187	0	6658185	0
146187	0	7093332	0
146187	0	7093334	0
146187	0	7095976	0
146187	0	7096817	0
146187	0	7096819	0
146187	0	7096823	0
146187	0	7307399	0
146187	0	7405002	0
146187	0	744165	1
146187	0	744167	1
146187	0	744168	0
146187	0	7471713	0
146187	0	76342	1
146187	0	76344	1
146187	0	76348	1
146187	0	76349	1
146187	0	7704677	0
146187	0	7836295	0
146187	0	7836296	0
146187	0	7956019	0
146187	0	8042965	0
146187	0	8042966	0
146187	0	8042967	0
146187	0	8042971	0
146187	0	8042972	0
146187	0	8042974	0
146187	0	8361899	0
146187	0	8361902	0
146187	0	8434618	1
146187	0	8434619	1
146187	0	8434620	1
146187	0	8434622	1
146187	0	8434623	1
146187	0	8434624	1
146187	0	8434625	1
146187	0	8434626	1
146187	0	8481818	0
146187	0	8664004	1
146187	0	8792967	0
146187	0	8795488	0
146187	0	8795489	0
146187	0	8795491	0
146187	0	8795494	0
146187	0	8795495	0
148538	0	1247539	1
148538	0	1311204	1
148538	0	1311206	1
148538	0	1384441	1
148538	0	1384446	1
148538	0	1384447	1
148538	0	1671257	1
148538	0	190794	1
148538	0	1950974	1
148538	0	1950976	1
148538	0	1950977	1
148538	0	1950979	1
148538	0	1950983	1
148538	0	1963585	1
148538	0	1969519	1
148538	0	1985491	1
148538	0	1985495	1
148538	0	231452	1
148538	0	231453	1
148538	0	231455	1
148538	0	2368185	1
148538	0	2368187	1
148538	0	2419541	0
148538	0	2805681	0
148538	0	2915322	1
148538	0	2915323	0
148538	0	2915327	1
148538	0	2951883	1
148538	0	2993237	1
148538	0	3138645	1
148538	0	3165111	1
148538	0	332400	1
148538	0	332401	1
148538	0	3446014	1
148538	0	3557943	1
148538	0	3918785	1
148538	0	4185812	1
148538	0	4185814	1
148538	0	4264129	1
148538	0	436836	1
148538	0	4410448	1
148538	0	4447601	1
148538	0	4447659	0
148538	0	4539657	1
148538	0	4607267	1
148538	0	4959634	1
148538	0	4976407	1
148538	0	5020788	1
148538	0	5077704	1
148538	0	5077707	1
148538	0	512198	1
148538	0	5305311	1
148538	0	5533647	1
148538	0	5533652	1
148538	0	5588133	0
148538	0	5588137	0
148538	0	5592685	1
148538	0	5679985	1
148538	0	5693666	0
148538	0	5809605	0
148538	0	5825400	1
148538	0	5843047	0
148538	0	5844625	0
148538	0	6006382	1
148538	0	6017980	0
148538	0	615401	1
148538	0	615404	0
148538	0	615405	1
148538	0	615406	1
148538	0	615407	1
148538	0	6222119	0
148538	0	6425028	0
148538	0	6438296	1
148538	0	6438297	0
148538	0	6506241	1
148538	0	6567031	0
148538	0	6846343	1
148538	0	6894608	1
148538	0	7318210	1
148538	0	734990	1
148538	0	7407803	1
148538	0	7407804	1
148538	0	7529434	1
148538	0	7696609	1
148538	0	8080460	1
148538	0	8181574	0
148538	0	820304	1
148538	0	820312	1
148538	0	820313	1
148538	0	8283527	1
148538	0	8283531	1
148538	0	8283532	1
148538	0	844360	0
148538	0	8610395	1
148538	0	8730430	0
148538	0	8814767	1
148538	0	985488	1
148538	0	985491	1
148538	0	985492	1
148538	0	985493	1
156493	0	1101607	1
156493	0	1171595	0
156493	0	1171598	0
156493	0	1172287	0
156493	0	1277720	1
156493	0	1277721	1
156493	0	1277722	1
156493	0	1277723	1
156493	0	1277724	1
156493	0	1277725	1
156493	0	1277726	1
156493	0	1277727	1
156493	0	1347264	1
156493	0	1347266	1
156493	0	1960255	1
156493	0	1960257	1
156493	0	1960260	1
156493	0	1960261	1
156493	0	2141931	0
156493	0	2259179	1
156493	0	2259180	1
156493	0	2259182	1
156493	0	2259183	1
156493	0	2317800	1
156493	0	2317802	1
156493	0	2317807	1
156493	0	2411918	1
156493	0	2598786	1
156493	0	2612490	1
156493	0	2612491	1
156493	0	2612492	1
156493	0	2616513	0
156493	0	2616515	0
156493	0	278176	1
156493	0	2928700	1
156493	0	2928702	1
156493	0	2928704	1
156493	0	2928707	1
156493	0	2949801	1
156493	0	2949802	1
156493	0	3288596	1
156493	0	3288597	1
156493	0	3288598	1
156493	0	3288599	1
156493	0	3288600	1
156493	0	3288601	1
156493	0	349637	1
156493	0	349638	1
156493	0	349639	0
156493	0	349643	1
156493	0	4131138	1
156493	0	4527706	1
156493	0	4940228	1
156493	0	4940229	1
156493	0	5022725	1
156493	0	5059020	0
156493	0	5122747	0
156493	0	5346660	1
156493	0	5406908	1
156493	0	5530082	1
156493	0	5549994	1
156493	0	6139382	1
156493	0	6139386	1
156493	0	6267258	1
156493	0	627307	0
156493	0	6343406	0
156493	0	6357270	1
156493	0	6464089	0
156493	0	6524741	0
156493	0	6524745	0
156493	0	6524746	1
156493	0	6859022	1
156493	0	6859031	0
156493	0	7371077	1
156493	0	7371078	1
156493	0	7371079	1
156493	0	750111	1
156493	0	7663272	0
156493	0	7976153	0
156493	0	8029433	1
156493	0	8182159	1
156493	0	8182160	1
156493	0	8182161	1
156493	0	8182165	1
156493	0	8182166	1
156493	0	8245439	1
156493	0	8245444	1
156493	0	8273014	0
156493	0	8273017	1
156493	0	8273018	0
156493	0	8273019	1
156493	0	8393766	1
156493	0	8463133	0
156493	0	8803136	1
156493	0	8811146	0
156493	0	885944	1
156493	0	95514	1
156493	0	95515	1
156493	0	95519	1
156493	0	994488	0
168216	0	1090088	1
168216	0	1183706	1
168216	0	1274194	1
168216	0	1301465	1
168216	0	1301466	1
168216	0	1301467	1
168216	0	1301468	1
168216	0	1301469	1
168216	0	1301471	1
168216	0	1301472	1
168216	0	1301474	1
168216	0	13499	1
168216	0	1381477	1
168216	0	1735358	1
168216	0	1735360	1
168216	0	1924796	1
168216	0	1924800	1
168216	0	2036279	1
168216	0	2069992	1
168216	0	2069995	1
168216	0	2210775	1
168216	0	2265769	1
168216	0	2265772	1
168216	0	2659074	1
168216	0	2790904	1
168216	0	290826	1
168216	0	3033359	1
168216	0	3174840	1
168216	0	3198680	1
168216	0	3198682	1
168216	0	3198687	1
168216	0	3198689	1
168216	0	3344828	1
168216	0	3344832	1
168216	0	3344834	1
168216	0	3399712	1
168216	0	3399713	1
168216	0	3399715	1
168216	0	3681095	1
168216	0	3830857	1
168216	0	3908773	1
168216	0	3908774	1
168216	0	3908776	1
168216	0	3908777	1
168216	0	4119829	1
168216	0	4191395	1
168216	0	4324487	1
168216	0	4324491	1
168216	0	4324492	1
168216	0	4498419	1
168216	0	4792582	1
168216	0	4792583	1
168216	0	5024307	1
168216	0	5293614	1
168216	0	5690224	1
168216	0	5935474	1
168216	0	5935476	1
168216	0	5935477	1
168216	0	6061718	1
168216	0	6061721	1
168216	0	6061722	1
168216	0	6061726	1
168216	0	6213322	1
168216	0	6213325	1
168216	0	6249512	1
168216	0	6264731	1
168216	0	6264732	1
168216	0	6264733	1
168216	0	6282560	1
168216	0	6282561	1
168216	0	6282562	1
168216	0	6282567	1
168216	0	6329932	1
168216	0	6426632	1
168216	0	6426634	1
168216	0	6426638	1
168216	0	661750	1
168216	0	731200	1
168216	0	7337513	1
168216	0	7337519	1
168216	0	7492748	1
168216	0	7492752	1
168216	0	7492753	1
168216	0	7492755	1
168216	0	7745780	1
168216	0	8048968	1
168216	0	8141128	1
168216	0	8185129	1
168216	0	8185131	1
168216	0	8185135	1
168216	0	8185137	1
168216	0	8252763	1
168216	0	8639627	1
168216	0	8639630	1
168216	0	8639633	1
168216	0	8723467	1
168216	0	8731621	1
168216	0	8731623	1
168216	0	8731624	1
168216	0	8731625	1
182539	0	1307232	1
182539	0	1307234	1
182539	0	1307235	1
182539	0	1638687	1
182539	0	1638688	0
182539	0	1638689	1
182539	0	1638690	1
182539	0	1638691	0
182539	0	1638694	0
182539	0	1654895	1
182539	0	171653	0
182539	0	2053701	1
182539	0	2092202	1
182539	0	2165968	1
182539	0	2623668	1
182539	0	2751871	0
182539	0	2839827	0
182539	0	2840563	0
182539	0	2909954	1
182539	0	2909960	0
182539	0	2909961	1
182539	0	3127071	0
182539	0	3198392	0
182539	0	3729714	1
182539	0	3760957	1
182539	0	3760964	0
182539	0	3779895	0
182539	0	3883077	1
182539	0	3883081	1
182539	0	4096478	0
182539	0	4487755	1
182539	0	4730803	1
182539	0	5020094	1
182539	0	518150	1
182539	0	5567729	1
182539	0	5567732	1
182539	0	5618254	0
182539	0	57443	1
182539	0	57444	0
182539	0	57447	1
182539	0	57448	1
182539	0	57449	1
182539	0	57450	0
182539	0	5793580	0
182539	0	6037973	1
182539	0	6135907	0
182539	0	6201541	0
182539	0	6201542	0
182539	0	6355993	0
182539	0	6783449	1
182539	0	6816571	1
182539	0	6816572	1
182539	0	6816573	1
182539	0	6816574	1
182539	0	6816576	1
182539	0	6816577	0
182539	0	6816579	1
182539	0	6957819	0
182539	0	6980965	1
182539	0	6981225	0
182539	0	7148714	0
182539	0	7154102	1
182539	0	7206189	0
182539	0	721170	1
182539	0	7303730	0
182539	0	7371255	1
182539	0	7371257	1
182539	0	7371259	1
182539	0	7371261	1
182539	0	7371262	1
182539	0	738025	1
182539	0	7527837	1
182539	0	7579346	0
182539	0	7579347	0
182539	0	7579349	0
182539	0	7579350	0
182539	0	7579351	0
182539	0	7583024	1
182539	0	7617321	0
182539	0	7637811	0
182539	0	7850108	0
182539	0	7883763	1
182539	0	7919974	0
182539	0	8147663	0
182539	0	8299659	1
182539	0	8299661	1
182539	0	8299665	1
182539	0	8299668	1
182539	0	8337703	0
182539	0	8515182	1
182539	0	8598792	1
182539	0	8752298	0
182539	0	8757178	1
182539	0	8757179	1
182539	0	8757180	1
182539	0	8757181	1
182539	0	8757182	1
182539	0	8757183	0
182539	0	8757184	1
182539	0	941371	0
183378	0	1261035	0
183378	0	1289489	1
183378	0	1289495	1
183378	0	1289496	1
183378	0	1289497	1
183378	0	1603312	0
183378	0	1603314	0
183378	0	1765863	0
183378	0	1773959	1
183378	0	2068968	1
183378	0	2089154	1
183378	0	2095187	0
183378	0	2234245	1
183378	0	229739	1
183378	0	2493332	1
183378	0	2499865	1
183378	0	2533256	1
183378	0	2533260	1
183378	0	2639939	1
183378	0	2796241	0
183378	0	2805325	0
183378	0	3093215	1
183378	0	324175	0
183378	0	324177	0
183378	0	324178	0
183378	0	327908	1
183378	0	3389579	1
183378	0	3389580	1
183378	0	3576220	0
183378	0	3576225	0
183378	0	3605404	1
183378	0	3662782	1
183378	0	376576	1
183378	0	424997	0
183378	0	4371183	0
183378	0	4493913	1
183378	0	4493914	1
183378	0	4493915	1
183378	0	4493916	1
183378	0	4493919	1
183378	0	4493920	1
183378	0	4493921	1
183378	0	4493922	1
183378	0	4530314	0
183378	0	4716324	1
183378	0	4727412	1
183378	0	4727418	1
183378	0	4803847	1
183378	0	4803848	1
183378	0	4803850	1
183378	0	4803851	1
183378	0	4803856	1
183378	0	4810802	0
183378	0	4835769	1
183378	0	4856305	1
183378	0	4862063	1
183378	0	5105265	0
183378	0	5286899	0
183378	0	5391353	1
183378	0	5534703	1
183378	0	5534707	1
183378	0	5534708	1
183378	0	5534711	1
183378	0	5728400	0
183378	0	5798333	1
183378	0	6295431	0
183378	0	6548235	1
183378	0	6569755	0
183378	0	6880045	1
183378	0	6960777	0
183378	0	711450	0
183378	0	7449744	1
183378	0	7449750	1
183378	0	7449751	1
183378	0	7449752	1
183378	0	749548	1
183378	0	7677975	1
183378	0	7703397	1
183378	0	7878227	0
183378	0	7952865	1
183378	0	8079968	0
183378	0	8079970	0
183378	0	8121377	1
183378	0	8121380	1
183378	0	8191188	1
183378	0	828108	1
183378	0	8507877	1
183378	0	8570256	1
183378	0	8570257	1
183378	0	8570258	1
183378	0	8570260	1
183378	0	8570261	1
183378	0	8577215	1
183378	0	8643931	0
183378	0	8756893	0
183378	0	8779628	1
183378	0	8794302	1
183378	0	8794303	1
183378	0	8794304	1
183378	0	8794308	1
19335	0	1280402	0
19335	0	129764	0
19335	0	1359917	0
19335	0	1389478	1
19335	0	1389479	1
19335	0	1555319	0
19335	0	1568084	0
19335	0	1568085	0
19335	0	1568088	0
19335	0	1616883	0
19335	0	1705525	0
19335	0	1722	0
19335	0	1725697	0
19335	0	1726	1
19335	0	1729	1
19335	0	1730	0
19335	0	1746951	0
19335	0	1796647	0
19335	0	1837110	0
19335	0	1994172	0
19335	0	2046341	0
19335	0	2046505	0
19335	0	2108336	0
19335	0	2943087	0
19335	0	3156238	1
19335	0	3175481	1
19335	0	3175484	1
19335	0	3260688	0
19335	0	342431	1
19335	0	342432	0
19335	0	3445058	0
19335	0	3497214	0
19335	0	3539483	1
19335	0	3653053	0
19335	0	4349928	0
19335	0	436828	0
19335	0	4540808	0
19335	0	4540809	0
19335	0	4540816	0
19335	0	4835655	0
19335	0	5051739	0
19335	0	5140471	0
19335	0	527689	0
19335	0	527690	1
19335	0	527694	0
19335	0	527695	0
19335	0	527698	0
19335	0	5379897	0
19335	0	5454280	0
19335	0	5454283	0
19335	0	5629115	0
19335	0	5843331	0
19335	0	5843332	0
19335	0	6010966	0
19335	0	6109209	0
19335	0	6144461	0
19335	0	6179483	0
19335	0	6214701	0
19335	0	630063	0
19335	0	6452949	1
19335	0	6783161	0
19335	0	6867870	1
19335	0	691492	0
19335	0	691497	0
19335	0	691498	0
19335	0	6999135	0
19335	0	6999143	0
19335	0	7042455	1
19335	0	712802	0
19335	0	712806	0
19335	0	7256139	0
19335	0	7267248	0
19335	0	7276206	0
19335	0	7298833	0
19335	0	7298837	0
19335	0	7298840	0
19335	0	7367402	0
19335	0	7367407	0
19335	0	7367411	0
19335	0	7692043	0
19335	0	7727462	0
19335	0	8024611	0
19335	0	8080924	0
19335	0	8151642	1
19335	0	8151650	1
19335	0	819168	1
19335	0	8218756	0
19335	0	8412681	1
19335	0	8412682	1
19335	0	8412683	1
19335	0	8412684	1
19335	0	8412685	1
19335	0	8412687	1
19335	0	8525221	0
19335	0	8612877	0
19335	0	8635981	1
19335	0	8754859	0
19335	0	8798990	0
19335	0	901325	0
19335	0	901329	0
207786	0	1081009	0
207786	0	1081010	0
207786	0	1081011	0
207786	0	1085404	0
207786	0	1085406	0
207786	0	13254	0
207786	0	13262	0
207786	0	197297	0
207786	0	2288091	0
207786	0	2288092	0
207786	0	2315834	0
207786	0	2322024	0
207786	0	2397607	0
207786	0	263210	0
207786	0	2763917	1
207786	0	280082	0
207786	0	2998723	0
207786	0	2998726	0
207786	0	3103885	0
207786	0	3232784	0
207786	0	3352521	0
207786	0	3506136	0
207786	0	3522830	0
207786	0	3597549	0
207786	0	3773663	0
207786	0	3931757	0
207786	0	3931763	0
207786	0	403538	0
207786	0	4257473	0
207786	0	4580648	0
207786	0	4660023	0
207786	0	4660025	0
207786	0	4660027	0
207786	0	4660028	0
207786	0	4672265	0
207786	0	4674262	0
207786	0	4754014	0
207786	0	5114969	0
207786	0	5170143	0
207786	0	5170147	0
207786	0	5175113	0
207786	0	5195205	0
207786	0	5321444	0
207786	0	5365946	0
207786	0	5388259	0
207786	0	5388266	0
207786	0	5624825	0
207786	0	5624828	0
207786	0	5624830	0
207786	0	5624831	0
207786	0	5624832	0
207786	0	5624834	0
207786	0	5745781	0
207786	0	5745786	0
207786	0	5804666	0
207786	0	5990371	0
207786	0	5990374	0
207786	0	6003357	0
207786	0	6003360	0
207786	0	6031630	1
207786	0	6060398	0
207786	0	6133373	0
207786	0	6226372	0
207786	0	6226377	0
207786	0	6309217	0
207786	0	6309220	0
207786	0	6309223	0
207786	0	6474686	0
207786	0	6547477	0
207786	0	655407	0
207786	0	6563690	0
207786	0	673361	0
207786	0	6736451	0
207786	0	688486	0
207786	0	706234	0
207786	0	7449212	0
207786	0	7449213	0
207786	0	7510472	1
207786	0	7599318	1
207786	0	7639366	1
207786	0	7777867	0
207786	0	7780967	0
207786	0	7869794	0
207786	0	7941579	1
207786	0	8185061	0
207786	0	8185063	0
207786	0	8185064	0
207786	0	8265334	0
207786	0	8273754	1
207786	0	8273755	0
207786	0	8273756	1
207786	0	8273757	1
207786	0	8273758	1
207786	0	8273759	1
207786	0	8273760	1
207786	0	8273761	1
207786	0	8273762	1
207786	0	8273763	1
207786	0	8367880	0
207786	0	8622991	0
264014	0	1163962	0
264014	0	1313260	1
264014	0	1444280	0
264014	0	1610706	1
264014	0	1610708	0
264014	0	1610709	0
264014	0	1610710	0
264014	0	1610711	1
264014	0	1610712	1
264014	0	1610713	1
264014	0	1610714	1
264014	0	1697966	0
264014	0	1804644	1
264014	0	2223171	1
264014	0	2420367	1
264014	0	2438164	0
264014	0	2474341	1
264014	0	2498165	1
264014	0	2572557	0
264014	0	2688537	0
264014	0	276903	0
264014	0	2991665	0
264014	0	3120993	1
264014	0	3201487	0
264014	0	3215992	0
264014	0	331933	1
264014	0	331935	1
264014	0	3338823	1
264014	0	3338827	1
264014	0	340485	1
264014	0	340490	1
264014	0	3577342	1
264014	0	3577344	0
264014	0	3585842	1
264014	0	3666583	1
264014	0	3666584	1
264014	0	3683674	1
264014	0	3720137	1
264014	0	3764482	1
264014	0	3780879	1
264014	0	4018134	0
264014	0	4018139	0
264014	0	4021598	1
264014	0	4125993	1
264014	0	4125994	1
264014	0	4239616	0
264014	0	4425760	0
264014	0	447992	1
264014	0	4615176	1
264014	0	4647186	1
264014	0	4687213	1
264014	0	473960	0
264014	0	4834545	1
264014	0	4834547	1
264014	0	5063302	0
264014	0	5063309	0
264014	0	5104401	0
264014	0	528372	1
264014	0	528379	1
264014	0	5328095	1
264014	0	5386309	0
264014	0	5386314	0
264014	0	5583426	0
264014	0	5587285	0
264014	0	5611210	1
264014	0	5635519	1
264014	0	5635521	1
264014	0	5849270	1
264014	0	5896177	1
264014	0	5950719	1
264014	0	5950722	1
264014	0	5950723	1
264014	0	5950724	0
264014	0	5950725	1
264014	0	6105566	1
264014	0	6105572	1
264014	0	6333841	1
264014	0	6337909	1
264014	0	6501719	0
264014	0	6555322	1
264014	0	6641238	1
264014	0	684616	1
264014	0	684618	1
264014	0	7196300	1
264014	0	7317297	1
264014	0	7326934	1
264014	0	8008355	1
264014	0	8193533	1
264014	0	8310921	0
264014	0	8502491	0
264014	0	8531389	1
264014	0	8531391	0
264014	0	8623794	0
264014	0	96851	1
264014	0	96852	1
264014	0	96854	0
264014	0	96855	1
264014	0	96856	1
264014	0	96857	1
264014	0	96859	1
359349	0	15799	0
359349	0	15800	0
359349	0	15801	0
359349	0	15802	0
359349	0	15803	0
359349	0	15804	0
359349	0	15805	0
359349	0	15806	0
359349	0	15807	0
359349	0	15808	0
359349	0	1622451	0
359349	0	1622452	0
359349	0	1622457	0
359349	0	1830517	1
359349	0	2229870	0
359349	0	2259899	0
359349	0	2293820	1
359349	0	2826510	1
359349	0	2826513	0
359349	0	2964479	0
359349	0	3176540	0
359349	0	3176541	0
359349	0	3176542	0
359349	0	3176543	0
359349	0	3176548	0
359349	0	3193824	1
359349	0	3215625	0
359349	0	3223831	1
359349	0	3223833	1
359349	0	3900185	1
359349	0	4013719	0
359349	0	4013720	0
359349	0	4013723	1
359349	0	4013724	0
359349	0	4013725	0
359349	0	4020470	1
359349	0	4020471	0
359349	0	4020472	0
359349	0	4020476	0
359349	0	4020478	0
359349	0	4020479	0
359349	0	4087265	0
359349	0	4087268	0
359349	0	4344098	0
359349	0	4344099	0
359349	0	4344100	0
359349	0	4463572	0
359349	0	4463573	0
359349	0	4463574	0
359349	0	4474866	1
359349	0	4474872	0
359349	0	4551556	0
359349	0	4551557	0
359349	0	457673	1
359349	0	4881617	0
359349	0	5151802	0
359349	0	5219970	0
359349	0	5219971	0
359349	0	5219976	0
359349	0	5322530	0
359349	0	5322532	0
359349	0	5345720	0
359349	0	5615181	1
359349	0	5615187	0
359349	0	576627	1
359349	0	576628	1
359349	0	576629	1
359349	0	576632	0
359349	0	576635	0
359349	0	5773713	0
359349	0	5773714	0
359349	0	5773715	0
359349	0	5773716	0
359349	0	5773717	0
359349	0	5773718	0
359349	0	5773719	0
359349	0	5806106	0
359349	0	5806110	0
359349	0	607024	0
359349	0	6108721	1
359349	0	6113313	0
359349	0	6113314	0
359349	0	6440028	0
359349	0	68647	1
359349	0	68648	1
359349	0	68649	1
359349	0	68650	0
359349	0	68653	1
359349	0	7277971	0
359349	0	7329397	0
359349	0	7579885	0
359349	0	7857628	0
359349	0	7857629	0
359349	0	7857632	0
359349	0	7857634	0
359349	0	8058869	0
359349	0	8398223	0
359349	0	8748954	0
359349	0	8811558	0
359349	0	943229	1
405717	0	1589738	1
405717	0	1619423	1
405717	0	1849743	1
405717	0	2125641	1
405717	0	234955	1
405717	0	2365659	1
405717	0	2365660	0
405717	0	2365661	1
405717	0	2365662	1
405717	0	2365663	1
405717	0	2365665	1
405717	0	2413458	1
405717	0	2413461	1
405717	0	2616168	1
405717	0	2642838	0
405717	0	2702419	0
405717	0	2702423	1
405717	0	273851	1
405717	0	2747484	1
405717	0	2747485	1
405717	0	2747486	0
405717	0	2747488	0
405717	0	2747489	0
405717	0	2747491	0
405717	0	2747492	1
405717	0	2768521	0
405717	0	28368	0
405717	0	28372	0
405717	0	2879960	0
405717	0	3033900	1
405717	0	3033904	0
405717	0	3274915	0
405717	0	3274918	0
405717	0	3514259	1
405717	0	3803378	1
405717	0	3986303	0
405717	0	3986305	0
405717	0	3986307	0
405717	0	3986308	0
405717	0	3986309	0
405717	0	4326699	1
405717	0	4406585	1
405717	0	4432155	1
405717	0	4489661	0
405717	0	4489666	0
405717	0	4577231	1
405717	0	4704973	0
405717	0	4704975	1
405717	0	4704978	1
405717	0	4711654	1
405717	0	4776926	0
405717	0	4776928	1
405717	0	4828118	1
405717	0	4987955	0
405717	0	505912	1
405717	0	5079482	1
405717	0	5079486	0
405717	0	5274649	0
405717	0	5638740	0
405717	0	5668741	1
405717	0	5690233	1
405717	0	5690234	1
405717	0	5690237	1
405717	0	576346	1
405717	0	5857562	0
405717	0	6419725	0
405717	0	6442862	1
405717	0	6654655	1
405717	0	6741362	1
405717	0	6786304	0
405717	0	702383	0
405717	0	702386	0
405717	0	7170624	0
405717	0	7170625	0
405717	0	7170626	1
405717	0	7170629	1
405717	0	7170630	1
405717	0	7201361	1
405717	0	7288996	1
405717	0	7447941	0
405717	0	7447942	1
405717	0	7447943	0
405717	0	7458371	0
405717	0	758581	0
405717	0	758582	1
405717	0	758585	0
405717	0	758586	1
405717	0	7589975	0
405717	0	7728831	0
405717	0	7896211	1
405717	0	7896212	1
405717	0	7965240	1
405717	0	8156519	0
405717	0	8433852	1
405717	0	8433854	1
405717	0	8433856	0
405717	0	8433858	0
405717	0	846414	1
405717	0	8610271	0
405717	0	931517	1
443396	0	1091609	0
443396	0	1211156	0
443396	0	1367149	0
443396	0	1367150	0
443396	0	1367154	0
443396	0	1465664	1
443396	0	1465667	1
443396	0	1469068	1
443396	0	1587663	0
443396	0	1826142	1
443396	0	2038000	1
443396	0	2082395	0
443396	0	2143845	1
443396	0	2143847	1
443396	0	2144852	0
443396	0	2188880	0
443396	0	227255	0
443396	0	2349193	0
443396	0	2434039	0
443396	0	2434043	0
443396	0	2438904	0
443396	0	2448872	0
443396	0	2490482	1
443396	0	2654914	0
443396	0	2654918	0
443396	0	2654920	0
443396	0	2654922	0
443396	0	279294	1
443396	0	3007982	1
443396	0	3007987	0
443396	0	3008668	0
443396	0	3222557	1
443396	0	339130	0
443396	0	3438593	0
443396	0	3519033	1
443396	0	3526407	1
443396	0	3526411	1
443396	0	3648921	0
443396	0	368001	1
443396	0	3703289	0
443396	0	3750163	0
443396	0	3861791	0
443396	0	3961940	0
443396	0	3961947	0
443396	0	4052112	1
443396	0	4208445	0
443396	0	4452727	0
443396	0	4526744	1
443396	0	453706	0
443396	0	456708	1
443396	0	456710	1
443396	0	4774806	1
443396	0	4792649	0
443396	0	4792650	0
443396	0	4792655	0
443396	0	483935	0
443396	0	4896251	1
443396	0	5048840	0
443396	0	5053511	1
443396	0	5285667	1
443396	0	5468743	0
443396	0	5653999	0
443396	0	5932403	0
443396	0	6056355	0
443396	0	6349608	0
443396	0	6397543	0
443396	0	6568383	0
443396	0	6587149	0
443396	0	6590997	0
443396	0	6704846	0
443396	0	6776524	0
443396	0	6781701	0
443396	0	7242384	0
443396	0	7242390	0
443396	0	7422742	1
443396	0	755968	0
443396	0	759261	0
443396	0	7617065	0
443396	0	7620276	1
443396	0	7730354	0
443396	0	789926	0
443396	0	7922077	1
443396	0	8079039	1
443396	0	8079040	0
443396	0	8079046	1
443396	0	8117806	0
443396	0	8171402	1
443396	0	8204431	0
443396	0	822432	0
443396	0	822437	0
443396	0	8266065	0
443396	0	8348187	0
443396	0	844323	0
443396	0	8536118	1
443396	0	8542630	0
443396	0	8599548	0
443396	0	8687371	0
443396	0	8699743	0
443396	0	8769481	0
443396	0	8769489	0
451602	0	1078133	0
451602	0	1078134	0
451602	0	1078139	0
451602	0	1094138	1
451602	0	124065	0
451602	0	1277287	0
451602	0	1277289	0
451602	0	1277290	0
451602	0	1277293	0
451602	0	1575781	0
451602	0	1626653	0
451602	0	1640289	0
451602	0	1715030	0
451602	0	2084905	0
451602	0	2084909	0
451602	0	2154597	0
451602	0	2176450	0
451602	0	2176453	0
451602	0	2176454	0
451602	0	2176455	0
451602	0	2176459	1
451602	0	2244882	0
451602	0	2284888	0
451602	0	2329889	0
451602	0	2482418	0
451602	0	2922141	0
451602	0	2922142	0
451602	0	2922145	0
451602	0	2922147	0
451602	0	3052112	0
451602	0	3090663	0
451602	0	3090666	0
451602	0	3090668	0
451602	0	3090670	0
451602	0	3090671	0
451602	0	3090672	0
451602	0	3177691	0
451602	0	3177692	0
451602	0	3177700	0
451602	0	3347274	0
451602	0	3347278	0
451602	0	3746411	0
451602	0	4176454	1
451602	0	4345752	0
451602	0	4358117	0
451602	0	4453605	0
451602	0	4453608	0
451602	0	4487185	0
451602	0	4874640	0
451602	0	4874641	0
451602	0	5018391	0
451602	0	5018392	0
451602	0	5018394	0
451602	0	5053853	0
451602	0	5179251	0
451602	0	5211036	0
451602	0	5371416	0
451602	0	5475308	1
451602	0	5534586	0
451602	0	5538936	0
451602	0	5538937	1
451602	0	5538938	0
451602	0	5538940	0
451602	0	5538945	0
451602	0	5741073	0
451602	0	5902818	0
451602	0	5913111	0
451602	0	6225558	0
451602	0	6242935	0
451602	0	6250347	0
451602	0	6286974	0
451602	0	6286977	0
451602	0	6286981	0
451602	0	6286982	0
451602	0	6618756	0
451602	0	6994774	0
451602	0	705851	0
451602	0	7315074	0
451602	0	7326276	0
451602	0	7403454	0
451602	0	7510020	0
451602	0	7510025	0
451602	0	7792099	0
451602	0	7800959	0
451602	0	7804169	1
451602	0	7859334	0
451602	0	7864188	0
451602	0	8025740	0
451602	0	8033474	0
451602	0	8214452	0
451602	0	8383461	0
451602	0	8383465	0
451602	0	8390518	0
451602	0	8485132	0
451602	0	8485136	0
451602	0	8540468	0
451602	0	8621776	1
451602	0	8787234	1
451602	0	949152	0
451602	0	96224	0
47923	0	1161940	1
47923	0	146706	1
47923	0	1488916	1
47923	0	1488918	1
47923	0	1488919	1
47923	0	1496426	1
47923	0	1506786	1
47923	0	1565060	1
47923	0	1681331	1
47923	0	1681332	1
47923	0	1681334	1
47923	0	1681336	1
47923	0	1681337	1
47923	0	1827449	1
47923	0	1868437	1
47923	0	1868438	1
47923	0	1960681	1
47923	0	2044900	1
47923	0	2135499	1
47923	0	2284132	1
47923	0	2402776	1
47923	0	2408264	1
47923	0	2508230	1
47923	0	2699736	1
47923	0	2699737	1
47923	0	2704000	1
47923	0	2838662	1
47923	0	3348834	1
47923	0	3348838	1
47923	0	3589347	1
47923	0	3703415	1
47923	0	3785497	1
47923	0	3883233	1
47923	0	4257345	1
47923	0	4297620	1
47923	0	4523464	1
47923	0	4587558	1
47923	0	4652799	1
47923	0	4684893	1
47923	0	4684895	1
47923	0	473807	1
47923	0	473809	1
47923	0	4818815	1
47923	0	4991357	1
47923	0	5032362	1
47923	0	5032364	1
47923	0	5147526	1
47923	0	5147527	1
47923	0	5147528	1
47923	0	5147529	1
47923	0	5147530	1
47923	0	525511	1
47923	0	5417580	1
47923	0	5417582	1
47923	0	5417583	1
47923	0	5417584	1
47923	0	5586331	1
47923	0	5911790	1
47923	0	6089359	1
47923	0	618556	1
47923	0	6191	1
47923	0	6210760	1
47923	0	6241147	1
47923	0	6241150	1
47923	0	6241151	1
47923	0	6241152	1
47923	0	6241153	1
47923	0	6267282	1
47923	0	6626703	1
47923	0	6626705	1
47923	0	6643066	1
47923	0	6696631	1
47923	0	6919836	1
47923	0	6919841	1
47923	0	6935784	1
47923	0	7038128	1
47923	0	7071694	1
47923	0	7071695	1
47923	0	7137895	1
47923	0	7417276	1
47923	0	766019	1
47923	0	7747055	1
47923	0	7774316	1
47923	0	7774318	1
47923	0	7914498	1
47923	0	8110288	0
47923	0	8284608	0
47923	0	8348762	1
47923	0	8418678	1
47923	0	8418679	1
47923	0	8418681	1
47923	0	8418683	1
47923	0	8418684	1
47923	0	8619126	1
47923	0	8619129	1
47923	0	8619130	1
47923	0	8641104	1
47923	0	8641106	1
47923	0	8641107	1
47923	0	99926	1
489204	0	1051498	1
489204	0	1070807	1
489204	0	113238	1
489204	0	114148	1
489204	0	1225589	1
489204	0	1276947	1
489204	0	1310101	1
489204	0	1310103	1
489204	0	1310106	1
489204	0	1310107	1
489204	0	1310108	1
489204	0	1319513	1
489204	0	1410249	1
489204	0	1410255	1
489204	0	1418931	1
489204	0	1418935	1
489204	0	1479542	1
489204	0	1538587	1
489204	0	1736553	1
489204	0	1759354	1
489204	0	1759357	1
489204	0	1759360	1
489204	0	1778458	1
489204	0	1950269	1
489204	0	1950273	1
489204	0	2016623	1
489204	0	2053095	1
489204	0	2163701	1
489204	0	216490	1
489204	0	216492	1
489204	0	2218038	1
489204	0	2268657	1
489204	0	2959687	1
489204	0	3012141	1
489204	0	3049941	1
489204	0	3075337	1
489204	0	3075338	1
489204	0	3608627	1
489204	0	3744940	1
489204	0	3778489	1
489204	0	3980122	1
489204	0	3980126	1
489204	0	4029846	1
489204	0	4088951	1
489204	0	4279451	1
489204	0	4387756	1
489204	0	4430765	1
489204	0	465742	1
489204	0	4917998	1
489204	0	4917999	1
489204	0	4918001	1
489204	0	4918005	1
489204	0	4929952	1
489204	0	528348	1
489204	0	528349	1
489204	0	535375	1
489204	0	5519177	1
489204	0	5583224	1
489204	0	5629373	1
489204	0	5815950	1
489204	0	5815958	1
489204	0	5895917	1
489204	0	6087671	1
489204	0	6237427	1
489204	0	6237429	1
489204	0	6237430	1
489204	0	6301568	1
489204	0	6327176	1
489204	0	6327178	1
489204	0	6327179	1
489204	0	6327182	1
489204	0	6397957	1
489204	0	66437	1
489204	0	6661536	1
489204	0	6665319	1
489204	0	6753502	1
489204	0	6753503	1
489204	0	678245	1
489204	0	7113153	1
489204	0	7116533	1
489204	0	7432758	1
489204	0	753265	1
489204	0	7564977	1
489204	0	7564980	1
489204	0	7660249	1
489204	0	7718090	1
489204	0	7734612	1
489204	0	8054792	1
489204	0	8055356	1
489204	0	8083618	1
489204	0	8376906	1
489204	0	8376910	1
489204	0	8395205	1
489204	0	8420374	1
489204	0	855967	1
489204	0	855969	1
489204	0	8594276	1
489204	0	8737051	1
489204	0	8737053	1
489204	0	973923	1
490595	0	1160847	1
490595	0	1194055	1
490595	0	1194060	1
490595	0	1288938	1
490595	0	1288940	1
490595	0	1288943	1
490595	0	1391477	1
490595	0	1473259	1
490595	0	1530274	1
490595	0	1620438	1
490595	0	1652460	1
490595	0	1754202	1
490595	0	1894652	1
490595	0	1894653	1
490595	0	1894656	1
490595	0	1929910	1
490595	0	1929911	1
490595	0	2197786	1
490595	0	2507917	1
490595	0	2661183	1
490595	0	2788470	1
490595	0	2850740	1
490595	0	3175975	1
490595	0	3403265	1
490595	0	3403268	1
490595	0	3497876	1
490595	0	3572694	1
490595	0	3572695	1
490595	0	3572698	1
490595	0	3572701	1
490595	0	3595606	1
490595	0	3833408	1
490595	0	3833409	1
490595	0	3833413	1
490595	0	3845163	1
490595	0	3937197	1
490595	0	3937200	1
490595	0	3937204	1
490595	0	4292443	1
490595	0	4420107	1
490595	0	4737059	1
490595	0	4737060	1
490595	0	4737061	1
490595	0	4737063	1
490595	0	4737064	1
490595	0	4737065	1
490595	0	4737066	1
490595	0	4737067	1
490595	0	4737068	1
490595	0	4763065	1
490595	0	4763066	1
490595	0	4763070	1
490595	0	4842889	1
490595	0	4842890	1
490595	0	4842891	1
490595	0	4842894	1
490595	0	4842896	1
490595	0	4842897	1
490595	0	5112294	1
490595	0	5128293	1
490595	0	5247992	1
490595	0	5247999	1
490595	0	5248000	1
490595	0	526093	1
490595	0	5359212	1
490595	0	5359213	1
490595	0	5488538	1
490595	0	549465	1
490595	0	549466	1
490595	0	5612095	0
490595	0	5612099	0
490595	0	5633627	1
490595	0	5633631	1
490595	0	6206562	1
490595	0	6412650	1
490595	0	6742115	1
490595	0	6742119	1
490595	0	6845345	1
490595	0	6976956	1
490595	0	6976960	1
490595	0	7045863	1
490595	0	7340532	1
490595	0	7385093	1
490595	0	7598980	1
490595	0	7698193	1
490595	0	7839903	1
490595	0	7839904	1
490595	0	7839906	1
490595	0	7839907	1
490595	0	7839908	1
490595	0	7839910	1
490595	0	7839911	1
490595	0	805046	1
490595	0	805048	1
490595	0	805049	1
490595	0	805051	1
490595	0	8485138	1
490595	0	8485139	1
490595	0	8544459	1
490595	0	8709994	1
527433	0	1101457	0
527433	0	1101460	0
527433	0	1101462	0
527433	0	1251475	0
527433	0	1251477	0
527433	0	1251478	0
527433	0	1251480	0
527433	0	1251481	0
527433	0	1317222	0
527433	0	1317224	0
527433	0	1317225	0
527433	0	1379240	1
527433	0	1379245	1
527433	0	1511554	0
527433	0	1542069	0
527433	0	1664523	1
527433	0	1721940	0
527433	0	1753605	0
527433	0	1753608	0
527433	0	1753610	0
527433	0	1993691	0
527433	0	1993699	0
527433	0	2004910	0
527433	0	2018341	0
527433	0	2235421	0
527433	0	2331981	0
527433	0	2331982	0
527433	0	2331984	0
527433	0	2496224	0
527433	0	2496227	0
527433	0	269423	0
527433	0	269424	0
527433	0	269425	0
527433	0	269426	0
527433	0	269428	0
527433	0	269429	0
527433	0	269430	0
527433	0	278402	0
527433	0	2981253	0
527433	0	2981256	0
527433	0	301243	0
527433	0	3136613	0
527433	0	3139056	0
527433	0	319844	0
527433	0	3294600	0
527433	0	3786813	0
527433	0	4046876	0
527433	0	422228	0
527433	0	422236	0
527433	0	4351170	0
527433	0	4351171	0
527433	0	4351175	0
527433	0	4402992	0
527433	0	4402994	0
527433	0	4402995	0
527433	0	4903729	0
527433	0	4903731	0
527433	0	4903736	0
527433	0	4958693	0
527433	0	4958696	0
527433	0	4958697	0
527433	0	5331576	0
527433	0	5466807	1
527433	0	5466810	0
527433	0	547444	0
527433	0	5479497	0
527433	0	5479502	0
527433	0	5501454	0
527433	0	5603299	0
527433	0	5603300	0
527433	0	5603301	0
527433	0	5603305	0
527433	0	5603306	0
527433	0	5629888	0
527433	0	5878263	0
527433	0	6038397	0
527433	0	6038398	0
527433	0	6045939	0
527433	0	6186391	0
527433	0	6186394	0
527433	0	653097	0
527433	0	653103	0
527433	0	653104	0
527433	0	6667279	0
527433	0	6708088	0
527433	0	6743092	0
527433	0	6743093	0
527433	0	6897131	0
527433	0	6928819	0
527433	0	7514088	0
527433	0	7514089	0
527433	0	7514090	0
527433	0	7607669	1
527433	0	8306449	0
527433	0	8306451	0
527433	0	8322920	1
527433	0	8371764	0
527433	0	8617271	1
527433	0	8617274	0
527433	0	8617275	0
573724	0	1033756	0
573724	0	1113579	0
573724	0	1165128	1
573724	0	1165129	1
573724	0	1183178	0
573724	0	1183181	0
573724	0	1293333	1
573724	0	1376204	0
573724	0	1376205	0
573724	0	141998	1
573724	0	148751	0
573724	0	148753	0
573724	0	1509937	1
573724	0	1509939	1
573724	0	1509940	1
573724	0	1509942	1
573724	0	1509944	1
573724	0	1816038	1
573724	0	1817741	1
573724	0	2002445	1
573724	0	2002448	1
573724	0	2021252	1
573724	0	2084571	0
573724	0	2133806	1
573724	0	2186124	1
573724	0	2417985	1
573724	0	2910045	1
573724	0	3146236	1
573724	0	3146238	1
573724	0	3146240	1
573724	0	3365631	1
573724	0	3365632	1
573724	0	3365633	1
573724	0	3365635	1
573724	0	3365636	1
573724	0	3365638	1
573724	0	3365639	1
573724	0	3365640	1
573724	0	3546092	1
573724	0	3617636	1
573724	0	3644944	0
573724	0	394136	1
573724	0	394138	1
573724	0	394139	1
573724	0	394142	1
573724	0	4017883	1
573724	0	41433	1
573724	0	4360246	1
573724	0	4457787	0
573724	0	4966874	0
573724	0	5047796	1
573724	0	5185664	1
573724	0	5185671	1
573724	0	525215	0
573724	0	5306910	1
573724	0	5310530	1
573724	0	5339620	1
573724	0	5384308	1
573724	0	5721833	1
573724	0	5962419	1
573724	0	5962423	1
573724	0	5962424	1
573724	0	5962426	1
573724	0	5962428	1
573724	0	6121093	1
573724	0	6462957	1
573724	0	6911370	0
573724	0	7104825	1
573724	0	7104826	1
573724	0	7134411	1
573724	0	7199667	1
573724	0	7199669	1
573724	0	7199672	1
573724	0	7199673	1
573724	0	7199674	0
573724	0	7199675	1
573724	0	7275118	1
573724	0	7384325	1
573724	0	7384332	1
573724	0	7609926	1
573724	0	7609927	1
573724	0	7609928	1
573724	0	7609929	1
573724	0	7609930	1
573724	0	7609932	1
573724	0	7609933	1
573724	0	7674858	1
573724	0	8047166	1
573724	0	8404002	1
573724	0	8436350	1
573724	0	8441642	1
573724	0	8444727	1
573724	0	8444730	1
573724	0	8450864	0
573724	0	8492171	1
573724	0	8540429	0
573724	0	87405	1
573724	0	87409	1
573724	0	8833192	1
573724	0	8833199	1
833860	0	1016915	0
833860	0	115142	0
833860	0	1400521	0
833860	0	1448548	0
833860	0	1524399	0
833860	0	1524401	0
833860	0	1524402	0
833860	0	1524403	0
833860	0	1524406	0
833860	0	1524644	0
833860	0	1524648	0
833860	0	1579406	0
833860	0	1694695	0
833860	0	1751577	0
833860	0	1799623	0
833860	0	1859403	0
833860	0	1900577	0
833860	0	1969741	0
833860	0	1971028	0
833860	0	2036934	0
833860	0	2188108	0
833860	0	2192805	0
833860	0	2386361	0
833860	0	2488236	0
833860	0	2488241	0
833860	0	2597196	0
833860	0	2702357	1
833860	0	2702358	0
833860	0	2727126	0
833860	0	280004	0
833860	0	280008	0
833860	0	2829180	0
833860	0	2829181	0
833860	0	3026174	0
833860	0	3087477	0
833860	0	3107240	0
833860	0	3107242	0
833860	0	3437285	0
833860	0	3437288	0
833860	0	3437289	1
833860	0	3544301	0
833860	0	3729262	0
833860	0	3798217	0
833860	0	4046129	0
833860	0	4460348	0
833860	0	456068	0
833860	0	4565141	0
833860	0	4565899	0
833860	0	4736124	0
833860	0	4967639	0
833860	0	5167513	1
833860	0	5178289	0
833860	0	5229080	0
833860	0	541470	0
833860	0	5500892	0
833860	0	557588	0
833860	0	5639026	0
833860	0	5759683	0
833860	0	5967462	0
833860	0	5988243	0
833860	0	611992	0
833860	0	6209174	0
833860	0	6230220	1
833860	0	6230221	1
833860	0	6230222	1
833860	0	6230226	1
833860	0	6230227	1
833860	0	6230229	0
833860	0	6277473	0
833860	0	6297606	0
833860	0	6406714	0
833860	0	6406715	0
833860	0	6510230	0
833860	0	6541901	0
833860	0	6610436	0
833860	0	6654798	0
833860	0	6738736	0
833860	0	6829804	0
833860	0	6886846	0
833860	0	7007433	0
833860	0	7023585	0
833860	0	7153349	0
833860	0	7153355	0
833860	0	7184644	0
833860	0	7184650	0
833860	0	7192576	0
833860	0	7508039	0
833860	0	7548089	0
833860	0	7826521	0
833860	0	7973006	0
833860	0	8112006	0
833860	0	8119467	0
833860	0	8160728	0
833860	0	8189156	0
833860	0	8344031	1
833860	0	8469913	0
833860	0	8584923	0
833860	0	8683095	0
833860	0	8697642	0
833860	0	8742336	0
855410	0	1041939	0
855410	0	1051865	0
855410	0	1147809	0
855410	0	1147810	0
855410	0	1147811	0
855410	0	1294305	0
855410	0	1294308	0
855410	0	1561018	0
855410	0	159665	0
855410	0	1685597	0
855410	0	1719692	0
855410	0	1795261	0
855410	0	1874884	0
855410	0	1929957	0
855410	0	1970390	0
855410	0	229903	0
855410	0	232305	0
855410	0	2350118	0
855410	0	2418458	0
855410	0	2418890	0
855410	0	2418893	0
855410	0	2506511	0
855410	0	2519077	0
855410	0	2737046	0
855410	0	3006601	0
855410	0	3110654	0
855410	0	3113274	0
855410	0	3200693	0
855410	0	326818	0
855410	0	3340202	0
855410	0	3340204	0
855410	0	352146	0
855410	0	3527605	0
855410	0	3724700	0
855410	0	3724701	0
855410	0	3948069	0
855410	0	4275296	0
855410	0	4406031	0
855410	0	4503925	0
855410	0	4518587	0
855410	0	4636144	0
855410	0	4685777	0
855410	0	5095701	0
855410	0	5095702	0
855410	0	5130380	0
855410	0	5232523	0
855410	0	5232525	0
855410	0	5239970	0
855410	0	5478153	0
855410	0	5550193	0
855410	0	5558891	0
855410	0	5594994	0
855410	0	5629792	0
855410	0	576583	0
855410	0	6098860	0
855410	0	6133647	0
855410	0	6152822	0
855410	0	6197317	0
855410	0	6218319	0
855410	0	6301992	0
855410	0	6301995	0
855410	0	6301996	0
855410	0	6338974	0
855410	0	6647485	0
855410	0	6674058	0
855410	0	6688284	0
855410	0	6706455	0
855410	0	6759238	0
855410	0	6760182	0
855410	0	6796749	0
855410	0	6859899	0
855410	0	6893643	0
855410	0	6936948	0
855410	0	6936951	0
855410	0	6941139	0
855410	0	7066409	0
855410	0	7066410	0
855410	0	7099015	0
855410	0	7140868	0
855410	0	7151082	0
855410	0	7210777	0
855410	0	7240299	0
855410	0	7456767	0
855410	0	7747483	0
855410	0	788830	0
855410	0	8140208	0
855410	0	8144663	0
855410	0	8145658	0
855410	0	8165085	0
855410	0	8407524	0
855410	0	8448246	0
855410	0	8533683	0
855410	0	8651770	1
855410	0	8651771	1
855410	0	8651772	0
855410	0	8651775	1
855410	0	8651776	0
855410	0	884430	0
855410	0	884436	0
855410	0	984177	0
87181	0	1179100	1
87181	0	123547	0
87181	0	123548	1
87181	0	1519996	1
87181	0	1692902	1
87181	0	1700168	1
87181	0	1766470	0
87181	0	1856241	1
87181	0	1902826	0
87181	0	1902827	0
87181	0	1950525	1
87181	0	1961300	1
87181	0	2024860	1
87181	0	2307979	1
87181	0	2345225	1
87181	0	2374850	1
87181	0	2530227	1
87181	0	2530252	0
87181	0	2530257	1
87181	0	2556144	0
87181	0	2556146	0
87181	0	2556149	0
87181	0	2556150	0
87181	0	2556151	1
87181	0	2763490	1
87181	0	2986227	1
87181	0	3198047	1
87181	0	3216315	1
87181	0	3354162	1
87181	0	3423884	1
87181	0	3914970	1
87181	0	4632251	1
87181	0	4632256	1
87181	0	4689523	1
87181	0	4689524	0
87181	0	4689525	1
87181	0	47203	0
87181	0	47206	0
87181	0	47207	1
87181	0	47208	1
87181	0	47210	0
87181	0	47211	1
87181	0	47212	1
87181	0	4786305	1
87181	0	5197130	0
87181	0	5197133	0
87181	0	5197135	1
87181	0	5197136	0
87181	0	5197138	0
87181	0	5469038	1
87181	0	6029788	1
87181	0	6055562	1
87181	0	6262331	1
87181	0	6484575	1
87181	0	6484576	1
87181	0	6484578	1
87181	0	6521360	0
87181	0	6521366	1
87181	0	6685092	1
87181	0	6774305	1
87181	0	6928212	1
87181	0	6969187	1
87181	0	7057928	1
87181	0	7112964	1
87181	0	7112968	1
87181	0	7139898	0
87181	0	742425	1
87181	0	7666828	0
87181	0	7666831	0
87181	0	803955	0
87181	0	8082516	0
87181	0	8151919	0
87181	0	8151921	1
87181	0	8151922	0
87181	0	8151926	1
87181	0	8165398	0
87181	0	8165403	0
87181	0	8183977	1
87181	0	8183981	1
87181	0	8183982	1
87181	0	8246410	1
87181	0	8332546	1
87181	0	8332547	1
87181	0	8332548	1
87181	0	8332551	1
87181	0	8332555	1
87181	0	8476330	0
87181	0	8522403	1
87181	0	8534134	1
87181	0	8534135	1
87181	0	8565420	1
87181	0	8614359	0
87181	0	8614360	0
87181	0	8664069	0
87181	0	8683178	1
87181	0	8683181	0
87181	0	8683185	1
87181	0	8738512	0
87181	0	921633	0
87181	0	935164	0
87452	0	1118401	0
87452	0	1150485	0
87452	0	1185292	0
87452	0	119522	0
87452	0	1395625	0
87452	0	1642159	0
87452	0	1749882	1
87452	0	186931	1
87452	0	186939	1
87452	0	1890450	0
87452	0	1971830	0
87452	0	2026775	0
87452	0	2026777	0
87452	0	2035306	1
87452	0	2127122	0
87452	0	2571220	0
87452	0	2571221	0
87452	0	2571223	0
87452	0	2951800	0
87452	0	3347347	0
87452	0	3347348	0
87452	0	3540111	0
87452	0	3732121	0
87452	0	3732895	0
87452	0	3808783	1
87452	0	3809016	0
87452	0	3809017	0
87452	0	3809018	0
87452	0	3919937	1
87452	0	4157764	0
87452	0	4248450	0
87452	0	4312660	0
87452	0	4496459	0
87452	0	4496461	0
87452	0	4502603	0
87452	0	4557555	0
87452	0	4634899	1
87452	0	4872055	0
87452	0	5048394	0
87452	0	5052034	0
87452	0	5286924	1
87452	0	5296736	1
87452	0	5338945	0
87452	0	5500606	0
87452	0	5694214	0
87452	0	5746165	0
87452	0	5751686	1
87452	0	5836705	0
87452	0	5851090	1
87452	0	6018160	1
87452	0	6018161	0
87452	0	6018163	0
87452	0	6018164	1
87452	0	6018166	1
87452	0	6018167	0
87452	0	6018168	1
87452	0	6018169	0
87452	0	6042747	0
87452	0	6096580	0
87452	0	6159694	0
87452	0	6621971	0
87452	0	6679972	0
87452	0	6679974	0
87452	0	6931702	0
87452	0	7499674	0
87452	0	7499676	0
87452	0	7499678	0
87452	0	7542008	1
87452	0	7588883	0
87452	0	7843982	1
87452	0	7843984	0
87452	0	7897960	0
87452	0	7897962	0
87452	0	7965004	1
87452	0	7965007	1
87452	0	7965011	1
87452	0	8055167	0
87452	0	8055172	0
87452	0	8079127	0
87452	0	8081937	1
87452	0	8152222	1
87452	0	8333912	1
87452	0	8333919	1
87452	0	8333920	1
87452	0	8436571	1
87452	0	8436572	0
87452	0	8436575	0
87452	0	8436576	0
87452	0	8436577	1
87452	0	8436578	0
87452	0	8436579	0
87452	0	8496921	0
87452	0	8496922	0
87452	0	861789	1
87452	0	8819111	1
87452	0	8819112	1
87452	0	8819113	1
87452	0	8819114	1
87452	0	8819115	0
87452	0	8819116	1
915593	0	1396701	0
915593	0	1396704	0
915593	0	1396706	0
915593	0	1396707	0
915593	0	1772930	0
915593	0	1815965	0
915593	0	210379	1
915593	0	2210591	0
915593	0	2210593	1
915593	0	2210594	0
915593	0	2210595	0
915593	0	2210597	0
915593	0	2588143	1
915593	0	2744909	1
915593	0	275732	1
915593	0	2923494	1
915593	0	2923496	1
915593	0	2923497	1
915593	0	2923498	1
915593	0	2923501	1
915593	0	3143377	0
915593	0	3357360	1
915593	0	3375966	1
915593	0	3385971	1
915593	0	3485338	1
915593	0	3523599	0
915593	0	3523602	0
915593	0	3538160	1
915593	0	3538162	0
915593	0	3538163	1
915593	0	3538164	0
915593	0	3538165	0
915593	0	3538166	0
915593	0	3538167	1
915593	0	3573479	0
915593	0	3890492	0
915593	0	3991910	0
915593	0	4566815	0
915593	0	4566816	0
915593	0	4566818	1
915593	0	4566819	0
915593	0	4566822	1
915593	0	4566823	0
915593	0	4691129	0
915593	0	4818067	1
915593	0	4834226	0
915593	0	4910037	1
915593	0	5931264	0
915593	0	5931265	0
915593	0	5931266	1
915593	0	5931268	1
915593	0	5931269	1
915593	0	5931270	0
915593	0	5931271	0
915593	0	6181638	1
915593	0	6761346	0
915593	0	6923050	0
915593	0	6923052	1
915593	0	6923055	0
915593	0	6923057	0
915593	0	7742098	0
915593	0	7816726	0
915593	0	7837084	0
915593	0	7837086	0
915593	0	7861747	0
915593	0	7861749	0
915593	0	7861751	1
915593	0	7861753	1
915593	0	7861756	1
915593	0	8002855	1
915593	0	8029525	1
915593	0	8029532	0
915593	0	8029533	1
915593	0	8103063	0
915593	0	8103065	1
915593	0	8103067	1
915593	0	8103068	0
915593	0	8178996	1
915593	0	8178998	1
915593	0	8178999	0
915593	0	8179000	0
915593	0	8179001	0
915593	0	8179003	0
915593	0	8179005	0
915593	0	82105	0
915593	0	82107	1
915593	0	82109	0
915593	0	82110	1
915593	0	82111	0
915593	0	82113	1
915593	0	82114	0
915593	0	8402970	0
915593	0	8402972	1
915593	0	8402973	0
915593	0	8402974	0
915593	0	8420020	1
915593	0	8455301	0
915593	0	8455302	0
915593	0	8455304	1
915593	0	8455306	0
962179	0	1006859	0
962179	0	1006860	0
962179	0	1006861	0
962179	0	1006865	0
962179	0	1006866	0
962179	0	1006867	0
962179	0	1006868	0
962179	0	1015976	0
962179	0	1645080	0
962179	0	1645087	0
962179	0	181089	0
962179	0	2017001	0
962179	0	2017003	0
962179	0	2131893	0
962179	0	2329697	1
962179	0	2329699	1
962179	0	2632688	0
962179	0	2925975	0
962179	0	2929465	0
962179	0	2929469	0
962179	0	2978866	1
962179	0	2978870	1
962179	0	302861	0
962179	0	302865	0
962179	0	302866	0
962179	0	302868	0
962179	0	3173623	0
962179	0	3422317	0
962179	0	3422318	0
962179	0	3422321	0
962179	0	3661633	0
962179	0	3705165	1
962179	0	3982060	0
962179	0	4209392	0
962179	0	4257873	0
962179	0	4309122	0
962179	0	4511497	0
962179	0	4511498	0
962179	0	4511501	0
962179	0	4511504	0
962179	0	4606387	1
962179	0	4606388	0
962179	0	4606389	0
962179	0	4606390	0
962179	0	4717424	0
962179	0	4717426	0
962179	0	5320368	0
962179	0	536178	0
962179	0	536180	0
962179	0	5427063	0
962179	0	5427064	0
962179	0	5427065	0
962179	0	5427070	0
962179	0	5642479	0
962179	0	5642481	0
962179	0	5653652	0
962179	0	5653655	0
962179	0	5653657	0
962179	0	5773184	0
962179	0	5773189	0
962179	0	5886688	0
962179	0	5919341	0
962179	0	6575560	0
962179	0	6575567	0
962179	0	6675257	0
962179	0	6675258	0
962179	0	6675259	1
962179	0	6675261	0
962179	0	6675262	0
962179	0	6675265	0
962179	0	6898290	0
962179	0	6898292	0
962179	0	6898295	0
962179	0	6904865	0
962179	0	6980697	1
962179	0	6980701	0
962179	0	7126025	0
962179	0	7428143	0
962179	0	7428146	0
962179	0	7588230	0
962179	0	8032264	0
962179	0	8032269	0
962179	0	8689053	0
962179	0	8689054	0
962179	0	8689055	0
962179	0	8689056	0
962179	0	8689057	0
962179	0	8689058	0
962179	0	8746010	0
962179	0	8768974	0
962179	0	8785368	0
962179	0	8785370	0
962179	0	8785371	1
962179	0	8785372	0
962179	0	8785373	0
962179	0	8785374	0
962179	0	8811426	0
962179	0	902372	0
962179	0	902373	0
962179	0	931124	0
