1037798	0	1079773	0
1037798	0	1356119	0
1037798	0	1356120	0
1037798	0	1371155	0
1037798	0	1371161	0
1037798	0	158363	0
1037798	0	1612693	0
1037798	0	1863223	0
1037798	0	2021895	0
1037798	0	2021899	0
1037798	0	2157450	0
1037798	0	2273333	0
1037798	0	2381026	4
1037798	0	2608688	4
1037798	0	2632787	0
1037798	0	2634475	2
1037798	0	2698318	1
1037798	0	2698324	0
1037798	0	2743168	0
1037798	0	2787508	1
1037798	0	2863296	2
1037798	0	3082786	1
1037798	0	3082787	0
1037798	0	3082788	0
1037798	0	3082792	1
1037798	0	3082794	0
1037798	0	3082795	1
1037798	0	3150375	0
1037798	0	3150376	0
1037798	0	3247266	0
1037798	0	3310847	0
1037798	0	3387556	4
1037798	0	3520700	0
1037798	0	3620983	5
1037798	0	3620986	5
1037798	0	3620991	4
1037798	0	3641634	5
1037798	0	3679721	0
1037798	0	3798094	0
1037798	0	4085213	1
1037798	0	4227882	1
1037798	0	4245501	1
1037798	0	4387161	0
1037798	0	4387163	0
1037798	0	4436245	0
1037798	0	4468755	1
1037798	0	4534644	0
1037798	0	4620659	0
1037798	0	4786200	1
1037798	0	4788864	2
1037798	0	479275	0
1037798	0	4833476	1
1037798	0	4833637	0
1037798	0	4835233	0
1037798	0	4835237	0
1037798	0	4924331	0
1037798	0	5038273	0
1037798	0	5099520	2
1037798	0	5333542	2
1037798	0	5585227	0
1037798	0	5649573	0
1037798	0	5889925	1
1037798	0	5943159	0
1037798	0	6115930	0
1037798	0	6526047	0
1037798	0	6526054	1
1037798	0	6880291	0
1037798	0	6965274	0
1037798	0	7253357	1
1037798	0	7284301	0
1037798	0	7284303	0
1037798	0	741658	0
1037798	0	74261	0
1037798	0	7610103	0
1037798	0	7619076	0
1037798	0	7687706	1
1037798	0	770859	0
1037798	0	7822415	5
1037798	0	7967207	5
1037798	0	811777	0
1037798	0	811779	0
1037798	0	8157340	0
1037798	0	8402853	0
1037798	0	8402855	0
1037798	0	8537479	4
1037798	0	8701550	0
1037798	0	8760864	2
1037798	0	8760866	5
1037798	0	8760867	4
1037798	0	8760868	4
1037798	0	8760870	4
1037798	0	8760871	5
1037798	0	8760873	2
1037798	0	8780809	0
1037798	0	8780810	0
1037798	0	967280	0
1037798	0	967287	0
1037798	0	972903	0
1037798	0	972907	1
1037798	0	994978	4
104861	0	1017092	4
104861	0	1046334	5
104861	0	1046339	5
104861	0	1304632	4
104861	0	1313687	5
104861	0	1357961	4
104861	0	146170	5
104861	0	1567102	4
104861	0	1767226	2
104861	0	1773805	5
104861	0	1773807	5
104861	0	1811410	4
104861	0	1814642	4
104861	0	1948963	5
104861	0	1977801	4
104861	0	2377050	4
104861	0	2497738	4
104861	0	2916631	5
104861	0	3174878	5
104861	0	3443173	4
104861	0	3443176	5
104861	0	3783016	2
104861	0	3925933	5
104861	0	4017854	4
104861	0	4017856	4
104861	0	4017858	3
104861	0	4199743	5
104861	0	4223386	4
104861	0	4230210	4
104861	0	4230213	4
104861	0	459675	5
104861	0	459676	5
104861	0	4784551	2
104861	0	5073457	4
104861	0	5138467	5
104861	0	5138468	5
104861	0	5138469	4
104861	0	5138471	5
104861	0	5138472	5
104861	0	5138473	5
104861	0	5138474	4
104861	0	5138476	5
104861	0	5248340	4
104861	0	5248341	5
104861	0	5248342	5
104861	0	5340890	4
104861	0	5340891	4
104861	0	5394110	4
104861	0	5394112	4
104861	0	5405670	4
104861	0	5438821	0
104861	0	5483490	3
104861	0	5667475	4
104861	0	5688415	5
104861	0	5688416	5
104861	0	5688417	5
104861	0	5688420	5
104861	0	5703400	5
104861	0	5703401	5
104861	0	5776561	2
104861	0	5778135	0
104861	0	5801822	5
104861	0	5836442	5
104861	0	5864693	4
104861	0	599604	5
104861	0	6008066	2
104861	0	6187055	5
104861	0	6187057	4
104861	0	6187058	4
104861	0	6241791	2
104861	0	629270	5
104861	0	629273	5
104861	0	629274	5
104861	0	629276	5
104861	0	629277	5
104861	0	629278	5
104861	0	6302828	2
104861	0	6351571	5
104861	0	6467577	5
104861	0	6467578	5
104861	0	6467579	4
104861	0	6467580	4
104861	0	6584358	2
104861	0	6585554	5
104861	0	6653674	5
104861	0	6653675	5
104861	0	6653678	5
104861	0	6653679	4
104861	0	6658615	5
104861	0	6704672	5
104861	0	6904992	5
104861	0	6904999	4
104861	0	7034375	5
104861	0	7204477	4
104861	0	7506029	5
104861	0	796246	4
104861	0	8286089	2
104861	0	8495099	5
104861	0	8546162	5
104861	0	8733854	1
1063750	0	1074552	4
1063750	0	1098173	2
1063750	0	1098174	2
1063750	0	1580962	2
1063750	0	1580964	2
1063750	0	1866486	5
1063750	0	1923499	4
1063750	0	1923500	4
1063750	0	1923506	4
1063750	0	2156005	2
1063750	0	2220585	4
1063750	0	2230089	4
1063750	0	2230090	3
1063750	0	2230091	3
1063750	0	2230095	4
1063750	0	2391458	1
1063750	0	2391460	2
1063750	0	2470328	4
1063750	0	2496767	2
1063750	0	2569816	4
1063750	0	2768123	5
1063750	0	3056	1
1063750	0	3134986	4
1063750	0	3259885	4
1063750	0	3259889	4
1063750	0	3259892	4
1063750	0	330159	4
1063750	0	330165	4
1063750	0	3327045	4
1063750	0	3327046	4
1063750	0	3327047	4
1063750	0	3327048	2
1063750	0	3327050	2
1063750	0	3327051	2
1063750	0	3327052	4
1063750	0	3477418	4
1063750	0	3477419	4
1063750	0	3477421	2
1063750	0	3610446	4
1063750	0	3633198	0
1063750	0	3654231	2
1063750	0	3973418	4
1063750	0	4099992	1
1063750	0	4158202	2
1063750	0	4158205	2
1063750	0	4337526	4
1063750	0	4337527	5
1063750	0	4337528	4
1063750	0	4337532	4
1063750	0	4487113	4
1063750	0	4487115	4
1063750	0	4542127	2
1063750	0	4559130	4
1063750	0	4559131	2
1063750	0	4559132	1
1063750	0	4718161	4
1063750	0	4788295	4
1063750	0	4802036	2
1063750	0	4834969	4
1063750	0	4834974	4
1063750	0	4844348	0
1063750	0	5062363	2
1063750	0	5442711	5
1063750	0	5442717	2
1063750	0	5956099	4
1063750	0	5956106	4
1063750	0	6093904	0
1063750	0	6093907	0
1063750	0	6127382	2
1063750	0	6127389	4
1063750	0	6666451	2
1063750	0	7146781	4
1063750	0	7247264	4
1063750	0	7304887	2
1063750	0	7571423	5
1063750	0	7571428	4
1063750	0	7778348	0
1063750	0	7778351	2
1063750	0	7778354	4
1063750	0	7781459	2
1063750	0	7781460	2
1063750	0	7837936	4
1063750	0	7837937	2
1063750	0	7837938	4
1063750	0	7952964	4
1063750	0	7952965	4
1063750	0	7952966	4
1063750	0	7952967	4
1063750	0	7952971	5
1063750	0	7959117	4
1063750	0	8183810	2
1063750	0	819283	2
1063750	0	819284	2
1063750	0	8239876	4
1063750	0	8239877	4
1063750	0	8384971	2
1063750	0	8739167	0
1063750	0	8821734	4
1063750	0	8821735	4
1063750	0	8821736	4
1103812	0	1214791	0
1103812	0	1419875	0
1103812	0	1462916	0
1103812	0	1614303	5
1103812	0	1659850	4
1103812	0	1659852	3
1103812	0	1984917	0
1103812	0	2060347	0
1103812	0	2147179	0
1103812	0	2235495	0
1103812	0	2332189	5
1103812	0	2371485	0
1103812	0	250692	0
1103812	0	2535841	0
1103812	0	2586283	0
1103812	0	2666747	0
1103812	0	2703108	0
1103812	0	2703114	0
1103812	0	2720842	0
1103812	0	2750961	5
1103812	0	2750965	5
1103812	0	2878297	0
1103812	0	2945096	2
1103812	0	3122424	0
1103812	0	3122425	0
1103812	0	3255158	0
1103812	0	3427222	0
1103812	0	3512936	0
1103812	0	3591090	0
1103812	0	3591092	0
1103812	0	3591094	0
1103812	0	3708772	2
1103812	0	3773618	3
1103812	0	3843263	2
1103812	0	3843267	3
1103812	0	3843270	2
1103812	0	3940091	2
1103812	0	3990418	0
1103812	0	4130119	0
1103812	0	4191304	0
1103812	0	4192902	0
1103812	0	427270	0
1103812	0	4292848	3
1103812	0	4322058	0
1103812	0	4401695	5
1103812	0	4478524	0
1103812	0	4598218	0
1103812	0	4791698	0
1103812	0	4795944	0
1103812	0	4824831	0
1103812	0	4937953	0
1103812	0	4967774	0
1103812	0	5190505	0
1103812	0	5209256	0
1103812	0	5372066	2
1103812	0	5372067	0
1103812	0	5416250	0
1103812	0	5850266	0
1103812	0	5974245	0
1103812	0	5976811	0
1103812	0	6103245	0
1103812	0	6128049	0
1103812	0	621213	0
1103812	0	6289840	3
1103812	0	6330511	0
1103812	0	645467	0
1103812	0	6569474	0
1103812	0	6619490	0
1103812	0	6621	0
1103812	0	6799729	0
1103812	0	6842210	0
1103812	0	6936248	0
1103812	0	7231343	0
1103812	0	7242599	0
1103812	0	7259761	0
1103812	0	7280672	0
1103812	0	7430769	0
1103812	0	7491609	0
1103812	0	7491610	0
1103812	0	7676360	0
1103812	0	7755205	0
1103812	0	8084238	0
1103812	0	8220080	2
1103812	0	8220081	2
1103812	0	8220085	4
1103812	0	8220086	5
1103812	0	8220087	4
1103812	0	8220088	4
1103812	0	8220089	3
1103812	0	8220093	0
1103812	0	8224175	0
1103812	0	8224183	3
1103812	0	8293805	3
1103812	0	8521423	0
1103812	0	8525190	2
1103812	0	865879	0
1103812	0	868008	0
1103812	0	8822007	0
1103812	0	893854	0
1103812	0	955565	0
1106007	0	1334328	5
1106007	0	1334330	5
1106007	0	1334331	5
1106007	0	1334334	5
1106007	0	1334335	5
1106007	0	1334336	5
1106007	0	1334337	4
1106007	0	1560237	4
1106007	0	1560243	4
1106007	0	1628793	5
1106007	0	1918089	4
1106007	0	2148473	1
1106007	0	2186171	4
1106007	0	2325835	3
1106007	0	2451757	2
1106007	0	2464373	4
1106007	0	2464374	5
1106007	0	2464375	5
1106007	0	2464376	4
1106007	0	2464378	4
1106007	0	2513606	4
1106007	0	2513607	3
1106007	0	2513608	2
1106007	0	2513609	4
1106007	0	2672601	5
1106007	0	2672608	5
1106007	0	2777111	4
1106007	0	2798876	4
1106007	0	2804955	4
1106007	0	285891	4
1106007	0	2866627	5
1106007	0	2866630	5
1106007	0	2866633	4
1106007	0	2866634	4
1106007	0	2910887	4
1106007	0	2960558	5
1106007	0	2960561	5
1106007	0	2960563	5
1106007	0	2960564	4
1106007	0	2960566	5
1106007	0	303453	1
1106007	0	3537611	4
1106007	0	3567188	5
1106007	0	3711235	3
1106007	0	4004166	2
1106007	0	4004169	4
1106007	0	4004173	4
1106007	0	4089153	4
1106007	0	4173705	4
1106007	0	4173709	5
1106007	0	4173712	5
1106007	0	4781867	4
1106007	0	487804	4
1106007	0	4953840	4
1106007	0	5204536	4
1106007	0	5204537	4
1106007	0	5204538	5
1106007	0	5204539	4
1106007	0	5204540	4
1106007	0	5204544	4
1106007	0	5279699	4
1106007	0	5279702	2
1106007	0	5279704	2
1106007	0	5774817	3
1106007	0	5774818	5
1106007	0	5780388	5
1106007	0	592693	3
1106007	0	6071697	4
1106007	0	6104494	5
1106007	0	6126193	3
1106007	0	6182968	4
1106007	0	6282108	4
1106007	0	6282110	4
1106007	0	6297179	2
1106007	0	6963994	5
1106007	0	701605	4
1106007	0	7193731	4
1106007	0	746358	5
1106007	0	7500586	2
1106007	0	7685380	5
1106007	0	7685382	4
1106007	0	7685383	5
1106007	0	7685384	5
1106007	0	7685385	5
1106007	0	7685386	5
1106007	0	7685388	5
1106007	0	8141089	4
1106007	0	8199519	5
1106007	0	8199521	5
1106007	0	8204457	5
1106007	0	8204463	2
1106007	0	8204464	2
1106007	0	8208703	1
1106007	0	8348781	2
1106007	0	8521668	4
1106007	0	8521673	5
1106007	0	8521674	4
1106007	0	899465	4
1106007	0	899467	4
1106007	0	899468	3
1110199	0	1144987	4
1110199	0	1321205	2
1110199	0	1323552	2
1110199	0	1592475	2
1110199	0	1809288	2
1110199	0	1901876	4
1110199	0	1901877	4
1110199	0	1901878	5
1110199	0	1901879	4
1110199	0	1901881	4
1110199	0	1901882	4
1110199	0	1966313	3
1110199	0	2301113	2
1110199	0	2301115	2
1110199	0	2301117	2
1110199	0	2301119	4
1110199	0	239443	2
1110199	0	239444	4
1110199	0	2474406	4
1110199	0	2657988	3
1110199	0	2796199	4
1110199	0	2796204	2
1110199	0	2854609	2
1110199	0	2854615	2
1110199	0	2925198	1
1110199	0	313193	2
1110199	0	3270584	2
1110199	0	3272906	2
1110199	0	3272914	2
1110199	0	328010	2
1110199	0	3495022	3
1110199	0	3515650	2
1110199	0	3519482	2
1110199	0	3647394	4
1110199	0	3838638	5
1110199	0	3838645	2
1110199	0	4053652	4
1110199	0	4057232	2
1110199	0	433926	2
1110199	0	4489656	2
1110199	0	4496257	3
1110199	0	4504233	4
1110199	0	4511137	4
1110199	0	4511144	2
1110199	0	451157	2
1110199	0	4674430	2
1110199	0	4771351	2
1110199	0	4800728	2
1110199	0	4800729	2
1110199	0	5049363	3
1110199	0	5074861	2
1110199	0	5105295	4
1110199	0	5218014	2
1110199	0	5387204	2
1110199	0	5387211	2
1110199	0	5387212	2
1110199	0	5479	2
1110199	0	5516092	2
1110199	0	5627957	4
1110199	0	5641717	3
1110199	0	5641718	2
1110199	0	5701621	2
1110199	0	5857919	2
1110199	0	5857920	4
1110199	0	5857921	4
1110199	0	5857923	2
1110199	0	5857924	2
1110199	0	5857925	4
1110199	0	5857926	2
1110199	0	5857927	2
1110199	0	6056861	2
1110199	0	618109	2
1110199	0	618114	2
1110199	0	6368887	4
1110199	0	6368891	4
1110199	0	6382102	2
1110199	0	6392463	4
1110199	0	6392469	2
1110199	0	6462667	2
1110199	0	6478158	2
1110199	0	6573362	2
1110199	0	6832436	2
1110199	0	712232	2
1110199	0	712235	2
1110199	0	7221366	4
1110199	0	7344200	2
1110199	0	7344201	2
1110199	0	7628033	2
1110199	0	7628037	2
1110199	0	8160518	5
1110199	0	8160519	4
1110199	0	8160520	5
1110199	0	8160521	2
1110199	0	8160522	2
1110199	0	8160524	0
1110199	0	8160527	4
1110199	0	8404306	2
1110199	0	8404307	2
1110199	0	955120	2
1110199	0	986780	2
1112341	0	1087928	2
1112341	0	1254065	1
1112341	0	1312444	0
1112341	0	1373648	0
1112341	0	1450347	2
1112341	0	2095998	1
1112341	0	2096429	0
1112341	0	2173819	1
1112341	0	2173822	1
1112341	0	2173823	2
1112341	0	2209048	2
1112341	0	2253155	2
1112341	0	2596431	0
1112341	0	2596432	1
1112341	0	2603918	1
1112341	0	2626927	4
1112341	0	2663365	2
1112341	0	2694630	2
1112341	0	2694633	1
1112341	0	2694636	3
1112341	0	2735215	1
1112341	0	2735219	1
1112341	0	3118343	2
1112341	0	3252208	1
1112341	0	3291151	1
1112341	0	3524227	1
1112341	0	3795887	1
1112341	0	3795889	1
1112341	0	3795891	1
1112341	0	3795896	1
1112341	0	3922194	1
1112341	0	3922197	1
1112341	0	4022846	2
1112341	0	4022849	4
1112341	0	4385339	1
1112341	0	4390797	0
1112341	0	4390801	1
1112341	0	4390804	0
1112341	0	4413846	0
1112341	0	4416075	1
1112341	0	4663300	1
1112341	0	478773	1
1112341	0	4927752	1
1112341	0	4927753	1
1112341	0	4977768	0
1112341	0	5043405	0
1112341	0	5043407	1
1112341	0	5171418	1
1112341	0	5298723	1
1112341	0	5414560	1
1112341	0	5740804	1
1112341	0	6164791	3
1112341	0	6311795	3
1112341	0	6311797	0
1112341	0	6311801	2
1112341	0	6369731	1
1112341	0	6369732	1
1112341	0	6459590	2
1112341	0	6681380	1
1112341	0	6681382	1
1112341	0	6681384	1
1112341	0	6681385	1
1112341	0	6726337	1
1112341	0	6726340	4
1112341	0	6726342	2
1112341	0	6726344	4
1112341	0	6726345	4
1112341	0	6726346	1
1112341	0	6947368	0
1112341	0	6973592	0
1112341	0	7079771	1
1112341	0	7079776	3
1112341	0	7597745	1
1112341	0	7615749	2
1112341	0	7615752	1
1112341	0	8008345	2
1112341	0	8134792	2
1112341	0	8139250	0
1112341	0	8139251	1
1112341	0	8139255	4
1112341	0	8139256	4
1112341	0	8139257	3
1112341	0	8139258	4
1112341	0	8200926	1
1112341	0	8326581	2
1112341	0	8326584	2
1112341	0	8326587	2
1112341	0	8326588	1
1112341	0	8337129	2
1112341	0	8442173	2
1112341	0	8442174	1
1112341	0	8442176	2
1112341	0	8442177	1
1112341	0	8442178	2
1112341	0	8442180	1
1112341	0	8606160	2
1112341	0	8606161	2
1112341	0	8651336	1
1112341	0	8700906	2
1112341	0	875123	2
1113437	0	1066532	4
1113437	0	1066538	4
1113437	0	1066539	4
1113437	0	1280567	0
1113437	0	1280568	5
1113437	0	1280569	1
1113437	0	1280570	4
1113437	0	1454814	5
1113437	0	1658786	1
1113437	0	1768727	4
1113437	0	1896939	4
1113437	0	1896943	5
1113437	0	2001934	4
1113437	0	2226349	5
1113437	0	226867	5
1113437	0	2354940	4
1113437	0	2354947	5
1113437	0	2595626	4
1113437	0	2884183	4
1113437	0	2884188	4
1113437	0	2884191	4
1113437	0	3026984	3
1113437	0	3089474	1
1113437	0	3125150	4
1113437	0	3125154	4
1113437	0	3125155	4
1113437	0	3325381	4
1113437	0	3518300	1
1113437	0	3687620	2
1113437	0	3880944	5
1113437	0	4016930	2
1113437	0	4016934	1
1113437	0	4016937	2
1113437	0	4216336	0
1113437	0	4367831	2
1113437	0	4367832	5
1113437	0	4412230	4
1113437	0	4473156	5
1113437	0	4473157	5
1113437	0	4498864	5
1113437	0	4498867	4
1113437	0	4751835	5
1113437	0	4751839	1
1113437	0	4981632	1
1113437	0	5188751	4
1113437	0	520325	1
1113437	0	5328098	5
1113437	0	5514586	5
1113437	0	5546288	5
1113437	0	5591645	1
1113437	0	5863434	4
1113437	0	5938418	1
1113437	0	5938420	4
1113437	0	5938424	3
1113437	0	5938425	4
1113437	0	594251	2
1113437	0	5996691	5
1113437	0	5996692	4
1113437	0	6017939	4
1113437	0	6017945	1
1113437	0	6021898	4
1113437	0	6021902	4
1113437	0	6021905	4
1113437	0	6174327	2
1113437	0	6174328	5
1113437	0	6174329	4
1113437	0	631949	4
1113437	0	6455604	4
1113437	0	6455610	4
1113437	0	6486041	1
1113437	0	6593841	4
1113437	0	6688843	4
1113437	0	6792385	2
1113437	0	7263162	1
1113437	0	7377275	1
1113437	0	7377278	4
1113437	0	7385219	2
1113437	0	7385221	4
1113437	0	7385222	4
1113437	0	742037	4
1113437	0	742044	4
1113437	0	7890527	1
1113437	0	807277	4
1113437	0	807279	4
1113437	0	8128790	4
1113437	0	8128792	2
1113437	0	8128794	4
1113437	0	8128796	4
1113437	0	8128798	4
1113437	0	8128799	1
1113437	0	8162984	2
1113437	0	8330514	2
1113437	0	8503446	4
1113437	0	8503449	1
1113437	0	8503453	1
1113437	0	8503455	1
1113437	0	8729210	1
1113437	0	8729214	1
1113437	0	8729215	2
1113437	0	8729219	5
1114646	0	1316103	4
1114646	0	1316109	4
1114646	0	1544838	4
1114646	0	1713662	0
1114646	0	1884057	4
1114646	0	1884059	4
1114646	0	2201127	5
1114646	0	2408275	0
1114646	0	2524143	0
1114646	0	2647994	5
1114646	0	266552	4
1114646	0	2676807	4
1114646	0	2695584	0
1114646	0	272202	0
1114646	0	2911035	3
1114646	0	2911039	4
1114646	0	2911040	3
1114646	0	2931848	0
1114646	0	3056368	4
1114646	0	3184850	2
1114646	0	3184851	3
1114646	0	3467664	4
1114646	0	3467665	4
1114646	0	3470484	5
1114646	0	3624681	3
1114646	0	3828281	1
1114646	0	3901376	0
1114646	0	392985	4
1114646	0	3949098	0
1114646	0	4332918	4
1114646	0	444374	5
1114646	0	444375	1
1114646	0	444380	5
1114646	0	444382	0
1114646	0	4771285	2
1114646	0	5041692	4
1114646	0	5127884	0
1114646	0	5217702	4
1114646	0	5229617	4
1114646	0	5279567	5
1114646	0	5316249	0
1114646	0	5417949	4
1114646	0	5417952	5
1114646	0	5417953	5
1114646	0	5417954	5
1114646	0	5423424	0
1114646	0	5569142	5
1114646	0	5637550	0
1114646	0	5640856	3
1114646	0	5640859	4
1114646	0	5640861	4
1114646	0	5661838	4
1114646	0	5661840	4
1114646	0	5687476	4
1114646	0	5687477	4
1114646	0	5687478	4
1114646	0	5687479	4
1114646	0	579548	4
1114646	0	579554	3
1114646	0	5836029	3
1114646	0	5959593	5
1114646	0	6124144	0
1114646	0	6124145	0
1114646	0	629152	0
1114646	0	6348309	5
1114646	0	6704400	4
1114646	0	6704401	5
1114646	0	6711103	5
1114646	0	687064	4
1114646	0	6886637	0
1114646	0	6886642	0
1114646	0	6886644	0
1114646	0	7065010	4
1114646	0	7196956	4
1114646	0	7196961	4
1114646	0	7278603	0
1114646	0	771368	4
1114646	0	7768555	0
1114646	0	7931424	0
1114646	0	7945828	0
1114646	0	7984234	5
1114646	0	8117087	3
1114646	0	8117088	2
1114646	0	8117089	5
1114646	0	8117090	5
1114646	0	8117091	5
1114646	0	8117092	5
1114646	0	8117093	1
1114646	0	8117094	5
1114646	0	8117095	4
1114646	0	8117096	5
1114646	0	8185549	4
1114646	0	831444	2
1114646	0	8327369	4
1114646	0	857788	4
1114646	0	857789	4
1114646	0	8665820	4
1114646	0	937370	0
1114646	0	937371	0
1114646	0	992156	0
1114819	0	1009500	2
1114819	0	1248112	4
1114819	0	1302004	5
1114819	0	1302007	5
1114819	0	1315993	5
1114819	0	1315994	5
1114819	0	1315995	5
1114819	0	1315996	4
1114819	0	1315998	5
1114819	0	1316000	4
1114819	0	1419798	3
1114819	0	1419801	2
1114819	0	1625836	5
1114819	0	1724520	5
1114819	0	1724525	5
1114819	0	1724526	2
1114819	0	1724528	3
1114819	0	1735443	2
1114819	0	1738242	5
1114819	0	1738243	4
1114819	0	1738250	5
1114819	0	1816958	2
1114819	0	1852066	3
1114819	0	2136434	5
1114819	0	2477692	4
1114819	0	255279	2
1114819	0	2590455	3
1114819	0	2831393	2
1114819	0	344350	5
1114819	0	344351	4
1114819	0	3484458	4
1114819	0	3781418	5
1114819	0	3781419	4
1114819	0	3906952	4
1114819	0	3906954	4
1114819	0	3906955	2
1114819	0	3906959	5
1114819	0	4890560	4
1114819	0	5019832	4
1114819	0	5019839	4
1114819	0	5156171	2
1114819	0	5165249	4
1114819	0	534362	4
1114819	0	5521371	5
1114819	0	5521373	5
1114819	0	5628950	2
1114819	0	5628952	4
1114819	0	5718417	2
1114819	0	6202321	2
1114819	0	6564168	2
1114819	0	6900766	4
1114819	0	6900767	4
1114819	0	6900769	3
1114819	0	6900773	4
1114819	0	6900774	5
1114819	0	6941478	5
1114819	0	694735	2
1114819	0	694737	4
1114819	0	7132894	2
1114819	0	7156443	4
1114819	0	750446	2
1114819	0	7588045	4
1114819	0	7803429	4
1114819	0	7803435	4
1114819	0	785027	5
1114819	0	785028	3
1114819	0	8022276	5
1114819	0	8022279	1
1114819	0	8022280	5
1114819	0	8024890	5
1114819	0	8027206	4
1114819	0	8088105	2
1114819	0	8088108	4
1114819	0	8088109	1
1114819	0	8088111	2
1114819	0	8096817	4
1114819	0	8096824	4
1114819	0	8115435	4
1114819	0	8115439	4
1114819	0	8115440	5
1114819	0	8115700	2
1114819	0	8336225	4
1114819	0	8336229	5
1114819	0	8336230	4
1114819	0	8336232	3
1114819	0	8480574	4
1114819	0	8508255	4
1114819	0	8508259	4
1114819	0	8508263	5
1114819	0	8579830	2
1114819	0	8579832	2
1114819	0	8736056	4
1114819	0	8754397	4
1114819	0	8754398	5
1114819	0	8754404	3
1114819	0	8768742	5
1114819	0	988370	5
1114819	0	988373	5
1114819	0	988376	5
1114819	0	988378	3
1115776	0	1036904	2
1115776	0	1134851	0
1115776	0	1269409	2
1115776	0	1328463	0
1115776	0	1403193	0
1115776	0	1403195	0
1115776	0	1729572	2
1115776	0	1729576	1
1115776	0	1826907	0
1115776	0	1826911	0
1115776	0	1856137	0
1115776	0	1856144	0
1115776	0	2137462	0
1115776	0	2230476	0
1115776	0	2230477	0
1115776	0	2230481	0
1115776	0	2364285	2
1115776	0	2514462	0
1115776	0	2514467	0
1115776	0	2897142	0
1115776	0	3041833	0
1115776	0	3052538	0
1115776	0	3063307	0
1115776	0	3063308	0
1115776	0	3063310	0
1115776	0	3203281	0
1115776	0	3203998	0
1115776	0	3296853	0
1115776	0	3344355	3
1115776	0	3411245	0
1115776	0	3469357	4
1115776	0	3595625	0
1115776	0	3794460	2
1115776	0	407823	0
1115776	0	4131485	2
1115776	0	4162793	0
1115776	0	4314169	2
1115776	0	4314171	1
1115776	0	4314172	4
1115776	0	4314174	2
1115776	0	4314175	2
1115776	0	4314176	4
1115776	0	4314178	2
1115776	0	4324120	0
1115776	0	4487937	2
1115776	0	4487938	2
1115776	0	4530238	0
1115776	0	480800	0
1115776	0	4954946	0
1115776	0	4984386	0
1115776	0	4984390	0
1115776	0	5069882	0
1115776	0	5069887	0
1115776	0	5244756	0
1115776	0	5264931	2
1115776	0	5599692	2
1115776	0	5605159	0
1115776	0	5605160	0
1115776	0	5950738	2
1115776	0	619650	0
1115776	0	619654	0
1115776	0	619655	0
1115776	0	6449404	0
1115776	0	6616844	0
1115776	0	6616847	0
1115776	0	6692795	0
1115776	0	6989198	2
1115776	0	6989200	0
1115776	0	6989201	0
1115776	0	7007569	0
1115776	0	7070859	0
1115776	0	7264948	0
1115776	0	7276300	1
1115776	0	7315361	0
1115776	0	7400215	0
1115776	0	7692397	0
1115776	0	7840018	0
1115776	0	7847335	0
1115776	0	7849650	0
1115776	0	8106317	4
1115776	0	8106318	1
1115776	0	8106320	4
1115776	0	8106321	4
1115776	0	8106322	0
1115776	0	8106324	2
1115776	0	8108813	0
1115776	0	8108815	0
1115776	0	8108818	0
1115776	0	8121639	0
1115776	0	8345727	0
1115776	0	838941	0
1115776	0	838942	0
1115776	0	838943	0
1115776	0	838944	0
1115776	0	838949	0
1115776	0	8495250	2
1115776	0	8495256	2
1115776	0	8504500	2
1115776	0	8757348	0
1115776	0	8797977	0
1117099	0	1013790	0
1117099	0	1013791	0
1117099	0	1123494	0
1117099	0	1123496	0
1117099	0	1389420	5
1117099	0	1445087	2
1117099	0	1457593	0
1117099	0	1551136	0
1117099	0	1586363	0
1117099	0	1586365	0
1117099	0	1620739	0
1117099	0	1620746	0
1117099	0	1692847	0
1117099	0	1798612	5
1117099	0	1798614	4
1117099	0	1798620	5
1117099	0	1986011	0
1117099	0	2109695	0
1117099	0	2109697	0
1117099	0	2109700	0
1117099	0	2109701	0
1117099	0	2157567	0
1117099	0	225488	0
1117099	0	2804356	0
1117099	0	2804359	0
1117099	0	297115	0
1117099	0	297118	2
1117099	0	3104260	0
1117099	0	3104266	2
1117099	0	3104268	0
1117099	0	3107584	0
1117099	0	334615	3
1117099	0	3349612	5
1117099	0	3412239	4
1117099	0	3439260	0
1117099	0	3543106	5
1117099	0	4393946	2
1117099	0	4441325	4
1117099	0	4458509	5
1117099	0	4458512	5
1117099	0	4573811	5
1117099	0	4759495	0
1117099	0	514314	0
1117099	0	5258462	4
1117099	0	5286535	4
1117099	0	5286538	5
1117099	0	5286539	5
1117099	0	5354862	0
1117099	0	5354863	0
1117099	0	5377585	0
1117099	0	5448444	0
1117099	0	5461820	0
1117099	0	5643723	0
1117099	0	5699284	0
1117099	0	5699286	0
1117099	0	5752877	2
1117099	0	576491	0
1117099	0	589140	4
1117099	0	5979207	0
1117099	0	5979214	0
1117099	0	6057207	4
1117099	0	6122720	4
1117099	0	6122721	4
1117099	0	6122722	5
1117099	0	6122723	5
1117099	0	6122724	4
1117099	0	6178371	0
1117099	0	6411781	0
1117099	0	651744	0
1117099	0	6534818	4
1117099	0	6534824	2
1117099	0	6776509	0
1117099	0	6776512	0
1117099	0	6940557	0
1117099	0	6993942	4
1117099	0	700495	0
1117099	0	700497	0
1117099	0	7135556	0
1117099	0	7135561	0
1117099	0	714808	5
1117099	0	7244088	0
1117099	0	7610601	0
1117099	0	7610604	0
1117099	0	7761853	0
1117099	0	8019444	0
1117099	0	8019446	0
1117099	0	8093927	3
1117099	0	8093931	4
1117099	0	8093932	5
1117099	0	8093933	3
1117099	0	8093934	5
1117099	0	8208315	4
1117099	0	8434604	0
1117099	0	8446501	5
1117099	0	8446505	5
1117099	0	8446506	4
1117099	0	8515441	0
1117099	0	8714082	4
1117099	0	8820809	0
1117099	0	8838111	5
1121402	0	1249687	3
1121402	0	1323047	3
1121402	0	1323048	3
1121402	0	1613053	0
1121402	0	1702458	0
1121402	0	182364	3
1121402	0	182365	4
1121402	0	182366	4
1121402	0	182367	4
1121402	0	182368	5
1121402	0	182369	5
1121402	0	182370	1
1121402	0	182371	4
1121402	0	182372	5
1121402	0	182373	2
1121402	0	188209	4
1121402	0	188210	4
1121402	0	188211	3
1121402	0	188213	5
1121402	0	188214	3
1121402	0	188215	3
1121402	0	188216	3
1121402	0	188217	3
1121402	0	188218	3
1121402	0	2042119	2
1121402	0	210811	0
1121402	0	2191941	2
1121402	0	255095	0
1121402	0	2633464	3
1121402	0	2681045	3
1121402	0	2681048	2
1121402	0	3412904	2
1121402	0	3412909	3
1121402	0	341347	0
1121402	0	3511789	5
1121402	0	3511795	0
1121402	0	3526577	0
1121402	0	3785307	2
1121402	0	3785308	4
1121402	0	3785309	2
1121402	0	3785310	3
1121402	0	3868953	0
1121402	0	4085753	0
1121402	0	4174527	0
1121402	0	4198997	0
1121402	0	4198998	0
1121402	0	4199001	0
1121402	0	4305978	0
1121402	0	43770	2
1121402	0	4449258	5
1121402	0	4449267	5
1121402	0	4616915	0
1121402	0	4620827	3
1121402	0	465100	0
1121402	0	5189913	5
1121402	0	5429317	0
1121402	0	5538762	0
1121402	0	5640403	2
1121402	0	5662146	0
1121402	0	5831807	0
1121402	0	5831811	0
1121402	0	5960420	0
1121402	0	625220	0
1121402	0	625222	0
1121402	0	628204	0
1121402	0	6371839	0
1121402	0	6683286	0
1121402	0	6884812	0
1121402	0	7011506	4
1121402	0	7125978	2
1121402	0	7125980	5
1121402	0	7125981	5
1121402	0	7125982	4
1121402	0	7125983	5
1121402	0	7125985	3
1121402	0	7125987	5
1121402	0	7142994	5
1121402	0	7489485	3
1121402	0	7489487	2
1121402	0	7489490	0
1121402	0	7572308	0
1121402	0	7572309	0
1121402	0	8052617	4
1121402	0	8052619	4
1121402	0	8052620	5
1121402	0	8052621	5
1121402	0	8052622	5
1121402	0	8052623	5
1121402	0	8052624	5
1121402	0	8089444	5
1121402	0	8235730	3
1121402	0	8376430	0
1121402	0	8408534	0
1121402	0	8417443	0
1121402	0	8487134	0
1121402	0	8662647	2
1121402	0	8718639	0
1121402	0	8821491	0
1121402	0	8821496	0
1121402	0	8821497	0
1121709	0	1033160	0
1121709	0	1095843	0
1121709	0	1170795	0
1121709	0	1196983	0
1121709	0	1212535	0
1121709	0	1498684	0
1121709	0	1640511	0
1121709	0	1640512	0
1121709	0	1748119	0
1121709	0	1752809	0
1121709	0	1752813	0
1121709	0	1764270	0
1121709	0	2046433	0
1121709	0	2115565	0
1121709	0	2115567	0
1121709	0	2142778	0
1121709	0	231865	0
1121709	0	2378584	0
1121709	0	2662730	0
1121709	0	2665010	0
1121709	0	2703197	0
1121709	0	2704369	0
1121709	0	2706641	0
1121709	0	2725458	0
1121709	0	2821790	0
1121709	0	2923932	0
1121709	0	2926715	0
1121709	0	2940488	0
1121709	0	2949781	0
1121709	0	2961048	0
1121709	0	2961049	0
1121709	0	3029721	0
1121709	0	3312963	0
1121709	0	3407458	0
1121709	0	3423059	4
1121709	0	3423060	2
1121709	0	3423066	0
1121709	0	3423067	5
1121709	0	3638261	0
1121709	0	3691568	0
1121709	0	3833130	0
1121709	0	3929723	0
1121709	0	3968031	0
1121709	0	4024649	0
1121709	0	40956	0
1121709	0	4203734	0
1121709	0	4512049	0
1121709	0	4526695	0
1121709	0	4543103	0
1121709	0	4572503	0
1121709	0	4594306	0
1121709	0	4771427	0
1121709	0	4832967	0
1121709	0	4836170	0
1121709	0	4875103	0
1121709	0	4979451	0
1121709	0	4979452	0
1121709	0	5014378	0
1121709	0	5092299	0
1121709	0	511306	0
1121709	0	5303734	0
1121709	0	5504399	0
1121709	0	5591740	0
1121709	0	5614877	0
1121709	0	5716710	0
1121709	0	606074	0
1121709	0	606077	0
1121709	0	6302713	0
1121709	0	6533417	0
1121709	0	6600	3
1121709	0	700135	0
1121709	0	7021254	0
1121709	0	7040511	0
1121709	0	7288128	0
1121709	0	7313132	0
1121709	0	7317391	0
1121709	0	7467711	0
1121709	0	7795720	0
1121709	0	79727	0
1121709	0	8049577	3
1121709	0	8049578	3
1121709	0	8049579	3
1121709	0	8049580	3
1121709	0	8049583	5
1121709	0	8049584	3
1121709	0	8049585	3
1121709	0	8049586	2
1121709	0	8184854	0
1121709	0	8224712	0
1121709	0	8229113	0
1121709	0	8261584	0
1121709	0	8571	0
1121709	0	8662687	0
1121709	0	8759528	0
1121709	0	8795147	1
1121709	0	8816009	0
1121709	0	886456	0
1121709	0	901202	0
1121709	0	904704	0
1121709	0	904705	0
1124210	0	1194687	0
1124210	0	1383615	0
1124210	0	1383617	0
1124210	0	1383624	0
1124210	0	145274	0
1124210	0	1545735	0
1124210	0	1593793	0
1124210	0	1593798	0
1124210	0	1701417	0
1124210	0	1702003	0
1124210	0	1702004	0
1124210	0	1702009	0
1124210	0	1702010	0
1124210	0	1756565	0
1124210	0	1756567	0
1124210	0	2019787	0
1124210	0	2127331	0
1124210	0	2200002	0
1124210	0	2258591	5
1124210	0	2258592	5
1124210	0	2258595	5
1124210	0	2258596	5
1124210	0	2728448	5
1124210	0	3031377	0
1124210	0	3031379	0
1124210	0	3046385	0
1124210	0	3162331	3
1124210	0	3375842	0
1124210	0	3446172	0
1124210	0	3520553	0
1124210	0	352987	0
1124210	0	3546600	0
1124210	0	3573857	0
1124210	0	3680800	0
1124210	0	3680801	0
1124210	0	3680802	0
1124210	0	3849905	0
1124210	0	3859923	0
1124210	0	3907021	0
1124210	0	3937735	0
1124210	0	3944481	0
1124210	0	4057442	0
1124210	0	4074146	0
1124210	0	4074149	0
1124210	0	4074151	0
1124210	0	4232134	0
1124210	0	4425461	0
1124210	0	4425464	0
1124210	0	4535558	0
1124210	0	469563	0
1124210	0	469565	0
1124210	0	473763	0
1124210	0	4794725	0
1124210	0	4958358	0
1124210	0	5039696	0
1124210	0	5056100	0
1124210	0	5125015	0
1124210	0	5363820	0
1124210	0	5366909	0
1124210	0	5366913	0
1124210	0	546155	0
1124210	0	546157	0
1124210	0	546158	0
1124210	0	5512675	0
1124210	0	555792	0
1124210	0	580882	0
1124210	0	5940130	0
1124210	0	5940134	0
1124210	0	607910	0
1124210	0	6171525	0
1124210	0	6182360	0
1124210	0	6282190	0
1124210	0	6500225	0
1124210	0	6704887	0
1124210	0	6814009	0
1124210	0	6814012	2
1124210	0	6814015	2
1124210	0	6814017	2
1124210	0	7109335	0
1124210	0	7205919	0
1124210	0	7205920	0
1124210	0	7205923	0
1124210	0	7208694	0
1124210	0	7381537	0
1124210	0	7441574	0
1124210	0	7566672	0
1124210	0	7566674	0
1124210	0	7581155	0
1124210	0	7698250	0
1124210	0	7738982	0
1124210	0	7832730	0
1124210	0	7832731	0
1124210	0	7832732	0
1124210	0	7894220	0
1124210	0	795660	1
1124210	0	8026737	5
1124210	0	8180027	0
1124210	0	829948	0
1124210	0	841738	0
1124210	0	841743	0
1129237	0	1080294	0
1129237	0	120308	0
1129237	0	120311	1
1129237	0	120314	0
1129237	0	120315	1
1129237	0	120801	0
1129237	0	128982	5
1129237	0	128984	5
1129237	0	128989	5
1129237	0	1490143	2
1129237	0	162127	0
1129237	0	1770025	0
1129237	0	1770027	0
1129237	0	1896185	0
1129237	0	1896186	0
1129237	0	1896189	0
1129237	0	1959030	0
1129237	0	2152821	5
1129237	0	2152828	0
1129237	0	2442489	0
1129237	0	2453794	4
1129237	0	2580204	1
1129237	0	2696926	4
1129237	0	2697746	5
1129237	0	2697752	5
1129237	0	2972916	0
1129237	0	301944	2
1129237	0	302210	2
1129237	0	3097761	0
1129237	0	3131122	5
1129237	0	3156016	0
1129237	0	3636926	0
1129237	0	3641168	0
1129237	0	3683096	5
1129237	0	3757192	0
1129237	0	3905055	5
1129237	0	3905057	5
1129237	0	3905799	4
1129237	0	3905802	5
1129237	0	3950048	2
1129237	0	4066969	0
1129237	0	4141005	1
1129237	0	4141012	4
1129237	0	4254811	5
1129237	0	4254815	5
1129237	0	4254816	5
1129237	0	4328625	0
1129237	0	4449295	0
1129237	0	4509080	1
1129237	0	461835	0
1129237	0	4773351	0
1129237	0	4801130	0
1129237	0	4904405	0
1129237	0	5032115	0
1129237	0	5156837	0
1129237	0	5414967	0
1129237	0	5513583	0
1129237	0	5619502	5
1129237	0	5627214	5
1129237	0	5649116	0
1129237	0	5831781	4
1129237	0	5831788	5
1129237	0	5865154	0
1129237	0	5906130	5
1129237	0	5906134	1
1129237	0	5917107	0
1129237	0	6080460	5
1129237	0	6343520	3
1129237	0	6343521	3
1129237	0	6343523	1
1129237	0	6575091	0
1129237	0	6640165	0
1129237	0	6903787	0
1129237	0	6956014	4
1129237	0	7049948	0
1129237	0	710733	4
1129237	0	7132886	0
1129237	0	7208025	0
1129237	0	7337950	0
1129237	0	7397082	0
1129237	0	7673289	0
1129237	0	7735322	0
1129237	0	7836576	1
1129237	0	7911557	5
1129237	0	8093067	1
1129237	0	8203445	0
1129237	0	824966	1
1129237	0	8450766	5
1129237	0	8469257	5
1129237	0	8588122	5
1129237	0	8588219	5
1129237	0	8588222	0
1129237	0	8588226	0
1129237	0	8596875	0
1129237	0	8682824	5
1129237	0	8710041	0
1129237	0	895802	0
1129237	0	953467	0
1129237	0	998748	5
1129237	0	998751	5
1133167	0	1379370	4
1133167	0	1824479	4
1133167	0	1824480	4
1133167	0	1824481	4
1133167	0	1824483	4
1133167	0	1824484	4
1133167	0	1824485	4
1133167	0	1824486	4
1133167	0	1824487	4
1133167	0	1824488	4
1133167	0	1883272	4
1133167	0	1883276	4
1133167	0	190802	4
1133167	0	190803	4
1133167	0	190804	5
1133167	0	190805	4
1133167	0	190806	4
1133167	0	190808	4
1133167	0	190810	4
1133167	0	190811	4
1133167	0	2276678	4
1133167	0	2419498	4
1133167	0	2613291	4
1133167	0	2613293	4
1133167	0	2613296	4
1133167	0	3023120	4
1133167	0	3023123	4
1133167	0	3074598	4
1133167	0	3074599	5
1133167	0	3355083	4
1133167	0	3391439	4
1133167	0	3421897	4
1133167	0	3421899	4
1133167	0	3421900	4
1133167	0	3421903	5
1133167	0	3421906	4
1133167	0	3944276	4
1133167	0	434119	4
1133167	0	434121	5
1133167	0	434123	4
1133167	0	434125	4
1133167	0	434126	2
1133167	0	4443370	3
1133167	0	4443375	3
1133167	0	4494104	4
1133167	0	4498474	4
1133167	0	4498476	4
1133167	0	4498479	5
1133167	0	4550240	5
1133167	0	4550244	5
1133167	0	4712279	5
1133167	0	4922619	5
1133167	0	4926197	4
1133167	0	4973626	4
1133167	0	5674622	5
1133167	0	5674623	4
1133167	0	5787117	4
1133167	0	6103297	4
1133167	0	6112586	5
1133167	0	6112587	4
1133167	0	6112590	5
1133167	0	6140	4
1133167	0	6142	4
1133167	0	6257034	4
1133167	0	6299572	4
1133167	0	6299575	4
1133167	0	6467517	4
1133167	0	6467518	5
1133167	0	6467523	4
1133167	0	6467524	4
1133167	0	7007413	3
1133167	0	7093509	4
1133167	0	7093510	4
1133167	0	7093511	4
1133167	0	7217705	4
1133167	0	7218015	4
1133167	0	7218016	4
1133167	0	7486594	2
1133167	0	7486600	4
1133167	0	7486602	4
1133167	0	7762240	4
1133167	0	7793408	4
1133167	0	7793411	4
1133167	0	7793416	4
1133167	0	8003301	4
1133167	0	8033644	4
1133167	0	8033646	1
1133167	0	8033648	4
1133167	0	8033650	4
1133167	0	8160224	4
1133167	0	8160241	4
1133167	0	8160243	4
1133167	0	823272	4
1133167	0	823274	5
1133167	0	823277	4
1133167	0	823280	4
1133167	0	8250498	4
1133167	0	8255704	4
1133167	0	8255706	5
1133167	0	8415743	4
130510	0	1110766	2
130510	0	112332	0
130510	0	1159414	4
130510	0	1456084	2
130510	0	1481524	2
130510	0	1494930	4
130510	0	1494931	4
130510	0	1494932	4
130510	0	1494933	2
130510	0	1494935	4
130510	0	1494936	5
130510	0	1494938	5
130510	0	1494939	5
130510	0	179622	0
130510	0	179623	0
130510	0	1799013	0
130510	0	1881832	4
130510	0	1972336	0
130510	0	1972340	0
130510	0	2079375	2
130510	0	2079377	1
130510	0	2205995	0
130510	0	2490146	2
130510	0	2490150	0
130510	0	2490154	2
130510	0	2862515	2
130510	0	2862518	2
130510	0	2862522	2
130510	0	2982053	4
130510	0	3163980	4
130510	0	3525026	0
130510	0	3913770	4
130510	0	3913772	0
130510	0	3913774	0
130510	0	3913775	0
130510	0	3913776	0
130510	0	3913778	0
130510	0	3913779	0
130510	0	3995677	2
130510	0	4022902	4
130510	0	4022904	3
130510	0	4022905	4
130510	0	4022909	2
130510	0	4189500	4
130510	0	4345805	1
130510	0	4528804	0
130510	0	4528806	0
130510	0	4528807	0
130510	0	4528808	1
130510	0	4528809	0
130510	0	4528813	1
130510	0	4804307	4
130510	0	4945869	0
130510	0	5685704	0
130510	0	5685705	0
130510	0	5685706	1
130510	0	5685707	0
130510	0	5685708	0
130510	0	5930009	1
130510	0	5930010	0
130510	0	5930012	1
130510	0	5930013	0
130510	0	5930014	0
130510	0	6035035	2
130510	0	6183638	2
130510	0	6229727	4
130510	0	6229732	0
130510	0	6229733	0
130510	0	6486232	2
130510	0	6621100	2
130510	0	6763277	2
130510	0	6815300	4
130510	0	6881818	1
130510	0	6932169	1
130510	0	7125239	4
130510	0	7203252	2
130510	0	7479905	4
130510	0	7501557	4
130510	0	7501558	5
130510	0	7501563	4
130510	0	7779650	0
130510	0	783662	0
130510	0	783664	0
130510	0	783665	0
130510	0	799647	5
130510	0	8083814	4
130510	0	8094068	0
130510	0	8095118	3
130510	0	8391407	2
130510	0	8391409	2
130510	0	8514425	2
130510	0	8612902	4
130510	0	8612903	5
130510	0	8612904	5
130510	0	8612905	4
130510	0	8612906	5
130510	0	8612909	5
130510	0	8612910	5
130510	0	996732	2
130510	0	996740	2
131843	0	1090906	0
131843	0	135934	1
131843	0	1560209	0
131843	0	1597970	0
131843	0	1597974	0
131843	0	1600913	0
131843	0	1621724	0
131843	0	1781040	0
131843	0	1845835	0
131843	0	1888985	0
131843	0	2001346	0
131843	0	2041693	4
131843	0	2132242	0
131843	0	2170725	0
131843	0	2170726	0
131843	0	2286031	0
131843	0	2286036	0
131843	0	2378491	0
131843	0	2567977	0
131843	0	2567978	0
131843	0	2662096	0
131843	0	2683747	3
131843	0	2697631	0
131843	0	31713	1
131843	0	31715	0
131843	0	31716	0
131843	0	31718	0
131843	0	3346693	0
131843	0	3432705	0
131843	0	3432707	0
131843	0	3432712	0
131843	0	352863	0
131843	0	3748231	0
131843	0	3754642	0
131843	0	3777780	0
131843	0	3841396	2
131843	0	3937054	0
131843	0	3937056	0
131843	0	4235202	0
131843	0	4235203	0
131843	0	4235204	0
131843	0	4235209	0
131843	0	4360103	0
131843	0	4440568	0
131843	0	4440571	0
131843	0	4461384	0
131843	0	468330	0
131843	0	4755278	0
131843	0	5074688	0
131843	0	5124823	0
131843	0	5297233	0
131843	0	5297238	0
131843	0	5297239	0
131843	0	5325672	0
131843	0	5325675	0
131843	0	5325677	0
131843	0	5460686	0
131843	0	5460688	0
131843	0	5624693	0
131843	0	5643651	0
131843	0	6028397	0
131843	0	6028399	0
131843	0	6028403	0
131843	0	6086584	0
131843	0	6086587	0
131843	0	6180442	0
131843	0	6180444	0
131843	0	6487859	0
131843	0	7269086	0
131843	0	7269087	0
131843	0	7269088	0
131843	0	7269093	0
131843	0	7319440	0
131843	0	732869	0
131843	0	732876	4
131843	0	7385264	0
131843	0	7478776	0
131843	0	7478778	0
131843	0	7607368	0
131843	0	8023970	0
131843	0	8028768	0
131843	0	8305151	4
131843	0	8305152	5
131843	0	8305153	5
131843	0	8305154	5
131843	0	8305156	5
131843	0	8305158	5
131843	0	8456964	0
131843	0	8456965	0
131843	0	8456967	0
131843	0	8456970	0
131843	0	8710813	1
131843	0	895362	0
131843	0	985988	2
131843	0	985989	4
131843	0	985990	2
131843	0	985991	4
131843	0	985992	2
131843	0	985994	5
131843	0	985995	1
146187	0	1077546	2
146187	0	1138801	0
146187	0	1230566	2
146187	0	1254157	2
146187	0	1367172	2
146187	0	1841197	1
146187	0	1972078	0
146187	0	2040185	0
146187	0	2226090	2
146187	0	2226093	4
146187	0	2257806	2
146187	0	2719848	2
146187	0	315525	2
146187	0	3505470	2
146187	0	3615731	2
146187	0	3758956	2
146187	0	3963185	0
146187	0	3963187	2
146187	0	4026486	0
146187	0	4111407	0
146187	0	4214923	2
146187	0	4214925	2
146187	0	4216897	0
146187	0	4216901	0
146187	0	4216902	0
146187	0	4306847	4
146187	0	45008	2
146187	0	4631167	0
146187	0	4741857	4
146187	0	4777144	5
146187	0	4921740	0
146187	0	4921741	0
146187	0	5050456	0
146187	0	5050464	0
146187	0	5421945	0
146187	0	5548651	0
146187	0	5548652	2
146187	0	5548655	0
146187	0	5566562	0
146187	0	5590506	2
146187	0	5590508	2
146187	0	5624347	0
146187	0	5816517	0
146187	0	5836454	0
146187	0	5844996	0
146187	0	5889121	0
146187	0	5999108	0
146187	0	6015024	2
146187	0	6015025	4
146187	0	6015026	4
146187	0	6015027	2
146187	0	6417741	0
146187	0	6430257	0
146187	0	6430258	2
146187	0	6430259	0
146187	0	6430260	2
146187	0	6620285	0
146187	0	6658185	0
146187	0	7093332	0
146187	0	7093334	0
146187	0	7095526	2
146187	0	7096819	0
146187	0	7307399	2
146187	0	7405002	3
146187	0	744165	4
146187	0	744167	4
146187	0	76342	3
146187	0	76344	2
146187	0	76348	4
146187	0	76349	3
146187	0	7704674	0
146187	0	7704677	0
146187	0	7704679	0
146187	0	7836292	0
146187	0	7836294	0
146187	0	7836295	0
146187	0	7836296	0
146187	0	8042965	0
146187	0	8042972	0
146187	0	8113798	0
146187	0	8327404	0
146187	0	8361899	0
146187	0	8361902	0
146187	0	8434617	5
146187	0	8434618	2
146187	0	8434619	5
146187	0	8434620	3
146187	0	8434621	5
146187	0	8434622	3
146187	0	8434623	5
146187	0	8434624	5
146187	0	8434625	5
146187	0	8434626	5
146187	0	8664004	2
146187	0	8795488	0
146187	0	8795489	0
146187	0	8795490	0
146187	0	8795491	0
146187	0	8795495	2
146187	0	951283	0
148538	0	1147038	4
148538	0	1147044	4
148538	0	1147046	4
148538	0	1299824	4
148538	0	1299830	4
148538	0	1311206	4
148538	0	1314489	4
148538	0	1384441	4
148538	0	1384447	5
148538	0	1384448	4
148538	0	1494790	4
148538	0	1494796	4
148538	0	1516299	4
148538	0	1828167	2
148538	0	1828171	4
148538	0	1950977	4
148538	0	1950983	4
148538	0	1969519	3
148538	0	1969521	4
148538	0	1985491	4
148538	0	2033795	4
148538	0	2033800	4
148538	0	208314	4
148538	0	2177849	4
148538	0	231453	5
148538	0	231455	5
148538	0	2368188	4
148538	0	2368189	4
148538	0	2455774	4
148538	0	2455775	5
148538	0	2455779	4
148538	0	2632806	4
148538	0	2915322	3
148538	0	2915323	3
148538	0	3138642	4
148538	0	332400	3
148538	0	332401	4
148538	0	332402	4
148538	0	3353306	4
148538	0	3545040	3
148538	0	3557943	4
148538	0	3588269	4
148538	0	3918785	4
148538	0	3924333	4
148538	0	398535	5
148538	0	4046977	4
148538	0	4185812	4
148538	0	4185814	4
148538	0	4264123	4
148538	0	4264129	0
148538	0	4447598	3
148538	0	4447601	5
148538	0	451558	2
148538	0	4539654	4
148538	0	4539657	4
148538	0	4539659	4
148538	0	4553351	4
148538	0	4607263	4
148538	0	4660637	4
148538	0	4959638	4
148538	0	5077704	4
148538	0	5077707	0
148538	0	5077709	3
148538	0	5171599	4
148538	0	5171603	4
148538	0	5171605	4
148538	0	543841	4
148538	0	581145	4
148538	0	6006375	4
148538	0	615401	4
148538	0	615403	4
148538	0	615407	4
148538	0	6377902	4
148538	0	6543862	4
148538	0	6697437	4
148538	0	6704661	4
148538	0	6776848	4
148538	0	6846340	4
148538	0	6846343	4
148538	0	6894608	4
148538	0	7039113	4
148538	0	7407803	5
148538	0	7407804	3
148538	0	7407811	4
148538	0	7407812	4
148538	0	753805	4
148538	0	8080460	4
148538	0	820313	4
148538	0	8283527	0
148538	0	8283531	5
148538	0	8283532	4
148538	0	8388795	4
148538	0	8618875	4
148538	0	8690528	3
148538	0	982505	4
148538	0	985488	1
148538	0	985489	4
148538	0	985490	4
148538	0	985491	5
148538	0	985494	4
156493	0	1277720	5
156493	0	1277721	5
156493	0	1277723	5
156493	0	1277725	5
156493	0	1277726	5
156493	0	1277727	5
156493	0	1347266	4
156493	0	1960255	5
156493	0	1960257	5
156493	0	1960259	5
156493	0	1960260	5
156493	0	1960261	5
156493	0	2123395	5
156493	0	2236388	5
156493	0	2259179	5
156493	0	2259180	5
156493	0	2259182	5
156493	0	2259183	5
156493	0	2317800	5
156493	0	2317807	5
156493	0	2411918	5
156493	0	2598786	5
156493	0	2598787	5
156493	0	2612486	5
156493	0	2612490	5
156493	0	2612491	5
156493	0	2612492	5
156493	0	2612493	5
156493	0	2717163	5
156493	0	2928700	5
156493	0	2928704	5
156493	0	2928705	5
156493	0	2928706	4
156493	0	2928707	5
156493	0	2949802	5
156493	0	316872	5
156493	0	3288595	5
156493	0	3288596	5
156493	0	3288597	5
156493	0	3288598	5
156493	0	3288599	5
156493	0	3288600	5
156493	0	3288601	5
156493	0	3288603	5
156493	0	349637	2
156493	0	349638	5
156493	0	349639	2
156493	0	349641	5
156493	0	349643	5
156493	0	349644	2
156493	0	349645	5
156493	0	3603920	5
156493	0	3603922	5
156493	0	4131138	5
156493	0	4465044	4
156493	0	4527706	4
156493	0	4583221	5
156493	0	4940228	5
156493	0	5009743	4
156493	0	5022725	3
156493	0	5346660	5
156493	0	5530082	5
156493	0	6139382	5
156493	0	6139386	5
156493	0	6524746	5
156493	0	6775071	5
156493	0	6859030	2
156493	0	6983821	5
156493	0	7134515	4
156493	0	7371077	5
156493	0	7371078	5
156493	0	7371079	5
156493	0	750111	5
156493	0	8182159	5
156493	0	8182160	5
156493	0	8182161	5
156493	0	8182162	5
156493	0	8182165	5
156493	0	8182166	5
156493	0	8266015	2
156493	0	8273011	5
156493	0	8273017	5
156493	0	8273018	0
156493	0	8273019	5
156493	0	8300109	3
156493	0	8803132	5
156493	0	8820526	5
156493	0	8820527	5
156493	0	885944	5
156493	0	892006	3
156493	0	892013	3
156493	0	911790	2
156493	0	911791	3
156493	0	95512	5
156493	0	95514	5
156493	0	95515	5
156493	0	95518	5
156493	0	95519	4
156493	0	95521	5
156493	0	994486	5
168216	0	1090088	5
168216	0	1183706	5
168216	0	1301465	5
168216	0	1301467	5
168216	0	1301469	5
168216	0	1301472	5
168216	0	1301474	5
168216	0	13499	5
168216	0	1381477	5
168216	0	1735358	5
168216	0	1735360	5
168216	0	1924796	5
168216	0	1924800	5
168216	0	2036279	5
168216	0	2069992	5
168216	0	2069995	5
168216	0	2210775	5
168216	0	2210780	5
168216	0	2265769	5
168216	0	2265772	5
168216	0	2659074	5
168216	0	2790904	5
168216	0	2806307	4
168216	0	290826	5
168216	0	3033359	5
168216	0	3174840	5
168216	0	3198682	5
168216	0	3198687	5
168216	0	3198689	5
168216	0	3344828	5
168216	0	3344834	5
168216	0	3399712	5
168216	0	3399713	5
168216	0	3399715	5
168216	0	3463556	5
168216	0	3681095	5
168216	0	3681097	5
168216	0	3830857	5
168216	0	3908773	5
168216	0	3908774	5
168216	0	3908775	5
168216	0	3908776	5
168216	0	3908777	5
168216	0	3908779	5
168216	0	4119829	5
168216	0	4191395	5
168216	0	4191396	5
168216	0	4324491	5
168216	0	4324492	4
168216	0	4600607	4
168216	0	4741403	4
168216	0	4741406	4
168216	0	4792582	5
168216	0	4792583	5
168216	0	5024307	5
168216	0	5114458	4
168216	0	5293614	5
168216	0	5935474	5
168216	0	5935476	5
168216	0	6061718	5
168216	0	6061721	5
168216	0	6061722	5
168216	0	6213322	5
168216	0	6213323	4
168216	0	6213325	5
168216	0	6219118	4
168216	0	6249512	5
168216	0	6264731	5
168216	0	6264732	5
168216	0	6264733	5
168216	0	6282560	5
168216	0	6282561	5
168216	0	6282562	5
168216	0	6282567	5
168216	0	6329932	4
168216	0	6426630	5
168216	0	6426632	5
168216	0	6426634	5
168216	0	6426638	5
168216	0	6584042	5
168216	0	7337513	5
168216	0	7492753	5
168216	0	7492755	5
168216	0	7595684	5
168216	0	8048968	4
168216	0	8141128	5
168216	0	8185131	5
168216	0	8185135	5
168216	0	8185137	5
168216	0	8252763	5
168216	0	8639627	5
168216	0	8639630	5
168216	0	8639633	5
168216	0	8723467	5
168216	0	8731617	5
168216	0	8731618	5
168216	0	8731621	5
168216	0	8731622	5
168216	0	8731623	5
168216	0	8731625	5
182539	0	1075903	0
182539	0	1075910	0
182539	0	1094157	2
182539	0	1307232	2
182539	0	1307234	3
182539	0	1307235	3
182539	0	1512198	0
182539	0	1567163	0
182539	0	1623225	2
182539	0	1638687	5
182539	0	1638689	2
182539	0	1638690	2
182539	0	1638691	2
182539	0	1654895	4
182539	0	1798203	2
182539	0	18497	0
182539	0	1863057	4
182539	0	1956775	2
182539	0	2053701	4
182539	0	2092202	4
182539	0	2165968	4
182539	0	2222150	0
182539	0	2751871	2
182539	0	289979	1
182539	0	2909954	4
182539	0	2909960	3
182539	0	2909961	3
182539	0	3155150	2
182539	0	3187555	0
182539	0	3444628	2
182539	0	3707401	0
182539	0	3729714	1
182539	0	3760957	3
182539	0	3760964	2
182539	0	3858310	0
182539	0	3883077	3
182539	0	3883081	4
182539	0	3924581	0
182539	0	4370020	2
182539	0	4384262	0
182539	0	4487755	3
182539	0	4730803	3
182539	0	4985182	0
182539	0	5116532	0
182539	0	5167181	2
182539	0	518150	2
182539	0	5212911	2
182539	0	5567729	5
182539	0	5567732	3
182539	0	57443	4
182539	0	57444	3
182539	0	57447	5
182539	0	57448	3
182539	0	57449	5
182539	0	57450	1
182539	0	57452	5
182539	0	6037973	2
182539	0	6283807	0
182539	0	6596440	4
182539	0	6783449	3
182539	0	6816574	4
182539	0	6980965	4
182539	0	7085056	0
182539	0	7085057	0
182539	0	7154102	3
182539	0	721170	3
182539	0	7371255	5
182539	0	7371257	3
182539	0	7371259	3
182539	0	7371261	3
182539	0	7371262	3
182539	0	738025	3
182539	0	7459294	0
182539	0	7527837	4
182539	0	753037	0
182539	0	7542372	0
182539	0	7579347	3
182539	0	7583024	5
182539	0	7637811	3
182539	0	7640201	2
182539	0	7883763	3
182539	0	8008661	0
182539	0	80372	3
182539	0	8170703	0
182539	0	817162	0
182539	0	8299659	3
182539	0	8299661	3
182539	0	8299665	0
182539	0	8299668	3
182539	0	8349147	0
182539	0	8515182	5
182539	0	8598792	4
182539	0	8757178	3
182539	0	8757179	4
182539	0	8757180	4
182539	0	8757181	3
182539	0	8757182	4
182539	0	8757183	2
182539	0	8757184	4
182539	0	8811472	3
183378	0	1289489	5
183378	0	1289490	5
183378	0	1289494	2
183378	0	1289495	4
183378	0	1289496	5
183378	0	1289497	5
183378	0	1334801	0
183378	0	1334806	0
183378	0	1441060	0
183378	0	1730042	2
183378	0	1730858	3
183378	0	2040104	0
183378	0	2040111	0
183378	0	2095235	5
183378	0	2234245	5
183378	0	2352713	4
183378	0	2533256	5
183378	0	2635325	0
183378	0	2874543	5
183378	0	3093214	5
183378	0	3093215	5
183378	0	3093217	5
183378	0	3128362	5
183378	0	3185607	5
183378	0	3185611	5
183378	0	327908	5
183378	0	3389578	5
183378	0	3389579	5
183378	0	3389580	5
183378	0	3389581	5
183378	0	3389584	5
183378	0	3389585	4
183378	0	3867604	4
183378	0	3976830	0
183378	0	3987911	4
183378	0	4493913	5
183378	0	4493914	5
183378	0	4493915	5
183378	0	4493916	5
183378	0	4493917	5
183378	0	4493920	5
183378	0	4493921	4
183378	0	4493922	4
183378	0	4727412	4
183378	0	4727416	4
183378	0	4727417	5
183378	0	4727418	5
183378	0	4803847	5
183378	0	4803848	5
183378	0	4803850	3
183378	0	4803856	2
183378	0	4856305	2
183378	0	4935249	0
183378	0	4977773	4
183378	0	5460936	4
183378	0	5460937	3
183378	0	5460939	5
183378	0	5460941	3
183378	0	5534703	5
183378	0	5534707	5
183378	0	5534711	5
183378	0	5817927	5
183378	0	6109461	5
183378	0	6182925	0
183378	0	6182927	0
183378	0	6247405	5
183378	0	6548233	2
183378	0	6548235	3
183378	0	7014328	0
183378	0	7398706	5
183378	0	7448291	4
183378	0	7449743	4
183378	0	7449744	5
183378	0	7449748	5
183378	0	7449750	5
183378	0	7449751	5
183378	0	7449752	5
183378	0	749539	4
183378	0	749544	3
183378	0	7677975	5
183378	0	7920165	5
183378	0	8121375	5
183378	0	8121377	4
183378	0	8121380	2
183378	0	8507877	2
183378	0	8570256	5
183378	0	8570257	5
183378	0	8570258	5
183378	0	8570260	5
183378	0	8570261	5
183378	0	8570263	5
183378	0	8577213	2
183378	0	8577215	3
183378	0	8767240	4
183378	0	8767241	2
183378	0	8794302	4
183378	0	8794303	4
183378	0	8794304	5
183378	0	8794306	4
183378	0	8794308	4
19335	0	109062	2
19335	0	1143050	3
19335	0	1299461	2
19335	0	1374917	2
19335	0	1469573	4
19335	0	1504746	2
19335	0	1504747	2
19335	0	1504753	2
19335	0	161606	3
19335	0	1717015	4
19335	0	1720387	4
19335	0	1720388	2
19335	0	1720389	3
19335	0	1720393	2
19335	0	1720394	4
19335	0	1720395	4
19335	0	1720396	2
19335	0	1746951	2
19335	0	1905037	2
19335	0	211275	4
19335	0	2137748	1
19335	0	2250973	3
19335	0	2304004	2
19335	0	2304005	2
19335	0	2337477	2
19335	0	2459779	3
19335	0	2459780	2
19335	0	2459784	3
19335	0	284841	2
19335	0	284842	2
19335	0	2874497	4
19335	0	2874503	4
19335	0	3045565	3
19335	0	3045567	3
19335	0	3175484	4
19335	0	342431	3
19335	0	3445063	4
19335	0	354219	2
19335	0	3559593	2
19335	0	3559594	4
19335	0	3559596	2
19335	0	3615074	2
19335	0	3615077	4
19335	0	3615078	2
19335	0	3615079	4
19335	0	3615080	2
19335	0	3615083	3
19335	0	39115	2
19335	0	429851	3
19335	0	4480945	4
19335	0	4692186	2
19335	0	478232	4
19335	0	503739	4
19335	0	5051741	4
19335	0	5078863	2
19335	0	527690	4
19335	0	527692	4
19335	0	527697	3
19335	0	5508122	3
19335	0	5508123	2
19335	0	5711211	3
19335	0	5711219	3
19335	0	5806604	2
19335	0	5870000	0
19335	0	6238013	0
19335	0	6306223	2
19335	0	6452949	3
19335	0	6510257	3
19335	0	6512137	4
19335	0	6512144	4
19335	0	6568704	2
19335	0	677297	2
19335	0	677305	2
19335	0	6902384	2
19335	0	6902386	4
19335	0	6902389	3
19335	0	7042455	3
19335	0	7050803	2
19335	0	7122355	3
19335	0	7122361	4
19335	0	740715	2
19335	0	772225	4
19335	0	772227	3
19335	0	772234	4
19335	0	7856992	4
19335	0	8151642	2
19335	0	8231218	2
19335	0	8412681	4
19335	0	8412682	3
19335	0	8412683	3
19335	0	8412684	4
19335	0	8412685	4
19335	0	8522845	0
19335	0	8633126	3
19335	0	8635981	4
19335	0	8677296	2
19335	0	8828697	2
19335	0	8828698	2
19335	0	901326	2
19335	0	93557	4
207786	0	1002868	4
207786	0	1002869	4
207786	0	1025058	2
207786	0	1071464	2
207786	0	1081011	0
207786	0	1081015	0
207786	0	1085404	0
207786	0	1392579	4
207786	0	1392585	4
207786	0	1759929	4
207786	0	1915244	2
207786	0	1915245	4
207786	0	201711	0
207786	0	2051020	4
207786	0	2430036	2
207786	0	2457541	0
207786	0	2658594	0
207786	0	2763917	4
207786	0	2763922	2
207786	0	2861204	0
207786	0	2877168	1
207786	0	2998723	0
207786	0	2998726	1
207786	0	3000014	0
207786	0	3103885	0
207786	0	3221312	0
207786	0	3352521	0
207786	0	3357630	1
207786	0	3522830	0
207786	0	3632499	1
207786	0	3656958	2
207786	0	3773663	1
207786	0	3945573	0
207786	0	4218707	4
207786	0	4261224	0
207786	0	4322293	0
207786	0	4342505	0
207786	0	4486236	4
207786	0	4613065	4
207786	0	4672265	0
207786	0	4754014	0
207786	0	4908972	0
207786	0	4908977	0
207786	0	5160454	0
207786	0	5170147	0
207786	0	5175108	1
207786	0	5175112	2
207786	0	5175113	2
207786	0	5321444	0
207786	0	5365946	0
207786	0	5845832	0
207786	0	5845834	0
207786	0	6031623	1
207786	0	6031625	1
207786	0	6031627	1
207786	0	6031630	4
207786	0	6060398	0
207786	0	6133373	0
207786	0	6226371	0
207786	0	6226372	0
207786	0	6474685	4
207786	0	6736451	0
207786	0	6822431	0
207786	0	688489	0
207786	0	688493	0
207786	0	7016165	0
207786	0	7080032	0
207786	0	7124120	2
207786	0	7229816	0
207786	0	737802	0
207786	0	7413621	1
207786	0	7510472	5
207786	0	7599318	5
207786	0	7622406	0
207786	0	7639366	4
207786	0	7668314	0
207786	0	7777867	2
207786	0	7941579	4
207786	0	7969232	0
207786	0	8053029	1
207786	0	817177	4
207786	0	817180	4
207786	0	8185061	1
207786	0	8185063	0
207786	0	8185064	0
207786	0	8265334	0
207786	0	8273754	4
207786	0	8273755	2
207786	0	8273756	2
207786	0	8273757	4
207786	0	8273758	4
207786	0	8273759	4
207786	0	8273760	4
207786	0	8273761	4
207786	0	8273762	4
207786	0	8273763	4
207786	0	8367880	0
207786	0	8396587	0
207786	0	8461486	0
207786	0	8622991	0
264014	0	1610706	5
264014	0	1610707	5
264014	0	1610711	3
264014	0	1611213	2
264014	0	1804644	5
264014	0	2223171	4
264014	0	2228381	2
264014	0	2420367	4
264014	0	2438156	1
264014	0	2474340	4
264014	0	2474341	3
264014	0	2474342	4
264014	0	2474346	5
264014	0	2498165	2
264014	0	2498169	4
264014	0	2689662	4
264014	0	331931	4
264014	0	331932	4
264014	0	331934	4
264014	0	3338822	3
264014	0	3338825	5
264014	0	3338827	4
264014	0	3338828	4
264014	0	3372501	4
264014	0	3396076	5
264014	0	3577342	2
264014	0	3577343	3
264014	0	3577344	2
264014	0	3577345	4
264014	0	3577347	4
264014	0	3841908	4
264014	0	4259227	4
264014	0	447992	5
264014	0	4647186	5
264014	0	4687213	5
264014	0	4790255	4
264014	0	4834544	2
264014	0	4834547	5
264014	0	4834548	5
264014	0	5151339	5
264014	0	5269173	1
264014	0	528372	5
264014	0	528375	4
264014	0	528378	2
264014	0	528379	3
264014	0	528380	5
264014	0	5328095	4
264014	0	5506564	4
264014	0	5611210	4
264014	0	5611212	5
264014	0	5611218	4
264014	0	5611219	4
264014	0	5635515	5
264014	0	5635519	3
264014	0	5635521	2
264014	0	5816473	2
264014	0	5819142	4
264014	0	5819145	5
264014	0	58386	4
264014	0	5849270	2
264014	0	5849711	4
264014	0	5950718	5
264014	0	5950719	5
264014	0	5950720	2
264014	0	5950721	5
264014	0	5950722	5
264014	0	5950723	4
264014	0	5950725	2
264014	0	5950726	5
264014	0	6105566	5
264014	0	6105569	4
264014	0	6105571	4
264014	0	6105572	5
264014	0	6333839	4
264014	0	6334964	2
264014	0	6337909	3
264014	0	6413951	4
264014	0	6555321	4
264014	0	6555322	5
264014	0	6641238	5
264014	0	667686	4
264014	0	6791760	5
264014	0	684616	5
264014	0	684618	3
264014	0	684621	4
264014	0	7323467	4
264014	0	7323471	4
264014	0	7326934	5
264014	0	7326936	5
264014	0	8012101	5
264014	0	8193533	2
264014	0	8801661	5
264014	0	935825	5
264014	0	96851	5
264014	0	96852	4
264014	0	96855	4
264014	0	96856	2
264014	0	96857	5
264014	0	96858	5
264014	0	96859	2
359349	0	1394087	4
359349	0	15799	0
359349	0	15800	0
359349	0	15801	0
359349	0	15802	0
359349	0	15803	0
359349	0	15804	0
359349	0	15805	0
359349	0	15806	0
359349	0	15807	0
359349	0	15808	0
359349	0	1617442	0
359349	0	1622451	0
359349	0	1622452	2
359349	0	1622455	0
359349	0	1622457	0
359349	0	1622458	0
359349	0	1830512	4
359349	0	1830516	4
359349	0	1830517	5
359349	0	1979833	2
359349	0	2293820	4
359349	0	2444686	3
359349	0	2444689	2
359349	0	2826510	4
359349	0	2826512	5
359349	0	3176540	0
359349	0	3176543	2
359349	0	3176544	3
359349	0	3176548	0
359349	0	3193824	4
359349	0	3215625	0
359349	0	3223831	5
359349	0	3223833	4
359349	0	3900185	4
359349	0	4013723	4
359349	0	4020470	4
359349	0	4020477	4
359349	0	4087265	1
359349	0	4344092	2
359349	0	4344093	0
359349	0	4344098	0
359349	0	4344099	2
359349	0	4344100	2
359349	0	4344101	0
359349	0	4474866	2
359349	0	4474872	0
359349	0	457673	4
359349	0	4624153	3
359349	0	4881617	2
359349	0	5151802	0
359349	0	5155586	0
359349	0	5219970	0
359349	0	5219971	0
359349	0	5219972	4
359349	0	5219976	2
359349	0	5219977	0
359349	0	5345720	3
359349	0	5615181	4
359349	0	5615187	1
359349	0	576627	4
359349	0	576628	4
359349	0	576629	4
359349	0	576635	0
359349	0	5773713	2
359349	0	5773714	0
359349	0	5773715	0
359349	0	5773716	0
359349	0	5773717	0
359349	0	5773718	0
359349	0	5773719	0
359349	0	5806105	2
359349	0	5806106	2
359349	0	5806110	2
359349	0	6108721	4
359349	0	6113310	2
359349	0	6113313	0
359349	0	6113314	0
359349	0	6113317	0
359349	0	6213658	0
359349	0	6226414	0
359349	0	6440028	1
359349	0	6440029	1
359349	0	68647	5
359349	0	68648	5
359349	0	68649	5
359349	0	68650	3
359349	0	68653	4
359349	0	68654	0
359349	0	6873860	1
359349	0	7062671	3
359349	0	7579883	3
359349	0	7857634	0
359349	0	7857635	0
359349	0	8058867	4
359349	0	8058868	2
359349	0	8058873	4
359349	0	8167113	2
359349	0	8748954	0
359349	0	943229	5
405717	0	1589738	5
405717	0	1619423	4
405717	0	1849743	4
405717	0	2125641	5
405717	0	2365659	4
405717	0	2365660	4
405717	0	2365661	4
405717	0	2365662	4
405717	0	2365663	4
405717	0	2365664	4
405717	0	2365665	4
405717	0	2616168	2
405717	0	2642838	4
405717	0	2702419	4
405717	0	2702423	4
405717	0	273851	5
405717	0	2747484	4
405717	0	2747485	4
405717	0	2747486	4
405717	0	2747488	4
405717	0	2747489	4
405717	0	2747491	4
405717	0	2747492	4
405717	0	2768521	4
405717	0	28368	4
405717	0	28372	4
405717	0	2879960	2
405717	0	3033900	4
405717	0	3033903	4
405717	0	3033904	4
405717	0	3040883	3
405717	0	3274915	4
405717	0	3274918	4
405717	0	3514259	4
405717	0	3986303	4
405717	0	3986305	4
405717	0	3986306	2
405717	0	3986307	4
405717	0	3986308	3
405717	0	3986309	2
405717	0	4232833	4
405717	0	4326699	2
405717	0	4432155	4
405717	0	4489661	4
405717	0	4489666	4
405717	0	4577231	2
405717	0	4704973	4
405717	0	4704975	4
405717	0	4704978	4
405717	0	4776926	4
405717	0	4776928	4
405717	0	4828118	5
405717	0	5079482	4
405717	0	5615458	4
405717	0	5638740	4
405717	0	5668741	4
405717	0	5690233	4
405717	0	5690234	4
405717	0	5690237	4
405717	0	5857562	2
405717	0	5857570	4
405717	0	6019053	2
405717	0	6419725	4
405717	0	6654652	2
405717	0	6654655	4
405717	0	6654658	4
405717	0	6741362	4
405717	0	6786303	2
405717	0	6786304	4
405717	0	702383	4
405717	0	702386	4
405717	0	7170624	2
405717	0	7170625	3
405717	0	7170626	4
405717	0	7170629	4
405717	0	7170630	5
405717	0	7170631	4
405717	0	7201359	1
405717	0	7201361	2
405717	0	7288991	4
405717	0	7288996	4
405717	0	7447941	4
405717	0	7447942	4
405717	0	7447943	5
405717	0	758581	4
405717	0	758582	4
405717	0	758585	4
405717	0	758586	4
405717	0	7589975	4
405717	0	7728831	4
405717	0	7896211	4
405717	0	7896212	4
405717	0	8156519	4
405717	0	8433852	5
405717	0	8433854	4
405717	0	8433856	4
405717	0	8433858	4
405717	0	846414	2
405717	0	8610271	2
405717	0	931517	4
443396	0	1055834	4
443396	0	1091614	0
443396	0	1109130	2
443396	0	1135750	0
443396	0	1135751	0
443396	0	1135755	0
443396	0	1135757	0
443396	0	119472	0
443396	0	144709	0
443396	0	1465664	4
443396	0	1465667	4
443396	0	153028	1
443396	0	1843486	0
443396	0	1852809	4
443396	0	1871319	0
443396	0	2320321	0
443396	0	2320326	0
443396	0	2373504	4
443396	0	2490482	4
443396	0	2490486	3
443396	0	2638080	0
443396	0	2638081	3
443396	0	2638083	0
443396	0	2654155	0
443396	0	2976738	0
443396	0	2976740	0
443396	0	2976741	0
443396	0	3051074	0
443396	0	3103994	2
443396	0	3103995	4
443396	0	3256971	4
443396	0	3256974	1
443396	0	3323246	0
443396	0	3440850	4
443396	0	3617221	4
443396	0	3617225	2
443396	0	368001	2
443396	0	3721948	4
443396	0	388377	0
443396	0	4041358	0
443396	0	4041361	2
443396	0	4052112	4
443396	0	4205261	4
443396	0	4205264	4
443396	0	4249536	0
443396	0	4511531	4
443396	0	4526747	2
443396	0	456706	0
443396	0	456708	4
443396	0	456710	4
443396	0	4638554	0
443396	0	4699180	0
443396	0	4699186	1
443396	0	4792649	1
443396	0	4792652	2
443396	0	4792656	0
443396	0	4825928	0
443396	0	5048837	0
443396	0	5048838	4
443396	0	5048839	4
443396	0	5053511	4
443396	0	5065439	0
443396	0	519921	0
443396	0	5248151	2
443396	0	5404322	0
443396	0	5413103	0
443396	0	5710712	0
443396	0	6168530	0
443396	0	6361505	0
443396	0	6361506	0
443396	0	6361507	0
443396	0	6370531	4
443396	0	6471277	0
443396	0	6471278	0
443396	0	6643320	0
443396	0	7026006	0
443396	0	7422742	5
443396	0	7579047	1
443396	0	7620276	1
443396	0	7620278	0
443396	0	7620279	0
443396	0	7792897	0
443396	0	7890878	0
443396	0	7890882	0
443396	0	8079039	2
443396	0	8079042	2
443396	0	8079043	4
443396	0	8079046	4
443396	0	8171402	2
443396	0	8407794	4
443396	0	8416862	0
443396	0	8491981	2
443396	0	8536118	4
443396	0	8536121	4
443396	0	8536122	4
443396	0	8536123	5
443396	0	8769490	0
443396	0	8793491	4
443396	0	953826	1
443396	0	953827	0
451602	0	103184	4
451602	0	1078132	2
451602	0	1078133	0
451602	0	1078134	2
451602	0	1078138	2
451602	0	1094138	4
451602	0	1094139	3
451602	0	127533	0
451602	0	1277286	2
451602	0	1277290	2
451602	0	1277294	0
451602	0	1302756	3
451602	0	1640289	2
451602	0	1897982	2
451602	0	2084909	2
451602	0	2176450	2
451602	0	2176453	2
451602	0	2176455	2
451602	0	2176459	4
451602	0	2244875	1
451602	0	2618829	4
451602	0	2756872	2
451602	0	2796552	2
451602	0	2922141	0
451602	0	2922145	0
451602	0	3052117	2
451602	0	3090664	0
451602	0	3090666	0
451602	0	3090667	2
451602	0	3090670	0
451602	0	3177691	4
451602	0	3177694	0
451602	0	3177699	2
451602	0	3177700	2
451602	0	3371383	2
451602	0	3493825	2
451602	0	370081	2
451602	0	3790251	4
451602	0	4345752	2
451602	0	4453605	2
451602	0	4453606	4
451602	0	4487185	0
451602	0	4495080	2
451602	0	4874640	2
451602	0	4874645	2
451602	0	5053852	2
451602	0	5179251	4
451602	0	5211036	2
451602	0	5475308	3
451602	0	5475312	2
451602	0	5538936	4
451602	0	5538937	4
451602	0	5538938	3
451602	0	5538942	4
451602	0	5655693	2
451602	0	6132119	0
451602	0	6286973	2
451602	0	6286974	2
451602	0	6286975	2
451602	0	6286976	0
451602	0	6286977	2
451602	0	6286978	0
451602	0	6286979	2
451602	0	6286980	4
451602	0	6286982	2
451602	0	6618756	2
451602	0	6697739	0
451602	0	7315074	0
451602	0	7792100	2
451602	0	7800959	5
451602	0	7800962	2
451602	0	7804169	4
451602	0	7859334	2
451602	0	8019873	0
451602	0	8033470	2
451602	0	8033471	0
451602	0	8033472	2
451602	0	8033474	2
451602	0	8214451	0
451602	0	8214452	2
451602	0	8383461	2
451602	0	8383462	0
451602	0	8383465	2
451602	0	8383466	2
451602	0	8390518	2
451602	0	8390523	0
451602	0	8390525	2
451602	0	8390526	1
451602	0	8408575	2
451602	0	8485130	2
451602	0	8485136	0
451602	0	8540470	4
451602	0	8540473	4
451602	0	8621776	2
451602	0	8742537	2
451602	0	8787234	4
451602	0	927578	2
451602	0	96222	2
451602	0	96229	2
451602	0	998695	0
47923	0	1488918	4
47923	0	1681331	5
47923	0	1681332	5
47923	0	1681334	5
47923	0	1681336	5
47923	0	1681337	4
47923	0	1681338	5
47923	0	1681339	5
47923	0	1681340	5
47923	0	1827449	4
47923	0	1827452	4
47923	0	1868437	5
47923	0	2284128	4
47923	0	2284134	4
47923	0	2408264	4
47923	0	2477210	4
47923	0	2508227	4
47923	0	2569321	4
47923	0	2670112	4
47923	0	2699736	4
47923	0	2831042	4
47923	0	3348834	5
47923	0	3348838	4
47923	0	3520777	4
47923	0	3630935	4
47923	0	3688361	4
47923	0	3883230	4
47923	0	3986046	4
47923	0	4064327	4
47923	0	4064328	4
47923	0	4119528	4
47923	0	4148055	2
47923	0	4148063	2
47923	0	4257345	4
47923	0	4297620	5
47923	0	4416477	4
47923	0	4525880	4
47923	0	4652795	5
47923	0	473807	5
47923	0	473809	5
47923	0	5032362	5
47923	0	5055000	4
47923	0	5147526	4
47923	0	5147527	4
47923	0	5147529	4
47923	0	525507	2
47923	0	525511	4
47923	0	525513	2
47923	0	5282403	4
47923	0	5310902	4
47923	0	5417578	4
47923	0	5417579	4
47923	0	5417580	4
47923	0	5417581	4
47923	0	5417582	5
47923	0	5595916	4
47923	0	5898846	4
47923	0	5966643	4
47923	0	5966644	2
47923	0	6067090	4
47923	0	6111296	4
47923	0	618556	4
47923	0	6191	4
47923	0	6210760	4
47923	0	6222131	4
47923	0	6241147	5
47923	0	6241148	5
47923	0	6241150	5
47923	0	6241151	5
47923	0	6241152	5
47923	0	6241153	5
47923	0	6241154	5
47923	0	6272906	4
47923	0	6626703	4
47923	0	6626705	4
47923	0	6643066	5
47923	0	6919836	4
47923	0	7038128	4
47923	0	7137895	2
47923	0	727614	4
47923	0	7417276	4
47923	0	766019	5
47923	0	7747055	4
47923	0	7936847	4
47923	0	8216702	5
47923	0	829484	4
47923	0	8327407	5
47923	0	8348762	5
47923	0	8418678	4
47923	0	8418679	4
47923	0	8418681	5
47923	0	8418683	5
47923	0	8418686	5
47923	0	8421421	4
47923	0	8619129	4
47923	0	8641104	5
47923	0	8641106	5
47923	0	8641107	5
47923	0	913042	5
47923	0	986177	5
489204	0	1051498	4
489204	0	113238	4
489204	0	114148	4
489204	0	1225589	4
489204	0	1225591	4
489204	0	1228655	4
489204	0	1231677	4
489204	0	1276947	4
489204	0	1310103	2
489204	0	1360627	4
489204	0	136257	4
489204	0	139999	4
489204	0	1418931	3
489204	0	1430550	5
489204	0	1479542	4
489204	0	152948	2
489204	0	152954	4
489204	0	1538587	4
489204	0	1759354	4
489204	0	1759358	2
489204	0	1778458	4
489204	0	185678	4
489204	0	1897210	4
489204	0	1950269	2
489204	0	1950273	3
489204	0	2163701	4
489204	0	216490	4
489204	0	216492	3
489204	0	2268651	4
489204	0	2268652	4
489204	0	2268656	3
489204	0	2959687	2
489204	0	3053140	4
489204	0	3438216	4
489204	0	35919	4
489204	0	3608625	4
489204	0	3608627	4
489204	0	3728445	4
489204	0	385083	4
489204	0	4029846	3
489204	0	4088951	4
489204	0	4142348	2
489204	0	416864	4
489204	0	4279451	3
489204	0	4279453	4
489204	0	430274	4
489204	0	4387756	3
489204	0	4586570	5
489204	0	4917996	2
489204	0	4917998	4
489204	0	4929960	3
489204	0	533017	4
489204	0	5629373	4
489204	0	5709655	4
489204	0	5815957	4
489204	0	5895917	4
489204	0	6084785	4
489204	0	6087663	4
489204	0	6087666	4
489204	0	6087671	3
489204	0	6327174	4
489204	0	6327175	4
489204	0	6327177	4
489204	0	6327181	3
489204	0	6362205	4
489204	0	6542578	4
489204	0	6652051	4
489204	0	6652052	4
489204	0	678245	4
489204	0	6976143	4
489204	0	7008875	4
489204	0	7108296	4
489204	0	7113153	3
489204	0	7116533	4
489204	0	750066	3
489204	0	753265	4
489204	0	7564977	3
489204	0	7564980	1
489204	0	7734612	2
489204	0	7923800	4
489204	0	8055356	4
489204	0	8376906	2
489204	0	8376910	3
489204	0	8463820	5
489204	0	8463823	4
489204	0	855963	4
489204	0	855967	2
489204	0	855968	2
489204	0	855969	2
489204	0	855972	4
489204	0	8594271	3
489204	0	8594272	4
489204	0	8594273	4
489204	0	8594277	2
489204	0	8594280	3
489204	0	872467	4
489204	0	8737051	4
489204	0	8737053	4
489204	0	8781574	3
489204	0	973923	4
490595	0	1044147	4
490595	0	1160847	4
490595	0	1194055	2
490595	0	1194060	4
490595	0	1288938	4
490595	0	1288939	1
490595	0	1288940	4
490595	0	1288942	4
490595	0	1288943	4
490595	0	1288946	4
490595	0	1473259	4
490595	0	1652460	5
490595	0	1707412	0
490595	0	1929910	5
490595	0	1929911	4
490595	0	1929913	4
490595	0	2433509	2
490595	0	2788470	4
490595	0	2850740	4
490595	0	3572695	4
490595	0	3572701	4
490595	0	3595607	2
490595	0	3833407	4
490595	0	3833409	4
490595	0	3833413	4
490595	0	3833414	4
490595	0	3937195	4
490595	0	3937196	4
490595	0	3937197	4
490595	0	3937200	4
490595	0	3937201	4
490595	0	3937202	2
490595	0	3937203	4
490595	0	3937204	4
490595	0	4082315	1
490595	0	4292443	4
490595	0	4604269	2
490595	0	4737059	4
490595	0	4737060	5
490595	0	4737061	4
490595	0	4737062	4
490595	0	4737063	4
490595	0	4737064	4
490595	0	4737065	5
490595	0	4737066	5
490595	0	4737067	4
490595	0	4737068	4
490595	0	4763065	2
490595	0	4763066	4
490595	0	4763068	4
490595	0	4763070	2
490595	0	4763071	2
490595	0	4771671	2
490595	0	4842889	4
490595	0	4842890	5
490595	0	4842891	5
490595	0	4842894	4
490595	0	4842895	2
490595	0	4842896	4
490595	0	4842897	4
490595	0	5112294	4
490595	0	5128293	2
490595	0	5247992	4
490595	0	5247994	4
490595	0	5247999	4
490595	0	5248000	4
490595	0	526093	4
490595	0	5359208	4
490595	0	5359212	4
490595	0	5359213	4
490595	0	549465	4
490595	0	549466	4
490595	0	5633627	4
490595	0	5633631	4
490595	0	6045591	5
490595	0	6412650	4
490595	0	6686784	4
490595	0	6742119	4
490595	0	6976956	2
490595	0	6976960	2
490595	0	7045861	2
490595	0	7174984	0
490595	0	7340532	4
490595	0	7422680	1
490595	0	7839904	4
490595	0	7839906	4
490595	0	7839908	4
490595	0	7839911	2
490595	0	7968900	2
490595	0	805046	4
490595	0	805047	4
490595	0	805048	4
490595	0	805050	4
490595	0	805051	5
490595	0	805052	4
490595	0	829387	2
490595	0	8485139	5
490595	0	8485140	4
490595	0	8485141	4
490595	0	903932	5
527433	0	1000485	2
527433	0	1164207	0
527433	0	1212783	1
527433	0	1212787	2
527433	0	1251480	0
527433	0	126710	0
527433	0	1379237	3
527433	0	1379238	2
527433	0	1379239	2
527433	0	1379240	3
527433	0	1379245	2
527433	0	1404580	2
527433	0	1511548	2
527433	0	1511549	0
527433	0	1511551	2
527433	0	1511553	2
527433	0	1511556	2
527433	0	1664518	2
527433	0	1664521	2
527433	0	1664523	2
527433	0	1664659	2
527433	0	1753604	1
527433	0	2045580	2
527433	0	2331989	2
527433	0	2496224	2
527433	0	2496227	2
527433	0	2565413	0
527433	0	2567334	1
527433	0	269422	2
527433	0	269423	0
527433	0	269425	2
527433	0	269426	2
527433	0	269428	0
527433	0	269429	2
527433	0	269430	2
527433	0	2722036	2
527433	0	2773789	1
527433	0	291606	0
527433	0	2931558	2
527433	0	2931562	2
527433	0	3224400	0
527433	0	3294599	2
527433	0	3774357	2
527433	0	3774358	2
527433	0	3774360	2
527433	0	3786813	2
527433	0	3835729	2
527433	0	3835730	0
527433	0	3973285	2
527433	0	4046875	0
527433	0	4064457	2
527433	0	4351170	2
527433	0	4351179	0
527433	0	4402991	0
527433	0	4402992	2
527433	0	4402995	2
527433	0	4958693	0
527433	0	5295980	0
527433	0	5466807	3
527433	0	5466809	0
527433	0	5466810	1
527433	0	547444	2
527433	0	5479502	0
527433	0	5603298	2
527433	0	5603305	0
527433	0	5672170	3
527433	0	5690943	0
527433	0	5839266	2
527433	0	6038397	2
527433	0	6038411	2
527433	0	6186391	2
527433	0	6186393	2
527433	0	6186394	0
527433	0	6186395	2
527433	0	6214994	1
527433	0	6214995	0
527433	0	6215001	3
527433	0	6398041	2
527433	0	6498113	1
527433	0	653101	2
527433	0	729489	2
527433	0	7336435	1
527433	0	7514088	0
527433	0	7514090	0
527433	0	7607669	3
527433	0	7799466	2
527433	0	7904112	2
527433	0	8306449	2
527433	0	8306450	3
527433	0	8306451	2
527433	0	8371764	2
527433	0	8617267	2
527433	0	8617269	2
527433	0	8617270	0
527433	0	8617271	5
527433	0	8617273	2
527433	0	8617274	2
527433	0	8617276	3
527433	0	8827925	4
527433	0	8827928	2
573724	0	1005335	2
573724	0	1005338	2
573724	0	1005341	3
573724	0	104856	2
573724	0	1165128	4
573724	0	1165129	5
573724	0	1293333	3
573724	0	1509940	4
573724	0	1509942	5
573724	0	1509944	4
573724	0	162151	5
573724	0	1648007	3
573724	0	1816038	5
573724	0	2002448	2
573724	0	2133806	4
573724	0	2186124	3
573724	0	2417985	2
573724	0	2635262	5
573724	0	305009	2
573724	0	3059590	4
573724	0	3059593	4
573724	0	3146236	3
573724	0	3146238	4
573724	0	3146240	4
573724	0	3365631	4
573724	0	3365632	4
573724	0	3365633	4
573724	0	3365634	2
573724	0	3365635	4
573724	0	3365636	4
573724	0	3365638	5
573724	0	3365640	2
573724	0	3492364	3
573724	0	3546092	2
573724	0	3617636	3
573724	0	394136	5
573724	0	394138	3
573724	0	394139	3
573724	0	394141	3
573724	0	394142	5
573724	0	4017883	3
573724	0	41433	3
573724	0	4360246	3
573724	0	4853172	1
573724	0	5047796	5
573724	0	5185664	4
573724	0	5185671	3
573724	0	5310530	5
573724	0	5339620	5
573724	0	5384308	2
573724	0	5721829	5
573724	0	5721831	4
573724	0	5962420	1
573724	0	5962423	4
573724	0	5962424	1
573724	0	5962425	1
573724	0	5962426	3
573724	0	5962427	3
573724	0	5962428	4
573724	0	6121093	3
573724	0	6496777	4
573724	0	6776717	5
573724	0	7104825	5
573724	0	7104826	5
573724	0	7104827	2
573724	0	7134411	1
573724	0	7199667	3
573724	0	7199669	5
573724	0	7199672	4
573724	0	7199673	4
573724	0	7199674	2
573724	0	7199675	2
573724	0	7275118	1
573724	0	7384327	1
573724	0	7384329	3
573724	0	7384331	4
573724	0	7384332	4
573724	0	7530702	3
573724	0	7609926	4
573724	0	7609927	4
573724	0	7609928	4
573724	0	7609929	3
573724	0	7609930	4
573724	0	7609932	4
573724	0	7674858	3
573724	0	7674859	5
573724	0	7964601	4
573724	0	8047166	3
573724	0	8441637	4
573724	0	8441642	5
573724	0	8444727	3
573724	0	8444728	4
573724	0	87400	3
573724	0	87402	3
573724	0	87404	3
573724	0	87405	5
573724	0	87409	4
573724	0	8833192	5
573724	0	8833194	5
573724	0	8833199	2
833860	0	1060356	1
833860	0	115142	1
833860	0	1187661	2
833860	0	1361867	1
833860	0	1501736	4
833860	0	1579406	0
833860	0	1889863	4
833860	0	2022688	4
833860	0	2192806	1
833860	0	2192812	0
833860	0	2206194	4
833860	0	2206195	4
833860	0	2206196	4
833860	0	2206197	4
833860	0	2206200	4
833860	0	2206201	1
833860	0	223308	0
833860	0	2626241	2
833860	0	2626244	1
833860	0	2626245	2
833860	0	2702357	4
833860	0	2792242	2
833860	0	3087477	1
833860	0	3087481	2
833860	0	3087483	1
833860	0	3394881	0
833860	0	3437281	4
833860	0	3437283	2
833860	0	3437284	2
833860	0	3437285	4
833860	0	3437286	4
833860	0	3437288	4
833860	0	3437289	2
833860	0	3437290	4
833860	0	3716920	2
833860	0	4287221	0
833860	0	4857585	1
833860	0	4881964	1
833860	0	4881965	4
833860	0	4897785	2
833860	0	4983652	4
833860	0	5012384	4
833860	0	5012386	4
833860	0	5167510	4
833860	0	5167512	2
833860	0	5167513	4
833860	0	5167518	4
833860	0	5268871	1
833860	0	5652528	0
833860	0	5832657	4
833860	0	5832662	2
833860	0	596153	4
833860	0	6083481	1
833860	0	6182015	0
833860	0	6182018	0
833860	0	6182019	0
833860	0	6182021	0
833860	0	6182023	0
833860	0	6218032	4
833860	0	6218040	4
833860	0	6230220	4
833860	0	6230221	4
833860	0	6230222	4
833860	0	6230223	4
833860	0	6230224	2
833860	0	6230225	4
833860	0	6230226	4
833860	0	6230227	3
833860	0	6230228	3
833860	0	6230229	2
833860	0	6292957	4
833860	0	6301693	4
833860	0	6621549	0
833860	0	6748422	2
833860	0	6812180	1
833860	0	6875877	1
833860	0	68820	4
833860	0	6943598	2
833860	0	6943600	1
833860	0	7038170	4
833860	0	7061642	2
833860	0	756914	1
833860	0	756916	1
833860	0	756921	2
833860	0	767542	2
833860	0	7706738	2
833860	0	7944293	2
833860	0	8025159	1
833860	0	8068230	1
833860	0	8068233	2
833860	0	8280714	2
833860	0	8280717	1
833860	0	8344031	4
833860	0	8494105	2
833860	0	8679932	4
833860	0	8697642	1
833860	0	8833502	4
833860	0	8833504	2
833860	0	8833506	4
833860	0	8833509	4
855410	0	107007	0
855410	0	1094085	0
855410	0	1094091	0
855410	0	1313943	0
855410	0	1375118	0
855410	0	1599285	0
855410	0	1775897	0
855410	0	1775900	0
855410	0	1775902	0
855410	0	1824271	0
855410	0	1824273	0
855410	0	1824274	0
855410	0	1824277	0
855410	0	1824278	0
855410	0	1824280	0
855410	0	1997187	0
855410	0	2117094	0
855410	0	2254122	0
855410	0	235313	0
855410	0	2450686	0
855410	0	2499351	0
855410	0	2499352	0
855410	0	2499353	0
855410	0	2499355	0
855410	0	2890365	4
855410	0	317307	0
855410	0	3201479	0
855410	0	3201482	0
855410	0	3269002	0
855410	0	3319653	0
855410	0	369512	0
855410	0	369516	0
855410	0	3723410	0
855410	0	3723411	0
855410	0	3723412	0
855410	0	3723413	0
855410	0	3723414	0
855410	0	3723415	0
855410	0	3823238	0
855410	0	3946561	0
855410	0	4084193	0
855410	0	4084196	0
855410	0	4103170	0
855410	0	4235939	0
855410	0	4235940	0
855410	0	4235942	0
855410	0	4554620	0
855410	0	4554623	0
855410	0	4624463	0
855410	0	4698704	0
855410	0	4788327	0
855410	0	4788330	0
855410	0	4980050	4
855410	0	5006079	0
855410	0	5053561	0
855410	0	5321528	0
855410	0	5321529	0
855410	0	5465915	0
855410	0	5723210	0
855410	0	5743663	0
855410	0	5757274	0
855410	0	5962462	0
855410	0	5979006	0
855410	0	5979009	0
855410	0	5988607	0
855410	0	5988611	0
855410	0	6167255	0
855410	0	6167256	0
855410	0	6385724	0
855410	0	6481239	2
855410	0	6593281	0
855410	0	6593283	0
855410	0	6658891	0
855410	0	6773738	0
855410	0	681984	0
855410	0	681985	0
855410	0	681993	0
855410	0	6942176	0
855410	0	7115215	0
855410	0	7710944	0
855410	0	8157624	0
855410	0	8157627	0
855410	0	8271172	0
855410	0	8543392	0
855410	0	862689	0
855410	0	862691	0
855410	0	862695	0
855410	0	8645167	0
855410	0	8651770	4
855410	0	8651771	4
855410	0	8651772	2
855410	0	8651773	5
855410	0	8651775	4
855410	0	8651776	1
855410	0	8671032	0
855410	0	8671033	0
855410	0	8776511	0
855410	0	8776516	0
855410	0	8776519	0
855410	0	902854	0
87181	0	1059517	2
87181	0	1179100	4
87181	0	123547	2
87181	0	1346115	3
87181	0	1700168	4
87181	0	1856235	3
87181	0	1856241	3
87181	0	1950525	4
87181	0	1950526	4
87181	0	1950532	4
87181	0	1961300	3
87181	0	1992881	4
87181	0	2024860	4
87181	0	2307974	4
87181	0	2307979	2
87181	0	2310764	2
87181	0	2530227	4
87181	0	2530252	0
87181	0	2530257	4
87181	0	2556149	0
87181	0	2556151	4
87181	0	2922857	2
87181	0	2986227	4
87181	0	2986231	2
87181	0	3198047	4
87181	0	3216315	3
87181	0	3914970	4
87181	0	4632251	4
87181	0	4639455	4
87181	0	4689523	4
87181	0	4689524	1
87181	0	4689525	4
87181	0	47203	0
87181	0	47206	0
87181	0	47207	3
87181	0	47210	0
87181	0	4786305	4
87181	0	5103077	4
87181	0	5103082	4
87181	0	5197130	0
87181	0	5197133	1
87181	0	5197135	2
87181	0	5469038	4
87181	0	5497677	4
87181	0	5531010	1
87181	0	5676026	3
87181	0	5753301	4
87181	0	5758954	4
87181	0	5899049	4
87181	0	6029788	4
87181	0	6055562	4
87181	0	6129695	3
87181	0	6222600	3
87181	0	6262331	2
87181	0	6484575	4
87181	0	6484576	4
87181	0	6484577	4
87181	0	6521360	1
87181	0	6521366	4
87181	0	6685092	5
87181	0	6774305	2
87181	0	6969187	4
87181	0	7057928	2
87181	0	7112964	4
87181	0	7112968	4
87181	0	742425	4
87181	0	7504775	0
87181	0	7586365	4
87181	0	7666828	0
87181	0	7666831	1
87181	0	8037179	3
87181	0	8037182	4
87181	0	8082516	1
87181	0	8151922	2
87181	0	8151926	4
87181	0	8165398	4
87181	0	8165401	4
87181	0	8165403	0
87181	0	8165404	2
87181	0	8332546	5
87181	0	8332547	4
87181	0	8332548	2
87181	0	8332550	4
87181	0	8332555	4
87181	0	8356380	2
87181	0	8476330	2
87181	0	8522403	2
87181	0	8534130	4
87181	0	8534134	5
87181	0	8534135	3
87181	0	8534136	2
87181	0	8565420	4
87181	0	8614359	1
87181	0	8614360	1
87181	0	8664069	0
87181	0	8683178	0
87181	0	8683181	1
87181	0	8683183	3
87181	0	8683185	4
87181	0	8738510	2
87452	0	1118401	1
87452	0	1395625	2
87452	0	1395631	1
87452	0	1528487	2
87452	0	164968	1
87452	0	1689964	1
87452	0	1733684	0
87452	0	1749882	1
87452	0	186931	2
87452	0	186939	4
87452	0	1890450	2
87452	0	1890452	2
87452	0	1895985	1
87452	0	1895989	0
87452	0	2026774	0
87452	0	2026777	1
87452	0	2205470	1
87452	0	2312984	3
87452	0	2624886	4
87452	0	2740337	2
87452	0	335702	2
87452	0	3613927	2
87452	0	3732121	1
87452	0	3732898	0
87452	0	3809015	0
87452	0	3841122	1
87452	0	4008486	2
87452	0	4008495	3
87452	0	4307932	3
87452	0	4307935	2
87452	0	4307936	2
87452	0	434339	0
87452	0	4496461	1
87452	0	4502595	1
87452	0	4634899	4
87452	0	4634900	2
87452	0	4634903	2
87452	0	4866237	3
87452	0	4866238	2
87452	0	4872055	2
87452	0	4993648	2
87452	0	5052039	2
87452	0	5219890	2
87452	0	5268236	1
87452	0	5286924	4
87452	0	5296736	2
87452	0	5299878	1
87452	0	5732048	1
87452	0	5746164	3
87452	0	5746165	1
87452	0	5746167	2
87452	0	5751686	2
87452	0	5851090	4
87452	0	5851095	2
87452	0	6018160	4
87452	0	6018161	2
87452	0	6018162	3
87452	0	6018163	3
87452	0	6018164	3
87452	0	6018166	2
87452	0	6018167	2
87452	0	6018168	4
87452	0	6018169	2
87452	0	7166749	2
87452	0	7208274	0
87452	0	7304545	2
87452	0	7641652	2
87452	0	764761	0
87452	0	7843982	2
87452	0	7843984	2
87452	0	7897960	0
87452	0	7965004	4
87452	0	7965005	4
87452	0	7965011	2
87452	0	8055174	3
87452	0	8126315	2
87452	0	8152222	4
87452	0	8152225	2
87452	0	8152226	2
87452	0	8213478	4
87452	0	8333912	4
87452	0	8333919	1
87452	0	8333920	2
87452	0	8333921	4
87452	0	8422895	0
87452	0	8436571	2
87452	0	8436572	1
87452	0	8436573	2
87452	0	8436574	1
87452	0	8436575	1
87452	0	8436576	2
87452	0	8436578	2
87452	0	8436579	2
87452	0	8436580	2
87452	0	8819111	2
87452	0	8819112	3
87452	0	8819113	2
87452	0	8819114	1
87452	0	8819116	2
87452	0	994547	2
915593	0	1033076	2
915593	0	1396701	2
915593	0	1396702	1
915593	0	1396705	1
915593	0	1396707	0
915593	0	1396708	2
915593	0	1772930	3
915593	0	1972028	1
915593	0	210379	1
915593	0	2210590	1
915593	0	2210592	3
915593	0	2210593	3
915593	0	2210594	2
915593	0	2210595	2
915593	0	2210597	2
915593	0	2744909	1
915593	0	2755128	1
915593	0	275726	3
915593	0	2915475	2
915593	0	2923501	1
915593	0	3037814	2
915593	0	3069419	1
915593	0	3069424	1
915593	0	3357360	2
915593	0	3375966	1
915593	0	3523599	0
915593	0	3523602	1
915593	0	3538159	0
915593	0	3538160	5
915593	0	3538161	1
915593	0	3538162	0
915593	0	3538163	3
915593	0	3538164	3
915593	0	3538165	2
915593	0	3538166	2
915593	0	3538168	1
915593	0	3573473	2
915593	0	3573477	2
915593	0	3573479	2
915593	0	3581431	1
915593	0	3930156	1
915593	0	3991910	1
915593	0	4566815	1
915593	0	4566816	2
915593	0	4566818	4
915593	0	4566819	2
915593	0	4566822	2
915593	0	4566823	1
915593	0	4691129	2
915593	0	4834226	1
915593	0	4998398	1
915593	0	5774009	1
915593	0	5931262	2
915593	0	5931553	2
915593	0	6761340	2
915593	0	6761341	3
915593	0	6761344	3
915593	0	6761346	1
915593	0	6761348	1
915593	0	6923051	2
915593	0	6923052	1
915593	0	6923054	1
915593	0	7709320	4
915593	0	7742098	2
915593	0	7837084	2
915593	0	7837086	1
915593	0	7861751	2
915593	0	7861755	4
915593	0	8002852	2
915593	0	8029524	4
915593	0	8029525	4
915593	0	8029527	4
915593	0	8029530	2
915593	0	8029531	1
915593	0	8029532	1
915593	0	8029533	1
915593	0	8103068	1
915593	0	8178996	3
915593	0	8178998	3
915593	0	8178999	0
915593	0	8179001	2
915593	0	82105	1
915593	0	82106	4
915593	0	82107	4
915593	0	82108	4
915593	0	82109	0
915593	0	82110	4
915593	0	82111	2
915593	0	82113	3
915593	0	82114	1
915593	0	8275207	2
915593	0	8402969	2
915593	0	8402970	2
915593	0	8402971	4
915593	0	8402972	4
915593	0	8420020	2
915593	0	8455302	2
915593	0	8455306	2
915593	0	8681775	1
915593	0	924855	2
962179	0	1645080	2
962179	0	1645087	3
962179	0	1882903	1
962179	0	2017001	2
962179	0	2017003	1
962179	0	2131895	0
962179	0	2186434	0
962179	0	2329692	4
962179	0	2329693	2
962179	0	2329694	2
962179	0	2329695	2
962179	0	2329696	4
962179	0	2329697	4
962179	0	2329699	5
962179	0	2329700	0
962179	0	2329701	2
962179	0	2589899	4
962179	0	2589902	1
962179	0	2589904	2
962179	0	2589905	2
962179	0	2632688	0
962179	0	2697161	1
962179	0	2697162	4
962179	0	2978863	0
962179	0	2978864	5
962179	0	2978865	4
962179	0	2978866	5
962179	0	2978867	0
962179	0	2978868	0
962179	0	2978869	0
962179	0	2978870	0
962179	0	2978871	4
962179	0	302861	3
962179	0	302867	0
962179	0	3173623	0
962179	0	3173625	0
962179	0	3422319	0
962179	0	3705165	5
962179	0	3896632	4
962179	0	4209394	0
962179	0	4209397	0
962179	0	4257871	4
962179	0	4257872	0
962179	0	4257873	0
962179	0	4511497	0
962179	0	4511499	5
962179	0	4511500	2
962179	0	4511503	4
962179	0	4606386	5
962179	0	4606387	5
962179	0	4606388	0
962179	0	5329867	0
962179	0	534563	4
962179	0	536176	5
962179	0	536177	0
962179	0	536178	0
962179	0	5642478	0
962179	0	5653655	0
962179	0	5653656	0
962179	0	5653657	0
962179	0	5653659	5
962179	0	579975	4
962179	0	5919340	5
962179	0	5919342	5
962179	0	6186348	0
962179	0	6575558	0
962179	0	6675259	4
962179	0	6675260	4
962179	0	6675262	2
962179	0	6675264	1
962179	0	6898289	5
962179	0	6898293	0
962179	0	6904859	0
962179	0	6904860	0
962179	0	6904863	0
962179	0	6980697	5
962179	0	7428149	2
962179	0	7733807	2
962179	0	7733810	2
962179	0	8114936	1
962179	0	8114938	0
962179	0	8361087	0
962179	0	8768354	2
962179	0	8768355	4
962179	0	8768360	2
962179	0	8768974	0
962179	0	8768976	0
962179	0	8785367	4
962179	0	8785368	0
962179	0	8785369	4
962179	0	8785371	5
962179	0	8785372	0
962179	0	8785373	0
962179	0	8785374	0
962179	0	8785375	0
962179	0	8811420	0
962179	0	8811422	0
962179	0	931123	2
962179	0	931124	0
962179	0	963708	1
