1037798	0	1079773	0
1037798	0	1356119	0
1037798	0	1356120	0
1037798	0	1371155	0
1037798	0	1371161	0
1037798	0	158363	0
1037798	0	1612693	0
1037798	0	1863223	0
1037798	0	2021895	0
1037798	0	2021899	0
1037798	0	2157450	0
1037798	0	2273333	0
1037798	0	2381026	0
1037798	0	2608688	2
1037798	0	2632787	0
1037798	0	2634475	1
1037798	0	2698318	0
1037798	0	2698324	0
1037798	0	2743168	0
1037798	0	2787508	1
1037798	0	2863296	1
1037798	0	3082786	0
1037798	0	3082787	0
1037798	0	3082788	0
1037798	0	3082792	0
1037798	0	3082794	0
1037798	0	3082795	1
1037798	0	3150375	0
1037798	0	3150376	0
1037798	0	3247266	1
1037798	0	3310847	0
1037798	0	3387556	2
1037798	0	3520700	0
1037798	0	3620983	3
1037798	0	3620986	3
1037798	0	3620991	2
1037798	0	3641634	3
1037798	0	3679721	0
1037798	0	3798094	0
1037798	0	4085213	0
1037798	0	4227882	1
1037798	0	4245501	0
1037798	0	4387161	0
1037798	0	4387163	0
1037798	0	4436245	0
1037798	0	4468755	0
1037798	0	4534644	0
1037798	0	4620659	0
1037798	0	4786200	0
1037798	0	4788864	1
1037798	0	479275	0
1037798	0	4833476	0
1037798	0	4833637	1
1037798	0	4835233	0
1037798	0	4835237	0
1037798	0	4924331	0
1037798	0	5038273	0
1037798	0	5099520	1
1037798	0	5333542	1
1037798	0	5585227	0
1037798	0	5649573	0
1037798	0	5889925	0
1037798	0	5943159	0
1037798	0	6115930	0
1037798	0	6526047	0
1037798	0	6526054	0
1037798	0	6880291	0
1037798	0	6965274	0
1037798	0	7253357	1
1037798	0	7284301	0
1037798	0	7284303	0
1037798	0	741658	0
1037798	0	74261	0
1037798	0	7610103	0
1037798	0	7619076	0
1037798	0	7687706	0
1037798	0	770859	0
1037798	0	7822415	3
1037798	0	7967207	2
1037798	0	811777	0
1037798	0	811779	0
1037798	0	8157340	0
1037798	0	8402853	0
1037798	0	8402855	0
1037798	0	8537479	2
1037798	0	8701550	0
1037798	0	8760864	1
1037798	0	8760866	3
1037798	0	8760867	2
1037798	0	8760868	2
1037798	0	8760870	2
1037798	0	8760871	3
1037798	0	8760873	1
1037798	0	8780809	0
1037798	0	8780810	0
1037798	0	967280	0
1037798	0	967287	0
1037798	0	972903	1
1037798	0	972907	1
1037798	0	994978	2
104861	0	1017092	3
104861	0	1046334	3
104861	0	1046339	3
104861	0	1304632	3
104861	0	1313687	3
104861	0	1357961	2
104861	0	146170	3
104861	0	1567102	3
104861	0	1767226	2
104861	0	1773805	3
104861	0	1773807	3
104861	0	1811410	3
104861	0	1814642	2
104861	0	1948963	3
104861	0	1977801	2
104861	0	2377050	3
104861	0	2497738	2
104861	0	2916631	2
104861	0	3174878	2
104861	0	3443173	3
104861	0	3443176	3
104861	0	3783016	1
104861	0	3925933	3
104861	0	4017854	3
104861	0	4017856	3
104861	0	4017858	2
104861	0	4199743	3
104861	0	4223386	2
104861	0	4230210	2
104861	0	4230213	2
104861	0	459675	2
104861	0	459676	2
104861	0	4784551	2
104861	0	5073457	2
104861	0	5138467	3
104861	0	5138468	3
104861	0	5138469	2
104861	0	5138471	3
104861	0	5138472	3
104861	0	5138473	3
104861	0	5138474	2
104861	0	5138476	3
104861	0	5248340	3
104861	0	5248341	3
104861	0	5248342	3
104861	0	5340890	2
104861	0	5340891	2
104861	0	5394110	2
104861	0	5394112	2
104861	0	5405670	2
104861	0	5438821	1
104861	0	5483490	2
104861	0	5667475	3
104861	0	5688415	3
104861	0	5688416	3
104861	0	5688417	3
104861	0	5688420	3
104861	0	5703400	3
104861	0	5703401	3
104861	0	5776561	1
104861	0	5778135	0
104861	0	5801822	3
104861	0	5836442	3
104861	0	5864693	2
104861	0	599604	3
104861	0	6008066	1
104861	0	6187055	3
104861	0	6187057	3
104861	0	6187058	2
104861	0	6241791	2
104861	0	629270	3
104861	0	629273	2
104861	0	629274	3
104861	0	629276	3
104861	0	629277	3
104861	0	629278	3
104861	0	6302828	1
104861	0	6351571	3
104861	0	6467577	3
104861	0	6467578	3
104861	0	6467579	3
104861	0	6467580	3
104861	0	6584358	2
104861	0	6585554	3
104861	0	6653674	3
104861	0	6653675	2
104861	0	6653678	3
104861	0	6653679	3
104861	0	6658615	2
104861	0	6704672	3
104861	0	6904992	3
104861	0	6904999	2
104861	0	7034375	2
104861	0	7204477	2
104861	0	7506029	3
104861	0	796246	2
104861	0	8286089	2
104861	0	8495099	3
104861	0	8546162	3
104861	0	8733854	2
1063750	0	1074552	2
1063750	0	1098173	2
1063750	0	1098174	1
1063750	0	1580962	2
1063750	0	1580964	1
1063750	0	1866486	3
1063750	0	1923499	2
1063750	0	1923500	2
1063750	0	1923506	3
1063750	0	2156005	0
1063750	0	2220585	2
1063750	0	2230089	3
1063750	0	2230090	2
1063750	0	2230091	2
1063750	0	2230095	2
1063750	0	2391458	1
1063750	0	2391460	2
1063750	0	2470328	2
1063750	0	2496767	2
1063750	0	2569816	2
1063750	0	2768123	3
1063750	0	3056	1
1063750	0	3134986	2
1063750	0	3259885	2
1063750	0	3259889	2
1063750	0	3259892	2
1063750	0	330159	2
1063750	0	330165	2
1063750	0	3327045	2
1063750	0	3327046	2
1063750	0	3327047	2
1063750	0	3327048	1
1063750	0	3327050	2
1063750	0	3327051	2
1063750	0	3327052	2
1063750	0	3477418	2
1063750	0	3477419	2
1063750	0	3477421	2
1063750	0	3610446	2
1063750	0	3633198	0
1063750	0	3654231	2
1063750	0	3973418	2
1063750	0	4099992	1
1063750	0	4158202	2
1063750	0	4158205	2
1063750	0	4337526	3
1063750	0	4337527	3
1063750	0	4337528	2
1063750	0	4337532	3
1063750	0	4487113	2
1063750	0	4487115	2
1063750	0	4542127	1
1063750	0	4559130	2
1063750	0	4559131	2
1063750	0	4559132	1
1063750	0	4718161	3
1063750	0	4788295	2
1063750	0	4802036	2
1063750	0	4834969	2
1063750	0	4834974	2
1063750	0	4844348	0
1063750	0	5062363	2
1063750	0	5442711	3
1063750	0	5442717	1
1063750	0	5956099	3
1063750	0	5956106	2
1063750	0	6093904	0
1063750	0	6093907	0
1063750	0	6127382	2
1063750	0	6127389	3
1063750	0	6666451	1
1063750	0	7146781	2
1063750	0	7247264	2
1063750	0	7304887	1
1063750	0	7571423	3
1063750	0	7571428	2
1063750	0	7778348	0
1063750	0	7778351	0
1063750	0	7778354	2
1063750	0	7781459	1
1063750	0	7781460	2
1063750	0	7837936	3
1063750	0	7837937	2
1063750	0	7837938	2
1063750	0	7952964	2
1063750	0	7952965	2
1063750	0	7952966	2
1063750	0	7952967	2
1063750	0	7952971	3
1063750	0	7959117	2
1063750	0	8183810	2
1063750	0	819283	2
1063750	0	819284	2
1063750	0	8239876	2
1063750	0	8239877	3
1063750	0	8384971	2
1063750	0	8739167	0
1063750	0	8821734	3
1063750	0	8821735	3
1063750	0	8821736	2
1103812	0	1214791	0
1103812	0	1419875	0
1103812	0	1462916	0
1103812	0	1614303	2
1103812	0	1659850	2
1103812	0	1659852	2
1103812	0	1984917	1
1103812	0	2060347	1
1103812	0	2147179	0
1103812	0	2235495	0
1103812	0	2332189	3
1103812	0	2371485	0
1103812	0	250692	0
1103812	0	2535841	1
1103812	0	2586283	1
1103812	0	2666747	0
1103812	0	2703108	1
1103812	0	2703114	1
1103812	0	2720842	0
1103812	0	2750961	2
1103812	0	2750965	2
1103812	0	2878297	0
1103812	0	2945096	2
1103812	0	3122424	0
1103812	0	3122425	0
1103812	0	3255158	1
1103812	0	3427222	0
1103812	0	3512936	1
1103812	0	3591090	1
1103812	0	3591092	1
1103812	0	3591094	1
1103812	0	3708772	2
1103812	0	3773618	1
1103812	0	3843263	1
1103812	0	3843267	2
1103812	0	3843270	2
1103812	0	3940091	2
1103812	0	3990418	0
1103812	0	4130119	0
1103812	0	4191304	1
1103812	0	4192902	0
1103812	0	427270	0
1103812	0	4292848	2
1103812	0	4322058	1
1103812	0	4401695	2
1103812	0	4478524	0
1103812	0	4598218	0
1103812	0	4791698	0
1103812	0	4795944	1
1103812	0	4824831	1
1103812	0	4937953	1
1103812	0	4967774	1
1103812	0	5190505	1
1103812	0	5209256	1
1103812	0	5372066	1
1103812	0	5372067	1
1103812	0	5416250	1
1103812	0	5850266	0
1103812	0	5974245	0
1103812	0	5976811	0
1103812	0	6103245	0
1103812	0	6128049	0
1103812	0	621213	0
1103812	0	6289840	2
1103812	0	6330511	0
1103812	0	645467	0
1103812	0	6569474	0
1103812	0	6619490	0
1103812	0	6621	0
1103812	0	6799729	1
1103812	0	6842210	0
1103812	0	6936248	0
1103812	0	7231343	0
1103812	0	7242599	1
1103812	0	7259761	0
1103812	0	7280672	1
1103812	0	7430769	0
1103812	0	7491609	1
1103812	0	7491610	1
1103812	0	7676360	0
1103812	0	7755205	0
1103812	0	8084238	1
1103812	0	8220080	2
1103812	0	8220081	2
1103812	0	8220085	3
1103812	0	8220086	3
1103812	0	8220087	2
1103812	0	8220088	3
1103812	0	8220089	2
1103812	0	8220093	0
1103812	0	8224175	1
1103812	0	8224183	2
1103812	0	8293805	2
1103812	0	8521423	0
1103812	0	8525190	2
1103812	0	865879	1
1103812	0	868008	1
1103812	0	8822007	0
1103812	0	893854	1
1103812	0	955565	0
1106007	0	1334328	3
1106007	0	1334330	3
1106007	0	1334331	3
1106007	0	1334334	3
1106007	0	1334335	3
1106007	0	1334336	3
1106007	0	1334337	3
1106007	0	1560237	2
1106007	0	1560243	3
1106007	0	1628793	3
1106007	0	1918089	3
1106007	0	2148473	2
1106007	0	2186171	3
1106007	0	2325835	2
1106007	0	2451757	2
1106007	0	2464373	2
1106007	0	2464374	2
1106007	0	2464375	3
1106007	0	2464376	2
1106007	0	2464378	2
1106007	0	2513606	3
1106007	0	2513607	2
1106007	0	2513608	2
1106007	0	2513609	2
1106007	0	2672601	3
1106007	0	2672608	3
1106007	0	2777111	3
1106007	0	2798876	2
1106007	0	2804955	2
1106007	0	285891	2
1106007	0	2866627	3
1106007	0	2866630	3
1106007	0	2866633	2
1106007	0	2866634	3
1106007	0	2910887	2
1106007	0	2960558	3
1106007	0	2960561	3
1106007	0	2960563	3
1106007	0	2960564	3
1106007	0	2960566	3
1106007	0	303453	2
1106007	0	3537611	2
1106007	0	3567188	3
1106007	0	3711235	2
1106007	0	4004166	2
1106007	0	4004169	2
1106007	0	4004173	2
1106007	0	4089153	2
1106007	0	4173705	2
1106007	0	4173709	3
1106007	0	4173712	3
1106007	0	4781867	2
1106007	0	487804	2
1106007	0	4953840	2
1106007	0	5204536	3
1106007	0	5204537	3
1106007	0	5204538	3
1106007	0	5204539	3
1106007	0	5204540	3
1106007	0	5204544	3
1106007	0	5279699	2
1106007	0	5279702	2
1106007	0	5279704	2
1106007	0	5774817	2
1106007	0	5774818	3
1106007	0	5780388	3
1106007	0	592693	2
1106007	0	6071697	2
1106007	0	6104494	2
1106007	0	6126193	1
1106007	0	6182968	3
1106007	0	6282108	2
1106007	0	6282110	2
1106007	0	6297179	2
1106007	0	6963994	3
1106007	0	701605	2
1106007	0	7193731	2
1106007	0	746358	3
1106007	0	7500586	1
1106007	0	7685380	3
1106007	0	7685382	2
1106007	0	7685383	3
1106007	0	7685384	3
1106007	0	7685385	3
1106007	0	7685386	3
1106007	0	7685388	3
1106007	0	8141089	2
1106007	0	8199519	3
1106007	0	8199521	3
1106007	0	8204457	3
1106007	0	8204463	1
1106007	0	8204464	2
1106007	0	8208703	2
1106007	0	8348781	1
1106007	0	8521668	3
1106007	0	8521673	3
1106007	0	8521674	2
1106007	0	899465	2
1106007	0	899467	2
1106007	0	899468	2
1110199	0	1144987	1
1110199	0	1321205	1
1110199	0	1323552	1
1110199	0	1592475	1
1110199	0	1809288	1
1110199	0	1901876	2
1110199	0	1901877	2
1110199	0	1901878	3
1110199	0	1901879	2
1110199	0	1901881	2
1110199	0	1901882	3
1110199	0	1966313	2
1110199	0	2301113	1
1110199	0	2301115	2
1110199	0	2301117	1
1110199	0	2301119	2
1110199	0	239443	2
1110199	0	239444	2
1110199	0	2474406	2
1110199	0	2657988	2
1110199	0	2796199	2
1110199	0	2796204	1
1110199	0	2854609	1
1110199	0	2854615	1
1110199	0	2925198	1
1110199	0	313193	1
1110199	0	3270584	1
1110199	0	3272906	1
1110199	0	3272914	1
1110199	0	328010	1
1110199	0	3495022	1
1110199	0	3515650	2
1110199	0	3519482	1
1110199	0	3647394	2
1110199	0	3838638	3
1110199	0	3838645	2
1110199	0	4053652	2
1110199	0	4057232	1
1110199	0	433926	1
1110199	0	4489656	2
1110199	0	4496257	2
1110199	0	4504233	2
1110199	0	4511137	3
1110199	0	4511144	2
1110199	0	451157	1
1110199	0	4674430	1
1110199	0	4771351	1
1110199	0	4800728	1
1110199	0	4800729	2
1110199	0	5049363	2
1110199	0	5074861	1
1110199	0	5105295	2
1110199	0	5218014	2
1110199	0	5387204	2
1110199	0	5387211	1
1110199	0	5387212	2
1110199	0	5479	1
1110199	0	5516092	1
1110199	0	5627957	2
1110199	0	5641717	2
1110199	0	5641718	1
1110199	0	5701621	1
1110199	0	5857919	1
1110199	0	5857920	2
1110199	0	5857921	2
1110199	0	5857923	2
1110199	0	5857924	1
1110199	0	5857925	2
1110199	0	5857926	2
1110199	0	5857927	1
1110199	0	6056861	2
1110199	0	618109	1
1110199	0	618114	1
1110199	0	6368887	2
1110199	0	6368891	2
1110199	0	6382102	1
1110199	0	6392463	2
1110199	0	6392469	1
1110199	0	6462667	1
1110199	0	6478158	1
1110199	0	6573362	1
1110199	0	6832436	1
1110199	0	712232	1
1110199	0	712235	2
1110199	0	7221366	2
1110199	0	7344200	1
1110199	0	7344201	2
1110199	0	7628033	1
1110199	0	7628037	2
1110199	0	8160518	3
1110199	0	8160519	2
1110199	0	8160520	3
1110199	0	8160521	2
1110199	0	8160522	2
1110199	0	8160524	1
1110199	0	8160527	2
1110199	0	8404306	2
1110199	0	8404307	1
1110199	0	955120	1
1110199	0	986780	1
1112341	0	1087928	1
1112341	0	1254065	1
1112341	0	1312444	0
1112341	0	1373648	0
1112341	0	1450347	2
1112341	0	2095998	1
1112341	0	2096429	0
1112341	0	2173819	1
1112341	0	2173822	1
1112341	0	2173823	1
1112341	0	2209048	1
1112341	0	2253155	2
1112341	0	2596431	0
1112341	0	2596432	1
1112341	0	2603918	1
1112341	0	2626927	2
1112341	0	2663365	1
1112341	0	2694630	1
1112341	0	2694633	1
1112341	0	2694636	1
1112341	0	2735215	1
1112341	0	2735219	1
1112341	0	3118343	2
1112341	0	3252208	1
1112341	0	3291151	1
1112341	0	3524227	1
1112341	0	3795887	1
1112341	0	3795889	1
1112341	0	3795891	0
1112341	0	3795896	1
1112341	0	3922194	1
1112341	0	3922197	1
1112341	0	4022846	1
1112341	0	4022849	2
1112341	0	4385339	0
1112341	0	4390797	0
1112341	0	4390801	1
1112341	0	4390804	0
1112341	0	4413846	0
1112341	0	4416075	1
1112341	0	4663300	1
1112341	0	478773	1
1112341	0	4927752	0
1112341	0	4927753	1
1112341	0	4977768	1
1112341	0	5043405	1
1112341	0	5043407	1
1112341	0	5171418	0
1112341	0	5298723	1
1112341	0	5414560	0
1112341	0	5740804	1
1112341	0	6164791	2
1112341	0	6311795	2
1112341	0	6311797	1
1112341	0	6311801	2
1112341	0	6369731	1
1112341	0	6369732	0
1112341	0	6459590	1
1112341	0	6681380	1
1112341	0	6681382	1
1112341	0	6681384	1
1112341	0	6681385	1
1112341	0	6726337	1
1112341	0	6726340	2
1112341	0	6726342	2
1112341	0	6726344	2
1112341	0	6726345	2
1112341	0	6726346	1
1112341	0	6947368	0
1112341	0	6973592	0
1112341	0	7079771	1
1112341	0	7079776	2
1112341	0	7597745	1
1112341	0	7615749	1
1112341	0	7615752	1
1112341	0	8008345	1
1112341	0	8134792	1
1112341	0	8139250	1
1112341	0	8139251	1
1112341	0	8139255	2
1112341	0	8139256	2
1112341	0	8139257	2
1112341	0	8139258	3
1112341	0	8200926	1
1112341	0	8326581	1
1112341	0	8326584	1
1112341	0	8326587	1
1112341	0	8326588	1
1112341	0	8337129	2
1112341	0	8442173	1
1112341	0	8442174	1
1112341	0	8442176	1
1112341	0	8442177	1
1112341	0	8442178	1
1112341	0	8442180	1
1112341	0	8606160	1
1112341	0	8606161	1
1112341	0	8651336	1
1112341	0	8700906	1
1112341	0	875123	1
1113437	0	1066532	2
1113437	0	1066538	2
1113437	0	1066539	2
1113437	0	1280567	0
1113437	0	1280568	3
1113437	0	1280569	2
1113437	0	1280570	2
1113437	0	1454814	3
1113437	0	1658786	1
1113437	0	1768727	3
1113437	0	1896939	2
1113437	0	1896943	3
1113437	0	2001934	3
1113437	0	2226349	3
1113437	0	226867	2
1113437	0	2354940	2
1113437	0	2354947	3
1113437	0	2595626	2
1113437	0	2884183	2
1113437	0	2884188	2
1113437	0	2884191	2
1113437	0	3026984	2
1113437	0	3089474	2
1113437	0	3125150	2
1113437	0	3125154	3
1113437	0	3125155	2
1113437	0	3325381	2
1113437	0	3518300	1
1113437	0	3687620	2
1113437	0	3880944	3
1113437	0	4016930	2
1113437	0	4016934	2
1113437	0	4016937	2
1113437	0	4216336	1
1113437	0	4367831	2
1113437	0	4367832	3
1113437	0	4412230	2
1113437	0	4473156	3
1113437	0	4473157	3
1113437	0	4498864	3
1113437	0	4498867	2
1113437	0	4751835	3
1113437	0	4751839	1
1113437	0	4981632	1
1113437	0	5188751	2
1113437	0	520325	1
1113437	0	5328098	3
1113437	0	5514586	3
1113437	0	5546288	3
1113437	0	5591645	2
1113437	0	5863434	2
1113437	0	5938418	2
1113437	0	5938420	2
1113437	0	5938424	2
1113437	0	5938425	3
1113437	0	594251	2
1113437	0	5996691	2
1113437	0	5996692	2
1113437	0	6017939	2
1113437	0	6017945	1
1113437	0	6021898	2
1113437	0	6021902	3
1113437	0	6021905	2
1113437	0	6174327	2
1113437	0	6174328	3
1113437	0	6174329	2
1113437	0	631949	2
1113437	0	6455604	2
1113437	0	6455610	2
1113437	0	6486041	1
1113437	0	6593841	2
1113437	0	6688843	2
1113437	0	6792385	1
1113437	0	7263162	0
1113437	0	7377275	1
1113437	0	7377278	2
1113437	0	7385219	2
1113437	0	7385221	2
1113437	0	7385222	2
1113437	0	742037	3
1113437	0	742044	3
1113437	0	7890527	1
1113437	0	807277	2
1113437	0	807279	2
1113437	0	8128790	3
1113437	0	8128792	2
1113437	0	8128794	3
1113437	0	8128796	3
1113437	0	8128798	2
1113437	0	8128799	2
1113437	0	8162984	2
1113437	0	8330514	1
1113437	0	8503446	2
1113437	0	8503449	1
1113437	0	8503453	2
1113437	0	8503455	1
1113437	0	8729210	1
1113437	0	8729214	1
1113437	0	8729215	1
1113437	0	8729219	3
1114646	0	1316103	2
1114646	0	1316109	2
1114646	0	1544838	2
1114646	0	1713662	0
1114646	0	1884057	2
1114646	0	1884059	2
1114646	0	2201127	2
1114646	0	2408275	0
1114646	0	2524143	0
1114646	0	2647994	3
1114646	0	266552	2
1114646	0	2676807	2
1114646	0	2695584	0
1114646	0	272202	1
1114646	0	2911035	2
1114646	0	2911039	2
1114646	0	2911040	2
1114646	0	2931848	0
1114646	0	3056368	2
1114646	0	3184850	2
1114646	0	3184851	2
1114646	0	3467664	2
1114646	0	3467665	2
1114646	0	3470484	2
1114646	0	3624681	2
1114646	0	3828281	1
1114646	0	3901376	1
1114646	0	392985	2
1114646	0	3949098	0
1114646	0	4332918	2
1114646	0	444374	3
1114646	0	444375	1
1114646	0	444380	3
1114646	0	444382	0
1114646	0	4771285	1
1114646	0	5041692	2
1114646	0	5127884	0
1114646	0	5217702	2
1114646	0	5229617	2
1114646	0	5279567	3
1114646	0	5316249	0
1114646	0	5417949	2
1114646	0	5417952	3
1114646	0	5417953	3
1114646	0	5417954	3
1114646	0	5423424	1
1114646	0	5569142	2
1114646	0	5637550	1
1114646	0	5640856	2
1114646	0	5640859	3
1114646	0	5640861	2
1114646	0	5661838	2
1114646	0	5661840	2
1114646	0	5687476	2
1114646	0	5687477	2
1114646	0	5687478	2
1114646	0	5687479	2
1114646	0	579548	2
1114646	0	579554	2
1114646	0	5836029	2
1114646	0	5959593	3
1114646	0	6124144	0
1114646	0	6124145	0
1114646	0	629152	0
1114646	0	6348309	2
1114646	0	6704400	3
1114646	0	6704401	2
1114646	0	6711103	2
1114646	0	687064	3
1114646	0	6886637	0
1114646	0	6886642	0
1114646	0	6886644	0
1114646	0	7065010	2
1114646	0	7196956	2
1114646	0	7196961	2
1114646	0	7278603	0
1114646	0	771368	2
1114646	0	7768555	0
1114646	0	7931424	0
1114646	0	7945828	1
1114646	0	7984234	2
1114646	0	8117087	2
1114646	0	8117088	2
1114646	0	8117089	3
1114646	0	8117090	3
1114646	0	8117091	3
1114646	0	8117092	2
1114646	0	8117093	1
1114646	0	8117094	2
1114646	0	8117095	2
1114646	0	8117096	3
1114646	0	8185549	2
1114646	0	831444	1
1114646	0	8327369	2
1114646	0	857788	2
1114646	0	857789	2
1114646	0	8665820	2
1114646	0	937370	0
1114646	0	937371	0
1114646	0	992156	0
1114819	0	1009500	2
1114819	0	1248112	3
1114819	0	1302004	3
1114819	0	1302007	3
1114819	0	1315993	3
1114819	0	1315994	3
1114819	0	1315995	3
1114819	0	1315996	3
1114819	0	1315998	3
1114819	0	1316000	2
1114819	0	1419798	2
1114819	0	1419801	2
1114819	0	1625836	3
1114819	0	1724520	3
1114819	0	1724525	3
1114819	0	1724526	2
1114819	0	1724528	2
1114819	0	1735443	2
1114819	0	1738242	3
1114819	0	1738243	2
1114819	0	1738250	3
1114819	0	1816958	1
1114819	0	1852066	2
1114819	0	2136434	3
1114819	0	2477692	3
1114819	0	255279	1
1114819	0	2590455	2
1114819	0	2831393	2
1114819	0	344350	3
1114819	0	344351	2
1114819	0	3484458	3
1114819	0	3781418	3
1114819	0	3781419	2
1114819	0	3906952	2
1114819	0	3906954	3
1114819	0	3906955	1
1114819	0	3906959	3
1114819	0	4890560	3
1114819	0	5019832	2
1114819	0	5019839	2
1114819	0	5156171	2
1114819	0	5165249	3
1114819	0	534362	3
1114819	0	5521371	3
1114819	0	5521373	3
1114819	0	5628950	2
1114819	0	5628952	3
1114819	0	5718417	2
1114819	0	6202321	2
1114819	0	6564168	2
1114819	0	6900766	3
1114819	0	6900767	3
1114819	0	6900769	2
1114819	0	6900773	2
1114819	0	6900774	3
1114819	0	6941478	3
1114819	0	694735	2
1114819	0	694737	3
1114819	0	7132894	2
1114819	0	7156443	2
1114819	0	750446	1
1114819	0	7588045	3
1114819	0	7803429	2
1114819	0	7803435	3
1114819	0	785027	3
1114819	0	785028	2
1114819	0	8022276	3
1114819	0	8022279	1
1114819	0	8022280	3
1114819	0	8024890	3
1114819	0	8027206	3
1114819	0	8088105	1
1114819	0	8088108	2
1114819	0	8088109	1
1114819	0	8088111	2
1114819	0	8096817	2
1114819	0	8096824	2
1114819	0	8115435	3
1114819	0	8115439	3
1114819	0	8115440	3
1114819	0	8115700	2
1114819	0	8336225	2
1114819	0	8336229	3
1114819	0	8336230	3
1114819	0	8336232	2
1114819	0	8480574	2
1114819	0	8508255	2
1114819	0	8508259	2
1114819	0	8508263	3
1114819	0	8579830	2
1114819	0	8579832	2
1114819	0	8736056	3
1114819	0	8754397	3
1114819	0	8754398	3
1114819	0	8754404	2
1114819	0	8768742	3
1114819	0	988370	3
1114819	0	988373	3
1114819	0	988376	3
1114819	0	988378	2
1115776	0	1036904	1
1115776	0	1134851	0
1115776	0	1269409	2
1115776	0	1328463	0
1115776	0	1403193	0
1115776	0	1403195	0
1115776	0	1729572	1
1115776	0	1729576	1
1115776	0	1826907	0
1115776	0	1826911	0
1115776	0	1856137	0
1115776	0	1856144	1
1115776	0	2137462	0
1115776	0	2230476	0
1115776	0	2230477	0
1115776	0	2230481	0
1115776	0	2364285	2
1115776	0	2514462	0
1115776	0	2514467	0
1115776	0	2897142	0
1115776	0	3041833	0
1115776	0	3052538	0
1115776	0	3063307	0
1115776	0	3063308	0
1115776	0	3063310	0
1115776	0	3203281	0
1115776	0	3203998	0
1115776	0	3296853	0
1115776	0	3344355	2
1115776	0	3411245	1
1115776	0	3469357	2
1115776	0	3595625	0
1115776	0	3794460	1
1115776	0	407823	0
1115776	0	4131485	1
1115776	0	4162793	0
1115776	0	4314169	2
1115776	0	4314171	1
1115776	0	4314172	2
1115776	0	4314174	2
1115776	0	4314175	2
1115776	0	4314176	2
1115776	0	4314178	1
1115776	0	4324120	0
1115776	0	4487937	1
1115776	0	4487938	1
1115776	0	4530238	0
1115776	0	480800	1
1115776	0	4954946	0
1115776	0	4984386	1
1115776	0	4984390	0
1115776	0	5069882	0
1115776	0	5069887	0
1115776	0	5244756	0
1115776	0	5264931	2
1115776	0	5599692	1
1115776	0	5605159	1
1115776	0	5605160	1
1115776	0	5950738	1
1115776	0	619650	0
1115776	0	619654	0
1115776	0	619655	0
1115776	0	6449404	0
1115776	0	6616844	0
1115776	0	6616847	0
1115776	0	6692795	0
1115776	0	6989198	1
1115776	0	6989200	0
1115776	0	6989201	0
1115776	0	7007569	0
1115776	0	7070859	0
1115776	0	7264948	1
1115776	0	7276300	1
1115776	0	7315361	0
1115776	0	7400215	0
1115776	0	7692397	0
1115776	0	7840018	0
1115776	0	7847335	0
1115776	0	7849650	0
1115776	0	8106317	2
1115776	0	8106318	1
1115776	0	8106320	2
1115776	0	8106321	2
1115776	0	8106322	1
1115776	0	8106324	1
1115776	0	8108813	0
1115776	0	8108815	0
1115776	0	8108818	0
1115776	0	8121639	1
1115776	0	8345727	0
1115776	0	838941	0
1115776	0	838942	0
1115776	0	838943	0
1115776	0	838944	0
1115776	0	838949	0
1115776	0	8495250	1
1115776	0	8495256	1
1115776	0	8504500	1
1115776	0	8757348	0
1115776	0	8797977	0
1117099	0	1013790	0
1117099	0	1013791	0
1117099	0	1123494	0
1117099	0	1123496	0
1117099	0	1389420	3
1117099	0	1445087	0
1117099	0	1457593	0
1117099	0	1551136	0
1117099	0	1586363	0
1117099	0	1586365	0
1117099	0	1620739	0
1117099	0	1620746	1
1117099	0	1692847	0
1117099	0	1798612	3
1117099	0	1798614	2
1117099	0	1798620	3
1117099	0	1986011	1
1117099	0	2109695	0
1117099	0	2109697	0
1117099	0	2109700	0
1117099	0	2109701	0
1117099	0	2157567	1
1117099	0	225488	0
1117099	0	2804356	0
1117099	0	2804359	0
1117099	0	297115	0
1117099	0	297118	1
1117099	0	3104260	0
1117099	0	3104266	1
1117099	0	3104268	1
1117099	0	3107584	0
1117099	0	334615	2
1117099	0	3349612	3
1117099	0	3412239	2
1117099	0	3439260	0
1117099	0	3543106	3
1117099	0	4393946	1
1117099	0	4441325	2
1117099	0	4458509	3
1117099	0	4458512	3
1117099	0	4573811	2
1117099	0	4759495	0
1117099	0	514314	0
1117099	0	5258462	2
1117099	0	5286535	2
1117099	0	5286538	3
1117099	0	5286539	3
1117099	0	5354862	0
1117099	0	5354863	0
1117099	0	5377585	0
1117099	0	5448444	0
1117099	0	5461820	0
1117099	0	5643723	1
1117099	0	5699284	0
1117099	0	5699286	1
1117099	0	5752877	1
1117099	0	576491	0
1117099	0	589140	2
1117099	0	5979207	1
1117099	0	5979214	0
1117099	0	6057207	2
1117099	0	6122720	3
1117099	0	6122721	2
1117099	0	6122722	3
1117099	0	6122723	3
1117099	0	6122724	2
1117099	0	6178371	0
1117099	0	6411781	0
1117099	0	651744	1
1117099	0	6534818	2
1117099	0	6534824	1
1117099	0	6776509	0
1117099	0	6776512	0
1117099	0	6940557	0
1117099	0	6993942	2
1117099	0	700495	0
1117099	0	700497	0
1117099	0	7135556	0
1117099	0	7135561	1
1117099	0	714808	3
1117099	0	7244088	0
1117099	0	7610601	0
1117099	0	7610604	0
1117099	0	7761853	0
1117099	0	8019444	0
1117099	0	8019446	0
1117099	0	8093927	1
1117099	0	8093931	2
1117099	0	8093932	3
1117099	0	8093933	1
1117099	0	8093934	3
1117099	0	8208315	2
1117099	0	8434604	0
1117099	0	8446501	3
1117099	0	8446505	3
1117099	0	8446506	2
1117099	0	8515441	0
1117099	0	8714082	2
1117099	0	8820809	1
1117099	0	8838111	2
1121402	0	1249687	2
1121402	0	1323047	1
1121402	0	1323048	1
1121402	0	1613053	0
1121402	0	1702458	0
1121402	0	182364	1
1121402	0	182365	2
1121402	0	182366	2
1121402	0	182367	2
1121402	0	182368	3
1121402	0	182369	3
1121402	0	182370	0
1121402	0	182371	2
1121402	0	182372	3
1121402	0	182373	0
1121402	0	188209	2
1121402	0	188210	2
1121402	0	188211	1
1121402	0	188213	2
1121402	0	188214	1
1121402	0	188215	1
1121402	0	188216	1
1121402	0	188217	1
1121402	0	188218	1
1121402	0	2042119	1
1121402	0	210811	0
1121402	0	2191941	1
1121402	0	255095	0
1121402	0	2633464	2
1121402	0	2681045	2
1121402	0	2681048	1
1121402	0	3412904	1
1121402	0	3412909	2
1121402	0	341347	0
1121402	0	3511789	2
1121402	0	3511795	1
1121402	0	3526577	1
1121402	0	3785307	1
1121402	0	3785308	2
1121402	0	3785309	1
1121402	0	3785310	1
1121402	0	3868953	0
1121402	0	4085753	0
1121402	0	4174527	0
1121402	0	4198997	0
1121402	0	4198998	0
1121402	0	4199001	0
1121402	0	4305978	0
1121402	0	43770	2
1121402	0	4449258	1
1121402	0	4449267	2
1121402	0	4616915	0
1121402	0	4620827	1
1121402	0	465100	0
1121402	0	5189913	2
1121402	0	5429317	0
1121402	0	5538762	0
1121402	0	5640403	1
1121402	0	5662146	0
1121402	0	5831807	0
1121402	0	5831811	0
1121402	0	5960420	0
1121402	0	625220	0
1121402	0	625222	0
1121402	0	628204	0
1121402	0	6371839	0
1121402	0	6683286	0
1121402	0	6884812	0
1121402	0	7011506	2
1121402	0	7125978	1
1121402	0	7125980	2
1121402	0	7125981	3
1121402	0	7125982	2
1121402	0	7125983	2
1121402	0	7125985	1
1121402	0	7125987	2
1121402	0	7142994	2
1121402	0	7489485	1
1121402	0	7489487	1
1121402	0	7489490	0
1121402	0	7572308	0
1121402	0	7572309	0
1121402	0	8052617	2
1121402	0	8052619	2
1121402	0	8052620	3
1121402	0	8052621	2
1121402	0	8052622	2
1121402	0	8052623	2
1121402	0	8052624	2
1121402	0	8089444	2
1121402	0	8235730	2
1121402	0	8376430	0
1121402	0	8408534	0
1121402	0	8417443	1
1121402	0	8487134	0
1121402	0	8662647	0
1121402	0	8718639	0
1121402	0	8821491	0
1121402	0	8821496	0
1121402	0	8821497	0
1121709	0	1033160	0
1121709	0	1095843	0
1121709	0	1170795	0
1121709	0	1196983	0
1121709	0	1212535	0
1121709	0	1498684	0
1121709	0	1640511	0
1121709	0	1640512	0
1121709	0	1748119	0
1121709	0	1752809	0
1121709	0	1752813	1
1121709	0	1764270	0
1121709	0	2046433	0
1121709	0	2115565	0
1121709	0	2115567	0
1121709	0	2142778	0
1121709	0	231865	0
1121709	0	2378584	0
1121709	0	2662730	0
1121709	0	2665010	0
1121709	0	2703197	0
1121709	0	2704369	0
1121709	0	2706641	0
1121709	0	2725458	0
1121709	0	2821790	0
1121709	0	2923932	0
1121709	0	2926715	0
1121709	0	2940488	1
1121709	0	2949781	0
1121709	0	2961048	0
1121709	0	2961049	0
1121709	0	3029721	0
1121709	0	3312963	0
1121709	0	3407458	0
1121709	0	3423059	3
1121709	0	3423060	2
1121709	0	3423066	0
1121709	0	3423067	3
1121709	0	3638261	0
1121709	0	3691568	0
1121709	0	3833130	0
1121709	0	3929723	0
1121709	0	3968031	0
1121709	0	4024649	0
1121709	0	40956	0
1121709	0	4203734	0
1121709	0	4512049	0
1121709	0	4526695	0
1121709	0	4543103	0
1121709	0	4572503	0
1121709	0	4594306	0
1121709	0	4771427	0
1121709	0	4832967	0
1121709	0	4836170	0
1121709	0	4875103	0
1121709	0	4979451	0
1121709	0	4979452	0
1121709	0	5014378	0
1121709	0	5092299	0
1121709	0	511306	0
1121709	0	5303734	0
1121709	0	5504399	0
1121709	0	5591740	0
1121709	0	5614877	0
1121709	0	5716710	0
1121709	0	606074	0
1121709	0	606077	0
1121709	0	6302713	0
1121709	0	6533417	0
1121709	0	6600	1
1121709	0	700135	0
1121709	0	7021254	0
1121709	0	7040511	0
1121709	0	7288128	0
1121709	0	7313132	0
1121709	0	7317391	0
1121709	0	7467711	0
1121709	0	7795720	0
1121709	0	79727	0
1121709	0	8049577	3
1121709	0	8049578	3
1121709	0	8049579	2
1121709	0	8049580	2
1121709	0	8049583	3
1121709	0	8049584	2
1121709	0	8049585	2
1121709	0	8049586	1
1121709	0	8184854	0
1121709	0	8224712	0
1121709	0	8229113	0
1121709	0	8261584	0
1121709	0	8571	1
1121709	0	8662687	0
1121709	0	8759528	0
1121709	0	8795147	0
1121709	0	8816009	0
1121709	0	886456	0
1121709	0	901202	0
1121709	0	904704	0
1121709	0	904705	0
1124210	0	1194687	1
1124210	0	1383615	0
1124210	0	1383617	0
1124210	0	1383624	0
1124210	0	145274	1
1124210	0	1545735	1
1124210	0	1593793	1
1124210	0	1593798	1
1124210	0	1701417	0
1124210	0	1702003	0
1124210	0	1702004	0
1124210	0	1702009	0
1124210	0	1702010	0
1124210	0	1756565	1
1124210	0	1756567	0
1124210	0	2019787	0
1124210	0	2127331	0
1124210	0	2200002	1
1124210	0	2258591	3
1124210	0	2258592	3
1124210	0	2258595	2
1124210	0	2258596	2
1124210	0	2728448	3
1124210	0	3031377	0
1124210	0	3031379	0
1124210	0	3046385	0
1124210	0	3162331	2
1124210	0	3375842	0
1124210	0	3446172	0
1124210	0	3520553	0
1124210	0	352987	1
1124210	0	3546600	0
1124210	0	3573857	0
1124210	0	3680800	0
1124210	0	3680801	0
1124210	0	3680802	0
1124210	0	3849905	0
1124210	0	3859923	0
1124210	0	3907021	1
1124210	0	3937735	0
1124210	0	3944481	0
1124210	0	4057442	0
1124210	0	4074146	0
1124210	0	4074149	1
1124210	0	4074151	1
1124210	0	4232134	1
1124210	0	4425461	1
1124210	0	4425464	0
1124210	0	4535558	1
1124210	0	469563	1
1124210	0	469565	1
1124210	0	473763	0
1124210	0	4794725	0
1124210	0	4958358	1
1124210	0	5039696	1
1124210	0	5056100	0
1124210	0	5125015	0
1124210	0	5363820	0
1124210	0	5366909	0
1124210	0	5366913	0
1124210	0	546155	0
1124210	0	546157	0
1124210	0	546158	0
1124210	0	5512675	0
1124210	0	555792	1
1124210	0	580882	0
1124210	0	5940130	0
1124210	0	5940134	0
1124210	0	607910	1
1124210	0	6171525	1
1124210	0	6182360	1
1124210	0	6282190	1
1124210	0	6500225	0
1124210	0	6704887	0
1124210	0	6814009	1
1124210	0	6814012	0
1124210	0	6814015	0
1124210	0	6814017	1
1124210	0	7109335	1
1124210	0	7205919	0
1124210	0	7205920	0
1124210	0	7205923	0
1124210	0	7208694	0
1124210	0	7381537	0
1124210	0	7441574	0
1124210	0	7566672	0
1124210	0	7566674	1
1124210	0	7581155	1
1124210	0	7698250	0
1124210	0	7738982	0
1124210	0	7832730	0
1124210	0	7832731	0
1124210	0	7832732	0
1124210	0	7894220	0
1124210	0	795660	0
1124210	0	8026737	3
1124210	0	8180027	0
1124210	0	829948	0
1124210	0	841738	0
1124210	0	841743	0
1129237	0	1080294	2
1129237	0	120308	1
1129237	0	120311	1
1129237	0	120314	1
1129237	0	120315	1
1129237	0	120801	0
1129237	0	128982	3
1129237	0	128984	3
1129237	0	128989	3
1129237	0	1490143	2
1129237	0	162127	0
1129237	0	1770025	0
1129237	0	1770027	0
1129237	0	1896185	1
1129237	0	1896186	1
1129237	0	1896189	1
1129237	0	1959030	0
1129237	0	2152821	2
1129237	0	2152828	0
1129237	0	2442489	0
1129237	0	2453794	2
1129237	0	2580204	1
1129237	0	2696926	2
1129237	0	2697746	2
1129237	0	2697752	3
1129237	0	2972916	0
1129237	0	301944	1
1129237	0	302210	2
1129237	0	3097761	1
1129237	0	3131122	3
1129237	0	3156016	0
1129237	0	3636926	0
1129237	0	3641168	0
1129237	0	3683096	2
1129237	0	3757192	1
1129237	0	3905055	2
1129237	0	3905057	3
1129237	0	3905799	2
1129237	0	3905802	3
1129237	0	3950048	2
1129237	0	4066969	0
1129237	0	4141005	1
1129237	0	4141012	2
1129237	0	4254811	3
1129237	0	4254815	3
1129237	0	4254816	2
1129237	0	4328625	0
1129237	0	4449295	0
1129237	0	4509080	1
1129237	0	461835	1
1129237	0	4773351	1
1129237	0	4801130	1
1129237	0	4904405	1
1129237	0	5032115	0
1129237	0	5156837	1
1129237	0	5414967	0
1129237	0	5513583	1
1129237	0	5619502	2
1129237	0	5627214	3
1129237	0	5649116	0
1129237	0	5831781	1
1129237	0	5831788	2
1129237	0	5865154	1
1129237	0	5906130	3
1129237	0	5906134	1
1129237	0	5917107	1
1129237	0	6080460	2
1129237	0	6343520	2
1129237	0	6343521	2
1129237	0	6343523	1
1129237	0	6575091	0
1129237	0	6640165	1
1129237	0	6903787	0
1129237	0	6956014	2
1129237	0	7049948	1
1129237	0	710733	2
1129237	0	7132886	0
1129237	0	7208025	0
1129237	0	7337950	0
1129237	0	7397082	0
1129237	0	7673289	0
1129237	0	7735322	0
1129237	0	7836576	0
1129237	0	7911557	3
1129237	0	8093067	1
1129237	0	8203445	0
1129237	0	824966	1
1129237	0	8450766	2
1129237	0	8469257	2
1129237	0	8588122	3
1129237	0	8588219	2
1129237	0	8588222	0
1129237	0	8588226	0
1129237	0	8596875	1
1129237	0	8682824	3
1129237	0	8710041	1
1129237	0	895802	0
1129237	0	953467	0
1129237	0	998748	2
1129237	0	998751	3
1133167	0	1379370	3
1133167	0	1824479	3
1133167	0	1824480	3
1133167	0	1824481	2
1133167	0	1824483	3
1133167	0	1824484	2
1133167	0	1824485	3
1133167	0	1824486	3
1133167	0	1824487	3
1133167	0	1824488	3
1133167	0	1883272	3
1133167	0	1883276	3
1133167	0	190802	3
1133167	0	190803	3
1133167	0	190804	3
1133167	0	190805	3
1133167	0	190806	3
1133167	0	190808	3
1133167	0	190810	3
1133167	0	190811	3
1133167	0	2276678	3
1133167	0	2419498	2
1133167	0	2613291	2
1133167	0	2613293	2
1133167	0	2613296	3
1133167	0	3023120	3
1133167	0	3023123	3
1133167	0	3074598	3
1133167	0	3074599	3
1133167	0	3355083	2
1133167	0	3391439	3
1133167	0	3421897	3
1133167	0	3421899	3
1133167	0	3421900	3
1133167	0	3421903	3
1133167	0	3421906	3
1133167	0	3944276	3
1133167	0	434119	3
1133167	0	434121	3
1133167	0	434123	3
1133167	0	434125	3
1133167	0	434126	2
1133167	0	4443370	2
1133167	0	4443375	3
1133167	0	4494104	2
1133167	0	4498474	3
1133167	0	4498476	3
1133167	0	4498479	3
1133167	0	4550240	3
1133167	0	4550244	3
1133167	0	4712279	2
1133167	0	4922619	3
1133167	0	4926197	3
1133167	0	4973626	3
1133167	0	5674622	3
1133167	0	5674623	2
1133167	0	5787117	2
1133167	0	6103297	2
1133167	0	6112586	3
1133167	0	6112587	3
1133167	0	6112590	3
1133167	0	6140	3
1133167	0	6142	2
1133167	0	6257034	2
1133167	0	6299572	3
1133167	0	6299575	2
1133167	0	6467517	3
1133167	0	6467518	3
1133167	0	6467523	3
1133167	0	6467524	3
1133167	0	7007413	3
1133167	0	7093509	3
1133167	0	7093510	3
1133167	0	7093511	3
1133167	0	7217705	2
1133167	0	7218015	3
1133167	0	7218016	2
1133167	0	7486594	2
1133167	0	7486600	3
1133167	0	7486602	3
1133167	0	7762240	3
1133167	0	7793408	3
1133167	0	7793411	3
1133167	0	7793416	2
1133167	0	8003301	2
1133167	0	8033644	2
1133167	0	8033646	2
1133167	0	8033648	3
1133167	0	8033650	3
1133167	0	8160224	3
1133167	0	8160241	3
1133167	0	8160243	3
1133167	0	823272	3
1133167	0	823274	3
1133167	0	823277	3
1133167	0	823280	2
1133167	0	8250498	3
1133167	0	8255704	3
1133167	0	8255706	3
1133167	0	8415743	3
130510	0	1110766	2
130510	0	112332	1
130510	0	1159414	2
130510	0	1456084	1
130510	0	1481524	1
130510	0	1494930	2
130510	0	1494931	2
130510	0	1494932	2
130510	0	1494933	2
130510	0	1494935	2
130510	0	1494936	3
130510	0	1494938	3
130510	0	1494939	3
130510	0	179622	1
130510	0	179623	0
130510	0	1799013	1
130510	0	1881832	2
130510	0	1972336	0
130510	0	1972340	0
130510	0	2079375	1
130510	0	2079377	1
130510	0	2205995	0
130510	0	2490146	1
130510	0	2490150	0
130510	0	2490154	1
130510	0	2862515	2
130510	0	2862518	2
130510	0	2862522	2
130510	0	2982053	3
130510	0	3163980	2
130510	0	3525026	0
130510	0	3913770	2
130510	0	3913772	0
130510	0	3913774	0
130510	0	3913775	1
130510	0	3913776	0
130510	0	3913778	1
130510	0	3913779	0
130510	0	3995677	2
130510	0	4022902	2
130510	0	4022904	2
130510	0	4022905	2
130510	0	4022909	2
130510	0	4189500	2
130510	0	4345805	1
130510	0	4528804	1
130510	0	4528806	0
130510	0	4528807	1
130510	0	4528808	1
130510	0	4528809	0
130510	0	4528813	1
130510	0	4804307	1
130510	0	4945869	0
130510	0	5685704	1
130510	0	5685705	0
130510	0	5685706	1
130510	0	5685707	1
130510	0	5685708	1
130510	0	5930009	1
130510	0	5930010	1
130510	0	5930012	1
130510	0	5930013	1
130510	0	5930014	1
130510	0	6035035	2
130510	0	6183638	2
130510	0	6229727	1
130510	0	6229732	1
130510	0	6229733	1
130510	0	6486232	2
130510	0	6621100	2
130510	0	6763277	2
130510	0	6815300	2
130510	0	6881818	1
130510	0	6932169	1
130510	0	7125239	2
130510	0	7203252	2
130510	0	7479905	2
130510	0	7501557	3
130510	0	7501558	3
130510	0	7501563	2
130510	0	7779650	0
130510	0	783662	0
130510	0	783664	1
130510	0	783665	0
130510	0	799647	3
130510	0	8083814	2
130510	0	8094068	0
130510	0	8095118	2
130510	0	8391407	1
130510	0	8391409	1
130510	0	8514425	2
130510	0	8612902	3
130510	0	8612903	3
130510	0	8612904	2
130510	0	8612905	2
130510	0	8612906	3
130510	0	8612909	3
130510	0	8612910	3
130510	0	996732	2
130510	0	996740	2
131843	0	1090906	0
131843	0	135934	0
131843	0	1560209	0
131843	0	1597970	0
131843	0	1597974	0
131843	0	1600913	0
131843	0	1621724	0
131843	0	1781040	0
131843	0	1845835	0
131843	0	1888985	0
131843	0	2001346	0
131843	0	2041693	2
131843	0	2132242	0
131843	0	2170725	0
131843	0	2170726	0
131843	0	2286031	0
131843	0	2286036	0
131843	0	2378491	0
131843	0	2567977	0
131843	0	2567978	0
131843	0	2662096	0
131843	0	2683747	1
131843	0	2697631	0
131843	0	31713	0
131843	0	31715	0
131843	0	31716	0
131843	0	31718	0
131843	0	3346693	0
131843	0	3432705	0
131843	0	3432707	0
131843	0	3432712	0
131843	0	352863	0
131843	0	3748231	0
131843	0	3754642	0
131843	0	3777780	0
131843	0	3841396	2
131843	0	3937054	0
131843	0	3937056	0
131843	0	4235202	0
131843	0	4235203	0
131843	0	4235204	0
131843	0	4235209	0
131843	0	4360103	0
131843	0	4440568	0
131843	0	4440571	0
131843	0	4461384	0
131843	0	468330	0
131843	0	4755278	0
131843	0	5074688	0
131843	0	5124823	0
131843	0	5297233	0
131843	0	5297238	0
131843	0	5297239	0
131843	0	5325672	0
131843	0	5325675	0
131843	0	5325677	0
131843	0	5460686	0
131843	0	5460688	0
131843	0	5624693	0
131843	0	5643651	0
131843	0	6028397	0
131843	0	6028399	0
131843	0	6028403	0
131843	0	6086584	0
131843	0	6086587	0
131843	0	6180442	1
131843	0	6180444	0
131843	0	6487859	0
131843	0	7269086	0
131843	0	7269087	0
131843	0	7269088	0
131843	0	7269093	0
131843	0	7319440	0
131843	0	732869	0
131843	0	732876	0
131843	0	7385264	0
131843	0	7478776	0
131843	0	7478778	0
131843	0	7607368	0
131843	0	8023970	1
131843	0	8028768	0
131843	0	8305151	2
131843	0	8305152	3
131843	0	8305153	3
131843	0	8305154	3
131843	0	8305156	3
131843	0	8305158	3
131843	0	8456964	0
131843	0	8456965	0
131843	0	8456967	0
131843	0	8456970	0
131843	0	8710813	1
131843	0	895362	0
131843	0	985988	2
131843	0	985989	2
131843	0	985990	2
131843	0	985991	2
131843	0	985992	2
131843	0	985994	3
131843	0	985995	1
146187	0	1077546	1
146187	0	1138801	0
146187	0	1230566	1
146187	0	1254157	1
146187	0	1367172	0
146187	0	1841197	1
146187	0	1972078	0
146187	0	2040185	1
146187	0	2226090	0
146187	0	2226093	1
146187	0	2257806	1
146187	0	2719848	0
146187	0	315525	1
146187	0	3505470	0
146187	0	3615731	1
146187	0	3758956	1
146187	0	3963185	1
146187	0	3963187	1
146187	0	4026486	0
146187	0	4111407	0
146187	0	4214923	1
146187	0	4214925	1
146187	0	4216897	0
146187	0	4216901	0
146187	0	4216902	0
146187	0	4306847	0
146187	0	45008	1
146187	0	4631167	0
146187	0	4741857	2
146187	0	4777144	3
146187	0	4921740	0
146187	0	4921741	0
146187	0	5050456	0
146187	0	5050464	0
146187	0	5421945	0
146187	0	5548651	1
146187	0	5548652	0
146187	0	5548655	0
146187	0	5566562	0
146187	0	5590506	1
146187	0	5590508	0
146187	0	5624347	1
146187	0	5816517	0
146187	0	5836454	1
146187	0	5844996	0
146187	0	5889121	0
146187	0	5999108	0
146187	0	6015024	1
146187	0	6015025	2
146187	0	6015026	1
146187	0	6015027	1
146187	0	6417741	0
146187	0	6430257	1
146187	0	6430258	1
146187	0	6430259	0
146187	0	6430260	1
146187	0	6620285	0
146187	0	6658185	0
146187	0	7093332	0
146187	0	7093334	0
146187	0	7095526	0
146187	0	7096819	0
146187	0	7307399	1
146187	0	7405002	1
146187	0	744165	2
146187	0	744167	2
146187	0	76342	1
146187	0	76344	1
146187	0	76348	2
146187	0	76349	1
146187	0	7704674	1
146187	0	7704677	0
146187	0	7704679	0
146187	0	7836292	0
146187	0	7836294	0
146187	0	7836295	1
146187	0	7836296	0
146187	0	8042965	0
146187	0	8042972	0
146187	0	8113798	0
146187	0	8327404	0
146187	0	8361899	0
146187	0	8361902	0
146187	0	8434617	2
146187	0	8434618	2
146187	0	8434619	3
146187	0	8434620	2
146187	0	8434621	3
146187	0	8434622	2
146187	0	8434623	3
146187	0	8434624	3
146187	0	8434625	3
146187	0	8434626	3
146187	0	8664004	1
146187	0	8795488	0
146187	0	8795489	0
146187	0	8795490	0
146187	0	8795491	0
146187	0	8795495	0
146187	0	951283	0
148538	0	1147038	2
148538	0	1147044	3
148538	0	1147046	2
148538	0	1299824	2
148538	0	1299830	1
148538	0	1311206	2
148538	0	1314489	2
148538	0	1384441	2
148538	0	1384447	3
148538	0	1384448	3
148538	0	1494790	2
148538	0	1494796	2
148538	0	1516299	2
148538	0	1828167	2
148538	0	1828171	2
148538	0	1950977	2
148538	0	1950983	2
148538	0	1969519	2
148538	0	1969521	3
148538	0	1985491	3
148538	0	2033795	2
148538	0	2033800	2
148538	0	208314	2
148538	0	2177849	2
148538	0	231453	3
148538	0	231455	3
148538	0	2368188	2
148538	0	2368189	3
148538	0	2455774	3
148538	0	2455775	2
148538	0	2455779	2
148538	0	2632806	2
148538	0	2915322	2
148538	0	2915323	2
148538	0	3138642	2
148538	0	332400	2
148538	0	332401	2
148538	0	332402	2
148538	0	3353306	2
148538	0	3545040	2
148538	0	3557943	2
148538	0	3588269	2
148538	0	3918785	2
148538	0	3924333	2
148538	0	398535	3
148538	0	4046977	2
148538	0	4185812	2
148538	0	4185814	2
148538	0	4264123	2
148538	0	4264129	1
148538	0	4447598	2
148538	0	4447601	3
148538	0	451558	2
148538	0	4539654	3
148538	0	4539657	2
148538	0	4539659	3
148538	0	4553351	2
148538	0	4607263	3
148538	0	4660637	2
148538	0	4959638	3
148538	0	5077704	2
148538	0	5077707	1
148538	0	5077709	1
148538	0	5171599	2
148538	0	5171603	2
148538	0	5171605	3
148538	0	543841	2
148538	0	581145	2
148538	0	6006375	3
148538	0	615401	2
148538	0	615403	2
148538	0	615407	2
148538	0	6377902	2
148538	0	6543862	2
148538	0	6697437	2
148538	0	6704661	2
148538	0	6776848	2
148538	0	6846340	2
148538	0	6846343	3
148538	0	6894608	2
148538	0	7039113	2
148538	0	7407803	3
148538	0	7407804	1
148538	0	7407811	2
148538	0	7407812	2
148538	0	753805	2
148538	0	8080460	2
148538	0	820313	2
148538	0	8283527	1
148538	0	8283531	3
148538	0	8283532	3
148538	0	8388795	2
148538	0	8618875	2
148538	0	8690528	2
148538	0	982505	2
148538	0	985488	2
148538	0	985489	2
148538	0	985490	3
148538	0	985491	3
148538	0	985494	2
156493	0	1277720	3
156493	0	1277721	3
156493	0	1277723	3
156493	0	1277725	3
156493	0	1277726	2
156493	0	1277727	3
156493	0	1347266	2
156493	0	1960255	3
156493	0	1960257	3
156493	0	1960259	3
156493	0	1960260	3
156493	0	1960261	3
156493	0	2123395	2
156493	0	2236388	2
156493	0	2259179	2
156493	0	2259180	2
156493	0	2259182	3
156493	0	2259183	3
156493	0	2317800	2
156493	0	2317807	3
156493	0	2411918	3
156493	0	2598786	2
156493	0	2598787	2
156493	0	2612486	3
156493	0	2612490	2
156493	0	2612491	3
156493	0	2612492	3
156493	0	2612493	3
156493	0	2717163	3
156493	0	2928700	3
156493	0	2928704	3
156493	0	2928705	2
156493	0	2928706	2
156493	0	2928707	3
156493	0	2949802	3
156493	0	316872	2
156493	0	3288595	3
156493	0	3288596	3
156493	0	3288597	3
156493	0	3288598	3
156493	0	3288599	3
156493	0	3288600	3
156493	0	3288601	3
156493	0	3288603	3
156493	0	349637	1
156493	0	349638	3
156493	0	349639	1
156493	0	349641	3
156493	0	349643	3
156493	0	349644	2
156493	0	349645	3
156493	0	3603920	3
156493	0	3603922	3
156493	0	4131138	2
156493	0	4465044	2
156493	0	4527706	2
156493	0	4583221	3
156493	0	4940228	2
156493	0	5009743	2
156493	0	5022725	1
156493	0	5346660	2
156493	0	5530082	2
156493	0	6139382	3
156493	0	6139386	3
156493	0	6524746	3
156493	0	6775071	3
156493	0	6859030	1
156493	0	6983821	2
156493	0	7134515	2
156493	0	7371077	3
156493	0	7371078	2
156493	0	7371079	2
156493	0	750111	2
156493	0	8182159	3
156493	0	8182160	3
156493	0	8182161	3
156493	0	8182162	3
156493	0	8182165	3
156493	0	8182166	3
156493	0	8266015	1
156493	0	8273011	3
156493	0	8273017	3
156493	0	8273018	0
156493	0	8273019	3
156493	0	8300109	2
156493	0	8803132	2
156493	0	8820526	3
156493	0	8820527	2
156493	0	885944	3
156493	0	892006	2
156493	0	892013	1
156493	0	911790	2
156493	0	911791	2
156493	0	95512	3
156493	0	95514	3
156493	0	95515	3
156493	0	95518	3
156493	0	95519	2
156493	0	95521	3
156493	0	994486	3
168216	0	1090088	2
168216	0	1183706	3
168216	0	1301465	3
168216	0	1301467	3
168216	0	1301469	3
168216	0	1301472	3
168216	0	1301474	3
168216	0	13499	2
168216	0	1381477	3
168216	0	1735358	2
168216	0	1735360	3
168216	0	1924796	3
168216	0	1924800	2
168216	0	2036279	3
168216	0	2069992	3
168216	0	2069995	2
168216	0	2210775	3
168216	0	2210780	3
168216	0	2265769	2
168216	0	2265772	2
168216	0	2659074	2
168216	0	2790904	3
168216	0	2806307	2
168216	0	290826	2
168216	0	3033359	3
168216	0	3174840	2
168216	0	3198682	3
168216	0	3198687	3
168216	0	3198689	3
168216	0	3344828	3
168216	0	3344834	3
168216	0	3399712	3
168216	0	3399713	3
168216	0	3399715	3
168216	0	3463556	3
168216	0	3681095	3
168216	0	3681097	2
168216	0	3830857	3
168216	0	3908773	3
168216	0	3908774	3
168216	0	3908775	3
168216	0	3908776	3
168216	0	3908777	3
168216	0	3908779	3
168216	0	4119829	2
168216	0	4191395	3
168216	0	4191396	3
168216	0	4324491	2
168216	0	4324492	2
168216	0	4600607	2
168216	0	4741403	2
168216	0	4741406	2
168216	0	4792582	3
168216	0	4792583	3
168216	0	5024307	3
168216	0	5114458	2
168216	0	5293614	2
168216	0	5935474	2
168216	0	5935476	3
168216	0	6061718	3
168216	0	6061721	3
168216	0	6061722	3
168216	0	6213322	3
168216	0	6213323	2
168216	0	6213325	3
168216	0	6219118	2
168216	0	6249512	3
168216	0	6264731	3
168216	0	6264732	3
168216	0	6264733	3
168216	0	6282560	2
168216	0	6282561	3
168216	0	6282562	2
168216	0	6282567	3
168216	0	6329932	2
168216	0	6426630	3
168216	0	6426632	3
168216	0	6426634	3
168216	0	6426638	3
168216	0	6584042	2
168216	0	7337513	3
168216	0	7492753	2
168216	0	7492755	3
168216	0	7595684	2
168216	0	8048968	2
168216	0	8141128	3
168216	0	8185131	3
168216	0	8185135	3
168216	0	8185137	3
168216	0	8252763	2
168216	0	8639627	2
168216	0	8639630	2
168216	0	8639633	3
168216	0	8723467	3
168216	0	8731617	3
168216	0	8731618	3
168216	0	8731621	3
168216	0	8731622	3
168216	0	8731623	3
168216	0	8731625	2
182539	0	1075903	0
182539	0	1075910	0
182539	0	1094157	1
182539	0	1307232	2
182539	0	1307234	2
182539	0	1307235	3
182539	0	1512198	0
182539	0	1567163	0
182539	0	1623225	1
182539	0	1638687	3
182539	0	1638689	2
182539	0	1638690	2
182539	0	1638691	1
182539	0	1654895	2
182539	0	1798203	1
182539	0	18497	0
182539	0	1863057	2
182539	0	1956775	1
182539	0	2053701	2
182539	0	2092202	2
182539	0	2165968	2
182539	0	2222150	0
182539	0	2751871	2
182539	0	289979	1
182539	0	2909954	2
182539	0	2909960	2
182539	0	2909961	3
182539	0	3155150	1
182539	0	3187555	1
182539	0	3444628	1
182539	0	3707401	0
182539	0	3729714	1
182539	0	3760957	2
182539	0	3760964	1
182539	0	3858310	0
182539	0	3883077	3
182539	0	3883081	3
182539	0	3924581	0
182539	0	4370020	1
182539	0	4384262	0
182539	0	4487755	2
182539	0	4730803	2
182539	0	4985182	0
182539	0	5116532	0
182539	0	5167181	1
182539	0	518150	2
182539	0	5212911	2
182539	0	5567729	2
182539	0	5567732	2
182539	0	57443	3
182539	0	57444	2
182539	0	57447	3
182539	0	57448	2
182539	0	57449	3
182539	0	57450	1
182539	0	57452	2
182539	0	6037973	2
182539	0	6283807	0
182539	0	6596440	2
182539	0	6783449	2
182539	0	6816574	2
182539	0	6980965	3
182539	0	7085056	0
182539	0	7085057	0
182539	0	7154102	2
182539	0	721170	2
182539	0	7371255	3
182539	0	7371257	2
182539	0	7371259	3
182539	0	7371261	2
182539	0	7371262	2
182539	0	738025	2
182539	0	7459294	1
182539	0	7527837	2
182539	0	753037	0
182539	0	7542372	1
182539	0	7579347	2
182539	0	7583024	2
182539	0	7637811	1
182539	0	7640201	1
182539	0	7883763	2
182539	0	8008661	1
182539	0	80372	1
182539	0	8170703	0
182539	0	817162	0
182539	0	8299659	3
182539	0	8299661	2
182539	0	8299665	2
182539	0	8299668	2
182539	0	8349147	0
182539	0	8515182	3
182539	0	8598792	2
182539	0	8757178	3
182539	0	8757179	2
182539	0	8757180	3
182539	0	8757181	3
182539	0	8757182	2
182539	0	8757183	2
182539	0	8757184	2
182539	0	8811472	2
183378	0	1289489	3
183378	0	1289490	3
183378	0	1289494	1
183378	0	1289495	1
183378	0	1289496	3
183378	0	1289497	3
183378	0	1334801	0
183378	0	1334806	0
183378	0	1441060	0
183378	0	1730042	2
183378	0	1730858	1
183378	0	2040104	0
183378	0	2040111	0
183378	0	2095235	2
183378	0	2234245	2
183378	0	2352713	2
183378	0	2533256	3
183378	0	2635325	0
183378	0	2874543	3
183378	0	3093214	3
183378	0	3093215	3
183378	0	3093217	3
183378	0	3128362	2
183378	0	3185607	3
183378	0	3185611	3
183378	0	327908	2
183378	0	3389578	2
183378	0	3389579	2
183378	0	3389580	3
183378	0	3389581	3
183378	0	3389584	3
183378	0	3389585	2
183378	0	3867604	1
183378	0	3976830	0
183378	0	3987911	2
183378	0	4493913	2
183378	0	4493914	3
183378	0	4493915	3
183378	0	4493916	3
183378	0	4493917	3
183378	0	4493920	3
183378	0	4493921	3
183378	0	4493922	2
183378	0	4727412	2
183378	0	4727416	2
183378	0	4727417	2
183378	0	4727418	3
183378	0	4803847	3
183378	0	4803848	3
183378	0	4803850	2
183378	0	4803856	2
183378	0	4856305	1
183378	0	4935249	0
183378	0	4977773	2
183378	0	5460936	2
183378	0	5460937	2
183378	0	5460939	3
183378	0	5460941	2
183378	0	5534703	3
183378	0	5534707	3
183378	0	5534711	3
183378	0	5817927	3
183378	0	6109461	3
183378	0	6182925	0
183378	0	6182927	0
183378	0	6247405	3
183378	0	6548233	1
183378	0	6548235	2
183378	0	7014328	0
183378	0	7398706	3
183378	0	7448291	2
183378	0	7449743	2
183378	0	7449744	3
183378	0	7449748	3
183378	0	7449750	3
183378	0	7449751	3
183378	0	7449752	3
183378	0	749539	2
183378	0	749544	2
183378	0	7677975	3
183378	0	7920165	3
183378	0	8121375	3
183378	0	8121377	2
183378	0	8121380	2
183378	0	8507877	2
183378	0	8570256	3
183378	0	8570257	3
183378	0	8570258	3
183378	0	8570260	3
183378	0	8570261	3
183378	0	8570263	3
183378	0	8577213	2
183378	0	8577215	2
183378	0	8767240	3
183378	0	8767241	2
183378	0	8794302	2
183378	0	8794303	1
183378	0	8794304	3
183378	0	8794306	3
183378	0	8794308	2
19335	0	109062	2
19335	0	1143050	3
19335	0	1299461	1
19335	0	1374917	2
19335	0	1469573	2
19335	0	1504746	1
19335	0	1504747	1
19335	0	1504753	1
19335	0	161606	2
19335	0	1717015	2
19335	0	1720387	2
19335	0	1720388	1
19335	0	1720389	2
19335	0	1720393	2
19335	0	1720394	2
19335	0	1720395	2
19335	0	1720396	1
19335	0	1746951	1
19335	0	1905037	1
19335	0	211275	2
19335	0	2137748	0
19335	0	2250973	2
19335	0	2304004	1
19335	0	2304005	2
19335	0	2337477	1
19335	0	2459779	2
19335	0	2459780	1
19335	0	2459784	2
19335	0	284841	1
19335	0	284842	1
19335	0	2874497	2
19335	0	2874503	2
19335	0	3045565	2
19335	0	3045567	2
19335	0	3175484	2
19335	0	342431	2
19335	0	3445063	1
19335	0	354219	1
19335	0	3559593	1
19335	0	3559594	1
19335	0	3559596	1
19335	0	3615074	1
19335	0	3615077	2
19335	0	3615078	1
19335	0	3615079	1
19335	0	3615080	1
19335	0	3615083	1
19335	0	39115	1
19335	0	429851	2
19335	0	4480945	2
19335	0	4692186	2
19335	0	478232	2
19335	0	503739	2
19335	0	5051741	2
19335	0	5078863	1
19335	0	527690	1
19335	0	527692	2
19335	0	527697	1
19335	0	5508122	1
19335	0	5508123	1
19335	0	5711211	2
19335	0	5711219	1
19335	0	5806604	1
19335	0	5870000	0
19335	0	6238013	0
19335	0	6306223	2
19335	0	6452949	2
19335	0	6510257	2
19335	0	6512137	2
19335	0	6512144	3
19335	0	6568704	2
19335	0	677297	1
19335	0	677305	1
19335	0	6902384	1
19335	0	6902386	2
19335	0	6902389	2
19335	0	7042455	2
19335	0	7050803	2
19335	0	7122355	2
19335	0	7122361	2
19335	0	740715	2
19335	0	772225	2
19335	0	772227	2
19335	0	772234	2
19335	0	7856992	2
19335	0	8151642	2
19335	0	8231218	1
19335	0	8412681	2
19335	0	8412682	2
19335	0	8412683	2
19335	0	8412684	2
19335	0	8412685	2
19335	0	8522845	0
19335	0	8633126	2
19335	0	8635981	2
19335	0	8677296	1
19335	0	8828697	1
19335	0	8828698	1
19335	0	901326	1
19335	0	93557	2
207786	0	1002868	2
207786	0	1002869	2
207786	0	1025058	1
207786	0	1071464	1
207786	0	1081011	0
207786	0	1081015	0
207786	0	1085404	1
207786	0	1392579	2
207786	0	1392585	3
207786	0	1759929	2
207786	0	1915244	2
207786	0	1915245	2
207786	0	201711	1
207786	0	2051020	2
207786	0	2430036	1
207786	0	2457541	1
207786	0	2658594	0
207786	0	2763917	2
207786	0	2763922	1
207786	0	2861204	0
207786	0	2877168	1
207786	0	2998723	1
207786	0	2998726	0
207786	0	3000014	1
207786	0	3103885	0
207786	0	3221312	0
207786	0	3352521	0
207786	0	3357630	0
207786	0	3522830	0
207786	0	3632499	1
207786	0	3656958	1
207786	0	3773663	1
207786	0	3945573	0
207786	0	4218707	2
207786	0	4261224	1
207786	0	4322293	0
207786	0	4342505	1
207786	0	4486236	2
207786	0	4613065	2
207786	0	4672265	0
207786	0	4754014	1
207786	0	4908972	0
207786	0	4908977	0
207786	0	5160454	0
207786	0	5170147	1
207786	0	5175108	1
207786	0	5175112	0
207786	0	5175113	1
207786	0	5321444	1
207786	0	5365946	0
207786	0	5845832	0
207786	0	5845834	0
207786	0	6031623	1
207786	0	6031625	1
207786	0	6031627	1
207786	0	6031630	2
207786	0	6060398	0
207786	0	6133373	1
207786	0	6226371	1
207786	0	6226372	1
207786	0	6474685	2
207786	0	6736451	0
207786	0	6822431	1
207786	0	688489	0
207786	0	688493	0
207786	0	7016165	0
207786	0	7080032	0
207786	0	7124120	1
207786	0	7229816	0
207786	0	737802	0
207786	0	7413621	0
207786	0	7510472	3
207786	0	7599318	2
207786	0	7622406	0
207786	0	7639366	2
207786	0	7668314	1
207786	0	7777867	1
207786	0	7941579	3
207786	0	7969232	1
207786	0	8053029	1
207786	0	817177	2
207786	0	817180	2
207786	0	8185061	1
207786	0	8185063	1
207786	0	8185064	0
207786	0	8265334	1
207786	0	8273754	2
207786	0	8273755	1
207786	0	8273756	2
207786	0	8273757	2
207786	0	8273758	3
207786	0	8273759	2
207786	0	8273760	2
207786	0	8273761	3
207786	0	8273762	3
207786	0	8273763	2
207786	0	8367880	0
207786	0	8396587	1
207786	0	8461486	0
207786	0	8622991	0
264014	0	1610706	3
264014	0	1610707	3
264014	0	1610711	2
264014	0	1611213	2
264014	0	1804644	3
264014	0	2223171	2
264014	0	2228381	1
264014	0	2420367	3
264014	0	2438156	2
264014	0	2474340	2
264014	0	2474341	2
264014	0	2474342	3
264014	0	2474346	3
264014	0	2498165	2
264014	0	2498169	3
264014	0	2689662	3
264014	0	331931	2
264014	0	331932	2
264014	0	331934	3
264014	0	3338822	2
264014	0	3338825	3
264014	0	3338827	3
264014	0	3338828	2
264014	0	3372501	3
264014	0	3396076	3
264014	0	3577342	2
264014	0	3577343	2
264014	0	3577344	3
264014	0	3577345	2
264014	0	3577347	2
264014	0	3841908	3
264014	0	4259227	3
264014	0	447992	3
264014	0	4647186	3
264014	0	4687213	3
264014	0	4790255	2
264014	0	4834544	2
264014	0	4834547	3
264014	0	4834548	3
264014	0	5151339	3
264014	0	5269173	2
264014	0	528372	3
264014	0	528375	3
264014	0	528378	2
264014	0	528379	2
264014	0	528380	3
264014	0	5328095	3
264014	0	5506564	2
264014	0	5611210	2
264014	0	5611212	3
264014	0	5611218	3
264014	0	5611219	3
264014	0	5635515	3
264014	0	5635519	2
264014	0	5635521	2
264014	0	5816473	2
264014	0	5819142	3
264014	0	5819145	3
264014	0	58386	3
264014	0	5849270	2
264014	0	5849711	2
264014	0	5950718	3
264014	0	5950719	3
264014	0	5950720	2
264014	0	5950721	3
264014	0	5950722	3
264014	0	5950723	3
264014	0	5950725	2
264014	0	5950726	3
264014	0	6105566	3
264014	0	6105569	2
264014	0	6105571	3
264014	0	6105572	3
264014	0	6333839	2
264014	0	6334964	2
264014	0	6337909	2
264014	0	6413951	2
264014	0	6555321	2
264014	0	6555322	3
264014	0	6641238	3
264014	0	667686	2
264014	0	6791760	3
264014	0	684616	3
264014	0	684618	3
264014	0	684621	2
264014	0	7323467	2
264014	0	7323471	3
264014	0	7326934	3
264014	0	7326936	3
264014	0	8012101	3
264014	0	8193533	2
264014	0	8801661	3
264014	0	935825	3
264014	0	96851	3
264014	0	96852	2
264014	0	96855	3
264014	0	96856	2
264014	0	96857	3
264014	0	96858	3
264014	0	96859	2
359349	0	1394087	2
359349	0	15799	1
359349	0	15800	0
359349	0	15801	1
359349	0	15802	0
359349	0	15803	0
359349	0	15804	0
359349	0	15805	0
359349	0	15806	0
359349	0	15807	1
359349	0	15808	1
359349	0	1617442	0
359349	0	1622451	0
359349	0	1622452	0
359349	0	1622455	1
359349	0	1622457	0
359349	0	1622458	0
359349	0	1830512	2
359349	0	1830516	2
359349	0	1830517	3
359349	0	1979833	1
359349	0	2293820	3
359349	0	2444686	2
359349	0	2444689	1
359349	0	2826510	3
359349	0	2826512	3
359349	0	3176540	0
359349	0	3176543	1
359349	0	3176544	1
359349	0	3176548	0
359349	0	3193824	3
359349	0	3215625	0
359349	0	3223831	3
359349	0	3223833	3
359349	0	3900185	3
359349	0	4013723	3
359349	0	4020470	3
359349	0	4020477	3
359349	0	4087265	0
359349	0	4344092	0
359349	0	4344093	1
359349	0	4344098	0
359349	0	4344099	0
359349	0	4344100	1
359349	0	4344101	0
359349	0	4474866	1
359349	0	4474872	0
359349	0	457673	3
359349	0	4624153	2
359349	0	4881617	1
359349	0	5151802	0
359349	0	5155586	0
359349	0	5219970	0
359349	0	5219971	0
359349	0	5219972	2
359349	0	5219976	0
359349	0	5219977	0
359349	0	5345720	2
359349	0	5615181	3
359349	0	5615187	1
359349	0	576627	2
359349	0	576628	3
359349	0	576629	3
359349	0	576635	0
359349	0	5773713	1
359349	0	5773714	1
359349	0	5773715	0
359349	0	5773716	0
359349	0	5773717	1
359349	0	5773718	0
359349	0	5773719	0
359349	0	5806105	0
359349	0	5806106	1
359349	0	5806110	1
359349	0	6108721	3
359349	0	6113310	1
359349	0	6113313	0
359349	0	6113314	1
359349	0	6113317	0
359349	0	6213658	0
359349	0	6226414	0
359349	0	6440028	1
359349	0	6440029	1
359349	0	68647	3
359349	0	68648	3
359349	0	68649	3
359349	0	68650	2
359349	0	68653	2
359349	0	68654	0
359349	0	6873860	0
359349	0	7062671	1
359349	0	7579883	1
359349	0	7857634	0
359349	0	7857635	0
359349	0	8058867	2
359349	0	8058868	0
359349	0	8058873	2
359349	0	8167113	1
359349	0	8748954	1
359349	0	943229	3
405717	0	1589738	2
405717	0	1619423	1
405717	0	1849743	2
405717	0	2125641	2
405717	0	2365659	2
405717	0	2365660	1
405717	0	2365661	2
405717	0	2365662	2
405717	0	2365663	1
405717	0	2365664	1
405717	0	2365665	2
405717	0	2616168	1
405717	0	2642838	2
405717	0	2702419	2
405717	0	2702423	2
405717	0	273851	1
405717	0	2747484	2
405717	0	2747485	2
405717	0	2747486	2
405717	0	2747488	3
405717	0	2747489	2
405717	0	2747491	2
405717	0	2747492	2
405717	0	2768521	2
405717	0	28368	2
405717	0	28372	2
405717	0	2879960	1
405717	0	3033900	2
405717	0	3033903	2
405717	0	3033904	2
405717	0	3040883	1
405717	0	3274915	2
405717	0	3274918	2
405717	0	3514259	2
405717	0	3986303	2
405717	0	3986305	2
405717	0	3986306	2
405717	0	3986307	2
405717	0	3986308	2
405717	0	3986309	2
405717	0	4232833	2
405717	0	4326699	0
405717	0	4432155	2
405717	0	4489661	2
405717	0	4489666	2
405717	0	4577231	1
405717	0	4704973	2
405717	0	4704975	2
405717	0	4704978	2
405717	0	4776926	2
405717	0	4776928	2
405717	0	4828118	3
405717	0	5079482	2
405717	0	5615458	1
405717	0	5638740	2
405717	0	5668741	2
405717	0	5690233	2
405717	0	5690234	1
405717	0	5690237	1
405717	0	5857562	1
405717	0	5857570	2
405717	0	6019053	0
405717	0	6419725	1
405717	0	6654652	2
405717	0	6654655	2
405717	0	6654658	1
405717	0	6741362	2
405717	0	6786303	1
405717	0	6786304	2
405717	0	702383	2
405717	0	702386	2
405717	0	7170624	1
405717	0	7170625	1
405717	0	7170626	2
405717	0	7170629	1
405717	0	7170630	3
405717	0	7170631	2
405717	0	7201359	1
405717	0	7201361	1
405717	0	7288991	2
405717	0	7288996	2
405717	0	7447941	2
405717	0	7447942	1
405717	0	7447943	2
405717	0	758581	2
405717	0	758582	2
405717	0	758585	2
405717	0	758586	2
405717	0	7589975	2
405717	0	7728831	2
405717	0	7896211	2
405717	0	7896212	2
405717	0	8156519	2
405717	0	8433852	2
405717	0	8433854	3
405717	0	8433856	1
405717	0	8433858	2
405717	0	846414	1
405717	0	8610271	1
405717	0	931517	2
443396	0	1055834	2
443396	0	1091614	1
443396	0	1109130	1
443396	0	1135750	2
443396	0	1135751	2
443396	0	1135755	2
443396	0	1135757	0
443396	0	119472	1
443396	0	144709	2
443396	0	1465664	2
443396	0	1465667	2
443396	0	153028	1
443396	0	1843486	0
443396	0	1852809	2
443396	0	1871319	1
443396	0	2320321	2
443396	0	2320326	1
443396	0	2373504	2
443396	0	2490482	2
443396	0	2490486	2
443396	0	2638080	0
443396	0	2638081	1
443396	0	2638083	1
443396	0	2654155	1
443396	0	2976738	1
443396	0	2976740	1
443396	0	2976741	1
443396	0	3051074	1
443396	0	3103994	2
443396	0	3103995	2
443396	0	3256971	2
443396	0	3256974	2
443396	0	3323246	1
443396	0	3440850	2
443396	0	3617221	2
443396	0	3617225	2
443396	0	368001	1
443396	0	3721948	2
443396	0	388377	1
443396	0	4041358	1
443396	0	4041361	3
443396	0	4052112	2
443396	0	4205261	1
443396	0	4205264	2
443396	0	4249536	1
443396	0	4511531	1
443396	0	4526747	2
443396	0	456706	1
443396	0	456708	2
443396	0	456710	2
443396	0	4638554	3
443396	0	4699180	1
443396	0	4699186	1
443396	0	4792649	1
443396	0	4792652	2
443396	0	4792656	0
443396	0	4825928	0
443396	0	5048837	2
443396	0	5048838	2
443396	0	5048839	2
443396	0	5053511	2
443396	0	5065439	0
443396	0	519921	1
443396	0	5248151	2
443396	0	5404322	1
443396	0	5413103	0
443396	0	5710712	0
443396	0	6168530	0
443396	0	6361505	2
443396	0	6361506	1
443396	0	6361507	2
443396	0	6370531	2
443396	0	6471277	1
443396	0	6471278	1
443396	0	6643320	1
443396	0	7026006	2
443396	0	7422742	2
443396	0	7579047	2
443396	0	7620276	1
443396	0	7620278	0
443396	0	7620279	1
443396	0	7792897	1
443396	0	7890878	1
443396	0	7890882	1
443396	0	8079039	2
443396	0	8079042	1
443396	0	8079043	2
443396	0	8079046	2
443396	0	8171402	2
443396	0	8407794	2
443396	0	8416862	0
443396	0	8491981	1
443396	0	8536118	3
443396	0	8536121	2
443396	0	8536122	2
443396	0	8536123	2
443396	0	8769490	1
443396	0	8793491	2
443396	0	953826	1
443396	0	953827	1
451602	0	103184	2
451602	0	1078132	2
451602	0	1078133	2
451602	0	1078134	2
451602	0	1078138	2
451602	0	1094138	3
451602	0	1094139	2
451602	0	127533	1
451602	0	1277286	2
451602	0	1277290	3
451602	0	1277294	0
451602	0	1302756	2
451602	0	1640289	2
451602	0	1897982	2
451602	0	2084909	2
451602	0	2176450	2
451602	0	2176453	2
451602	0	2176455	2
451602	0	2176459	2
451602	0	2244875	1
451602	0	2618829	2
451602	0	2756872	2
451602	0	2796552	1
451602	0	2922141	2
451602	0	2922145	1
451602	0	3052117	2
451602	0	3090664	0
451602	0	3090666	1
451602	0	3090667	2
451602	0	3090670	1
451602	0	3177691	3
451602	0	3177694	2
451602	0	3177699	2
451602	0	3177700	2
451602	0	3371383	1
451602	0	3493825	2
451602	0	370081	1
451602	0	3790251	2
451602	0	4345752	2
451602	0	4453605	2
451602	0	4453606	2
451602	0	4487185	1
451602	0	4495080	2
451602	0	4874640	2
451602	0	4874645	2
451602	0	5053852	2
451602	0	5179251	3
451602	0	5211036	2
451602	0	5475308	2
451602	0	5475312	2
451602	0	5538936	2
451602	0	5538937	2
451602	0	5538938	2
451602	0	5538942	2
451602	0	5655693	2
451602	0	6132119	1
451602	0	6286973	2
451602	0	6286974	2
451602	0	6286975	2
451602	0	6286976	2
451602	0	6286977	2
451602	0	6286978	2
451602	0	6286979	2
451602	0	6286980	2
451602	0	6286982	2
451602	0	6618756	2
451602	0	6697739	2
451602	0	7315074	1
451602	0	7792100	2
451602	0	7800959	3
451602	0	7800962	2
451602	0	7804169	2
451602	0	7859334	2
451602	0	8019873	0
451602	0	8033470	1
451602	0	8033471	1
451602	0	8033472	2
451602	0	8033474	2
451602	0	8214451	2
451602	0	8214452	2
451602	0	8383461	2
451602	0	8383462	2
451602	0	8383465	2
451602	0	8383466	2
451602	0	8390518	2
451602	0	8390523	1
451602	0	8390525	2
451602	0	8390526	1
451602	0	8408575	2
451602	0	8485130	2
451602	0	8485136	1
451602	0	8540470	2
451602	0	8540473	2
451602	0	8621776	2
451602	0	8742537	2
451602	0	8787234	2
451602	0	927578	2
451602	0	96222	2
451602	0	96229	2
451602	0	998695	1
47923	0	1488918	2
47923	0	1681331	3
47923	0	1681332	3
47923	0	1681334	3
47923	0	1681336	3
47923	0	1681337	3
47923	0	1681338	2
47923	0	1681339	3
47923	0	1681340	3
47923	0	1827449	2
47923	0	1827452	2
47923	0	1868437	2
47923	0	2284128	2
47923	0	2284134	2
47923	0	2408264	2
47923	0	2477210	2
47923	0	2508227	2
47923	0	2569321	2
47923	0	2670112	2
47923	0	2699736	2
47923	0	2831042	2
47923	0	3348834	2
47923	0	3348838	2
47923	0	3520777	2
47923	0	3630935	2
47923	0	3688361	2
47923	0	3883230	2
47923	0	3986046	2
47923	0	4064327	2
47923	0	4064328	2
47923	0	4119528	2
47923	0	4148055	2
47923	0	4148063	2
47923	0	4257345	2
47923	0	4297620	3
47923	0	4416477	2
47923	0	4525880	3
47923	0	4652795	3
47923	0	473807	3
47923	0	473809	3
47923	0	5032362	3
47923	0	5055000	2
47923	0	5147526	2
47923	0	5147527	2
47923	0	5147529	2
47923	0	525507	1
47923	0	525511	2
47923	0	525513	1
47923	0	5282403	2
47923	0	5310902	2
47923	0	5417578	2
47923	0	5417579	2
47923	0	5417580	2
47923	0	5417581	2
47923	0	5417582	3
47923	0	5595916	2
47923	0	5898846	2
47923	0	5966643	2
47923	0	5966644	2
47923	0	6067090	1
47923	0	6111296	2
47923	0	618556	2
47923	0	6191	3
47923	0	6210760	2
47923	0	6222131	2
47923	0	6241147	3
47923	0	6241148	3
47923	0	6241150	3
47923	0	6241151	3
47923	0	6241152	3
47923	0	6241153	3
47923	0	6241154	3
47923	0	6272906	2
47923	0	6626703	2
47923	0	6626705	2
47923	0	6643066	3
47923	0	6919836	3
47923	0	7038128	1
47923	0	7137895	2
47923	0	727614	2
47923	0	7417276	2
47923	0	766019	2
47923	0	7747055	2
47923	0	7936847	2
47923	0	8216702	2
47923	0	829484	2
47923	0	8327407	2
47923	0	8348762	3
47923	0	8418678	3
47923	0	8418679	2
47923	0	8418681	3
47923	0	8418683	3
47923	0	8418686	3
47923	0	8421421	2
47923	0	8619129	2
47923	0	8641104	3
47923	0	8641106	3
47923	0	8641107	3
47923	0	913042	3
47923	0	986177	3
489204	0	1051498	2
489204	0	113238	2
489204	0	114148	2
489204	0	1225589	2
489204	0	1225591	2
489204	0	1228655	2
489204	0	1231677	2
489204	0	1276947	3
489204	0	1310103	2
489204	0	1360627	2
489204	0	136257	2
489204	0	139999	2
489204	0	1418931	2
489204	0	1430550	2
489204	0	1479542	2
489204	0	152948	2
489204	0	152954	2
489204	0	1538587	2
489204	0	1759354	2
489204	0	1759358	2
489204	0	1778458	2
489204	0	185678	2
489204	0	1897210	2
489204	0	1950269	2
489204	0	1950273	2
489204	0	2163701	2
489204	0	216490	2
489204	0	216492	2
489204	0	2268651	2
489204	0	2268652	2
489204	0	2268656	2
489204	0	2959687	2
489204	0	3053140	2
489204	0	3438216	2
489204	0	35919	2
489204	0	3608625	2
489204	0	3608627	2
489204	0	3728445	2
489204	0	385083	2
489204	0	4029846	2
489204	0	4088951	2
489204	0	4142348	2
489204	0	416864	2
489204	0	4279451	2
489204	0	4279453	2
489204	0	430274	2
489204	0	4387756	2
489204	0	4586570	2
489204	0	4917996	2
489204	0	4917998	2
489204	0	4929960	2
489204	0	533017	2
489204	0	5629373	2
489204	0	5709655	2
489204	0	5815957	2
489204	0	5895917	2
489204	0	6084785	2
489204	0	6087663	2
489204	0	6087666	2
489204	0	6087671	2
489204	0	6327174	2
489204	0	6327175	2
489204	0	6327177	2
489204	0	6327181	2
489204	0	6362205	2
489204	0	6542578	2
489204	0	6652051	2
489204	0	6652052	2
489204	0	678245	2
489204	0	6976143	2
489204	0	7008875	2
489204	0	7108296	2
489204	0	7113153	2
489204	0	7116533	2
489204	0	750066	1
489204	0	753265	2
489204	0	7564977	2
489204	0	7564980	2
489204	0	7734612	2
489204	0	7923800	2
489204	0	8055356	2
489204	0	8376906	1
489204	0	8376910	2
489204	0	8463820	3
489204	0	8463823	3
489204	0	855963	2
489204	0	855967	2
489204	0	855968	2
489204	0	855969	2
489204	0	855972	2
489204	0	8594271	2
489204	0	8594272	2
489204	0	8594273	2
489204	0	8594277	2
489204	0	8594280	2
489204	0	872467	2
489204	0	8737051	2
489204	0	8737053	2
489204	0	8781574	2
489204	0	973923	2
490595	0	1044147	2
490595	0	1160847	3
490595	0	1194055	1
490595	0	1194060	2
490595	0	1288938	2
490595	0	1288939	2
490595	0	1288940	2
490595	0	1288942	3
490595	0	1288943	2
490595	0	1288946	2
490595	0	1473259	3
490595	0	1652460	3
490595	0	1707412	0
490595	0	1929910	3
490595	0	1929911	2
490595	0	1929913	1
490595	0	2433509	1
490595	0	2788470	2
490595	0	2850740	2
490595	0	3572695	2
490595	0	3572701	2
490595	0	3595607	1
490595	0	3833407	2
490595	0	3833409	2
490595	0	3833413	2
490595	0	3833414	2
490595	0	3937195	2
490595	0	3937196	2
490595	0	3937197	3
490595	0	3937200	2
490595	0	3937201	2
490595	0	3937202	2
490595	0	3937203	2
490595	0	3937204	2
490595	0	4082315	1
490595	0	4292443	2
490595	0	4604269	2
490595	0	4737059	3
490595	0	4737060	3
490595	0	4737061	3
490595	0	4737062	2
490595	0	4737063	3
490595	0	4737064	3
490595	0	4737065	3
490595	0	4737066	3
490595	0	4737067	2
490595	0	4737068	2
490595	0	4763065	1
490595	0	4763066	3
490595	0	4763068	2
490595	0	4763070	2
490595	0	4763071	2
490595	0	4771671	2
490595	0	4842889	3
490595	0	4842890	3
490595	0	4842891	3
490595	0	4842894	2
490595	0	4842895	2
490595	0	4842896	2
490595	0	4842897	2
490595	0	5112294	2
490595	0	5128293	2
490595	0	5247992	3
490595	0	5247994	2
490595	0	5247999	3
490595	0	5248000	2
490595	0	526093	2
490595	0	5359208	2
490595	0	5359212	2
490595	0	5359213	3
490595	0	549465	3
490595	0	549466	3
490595	0	5633627	2
490595	0	5633631	2
490595	0	6045591	0
490595	0	6412650	2
490595	0	6686784	3
490595	0	6742119	3
490595	0	6976956	2
490595	0	6976960	1
490595	0	7045861	1
490595	0	7174984	0
490595	0	7340532	2
490595	0	7422680	0
490595	0	7839904	2
490595	0	7839906	3
490595	0	7839908	2
490595	0	7839911	2
490595	0	7968900	2
490595	0	805046	3
490595	0	805047	2
490595	0	805048	3
490595	0	805050	3
490595	0	805051	3
490595	0	805052	2
490595	0	829387	2
490595	0	8485139	3
490595	0	8485140	2
490595	0	8485141	3
490595	0	903932	1
527433	0	1000485	2
527433	0	1164207	0
527433	0	1212783	1
527433	0	1212787	1
527433	0	1251480	1
527433	0	126710	1
527433	0	1379237	1
527433	0	1379238	1
527433	0	1379239	1
527433	0	1379240	2
527433	0	1379245	2
527433	0	1404580	1
527433	0	1511548	2
527433	0	1511549	0
527433	0	1511551	1
527433	0	1511553	1
527433	0	1511556	1
527433	0	1664518	2
527433	0	1664521	2
527433	0	1664523	2
527433	0	1664659	1
527433	0	1753604	1
527433	0	2045580	2
527433	0	2331989	1
527433	0	2496224	1
527433	0	2496227	1
527433	0	2565413	1
527433	0	2567334	1
527433	0	269422	1
527433	0	269423	1
527433	0	269425	1
527433	0	269426	1
527433	0	269428	1
527433	0	269429	1
527433	0	269430	1
527433	0	2722036	1
527433	0	2773789	1
527433	0	291606	1
527433	0	2931558	1
527433	0	2931562	1
527433	0	3224400	1
527433	0	3294599	2
527433	0	3774357	1
527433	0	3774358	1
527433	0	3774360	1
527433	0	3786813	1
527433	0	3835729	2
527433	0	3835730	1
527433	0	3973285	1
527433	0	4046875	1
527433	0	4064457	1
527433	0	4351170	1
527433	0	4351179	1
527433	0	4402991	1
527433	0	4402992	1
527433	0	4402995	1
527433	0	4958693	1
527433	0	5295980	0
527433	0	5466807	2
527433	0	5466809	1
527433	0	5466810	2
527433	0	547444	1
527433	0	5479502	1
527433	0	5603298	1
527433	0	5603305	1
527433	0	5672170	2
527433	0	5690943	1
527433	0	5839266	1
527433	0	6038397	1
527433	0	6038411	1
527433	0	6186391	1
527433	0	6186393	2
527433	0	6186394	1
527433	0	6186395	2
527433	0	6214994	1
527433	0	6214995	0
527433	0	6215001	2
527433	0	6398041	2
527433	0	6498113	1
527433	0	653101	1
527433	0	729489	2
527433	0	7336435	1
527433	0	7514088	1
527433	0	7514090	1
527433	0	7607669	2
527433	0	7799466	2
527433	0	7904112	2
527433	0	8306449	1
527433	0	8306450	2
527433	0	8306451	1
527433	0	8371764	1
527433	0	8617267	1
527433	0	8617269	1
527433	0	8617270	0
527433	0	8617271	3
527433	0	8617273	1
527433	0	8617274	1
527433	0	8617276	2
527433	0	8827925	2
527433	0	8827928	2
573724	0	1005335	2
573724	0	1005338	2
573724	0	1005341	2
573724	0	104856	2
573724	0	1165128	2
573724	0	1165129	3
573724	0	1293333	2
573724	0	1509940	3
573724	0	1509942	3
573724	0	1509944	2
573724	0	162151	3
573724	0	1648007	2
573724	0	1816038	3
573724	0	2002448	1
573724	0	2133806	2
573724	0	2186124	2
573724	0	2417985	2
573724	0	2635262	3
573724	0	305009	1
573724	0	3059590	3
573724	0	3059593	2
573724	0	3146236	3
573724	0	3146238	2
573724	0	3146240	3
573724	0	3365631	3
573724	0	3365632	3
573724	0	3365633	2
573724	0	3365634	1
573724	0	3365635	2
573724	0	3365636	3
573724	0	3365638	3
573724	0	3365640	2
573724	0	3492364	2
573724	0	3546092	2
573724	0	3617636	2
573724	0	394136	3
573724	0	394138	3
573724	0	394139	3
573724	0	394141	3
573724	0	394142	3
573724	0	4017883	2
573724	0	41433	2
573724	0	4360246	2
573724	0	4853172	1
573724	0	5047796	3
573724	0	5185664	2
573724	0	5185671	2
573724	0	5310530	3
573724	0	5339620	3
573724	0	5384308	2
573724	0	5721829	3
573724	0	5721831	3
573724	0	5962420	2
573724	0	5962423	3
573724	0	5962424	2
573724	0	5962425	2
573724	0	5962426	2
573724	0	5962427	2
573724	0	5962428	2
573724	0	6121093	2
573724	0	6496777	2
573724	0	6776717	3
573724	0	7104825	3
573724	0	7104826	3
573724	0	7104827	2
573724	0	7134411	1
573724	0	7199667	2
573724	0	7199669	3
573724	0	7199672	2
573724	0	7199673	3
573724	0	7199674	2
573724	0	7199675	2
573724	0	7275118	1
573724	0	7384327	2
573724	0	7384329	2
573724	0	7384331	2
573724	0	7384332	2
573724	0	7530702	2
573724	0	7609926	2
573724	0	7609927	3
573724	0	7609928	2
573724	0	7609929	2
573724	0	7609930	2
573724	0	7609932	2
573724	0	7674858	3
573724	0	7674859	3
573724	0	7964601	2
573724	0	8047166	2
573724	0	8441637	3
573724	0	8441642	3
573724	0	8444727	2
573724	0	8444728	3
573724	0	87400	2
573724	0	87402	2
573724	0	87404	2
573724	0	87405	3
573724	0	87409	2
573724	0	8833192	3
573724	0	8833194	3
573724	0	8833199	2
833860	0	1060356	0
833860	0	115142	1
833860	0	1187661	1
833860	0	1361867	1
833860	0	1501736	2
833860	0	1579406	0
833860	0	1889863	2
833860	0	2022688	2
833860	0	2192806	1
833860	0	2192812	1
833860	0	2206194	2
833860	0	2206195	2
833860	0	2206196	2
833860	0	2206197	2
833860	0	2206200	2
833860	0	2206201	1
833860	0	223308	0
833860	0	2626241	2
833860	0	2626244	0
833860	0	2626245	2
833860	0	2702357	1
833860	0	2792242	1
833860	0	3087477	1
833860	0	3087481	2
833860	0	3087483	1
833860	0	3394881	0
833860	0	3437281	3
833860	0	3437283	1
833860	0	3437284	2
833860	0	3437285	2
833860	0	3437286	2
833860	0	3437288	2
833860	0	3437289	2
833860	0	3437290	2
833860	0	3716920	1
833860	0	4287221	0
833860	0	4857585	1
833860	0	4881964	0
833860	0	4881965	2
833860	0	4897785	1
833860	0	4983652	0
833860	0	5012384	1
833860	0	5012386	2
833860	0	5167510	2
833860	0	5167512	2
833860	0	5167513	2
833860	0	5167518	2
833860	0	5268871	1
833860	0	5652528	0
833860	0	5832657	2
833860	0	5832662	2
833860	0	596153	2
833860	0	6083481	1
833860	0	6182015	0
833860	0	6182018	0
833860	0	6182019	0
833860	0	6182021	0
833860	0	6182023	0
833860	0	6218032	2
833860	0	6218040	1
833860	0	6230220	2
833860	0	6230221	2
833860	0	6230222	2
833860	0	6230223	2
833860	0	6230224	2
833860	0	6230225	2
833860	0	6230226	2
833860	0	6230227	2
833860	0	6230228	2
833860	0	6230229	2
833860	0	6292957	1
833860	0	6301693	2
833860	0	6621549	0
833860	0	6748422	1
833860	0	6812180	1
833860	0	6875877	1
833860	0	68820	1
833860	0	6943598	2
833860	0	6943600	1
833860	0	7038170	2
833860	0	7061642	1
833860	0	756914	1
833860	0	756916	2
833860	0	756921	1
833860	0	767542	1
833860	0	7706738	2
833860	0	7944293	1
833860	0	8025159	1
833860	0	8068230	1
833860	0	8068233	2
833860	0	8280714	2
833860	0	8280717	0
833860	0	8344031	2
833860	0	8494105	2
833860	0	8679932	1
833860	0	8697642	0
833860	0	8833502	2
833860	0	8833504	2
833860	0	8833506	2
833860	0	8833509	2
855410	0	107007	0
855410	0	1094085	0
855410	0	1094091	1
855410	0	1313943	0
855410	0	1375118	0
855410	0	1599285	0
855410	0	1775897	0
855410	0	1775900	0
855410	0	1775902	0
855410	0	1824271	0
855410	0	1824273	0
855410	0	1824274	0
855410	0	1824277	1
855410	0	1824278	0
855410	0	1824280	0
855410	0	1997187	1
855410	0	2117094	0
855410	0	2254122	0
855410	0	235313	0
855410	0	2450686	0
855410	0	2499351	0
855410	0	2499352	0
855410	0	2499353	0
855410	0	2499355	1
855410	0	2890365	3
855410	0	317307	0
855410	0	3201479	0
855410	0	3201482	0
855410	0	3269002	0
855410	0	3319653	0
855410	0	369512	0
855410	0	369516	0
855410	0	3723410	0
855410	0	3723411	0
855410	0	3723412	0
855410	0	3723413	0
855410	0	3723414	0
855410	0	3723415	0
855410	0	3823238	0
855410	0	3946561	0
855410	0	4084193	0
855410	0	4084196	0
855410	0	4103170	0
855410	0	4235939	0
855410	0	4235940	0
855410	0	4235942	0
855410	0	4554620	1
855410	0	4554623	0
855410	0	4624463	0
855410	0	4698704	0
855410	0	4788327	0
855410	0	4788330	0
855410	0	4980050	2
855410	0	5006079	0
855410	0	5053561	0
855410	0	5321528	0
855410	0	5321529	0
855410	0	5465915	0
855410	0	5723210	0
855410	0	5743663	0
855410	0	5757274	0
855410	0	5962462	0
855410	0	5979006	0
855410	0	5979009	0
855410	0	5988607	0
855410	0	5988611	0
855410	0	6167255	0
855410	0	6167256	0
855410	0	6385724	0
855410	0	6481239	2
855410	0	6593281	0
855410	0	6593283	0
855410	0	6658891	0
855410	0	6773738	0
855410	0	681984	0
855410	0	681985	0
855410	0	681993	0
855410	0	6942176	0
855410	0	7115215	0
855410	0	7710944	0
855410	0	8157624	0
855410	0	8157627	0
855410	0	8271172	0
855410	0	8543392	0
855410	0	862689	0
855410	0	862691	0
855410	0	862695	0
855410	0	8645167	0
855410	0	8651770	2
855410	0	8651771	2
855410	0	8651772	1
855410	0	8651773	3
855410	0	8651775	2
855410	0	8651776	1
855410	0	8671032	0
855410	0	8671033	0
855410	0	8776511	0
855410	0	8776516	0
855410	0	8776519	0
855410	0	902854	0
87181	0	1059517	2
87181	0	1179100	2
87181	0	123547	2
87181	0	1346115	2
87181	0	1700168	2
87181	0	1856235	2
87181	0	1856241	2
87181	0	1950525	2
87181	0	1950526	3
87181	0	1950532	3
87181	0	1961300	2
87181	0	1992881	2
87181	0	2024860	2
87181	0	2307974	2
87181	0	2307979	2
87181	0	2310764	2
87181	0	2530227	2
87181	0	2530252	1
87181	0	2530257	2
87181	0	2556149	0
87181	0	2556151	2
87181	0	2922857	1
87181	0	2986227	2
87181	0	2986231	1
87181	0	3198047	2
87181	0	3216315	2
87181	0	3914970	2
87181	0	4632251	2
87181	0	4639455	2
87181	0	4689523	3
87181	0	4689524	2
87181	0	4689525	2
87181	0	47203	0
87181	0	47206	1
87181	0	47207	2
87181	0	47210	0
87181	0	4786305	2
87181	0	5103077	2
87181	0	5103082	2
87181	0	5197130	0
87181	0	5197133	0
87181	0	5197135	2
87181	0	5469038	3
87181	0	5497677	3
87181	0	5531010	0
87181	0	5676026	2
87181	0	5753301	2
87181	0	5758954	2
87181	0	5899049	2
87181	0	6029788	2
87181	0	6055562	2
87181	0	6129695	2
87181	0	6222600	2
87181	0	6262331	2
87181	0	6484575	3
87181	0	6484576	3
87181	0	6484577	2
87181	0	6521360	2
87181	0	6521366	3
87181	0	6685092	3
87181	0	6774305	2
87181	0	6969187	2
87181	0	7057928	2
87181	0	7112964	2
87181	0	7112968	2
87181	0	742425	3
87181	0	7504775	0
87181	0	7586365	2
87181	0	7666828	1
87181	0	7666831	1
87181	0	8037179	2
87181	0	8037182	2
87181	0	8082516	1
87181	0	8151922	2
87181	0	8151926	2
87181	0	8165398	2
87181	0	8165401	2
87181	0	8165403	1
87181	0	8165404	2
87181	0	8332546	3
87181	0	8332547	3
87181	0	8332548	1
87181	0	8332550	2
87181	0	8332555	2
87181	0	8356380	2
87181	0	8476330	1
87181	0	8522403	2
87181	0	8534130	3
87181	0	8534134	3
87181	0	8534135	2
87181	0	8534136	2
87181	0	8565420	2
87181	0	8614359	2
87181	0	8614360	2
87181	0	8664069	2
87181	0	8683178	2
87181	0	8683181	1
87181	0	8683183	2
87181	0	8683185	3
87181	0	8738510	2
87452	0	1118401	1
87452	0	1395625	2
87452	0	1395631	2
87452	0	1528487	2
87452	0	164968	1
87452	0	1689964	1
87452	0	1733684	0
87452	0	1749882	2
87452	0	186931	2
87452	0	186939	2
87452	0	1890450	1
87452	0	1890452	2
87452	0	1895985	1
87452	0	1895989	1
87452	0	2026774	1
87452	0	2026777	1
87452	0	2205470	2
87452	0	2312984	2
87452	0	2624886	2
87452	0	2740337	1
87452	0	335702	2
87452	0	3613927	1
87452	0	3732121	0
87452	0	3732898	1
87452	0	3809015	1
87452	0	3841122	1
87452	0	4008486	2
87452	0	4008495	2
87452	0	4307932	2
87452	0	4307935	2
87452	0	4307936	2
87452	0	434339	1
87452	0	4496461	2
87452	0	4502595	1
87452	0	4634899	2
87452	0	4634900	2
87452	0	4634903	2
87452	0	4866237	2
87452	0	4866238	1
87452	0	4872055	2
87452	0	4993648	2
87452	0	5052039	1
87452	0	5219890	2
87452	0	5268236	1
87452	0	5286924	2
87452	0	5296736	2
87452	0	5299878	1
87452	0	5732048	1
87452	0	5746164	2
87452	0	5746165	1
87452	0	5746167	1
87452	0	5751686	2
87452	0	5851090	2
87452	0	5851095	2
87452	0	6018160	2
87452	0	6018161	2
87452	0	6018162	2
87452	0	6018163	2
87452	0	6018164	2
87452	0	6018166	2
87452	0	6018167	2
87452	0	6018168	2
87452	0	6018169	2
87452	0	7166749	0
87452	0	7208274	1
87452	0	7304545	2
87452	0	7641652	1
87452	0	764761	0
87452	0	7843982	2
87452	0	7843984	2
87452	0	7897960	1
87452	0	7965004	2
87452	0	7965005	2
87452	0	7965011	2
87452	0	8055174	2
87452	0	8126315	1
87452	0	8152222	2
87452	0	8152225	2
87452	0	8152226	2
87452	0	8213478	2
87452	0	8333912	2
87452	0	8333919	2
87452	0	8333920	2
87452	0	8333921	2
87452	0	8422895	0
87452	0	8436571	2
87452	0	8436572	1
87452	0	8436573	1
87452	0	8436574	2
87452	0	8436575	2
87452	0	8436576	2
87452	0	8436578	2
87452	0	8436579	2
87452	0	8436580	2
87452	0	8819111	2
87452	0	8819112	3
87452	0	8819113	2
87452	0	8819114	2
87452	0	8819116	2
87452	0	994547	2
915593	0	1033076	2
915593	0	1396701	2
915593	0	1396702	2
915593	0	1396705	2
915593	0	1396707	1
915593	0	1396708	1
915593	0	1772930	2
915593	0	1972028	2
915593	0	210379	1
915593	0	2210590	2
915593	0	2210592	2
915593	0	2210593	2
915593	0	2210594	2
915593	0	2210595	2
915593	0	2210597	2
915593	0	2744909	2
915593	0	2755128	1
915593	0	275726	2
915593	0	2915475	1
915593	0	2923501	2
915593	0	3037814	1
915593	0	3069419	2
915593	0	3069424	2
915593	0	3357360	2
915593	0	3375966	1
915593	0	3523599	1
915593	0	3523602	1
915593	0	3538159	1
915593	0	3538160	3
915593	0	3538161	2
915593	0	3538162	1
915593	0	3538163	2
915593	0	3538164	2
915593	0	3538165	1
915593	0	3538166	2
915593	0	3538168	2
915593	0	3573473	1
915593	0	3573477	2
915593	0	3573479	1
915593	0	3581431	1
915593	0	3930156	2
915593	0	3991910	2
915593	0	4566815	1
915593	0	4566816	2
915593	0	4566818	2
915593	0	4566819	2
915593	0	4566822	2
915593	0	4566823	1
915593	0	4691129	2
915593	0	4834226	2
915593	0	4998398	2
915593	0	5774009	2
915593	0	5931262	2
915593	0	5931553	1
915593	0	6761340	1
915593	0	6761341	2
915593	0	6761344	2
915593	0	6761346	1
915593	0	6761348	1
915593	0	6923051	1
915593	0	6923052	2
915593	0	6923054	1
915593	0	7709320	2
915593	0	7742098	2
915593	0	7837084	1
915593	0	7837086	1
915593	0	7861751	2
915593	0	7861755	2
915593	0	8002852	2
915593	0	8029524	2
915593	0	8029525	2
915593	0	8029527	2
915593	0	8029530	2
915593	0	8029531	2
915593	0	8029532	1
915593	0	8029533	2
915593	0	8103068	1
915593	0	8178996	2
915593	0	8178998	2
915593	0	8178999	1
915593	0	8179001	2
915593	0	82105	1
915593	0	82106	2
915593	0	82107	3
915593	0	82108	2
915593	0	82109	0
915593	0	82110	2
915593	0	82111	1
915593	0	82113	2
915593	0	82114	2
915593	0	8275207	2
915593	0	8402969	1
915593	0	8402970	2
915593	0	8402971	3
915593	0	8402972	2
915593	0	8420020	1
915593	0	8455302	1
915593	0	8455306	2
915593	0	8681775	1
915593	0	924855	1
962179	0	1645080	2
962179	0	1645087	2
962179	0	1882903	1
962179	0	2017001	0
962179	0	2017003	1
962179	0	2131895	1
962179	0	2186434	0
962179	0	2329692	2
962179	0	2329693	2
962179	0	2329694	2
962179	0	2329695	2
962179	0	2329696	2
962179	0	2329697	2
962179	0	2329699	3
962179	0	2329700	1
962179	0	2329701	2
962179	0	2589899	2
962179	0	2589902	1
962179	0	2589904	1
962179	0	2589905	1
962179	0	2632688	0
962179	0	2697161	1
962179	0	2697162	2
962179	0	2978863	1
962179	0	2978864	3
962179	0	2978865	2
962179	0	2978866	3
962179	0	2978867	1
962179	0	2978868	2
962179	0	2978869	2
962179	0	2978870	2
962179	0	2978871	2
962179	0	302861	1
962179	0	302867	1
962179	0	3173623	1
962179	0	3173625	1
962179	0	3422319	1
962179	0	3705165	3
962179	0	3896632	2
962179	0	4209394	1
962179	0	4209397	1
962179	0	4257871	2
962179	0	4257872	2
962179	0	4257873	1
962179	0	4511497	1
962179	0	4511499	3
962179	0	4511500	1
962179	0	4511503	2
962179	0	4606386	3
962179	0	4606387	2
962179	0	4606388	1
962179	0	5329867	1
962179	0	534563	2
962179	0	536176	3
962179	0	536177	1
962179	0	536178	1
962179	0	5642478	1
962179	0	5653655	0
962179	0	5653656	1
962179	0	5653657	0
962179	0	5653659	3
962179	0	579975	2
962179	0	5919340	2
962179	0	5919342	2
962179	0	6186348	1
962179	0	6575558	0
962179	0	6675259	2
962179	0	6675260	2
962179	0	6675262	1
962179	0	6675264	1
962179	0	6898289	3
962179	0	6898293	1
962179	0	6904859	1
962179	0	6904860	1
962179	0	6904863	1
962179	0	6980697	2
962179	0	7428149	1
962179	0	7733807	2
962179	0	7733810	2
962179	0	8114936	1
962179	0	8114938	1
962179	0	8361087	0
962179	0	8768354	1
962179	0	8768355	1
962179	0	8768360	1
962179	0	8768974	0
962179	0	8768976	0
962179	0	8785367	2
962179	0	8785368	1
962179	0	8785369	2
962179	0	8785371	3
962179	0	8785372	1
962179	0	8785373	1
962179	0	8785374	2
962179	0	8785375	2
962179	0	8811420	0
962179	0	8811422	0
962179	0	931123	1
962179	0	931124	0
962179	0	963708	1
