1037798	0	1209094	0
1037798	0	1721695	0
1037798	0	1840397	0
1037798	0	1978023	0
1037798	0	2032698	0
1037798	0	2081844	4
1037798	0	2258763	0
1037798	0	2258765	0
1037798	0	2301338	0
1037798	0	2360245	0
1037798	0	2360247	0
1037798	0	2360248	0
1037798	0	2360251	0
1037798	0	2360252	0
1037798	0	2592345	0
1037798	0	2592348	0
1037798	0	2764063	0
1037798	0	2764065	0
1037798	0	2764068	0
1037798	0	2781966	5
1037798	0	2787508	4
1037798	0	2868737	0
1037798	0	2970890	0
1037798	0	2970891	0
1037798	0	2970892	0
1037798	0	2970894	0
1037798	0	2970895	0
1037798	0	2970896	0
1037798	0	2970897	0
1037798	0	2972024	0
1037798	0	2972025	0
1037798	0	2972030	0
1037798	0	3082786	4
1037798	0	3082795	4
1037798	0	3247266	0
1037798	0	3310854	0
1037798	0	3310855	0
1037798	0	3531480	0
1037798	0	3531483	0
1037798	0	3592912	4
1037798	0	3592919	0
1037798	0	3620983	5
1037798	0	3620986	5
1037798	0	3620991	5
1037798	0	3673849	0
1037798	0	3681010	0
1037798	0	3914692	0
1037798	0	3942397	4
1037798	0	4055260	5
1037798	0	4114288	5
1037798	0	4182093	5
1037798	0	4297404	0
1037798	0	4948770	0
1037798	0	4948777	0
1037798	0	4978060	0
1037798	0	5006527	5
1037798	0	5385710	0
1037798	0	6017285	0
1037798	0	6202756	4
1037798	0	6202758	4
1037798	0	6495169	5
1037798	0	6526047	0
1037798	0	6526054	4
1037798	0	6578678	4
1037798	0	6709844	0
1037798	0	6709849	0
1037798	0	6792680	0
1037798	0	6792681	0
1037798	0	6792682	0
1037798	0	6792683	0
1037798	0	6792685	5
1037798	0	7137653	0
1037798	0	7183038	0
1037798	0	7208739	0
1037798	0	7604811	0
1037798	0	7604812	0
1037798	0	7604814	0
1037798	0	7604815	0
1037798	0	7604818	0
1037798	0	7822415	5
1037798	0	7855580	0
1037798	0	7855583	4
1037798	0	7881055	0
1037798	0	7961603	5
1037798	0	811305	0
1037798	0	8248629	0
1037798	0	8611968	5
1037798	0	8760864	5
1037798	0	8760865	5
1037798	0	8760866	5
1037798	0	8760867	5
1037798	0	8760868	5
1037798	0	8760870	5
1037798	0	8760871	5
1037798	0	8760873	5
1037798	0	8780801	0
1037798	0	8780808	0
1037798	0	8780809	0
1037798	0	938344	0
1037798	0	938351	0
104861	0	1017092	1
104861	0	1046334	2
104861	0	1046339	2
104861	0	1188307	0
104861	0	1313687	2
104861	0	1442348	2
104861	0	1453544	1
104861	0	146169	1
104861	0	146170	2
104861	0	146171	1
104861	0	146172	2
104861	0	146174	2
104861	0	1567102	1
104861	0	171927	2
104861	0	1773805	2
104861	0	1773807	2
104861	0	1948963	2
104861	0	2158194	1
104861	0	2278231	1
104861	0	2294849	1
104861	0	236954	1
104861	0	2377050	1
104861	0	3443173	1
104861	0	3443176	2
104861	0	3567536	0
104861	0	3567537	0
104861	0	3925933	2
104861	0	4017854	1
104861	0	4017856	1
104861	0	4017858	1
104861	0	4199743	2
104861	0	4315436	1
104861	0	4350439	1
104861	0	4583548	2
104861	0	459676	1
104861	0	5091798	0
104861	0	5138467	2
104861	0	5138468	2
104861	0	5138469	1
104861	0	5138470	2
104861	0	5138472	2
104861	0	5138473	2
104861	0	5138474	1
104861	0	5150431	2
104861	0	5248341	2
104861	0	5652262	2
104861	0	5652266	1
104861	0	5667475	1
104861	0	5677644	0
104861	0	5688415	2
104861	0	5688416	2
104861	0	5688417	2
104861	0	5688418	2
104861	0	5688421	1
104861	0	5703400	2
104861	0	5703401	2
104861	0	5801822	2
104861	0	5836442	2
104861	0	5855223	0
104861	0	5855224	0
104861	0	5855225	0
104861	0	5855226	0
104861	0	5855227	0
104861	0	599604	2
104861	0	6023329	0
104861	0	6023331	0
104861	0	6068433	0
104861	0	6187055	2
104861	0	6187057	1
104861	0	6187058	1
104861	0	629270	2
104861	0	629273	2
104861	0	629274	2
104861	0	629276	2
104861	0	629277	2
104861	0	629278	2
104861	0	6351571	2
104861	0	6467577	2
104861	0	6467578	2
104861	0	6467580	2
104861	0	6467581	1
104861	0	6585554	2
104861	0	6653674	2
104861	0	6653675	2
104861	0	6653676	1
104861	0	6653677	1
104861	0	6653678	2
104861	0	6653679	1
104861	0	6704672	2
104861	0	6851724	0
104861	0	6904999	1
104861	0	7034375	2
104861	0	7185282	2
104861	0	7186725	1
104861	0	7486800	0
104861	0	7506029	2
104861	0	8260035	1
104861	0	8495099	2
104861	0	8546158	2
104861	0	8546160	1
1063750	0	1074552	2
1063750	0	1098175	0
1063750	0	118643	2
1063750	0	1523265	2
1063750	0	1580964	0
1063750	0	1866482	2
1063750	0	1866486	5
1063750	0	1922590	0
1063750	0	1923500	2
1063750	0	1923506	2
1063750	0	2185613	2
1063750	0	2230089	2
1063750	0	2230090	2
1063750	0	2230091	2
1063750	0	2391456	2
1063750	0	2391457	0
1063750	0	2391460	0
1063750	0	2470328	2
1063750	0	2569816	2
1063750	0	2768117	2
1063750	0	2768123	5
1063750	0	2947512	0
1063750	0	3063827	2
1063750	0	3076179	2
1063750	0	309313	2
1063750	0	3259884	2
1063750	0	3259885	2
1063750	0	3259889	2
1063750	0	3259891	2
1063750	0	330159	2
1063750	0	3327045	2
1063750	0	3327049	2
1063750	0	3327050	0
1063750	0	3327052	2
1063750	0	3327053	2
1063750	0	3327054	2
1063750	0	3477418	2
1063750	0	3654231	0
1063750	0	3654234	2
1063750	0	3965096	0
1063750	0	3973418	2
1063750	0	3973423	2
1063750	0	3994446	0
1063750	0	4158202	0
1063750	0	4158205	0
1063750	0	4337526	2
1063750	0	4337527	5
1063750	0	4337528	2
1063750	0	4337529	2
1063750	0	4337532	2
1063750	0	4487113	2
1063750	0	4487118	2
1063750	0	4542127	0
1063750	0	4759819	0
1063750	0	4802036	0
1063750	0	4834969	2
1063750	0	4844348	0
1063750	0	5062363	0
1063750	0	5237507	2
1063750	0	5256198	0
1063750	0	5269958	0
1063750	0	5360360	0
1063750	0	5412858	2
1063750	0	5442711	5
1063750	0	5501489	0
1063750	0	5590573	2
1063750	0	5590575	0
1063750	0	5956099	2
1063750	0	5956102	2
1063750	0	5956104	0
1063750	0	5956106	2
1063750	0	6127385	0
1063750	0	6127389	2
1063750	0	6347205	2
1063750	0	7247264	2
1063750	0	7247268	0
1063750	0	7304887	0
1063750	0	7571423	5
1063750	0	7571428	2
1063750	0	7571429	0
1063750	0	7717144	0
1063750	0	775089	0
1063750	0	7778351	0
1063750	0	7837938	2
1063750	0	7952965	2
1063750	0	7952966	2
1063750	0	7952967	2
1063750	0	7952971	5
1063750	0	8170636	2
1063750	0	8170640	2
1063750	0	819283	0
1063750	0	819284	0
1063750	0	8239876	2
1063750	0	8239877	2
1063750	0	8239878	0
1063750	0	8384971	0
1063750	0	8640242	2
1063750	0	8722081	2
1063750	0	8821734	2
1063750	0	8821735	2
1103812	0	1419875	0
1103812	0	1602354	0
1103812	0	1614303	5
1103812	0	1659850	5
1103812	0	1659852	5
1103812	0	1783580	0
1103812	0	190061	0
1103812	0	2273556	0
1103812	0	231647	0
1103812	0	2394563	0
1103812	0	2541847	0
1103812	0	2544058	0
1103812	0	2586283	0
1103812	0	2703108	0
1103812	0	2703109	0
1103812	0	2703110	5
1103812	0	2703111	0
1103812	0	2703114	0
1103812	0	2725227	0
1103812	0	2794321	0
1103812	0	2945095	5
1103812	0	3431717	0
1103812	0	3591090	0
1103812	0	3591091	0
1103812	0	3591092	0
1103812	0	3591093	0
1103812	0	3591094	0
1103812	0	3591098	0
1103812	0	3591099	0
1103812	0	3672737	0
1103812	0	3672738	0
1103812	0	3672744	0
1103812	0	3843267	5
1103812	0	3940091	5
1103812	0	4102302	0
1103812	0	4108511	0
1103812	0	4194870	0
1103812	0	4322058	0
1103812	0	4679037	0
1103812	0	4679038	0
1103812	0	4726837	0
1103812	0	4726838	0
1103812	0	476179	5
1103812	0	476183	5
1103812	0	4824830	5
1103812	0	4824831	0
1103812	0	4824833	0
1103812	0	4824834	0
1103812	0	4824836	5
1103812	0	484648	0
1103812	0	4860798	0
1103812	0	4879957	0
1103812	0	4879959	5
1103812	0	4885128	0
1103812	0	4937953	0
1103812	0	5190505	0
1103812	0	5725710	0
1103812	0	5950140	0
1103812	0	5974245	0
1103812	0	5976811	0
1103812	0	6103245	0
1103812	0	6187272	0
1103812	0	6289840	5
1103812	0	6294457	0
1103812	0	645467	0
1103812	0	6569474	0
1103812	0	6842213	0
1103812	0	6924733	0
1103812	0	720110	0
1103812	0	7209201	0
1103812	0	7231343	0
1103812	0	7234273	0
1103812	0	7246728	0
1103812	0	737457	0
1103812	0	7430769	0
1103812	0	7430771	0
1103812	0	7491609	0
1103812	0	7491610	0
1103812	0	7775402	0
1103812	0	7844921	0
1103812	0	7860450	0
1103812	0	8084238	0
1103812	0	8157968	5
1103812	0	8190381	0
1103812	0	8220080	5
1103812	0	8220085	5
1103812	0	8220086	5
1103812	0	8220087	5
1103812	0	8220089	5
1103812	0	8224175	0
1103812	0	8224181	5
1103812	0	8224183	5
1103812	0	8293805	5
1103812	0	8388942	0
1103812	0	8402961	0
1103812	0	8755009	0
1103812	0	8789820	0
1103812	0	8822007	0
1103812	0	955560	0
1103812	0	961775	0
1106007	0	1294320	1
1106007	0	1334328	4
1106007	0	1334330	4
1106007	0	1334331	4
1106007	0	1334332	0
1106007	0	1334333	1
1106007	0	1334334	4
1106007	0	1334335	4
1106007	0	1334336	4
1106007	0	1334337	1
1106007	0	1560243	1
1106007	0	1560245	1
1106007	0	1628791	1
1106007	0	1700769	1
1106007	0	1892454	1
1106007	0	1918089	1
1106007	0	2186171	1
1106007	0	2240978	1
1106007	0	2384065	1
1106007	0	2384068	1
1106007	0	2464373	1
1106007	0	2464374	4
1106007	0	2464375	4
1106007	0	2464376	1
1106007	0	2464377	1
1106007	0	2464378	1
1106007	0	2464379	1
1106007	0	2464382	1
1106007	0	2513608	0
1106007	0	2513609	1
1106007	0	2621976	1
1106007	0	2672601	4
1106007	0	2672608	4
1106007	0	2777111	1
1106007	0	285891	1
1106007	0	2866630	4
1106007	0	2866634	1
1106007	0	2960558	4
1106007	0	2960563	4
1106007	0	2960564	1
1106007	0	2960566	4
1106007	0	3537611	1
1106007	0	4004166	0
1106007	0	4004167	1
1106007	0	4004169	1
1106007	0	4004170	1
1106007	0	4004173	1
1106007	0	4089153	1
1106007	0	4102293	1
1106007	0	4120342	1
1106007	0	4173707	1
1106007	0	4173709	4
1106007	0	4173712	4
1106007	0	420111	0
1106007	0	4781863	0
1106007	0	4781867	1
1106007	0	4921576	1
1106007	0	5174765	1
1106007	0	5204536	1
1106007	0	5204537	1
1106007	0	5204538	4
1106007	0	5204539	1
1106007	0	5204540	1
1106007	0	5204544	1
1106007	0	5279699	1
1106007	0	5279701	1
1106007	0	5279702	0
1106007	0	5279704	0
1106007	0	5429391	1
1106007	0	550999	4
1106007	0	551007	1
1106007	0	5774818	4
1106007	0	5780388	4
1106007	0	6126193	1
1106007	0	6209484	4
1106007	0	6303269	0
1106007	0	6582343	1
1106007	0	701605	1
1106007	0	7158637	1
1106007	0	7211746	1
1106007	0	746358	4
1106007	0	7500586	0
1106007	0	7685380	4
1106007	0	7685382	1
1106007	0	7685383	4
1106007	0	7685384	4
1106007	0	7685385	4
1106007	0	7685388	4
1106007	0	8141089	1
1106007	0	8199519	4
1106007	0	8199521	4
1106007	0	8199523	1
1106007	0	8204457	4
1106007	0	8204464	0
1106007	0	8348781	0
1106007	0	8521668	1
1106007	0	8521673	4
1106007	0	8787870	1
1106007	0	899465	1
1106007	0	899467	1
1110199	0	100114	0
1110199	0	1123090	4
1110199	0	1144987	4
1110199	0	1324194	0
1110199	0	1592477	0
1110199	0	1778449	0
1110199	0	1901876	4
1110199	0	1901877	4
1110199	0	1901878	5
1110199	0	1901879	4
1110199	0	1901881	4
1110199	0	1901882	4
1110199	0	2080928	0
1110199	0	227145	0
1110199	0	2301115	4
1110199	0	2301119	4
1110199	0	2316524	0
1110199	0	2379864	4
1110199	0	239444	4
1110199	0	2474406	4
1110199	0	2655848	4
1110199	0	2657987	0
1110199	0	2657991	0
1110199	0	2854609	0
1110199	0	2923632	0
1110199	0	2923633	0
1110199	0	3238116	0
1110199	0	3523642	0
1110199	0	3524270	0
1110199	0	3588624	0
1110199	0	362174	0
1110199	0	3647394	4
1110199	0	3838638	5
1110199	0	3838645	0
1110199	0	3865139	0
1110199	0	3873119	0
1110199	0	4027239	0
1110199	0	4053652	4
1110199	0	4057232	0
1110199	0	421	0
1110199	0	4489656	0
1110199	0	4504233	4
1110199	0	4511137	4
1110199	0	4511144	0
1110199	0	4624021	0
1110199	0	4674430	0
1110199	0	468870	0
1110199	0	4800732	0
1110199	0	5060486	0
1110199	0	5060492	0
1110199	0	5198207	0
1110199	0	5218014	0
1110199	0	5387211	0
1110199	0	5387212	0
1110199	0	5396612	0
1110199	0	5479	0
1110199	0	5516092	0
1110199	0	557956	0
1110199	0	5701621	0
1110199	0	5824926	0
1110199	0	5824927	0
1110199	0	5857919	0
1110199	0	5857921	4
1110199	0	5857925	4
1110199	0	627298	0
1110199	0	6368887	4
1110199	0	6368891	4
1110199	0	6392463	4
1110199	0	6392469	0
1110199	0	68578	0
1110199	0	68586	0
1110199	0	6993901	0
1110199	0	7085489	0
1110199	0	7085492	0
1110199	0	712236	0
1110199	0	7143611	0
1110199	0	7163268	0
1110199	0	7221366	4
1110199	0	7409320	0
1110199	0	7439380	0
1110199	0	7842393	0
1110199	0	789712	0
1110199	0	8157172	0
1110199	0	8157174	0
1110199	0	8160518	5
1110199	0	8160519	4
1110199	0	8160520	5
1110199	0	8160522	0
1110199	0	8160523	4
1110199	0	8160524	0
1110199	0	8160526	0
1110199	0	8160527	4
1110199	0	836529	0
1110199	0	8404306	0
1110199	0	847930	4
1110199	0	847931	0
1110199	0	8549936	0
1110199	0	8625338	0
1110199	0	8625340	0
1110199	0	975292	0
1112341	0	1087925	4
1112341	0	1087926	1
1112341	0	1087928	4
1112341	0	1174734	0
1112341	0	1373648	0
1112341	0	1422694	4
1112341	0	1450347	4
1112341	0	1450349	1
1112341	0	1450351	0
1112341	0	192644	0
1112341	0	2095998	1
1112341	0	2096427	0
1112341	0	2173818	1
1112341	0	2173819	1
1112341	0	2173822	1
1112341	0	2209055	1
1112341	0	2253155	4
1112341	0	2596431	0
1112341	0	2596432	1
1112341	0	2626927	5
1112341	0	2663365	4
1112341	0	2694630	4
1112341	0	2694632	4
1112341	0	2694635	4
1112341	0	2694636	5
1112341	0	2694637	4
1112341	0	2735215	1
1112341	0	2735220	1
1112341	0	2835596	1
1112341	0	3025458	1
1112341	0	3030497	1
1112341	0	3252208	1
1112341	0	3291145	1
1112341	0	3291151	1
1112341	0	3524227	1
1112341	0	3795887	1
1112341	0	3795896	1
1112341	0	3922197	1
1112341	0	3961587	1
1112341	0	4022846	4
1112341	0	4022849	5
1112341	0	4254335	1
1112341	0	4400233	1
1112341	0	4416075	1
1112341	0	4663306	0
1112341	0	4703755	4
1112341	0	4704992	1
1112341	0	478772	1
1112341	0	4833308	0
1112341	0	4833311	1
1112341	0	4977768	0
1112341	0	5043405	0
1112341	0	5043407	1
1112341	0	5043408	0
1112341	0	5043410	0
1112341	0	508019	1
1112341	0	550571	0
1112341	0	5934807	4
1112341	0	6164791	5
1112341	0	6311795	5
1112341	0	6311799	4
1112341	0	6342847	4
1112341	0	6422795	1
1112341	0	6459596	1
1112341	0	6681382	1
1112341	0	6681384	1
1112341	0	6726337	1
1112341	0	6726340	5
1112341	0	6726341	5
1112341	0	6726342	4
1112341	0	6726344	5
1112341	0	6726346	1
1112341	0	6903059	4
1112341	0	6973589	1
1112341	0	7079774	0
1112341	0	7079776	5
1112341	0	7194370	1
1112341	0	7194371	1
1112341	0	7194374	0
1112341	0	7242813	0
1112341	0	7324913	0
1112341	0	7615749	4
1112341	0	7708623	4
1112341	0	7708629	0
1112341	0	7880073	1
1112341	0	8134792	4
1112341	0	8139257	5
1112341	0	8139258	5
1112341	0	8326584	4
1112341	0	8326588	1
1112341	0	8337125	4
1112341	0	8442174	1
1112341	0	8442176	4
1112341	0	8442177	1
1112341	0	8442178	4
1112341	0	8442180	1
1112341	0	8606160	1
1112341	0	8606161	4
1112341	0	8700909	4
1112341	0	875123	4
1113437	0	1066531	0
1113437	0	1066538	2
1113437	0	1280568	5
1113437	0	1280569	0
1113437	0	1280570	2
1113437	0	1681785	2
1113437	0	1768727	2
1113437	0	1768729	0
1113437	0	1896939	2
1113437	0	2001933	2
1113437	0	2001934	2
1113437	0	2226349	5
1113437	0	2354940	2
1113437	0	2354947	5
1113437	0	2884191	2
1113437	0	3026984	2
1113437	0	3125154	2
1113437	0	3125155	2
1113437	0	3687620	1
1113437	0	3880944	5
1113437	0	4016930	1
1113437	0	4016931	0
1113437	0	4016933	2
1113437	0	4016934	0
1113437	0	4016937	1
1113437	0	4216336	0
1113437	0	4367832	5
1113437	0	4412230	2
1113437	0	4473156	5
1113437	0	4473157	5
1113437	0	4498867	2
1113437	0	4628484	0
1113437	0	4751834	2
1113437	0	4751835	5
1113437	0	4751839	0
1113437	0	5188746	1
1113437	0	5188747	2
1113437	0	5188751	2
1113437	0	5328098	5
1113437	0	5346399	0
1113437	0	5514586	5
1113437	0	5514589	2
1113437	0	5514592	1
1113437	0	5546286	1
1113437	0	5546288	5
1113437	0	5546289	2
1113437	0	5591644	2
1113437	0	5938418	0
1113437	0	5938420	2
1113437	0	5938421	1
1113437	0	5938425	2
1113437	0	5938426	2
1113437	0	594251	1
1113437	0	6017939	2
1113437	0	6017945	0
1113437	0	6021902	2
1113437	0	6021905	2
1113437	0	6174327	1
1113437	0	6174328	5
1113437	0	6174329	2
1113437	0	631949	2
1113437	0	6455610	2
1113437	0	6593841	2
1113437	0	6593842	2
1113437	0	6688843	2
1113437	0	7263162	0
1113437	0	7377270	2
1113437	0	7377272	1
1113437	0	7377274	0
1113437	0	7377276	0
1113437	0	7377277	5
1113437	0	7377278	2
1113437	0	7385215	1
1113437	0	7385216	0
1113437	0	7385217	0
1113437	0	7385219	1
1113437	0	7385221	2
1113437	0	7385222	2
1113437	0	742037	2
1113437	0	742042	2
1113437	0	742044	2
1113437	0	742045	1
1113437	0	7497495	2
1113437	0	7890527	0
1113437	0	8128790	2
1113437	0	8128793	1
1113437	0	8128794	2
1113437	0	8128796	2
1113437	0	8128798	2
1113437	0	8162984	1
1113437	0	8503446	2
1113437	0	8503447	1
1113437	0	8503449	0
1113437	0	8503450	2
1113437	0	8503453	0
1113437	0	8503455	0
1113437	0	8729212	1
1113437	0	8729216	1
1113437	0	8729218	1
1113437	0	8729219	5
1114646	0	1014934	0
1114646	0	1069580	0
1114646	0	1437685	0
1114646	0	1533512	0
1114646	0	1533513	0
1114646	0	1533515	0
1114646	0	1533517	0
1114646	0	1811711	0
1114646	0	190438	0
1114646	0	2201127	5
1114646	0	2450728	0
1114646	0	2524143	0
1114646	0	2596910	0
1114646	0	2647994	5
1114646	0	266552	4
1114646	0	266555	0
1114646	0	2695353	4
1114646	0	2695583	0
1114646	0	2695584	0
1114646	0	2911035	4
1114646	0	2931848	0
1114646	0	2931851	0
1114646	0	3036935	0
1114646	0	3184850	4
1114646	0	3184851	4
1114646	0	3221858	0
1114646	0	3439626	0
1114646	0	3467665	4
1114646	0	3480743	0
1114646	0	3480744	0
1114646	0	3480745	0
1114646	0	3633307	0
1114646	0	3712097	0
1114646	0	3712098	0
1114646	0	3828281	3
1114646	0	4332918	4
1114646	0	444374	5
1114646	0	444375	3
1114646	0	444376	4
1114646	0	444377	4
1114646	0	444379	0
1114646	0	444380	5
1114646	0	444382	0
1114646	0	4533626	4
1114646	0	4573290	0
1114646	0	4969104	0
1114646	0	5041692	4
1114646	0	5127883	0
1114646	0	5127884	0
1114646	0	5133385	0
1114646	0	5217702	4
1114646	0	5279567	5
1114646	0	5337015	0
1114646	0	5417954	5
1114646	0	5531625	0
1114646	0	5637550	0
1114646	0	5640856	4
1114646	0	5640859	4
1114646	0	5729529	0
1114646	0	6247571	0
1114646	0	6484457	0
1114646	0	6704400	4
1114646	0	6704401	5
1114646	0	6868858	0
1114646	0	6996839	0
1114646	0	7078019	0
1114646	0	7078020	0
1114646	0	708455	3
1114646	0	7098750	0
1114646	0	7163815	0
1114646	0	7173756	0
1114646	0	7196961	4
1114646	0	7665520	0
1114646	0	7675379	0
1114646	0	7931424	0
1114646	0	7961851	0
1114646	0	7961857	0
1114646	0	8117087	4
1114646	0	8117088	4
1114646	0	8117089	5
1114646	0	8117090	5
1114646	0	8117091	5
1114646	0	8117092	5
1114646	0	8117093	3
1114646	0	8117095	4
1114646	0	8117096	5
1114646	0	8148968	0
1114646	0	8185549	4
1114646	0	831444	4
1114646	0	8327123	0
1114646	0	8327128	0
1114646	0	8327369	4
1114646	0	83451	0
1114646	0	857788	4
1114646	0	857789	4
1114646	0	8624973	3
1114646	0	8665820	4
1114646	0	8691521	0
1114646	0	8697543	0
1114646	0	981782	0
1114819	0	1009500	0
1114819	0	1245298	0
1114819	0	1248112	2
1114819	0	1302004	4
1114819	0	1302007	4
1114819	0	1315993	4
1114819	0	1315994	4
1114819	0	1315995	4
1114819	0	1315996	2
1114819	0	1315998	4
1114819	0	1419798	1
1114819	0	1419801	0
1114819	0	1625836	4
1114819	0	1724519	2
1114819	0	1724520	4
1114819	0	1724521	2
1114819	0	1724523	0
1114819	0	1724525	4
1114819	0	1724526	0
1114819	0	1724528	1
1114819	0	1735443	0
1114819	0	1738242	4
1114819	0	1738250	4
1114819	0	1816958	0
1114819	0	1852066	1
1114819	0	2185129	2
1114819	0	2212059	2
1114819	0	2477692	2
1114819	0	2590451	1
1114819	0	2590453	1
1114819	0	2590454	2
1114819	0	2694515	0
1114819	0	2831393	0
1114819	0	344350	4
1114819	0	344351	2
1114819	0	3484458	2
1114819	0	3781418	4
1114819	0	3906952	2
1114819	0	3906954	2
1114819	0	3906959	4
1114819	0	4890560	2
1114819	0	5019830	0
1114819	0	5165249	2
1114819	0	534362	2
1114819	0	5521371	4
1114819	0	5521373	4
1114819	0	5628952	2
1114819	0	5628955	0
1114819	0	5628956	2
1114819	0	5718417	0
1114819	0	6202319	0
1114819	0	6202321	0
1114819	0	6564169	2
1114819	0	6900766	2
1114819	0	6900767	2
1114819	0	6900769	1
1114819	0	6900773	2
1114819	0	6900774	4
1114819	0	6941478	4
1114819	0	694735	0
1114819	0	694737	2
1114819	0	7132894	0
1114819	0	7132899	2
1114819	0	750446	0
1114819	0	7588045	2
1114819	0	7803429	2
1114819	0	7803435	2
1114819	0	7803436	2
1114819	0	785027	4
1114819	0	785028	1
1114819	0	8022276	4
1114819	0	8022279	0
1114819	0	8022280	4
1114819	0	8027206	2
1114819	0	8088109	0
1114819	0	8096817	2
1114819	0	8096824	2
1114819	0	8115435	2
1114819	0	8115439	2
1114819	0	8115440	4
1114819	0	8115700	0
1114819	0	8115701	0
1114819	0	8115705	0
1114819	0	8336225	2
1114819	0	8336229	4
1114819	0	8336230	2
1114819	0	8336232	1
1114819	0	8480574	2
1114819	0	8508255	2
1114819	0	8508259	2
1114819	0	8508263	4
1114819	0	8625086	4
1114819	0	8736056	2
1114819	0	8754397	2
1114819	0	8754398	4
1114819	0	988369	0
1114819	0	988370	4
1114819	0	988373	4
1114819	0	988376	4
1114819	0	988378	1
1115776	0	1036904	4
1115776	0	1124084	0
1115776	0	1185823	0
1115776	0	132248	0
1115776	0	1403193	0
1115776	0	1440028	0
1115776	0	1440032	0
1115776	0	1729576	4
1115776	0	1729578	4
1115776	0	1801365	0
1115776	0	1841229	0
1115776	0	1954745	0
1115776	0	2274143	0
1115776	0	2514464	0
1115776	0	258694	0
1115776	0	286324	0
1115776	0	2903178	0
1115776	0	3052538	0
1115776	0	3203281	0
1115776	0	3208044	0
1115776	0	3208048	0
1115776	0	3469357	5
1115776	0	3607500	0
1115776	0	3797905	0
1115776	0	3894150	0
1115776	0	3958789	0
1115776	0	4131485	4
1115776	0	4314169	4
1115776	0	4314170	4
1115776	0	4314171	4
1115776	0	4314172	5
1115776	0	4314173	5
1115776	0	4314174	4
1115776	0	4314175	4
1115776	0	4314176	5
1115776	0	4314178	4
1115776	0	4719028	0
1115776	0	480793	4
1115776	0	480800	0
1115776	0	5075548	0
1115776	0	5075549	0
1115776	0	5264931	4
1115776	0	5296057	0
1115776	0	5377134	0
1115776	0	5430503	0
1115776	0	5599687	4
1115776	0	5599692	4
1115776	0	5605159	0
1115776	0	5605160	0
1115776	0	5728138	0
1115776	0	5739711	0
1115776	0	5756367	0
1115776	0	5906403	0
1115776	0	6055286	0
1115776	0	6120353	0
1115776	0	6354957	0
1115776	0	642039	0
1115776	0	6564291	0
1115776	0	660826	0
1115776	0	6616846	0
1115776	0	6747926	4
1115776	0	691189	0
1115776	0	691191	0
1115776	0	691192	0
1115776	0	691193	0
1115776	0	6973128	0
1115776	0	6989198	4
1115776	0	7129179	4
1115776	0	7183516	4
1115776	0	7218333	0
1115776	0	7609847	0
1115776	0	7779192	0
1115776	0	7996312	0
1115776	0	8099694	0
1115776	0	8099695	0
1115776	0	8106317	5
1115776	0	8106318	4
1115776	0	8106320	5
1115776	0	8106321	5
1115776	0	8106322	0
1115776	0	8106324	4
1115776	0	8108815	0
1115776	0	8108818	0
1115776	0	8124741	0
1115776	0	8172080	0
1115776	0	8172089	0
1115776	0	8241264	4
1115776	0	8495250	4
1115776	0	8495256	4
1115776	0	8616787	0
1115776	0	8616791	0
1115776	0	8621772	0
1115776	0	8632360	0
1115776	0	8632364	0
1115776	0	8673352	4
1115776	0	8757348	0
1115776	0	8769950	0
1115776	0	900808	0
1115776	0	900809	0
1115776	0	941057	0
1117099	0	1013796	0
1117099	0	1013797	0
1117099	0	103429	0
1117099	0	1123494	0
1117099	0	1123496	0
1117099	0	1196648	4
1117099	0	1252737	0
1117099	0	1371220	0
1117099	0	1445087	4
1117099	0	1505895	0
1117099	0	1542026	0
1117099	0	1542027	0
1117099	0	1544425	0
1117099	0	1586363	0
1117099	0	1620739	0
1117099	0	171427	0
1117099	0	171431	4
1117099	0	1718725	0
1117099	0	1798612	5
1117099	0	1798620	5
1117099	0	2022009	0
1117099	0	2109696	0
1117099	0	2109699	0
1117099	0	2413643	0
1117099	0	290076	0
1117099	0	297115	0
1117099	0	3104260	0
1117099	0	3104262	0
1117099	0	3104266	4
1117099	0	3222379	4
1117099	0	334615	5
1117099	0	3427787	0
1117099	0	3522902	4
1117099	0	3543106	5
1117099	0	365442	0
1117099	0	379387	0
1117099	0	3921953	0
1117099	0	4256788	0
1117099	0	4407002	0
1117099	0	4428779	0
1117099	0	4441325	5
1117099	0	4457444	0
1117099	0	4627808	0
1117099	0	4695635	0
1117099	0	4759495	0
1117099	0	4759497	0
1117099	0	4805755	0
1117099	0	4815809	0
1117099	0	49923	4
1117099	0	514309	4
1117099	0	514314	0
1117099	0	5278136	0
1117099	0	5286539	5
1117099	0	5462111	0
1117099	0	5462177	0
1117099	0	5699286	0
1117099	0	5752877	4
1117099	0	5784445	0
1117099	0	5817498	0
1117099	0	5874015	0
1117099	0	5874017	0
1117099	0	5941242	0
1117099	0	5979211	0
1117099	0	6122720	5
1117099	0	6122721	5
1117099	0	6122722	5
1117099	0	6122723	5
1117099	0	613685	0
1117099	0	6428916	0
1117099	0	6579664	4
1117099	0	6735875	0
1117099	0	6858988	0
1117099	0	6858989	0
1117099	0	6858992	0
1117099	0	6858996	0
1117099	0	6917898	0
1117099	0	6940552	4
1117099	0	6940555	4
1117099	0	6940557	0
1117099	0	6940558	0
1117099	0	6993942	5
1117099	0	7104723	0
1117099	0	7163733	0
1117099	0	7446984	0
1117099	0	74528	0
1117099	0	7495383	0
1117099	0	7514072	0
1117099	0	7663165	0
1117099	0	7828034	0
1117099	0	8019446	0
1117099	0	8093931	5
1117099	0	8093932	5
1117099	0	810081	0
1117099	0	8144478	0
1117099	0	8322336	0
1117099	0	8446501	5
1117099	0	8446505	5
1117099	0	878215	0
1117099	0	96635	0
1117099	0	989011	0
1121402	0	1042911	0
1121402	0	1249684	1
1121402	0	1249687	3
1121402	0	1249689	3
1121402	0	1276590	1
1121402	0	1323047	3
1121402	0	1323048	3
1121402	0	1429447	1
1121402	0	1429448	3
1121402	0	182364	3
1121402	0	182365	4
1121402	0	182366	4
1121402	0	182367	4
1121402	0	182368	5
1121402	0	182369	5
1121402	0	182370	1
1121402	0	182371	4
1121402	0	182372	5
1121402	0	182373	1
1121402	0	18275	0
1121402	0	18281	0
1121402	0	188209	4
1121402	0	188210	3
1121402	0	188211	3
1121402	0	188213	5
1121402	0	188214	3
1121402	0	188215	3
1121402	0	188216	3
1121402	0	188217	3
1121402	0	188218	3
1121402	0	1902386	0
1121402	0	1902387	1
1121402	0	1902388	3
1121402	0	1902392	0
1121402	0	1917419	0
1121402	0	2042119	1
1121402	0	2191941	1
1121402	0	2279040	0
1121402	0	2681041	0
1121402	0	2681045	3
1121402	0	2681046	0
1121402	0	2681048	1
1121402	0	3368448	1
1121402	0	3412904	1
1121402	0	3412909	3
1121402	0	3511789	5
1121402	0	3511795	0
1121402	0	3674183	1
1121402	0	3674187	1
1121402	0	3785307	1
1121402	0	3785308	4
1121402	0	3785309	1
1121402	0	3785310	3
1121402	0	4140833	1
1121402	0	43770	1
1121402	0	4620823	1
1121402	0	4620824	4
1121402	0	4620825	0
1121402	0	465109	0
1121402	0	5034217	0
1121402	0	5075673	1
1121402	0	5189911	1
1121402	0	5189913	5
1121402	0	5189914	0
1121402	0	55107	1
1121402	0	5587406	0
1121402	0	6001847	3
1121402	0	6392403	4
1121402	0	6900252	0
1121402	0	7017644	1
1121402	0	7059621	1
1121402	0	7098133	4
1121402	0	7125978	1
1121402	0	7125980	5
1121402	0	7125981	5
1121402	0	7125982	4
1121402	0	7125983	5
1121402	0	7125985	3
1121402	0	7125987	5
1121402	0	7134098	3
1121402	0	7142994	5
1121402	0	719124	1
1121402	0	7489485	3
1121402	0	7489486	1
1121402	0	7489487	1
1121402	0	7489488	0
1121402	0	7922814	0
1121402	0	8052617	4
1121402	0	8052619	4
1121402	0	8052620	5
1121402	0	8052621	5
1121402	0	8052622	5
1121402	0	8052623	5
1121402	0	8052624	5
1121402	0	879269	1
1121402	0	879273	0
1121402	0	879274	0
1121402	0	879278	0
1121402	0	8832490	0
1121402	0	993571	4
1121709	0	1003169	0
1121709	0	1095839	0
1121709	0	1095840	0
1121709	0	1095843	0
1121709	0	1282649	0
1121709	0	1282650	0
1121709	0	1332616	0
1121709	0	1332619	0
1121709	0	1752809	0
1121709	0	1752813	0
1121709	0	1995720	0
1121709	0	2051808	5
1121709	0	2051809	0
1121709	0	2051813	0
1121709	0	2167471	0
1121709	0	2438570	0
1121709	0	2537336	0
1121709	0	2537338	0
1121709	0	2537342	0
1121709	0	2706640	0
1121709	0	2706641	0
1121709	0	2706644	0
1121709	0	2706645	0
1121709	0	2706646	0
1121709	0	2735690	0
1121709	0	2735693	0
1121709	0	2742340	0
1121709	0	2940488	0
1121709	0	3030903	0
1121709	0	3158259	0
1121709	0	3165920	0
1121709	0	3165925	0
1121709	0	3334736	0
1121709	0	3423059	5
1121709	0	3423061	5
1121709	0	3423062	5
1121709	0	3423063	5
1121709	0	3423064	5
1121709	0	3423065	5
1121709	0	3423066	0
1121709	0	3423067	5
1121709	0	3762335	0
1121709	0	402054	0
1121709	0	425277	0
1121709	0	4438922	0
1121709	0	4463685	0
1121709	0	4668637	0
1121709	0	4697993	0
1121709	0	4883830	0
1121709	0	4935799	0
1121709	0	5014376	0
1121709	0	5014377	0
1121709	0	5014379	0
1121709	0	5014381	0
1121709	0	5014383	0
1121709	0	5092299	0
1121709	0	5231773	0
1121709	0	5346935	0
1121709	0	5463186	0
1121709	0	5707731	0
1121709	0	5938791	0
1121709	0	6026592	0
1121709	0	606074	0
1121709	0	606077	0
1121709	0	607064	0
1121709	0	6184887	0
1121709	0	6267737	0
1121709	0	6413363	5
1121709	0	6430192	0
1121709	0	6526914	0
1121709	0	6526915	0
1121709	0	6655453	0
1121709	0	6889434	0
1121709	0	6956259	0
1121709	0	700135	0
1121709	0	7313132	0
1121709	0	736611	0
1121709	0	7473134	0
1121709	0	7473136	0
1121709	0	7473137	0
1121709	0	7473140	0
1121709	0	8049577	5
1121709	0	8049578	5
1121709	0	8049579	5
1121709	0	8049580	5
1121709	0	8049582	5
1121709	0	8049583	5
1121709	0	8049584	5
1121709	0	8049585	5
1121709	0	8049586	5
1121709	0	8075352	0
1121709	0	8086376	0
1121709	0	8621375	0
1121709	0	8621380	0
1121709	0	868985	0
1121709	0	8722214	0
1121709	0	8722217	0
1121709	0	904704	0
1121709	0	904705	0
1121709	0	918204	5
1124210	0	11188	0
1124210	0	131190	2
1124210	0	1663644	0
1124210	0	1689639	2
1124210	0	1689640	2
1124210	0	176311	1
1124210	0	181175	2
1124210	0	181177	2
1124210	0	2085193	2
1124210	0	2089544	1
1124210	0	2258591	2
1124210	0	2258592	2
1124210	0	2258593	2
1124210	0	2258594	2
1124210	0	2258595	2
1124210	0	2258596	2
1124210	0	2258597	2
1124210	0	2258598	2
1124210	0	2274316	0
1124210	0	2399822	2
1124210	0	2433601	2
1124210	0	2433603	2
1124210	0	2433604	2
1124210	0	2461683	2
1124210	0	2494574	2
1124210	0	2494577	2
1124210	0	2500613	0
1124210	0	2553372	2
1124210	0	2650269	2
1124210	0	2728447	2
1124210	0	2728448	2
1124210	0	2753154	0
1124210	0	2806527	2
1124210	0	2859501	2
1124210	0	2958024	0
1124210	0	3031380	0
1124210	0	3162331	2
1124210	0	3263731	2
1124210	0	3289568	2
1124210	0	3466956	2
1124210	0	3587916	1
1124210	0	3657632	0
1124210	0	3750819	0
1124210	0	3848316	2
1124210	0	3848320	2
1124210	0	4002456	2
1124210	0	4303129	2
1124210	0	4553374	2
1124210	0	4648414	2
1124210	0	4651924	0
1124210	0	5032711	2
1124210	0	5056100	0
1124210	0	5098936	2
1124210	0	5098941	2
1124210	0	5281851	0
1124210	0	5401029	0
1124210	0	5463029	0
1124210	0	555792	0
1124210	0	5587711	2
1124210	0	5941717	2
1124210	0	6233255	2
1124210	0	6278958	0
1124210	0	6507996	2
1124210	0	6541864	2
1124210	0	6541866	2
1124210	0	6620551	2
1124210	0	6636929	0
1124210	0	6636931	2
1124210	0	6689006	2
1124210	0	6689009	2
1124210	0	6697410	2
1124210	0	6697412	2
1124210	0	7208694	0
1124210	0	7275367	2
1124210	0	7443583	2
1124210	0	7443586	2
1124210	0	7492993	0
1124210	0	7695217	2
1124210	0	7695224	2
1124210	0	7806221	2
1124210	0	7942807	2
1124210	0	8007295	0
1124210	0	8026735	2
1124210	0	8026737	2
1124210	0	8026739	2
1124210	0	8026740	2
1124210	0	8026743	2
1124210	0	8068727	1
1124210	0	8087696	2
1124210	0	8355477	2
1124210	0	8355483	2
1124210	0	8492305	2
1124210	0	8547690	2
1124210	0	8650641	2
1124210	0	8650642	2
1124210	0	8838005	0
1124210	0	926158	0
1124210	0	931162	2
1124210	0	931165	2
1124210	0	97689	2
1129237	0	1020793	0
1129237	0	120308	0
1129237	0	128982	4
1129237	0	128984	4
1129237	0	128986	0
1129237	0	128989	4
1129237	0	1296733	0
1129237	0	1676091	0
1129237	0	1850247	0
1129237	0	1904265	0
1129237	0	2152821	4
1129237	0	2152828	0
1129237	0	2522498	0
1129237	0	2580204	3
1129237	0	262487	0
1129237	0	2696926	4
1129237	0	2697745	0
1129237	0	2697746	4
1129237	0	2697752	4
1129237	0	2913079	0
1129237	0	2955243	0
1129237	0	3016192	0
1129237	0	302210	4
1129237	0	3153068	0
1129237	0	3227129	0
1129237	0	3279719	0
1129237	0	3636928	0
1129237	0	3641168	0
1129237	0	3683093	0
1129237	0	3683096	4
1129237	0	3808540	4
1129237	0	3900321	0
1129237	0	3905055	4
1129237	0	3905057	4
1129237	0	3905799	4
1129237	0	3905800	0
1129237	0	3905802	4
1129237	0	3905804	0
1129237	0	3979165	0
1129237	0	4141012	4
1129237	0	4254811	4
1129237	0	4254815	4
1129237	0	4254816	4
1129237	0	4486837	3
1129237	0	4569648	0
1129237	0	4801130	0
1129237	0	4884964	4
1129237	0	4915547	0
1129237	0	4946421	4
1129237	0	5187914	0
1129237	0	5310842	0
1129237	0	5310848	0
1129237	0	5619502	4
1129237	0	5644809	0
1129237	0	5644811	0
1129237	0	5831781	4
1129237	0	5831788	4
1129237	0	5906128	0
1129237	0	5906130	4
1129237	0	5906131	0
1129237	0	5906135	0
1129237	0	6080460	4
1129237	0	6343520	4
1129237	0	6343521	4
1129237	0	6447015	0
1129237	0	6640165	0
1129237	0	6903787	0
1129237	0	6956014	4
1129237	0	6969789	0
1129237	0	7050921	0
1129237	0	710733	4
1129237	0	7397082	0
1129237	0	7482392	0
1129237	0	7770526	0
1129237	0	7788682	0
1129237	0	7911557	4
1129237	0	806652	4
1129237	0	806653	0
1129237	0	8165055	0
1129237	0	8179084	0
1129237	0	8180273	0
1129237	0	824966	3
1129237	0	8431277	0
1129237	0	8431281	0
1129237	0	8450766	4
1129237	0	8469257	4
1129237	0	8588122	4
1129237	0	8588219	4
1129237	0	8588222	0
1129237	0	8588223	4
1129237	0	8588226	0
1129237	0	8588227	4
1129237	0	8596875	0
1129237	0	8630512	0
1129237	0	8658472	0
1129237	0	8682824	4
1129237	0	8710041	0
1129237	0	931707	0
1129237	0	998748	4
1129237	0	998751	4
1133167	0	1824479	0
1133167	0	1824480	0
1133167	0	1824481	0
1133167	0	1824483	0
1133167	0	1824484	0
1133167	0	1824485	0
1133167	0	1824486	0
1133167	0	1824487	0
1133167	0	1824488	0
1133167	0	1883272	0
1133167	0	1883273	0
1133167	0	1883276	0
1133167	0	1883281	0
1133167	0	190802	0
1133167	0	190803	0
1133167	0	190804	5
1133167	0	190805	0
1133167	0	190806	0
1133167	0	190809	0
1133167	0	190810	0
1133167	0	190811	0
1133167	0	2070087	0
1133167	0	2276678	0
1133167	0	2613291	0
1133167	0	2613296	0
1133167	0	3023120	0
1133167	0	3023121	0
1133167	0	3023123	0
1133167	0	3074598	0
1133167	0	3074599	5
1133167	0	3391439	0
1133167	0	3421898	0
1133167	0	3421899	0
1133167	0	3421900	0
1133167	0	3421906	0
1133167	0	3953805	0
1133167	0	434119	0
1133167	0	434120	0
1133167	0	434121	5
1133167	0	434125	0
1133167	0	4443371	0
1133167	0	4498473	0
1133167	0	4498474	0
1133167	0	4498475	0
1133167	0	4498476	0
1133167	0	4498478	0
1133167	0	4498479	5
1133167	0	4550240	5
1133167	0	4550243	0
1133167	0	4550244	5
1133167	0	4712273	0
1133167	0	4712275	0
1133167	0	4922619	5
1133167	0	4926197	0
1133167	0	4926201	0
1133167	0	4926202	0
1133167	0	4973626	0
1133167	0	5674623	0
1133167	0	5787117	0
1133167	0	6103289	0
1133167	0	6103291	0
1133167	0	6112586	5
1133167	0	6112587	0
1133167	0	6112590	5
1133167	0	6142	0
1133167	0	6467517	0
1133167	0	6467518	5
1133167	0	6467523	0
1133167	0	6467524	0
1133167	0	7093509	0
1133167	0	7093510	0
1133167	0	7093511	0
1133167	0	7093513	0
1133167	0	7217705	0
1133167	0	7217706	0
1133167	0	7218012	0
1133167	0	7218015	0
1133167	0	7486599	0
1133167	0	7486600	0
1133167	0	7486602	0
1133167	0	7762240	0
1133167	0	7793408	0
1133167	0	7793411	0
1133167	0	8003301	0
1133167	0	8033644	0
1133167	0	8033645	0
1133167	0	8033646	0
1133167	0	8033650	0
1133167	0	8160224	0
1133167	0	8160241	0
1133167	0	8160243	0
1133167	0	823272	0
1133167	0	823274	5
1133167	0	823275	0
1133167	0	823276	0
1133167	0	823277	0
1133167	0	8255705	0
1133167	0	8255706	5
1133167	0	8415743	0
1133167	0	8415744	0
130510	0	1105286	2
130510	0	1105290	2
130510	0	1244228	5
130510	0	1262132	2
130510	0	1262133	2
130510	0	1494930	5
130510	0	1494931	5
130510	0	1494932	4
130510	0	1494933	2
130510	0	1494934	5
130510	0	1494935	5
130510	0	1494936	5
130510	0	1494937	2
130510	0	1494938	5
130510	0	1494939	5
130510	0	1672906	2
130510	0	1766823	2
130510	0	1766826	0
130510	0	1864987	0
130510	0	1881833	2
130510	0	1881837	4
130510	0	1881838	2
130510	0	203714	2
130510	0	203718	5
130510	0	203721	2
130510	0	2407055	0
130510	0	2407058	2
130510	0	2407059	0
130510	0	2420310	5
130510	0	2796250	2
130510	0	2867680	0
130510	0	2881568	0
130510	0	2961567	2
130510	0	2982053	5
130510	0	3155834	2
130510	0	3155835	2
130510	0	3155837	0
130510	0	3155838	0
130510	0	3155839	2
130510	0	3155840	0
130510	0	3360244	2
130510	0	3913776	0
130510	0	4110458	0
130510	0	4110466	0
130510	0	4237516	0
130510	0	435588	0
130510	0	440976	0
130510	0	440978	0
130510	0	440983	2
130510	0	4528807	0
130510	0	4722583	0
130510	0	4748168	0
130510	0	474935	4
130510	0	5563751	0
130510	0	5622536	2
130510	0	5668640	2
130510	0	5668642	5
130510	0	5685707	0
130510	0	5732822	0
130510	0	5930013	0
130510	0	5984058	2
130510	0	6061506	0
130510	0	6061509	0
130510	0	6172269	0
130510	0	6229733	0
130510	0	6542824	2
130510	0	6614912	2
130510	0	6614916	2
130510	0	6703266	0
130510	0	6763277	2
130510	0	6780516	2
130510	0	6780520	2
130510	0	7125238	2
130510	0	7125239	5
130510	0	7125241	5
130510	0	7127694	2
130510	0	7129386	2
130510	0	7226977	2
130510	0	7501557	5
130510	0	7501558	5
130510	0	7501563	5
130510	0	768251	2
130510	0	7717233	2
130510	0	7840605	2
130510	0	799647	5
130510	0	80569	0
130510	0	8180119	2
130510	0	8287348	2
130510	0	8354778	0
130510	0	8384389	2
130510	0	8545281	2
130510	0	8612902	5
130510	0	8612903	5
130510	0	8612904	5
130510	0	8612905	5
130510	0	8612906	5
130510	0	8612909	5
130510	0	8612910	5
130510	0	956561	0
130510	0	996732	2
131843	0	1208161	0
131843	0	1222365	0
131843	0	1236267	0
131843	0	1288377	0
131843	0	1412225	0
131843	0	1429616	0
131843	0	1505736	0
131843	0	1594343	0
131843	0	1802988	0
131843	0	2056477	0
131843	0	2162844	0
131843	0	2241185	0
131843	0	2287018	0
131843	0	2458106	0
131843	0	2459046	0
131843	0	2795042	0
131843	0	2801714	0
131843	0	29030	0
131843	0	3047939	0
131843	0	3047940	0
131843	0	3092525	0
131843	0	3434695	0
131843	0	348759	0
131843	0	348760	0
131843	0	3527399	0
131843	0	3537787	5
131843	0	3553324	0
131843	0	3748231	0
131843	0	3841396	5
131843	0	3967164	0
131843	0	3967168	0
131843	0	4091094	0
131843	0	427728	5
131843	0	4440571	0
131843	0	4634395	0
131843	0	4634396	0
131843	0	4634397	0
131843	0	4634399	0
131843	0	4634400	0
131843	0	4634403	0
131843	0	4765732	0
131843	0	4765734	0
131843	0	4806979	5
131843	0	5103706	0
131843	0	5145702	0
131843	0	5145703	0
131843	0	5212622	0
131843	0	5212625	0
131843	0	5380690	0
131843	0	5423790	0
131843	0	5548319	0
131843	0	5548322	0
131843	0	5548323	0
131843	0	5548326	0
131843	0	5548327	0
131843	0	557332	0
131843	0	5715075	0
131843	0	5715079	0
131843	0	598554	0
131843	0	6121785	0
131843	0	6121787	0
131843	0	6143366	0
131843	0	6148486	5
131843	0	6195680	0
131843	0	6629203	0
131843	0	6629204	0
131843	0	6629206	0
131843	0	6667009	0
131843	0	6715415	0
131843	0	6803494	0
131843	0	6823129	0
131843	0	6863388	0
131843	0	6863389	0
131843	0	7141299	0
131843	0	7617276	0
131843	0	7635161	0
131843	0	8023784	0
131843	0	8069412	0
131843	0	8083953	0
131843	0	8102759	0
131843	0	8187665	0
131843	0	8187667	0
131843	0	8288868	0
131843	0	8305152	5
131843	0	8305153	5
131843	0	8305154	5
131843	0	8305155	5
131843	0	8305156	5
131843	0	8305158	5
131843	0	8327609	0
131843	0	8541969	0
131843	0	8731141	0
131843	0	8780259	0
131843	0	8780262	0
131843	0	8814234	0
131843	0	985988	5
131843	0	985990	5
131843	0	985991	5
131843	0	985992	5
131843	0	985994	5
146187	0	1028972	4
146187	0	1077549	0
146187	0	1110459	0
146187	0	1110463	0
146187	0	1144277	0
146187	0	1230566	4
146187	0	1312853	0
146187	0	1367167	4
146187	0	1367176	0
146187	0	1804746	0
146187	0	1841192	4
146187	0	1841195	4
146187	0	1841196	4
146187	0	1841197	4
146187	0	1869476	0
146187	0	1869481	0
146187	0	1972078	0
146187	0	1995994	0
146187	0	2009635	0
146187	0	2226093	5
146187	0	2246719	0
146187	0	2246721	0
146187	0	2257806	4
146187	0	2257810	0
146187	0	2365484	0
146187	0	3129298	0
146187	0	3129304	0
146187	0	315525	4
146187	0	3203261	0
146187	0	3615731	4
146187	0	3963187	4
146187	0	3963189	4
146187	0	4214923	4
146187	0	4214924	0
146187	0	4214925	4
146187	0	4216902	0
146187	0	4604562	0
146187	0	4777144	5
146187	0	4777148	4
146187	0	4921740	0
146187	0	4921741	0
146187	0	5050456	0
146187	0	5050464	0
146187	0	5238589	0
146187	0	5746033	0
146187	0	5746034	0
146187	0	5746036	0
146187	0	5836454	0
146187	0	5929433	0
146187	0	5999108	0
146187	0	6015025	5
146187	0	6015026	5
146187	0	6015027	4
146187	0	6073802	0
146187	0	6430257	0
146187	0	6430258	4
146187	0	6430259	0
146187	0	6430260	4
146187	0	6447377	0
146187	0	6483698	0
146187	0	6483701	0
146187	0	6483703	0
146187	0	6623314	0
146187	0	6929047	0
146187	0	7093332	0
146187	0	7093334	0
146187	0	7126360	0
146187	0	7405002	5
146187	0	744163	0
146187	0	744165	5
146187	0	744166	0
146187	0	744167	5
146187	0	744171	0
146187	0	76342	5
146187	0	76343	0
146187	0	76344	4
146187	0	76346	0
146187	0	76348	5
146187	0	76349	5
146187	0	76350	0
146187	0	76351	4
146187	0	7704674	0
146187	0	7704676	0
146187	0	7704677	0
146187	0	7772761	0
146187	0	7772762	0
146187	0	7836297	0
146187	0	7956019	0
146187	0	8113798	0
146187	0	8350557	0
146187	0	8434617	5
146187	0	8434618	4
146187	0	8434619	5
146187	0	8434620	5
146187	0	8434621	5
146187	0	8434622	5
146187	0	8434623	5
146187	0	8434624	5
146187	0	8434625	5
146187	0	8434626	5
148538	0	1147044	2
148538	0	1299824	2
148538	0	1311206	2
148538	0	1314489	2
148538	0	1384448	2
148538	0	1449786	0
148538	0	153920	2
148538	0	1568620	1
148538	0	1573498	1
148538	0	1828165	2
148538	0	1828171	2
148538	0	1950978	2
148538	0	1950983	2
148538	0	1967433	0
148538	0	1969519	1
148538	0	1969520	2
148538	0	1969521	2
148538	0	1985490	2
148538	0	1985491	2
148538	0	2033795	2
148538	0	208314	2
148538	0	2177849	2
148538	0	231453	5
148538	0	231455	5
148538	0	2368186	2
148538	0	2368189	2
148538	0	2455774	2
148538	0	2643562	2
148538	0	2731875	0
148538	0	2915322	2
148538	0	2915323	1
148538	0	2993239	0
148538	0	332400	1
148538	0	332401	2
148538	0	332402	2
148538	0	332406	2
148538	0	332407	0
148538	0	3353306	2
148538	0	3545040	1
148538	0	3693074	1
148538	0	3918785	2
148538	0	3997733	1
148538	0	4185812	2
148538	0	4185814	2
148538	0	4264121	2
148538	0	4264123	2
148538	0	4264124	2
148538	0	4264128	2
148538	0	4264129	0
148538	0	4447598	1
148538	0	4447601	5
148538	0	451558	0
148538	0	4539654	2
148538	0	4539657	2
148538	0	4539659	2
148538	0	4607262	2
148538	0	4607263	2
148538	0	4959633	2
148538	0	4959638	2
148538	0	5077704	2
148538	0	5077707	0
148538	0	5171603	2
148538	0	5171605	2
148538	0	5588133	0
148538	0	581145	2
148538	0	6037737	1
148538	0	615402	2
148538	0	615407	2
148538	0	6377909	2
148538	0	6543862	2
148538	0	6600519	2
148538	0	6697435	2
148538	0	6697437	2
148538	0	6846338	0
148538	0	6846340	2
148538	0	6846343	2
148538	0	6853480	0
148538	0	6873981	0
148538	0	6894608	2
148538	0	6894610	0
148538	0	7407803	5
148538	0	7407811	2
148538	0	7407812	2
148538	0	748721	1
148538	0	7529434	0
148538	0	7696389	0
148538	0	7796765	1
148538	0	8283527	0
148538	0	8283530	2
148538	0	8283531	5
148538	0	8283532	2
148538	0	929016	0
148538	0	985487	0
148538	0	985488	0
148538	0	985489	2
148538	0	985490	2
148538	0	985491	5
148538	0	985492	0
148538	0	985494	2
148538	0	986845	0
168216	0	1090089	0
168216	0	1090095	0
168216	0	1183706	2
168216	0	1301465	2
168216	0	1301466	0
168216	0	1301467	2
168216	0	1301468	0
168216	0	1301469	2
168216	0	1301471	2
168216	0	1301472	2
168216	0	1301473	0
168216	0	1301474	2
168216	0	13499	2
168216	0	1381477	2
168216	0	1735360	2
168216	0	2036279	2
168216	0	2210774	2
168216	0	2210775	2
168216	0	2210780	2
168216	0	2265769	2
168216	0	2790904	2
168216	0	3198680	0
168216	0	3198682	2
168216	0	3198684	0
168216	0	3198687	2
168216	0	3198689	2
168216	0	3344828	2
168216	0	3344832	0
168216	0	3344837	2
168216	0	3399712	2
168216	0	3399713	2
168216	0	3399715	2
168216	0	3399716	0
168216	0	3463556	2
168216	0	3681094	0
168216	0	3681095	2
168216	0	3681100	2
168216	0	3830857	2
168216	0	3908773	2
168216	0	3908774	2
168216	0	3908775	2
168216	0	3908776	2
168216	0	3908777	2
168216	0	3908778	0
168216	0	3908779	2
168216	0	4191395	2
168216	0	4245218	0
168216	0	4245223	0
168216	0	4324487	2
168216	0	4324491	2
168216	0	4324492	0
168216	0	4600607	0
168216	0	4600610	0
168216	0	5024307	2
168216	0	5024311	0
168216	0	5114458	0
168216	0	5935474	2
168216	0	5935476	2
168216	0	6012600	0
168216	0	6061718	2
168216	0	6061721	2
168216	0	6061722	2
168216	0	6061726	0
168216	0	6213322	2
168216	0	6213323	0
168216	0	6213324	2
168216	0	6213325	2
168216	0	6219118	0
168216	0	6264731	2
168216	0	6264732	2
168216	0	6264733	2
168216	0	6264734	2
168216	0	6264735	0
168216	0	6329932	0
168216	0	6426630	2
168216	0	6426631	2
168216	0	6426632	2
168216	0	6426633	0
168216	0	6426634	2
168216	0	6426637	0
168216	0	6426638	2
168216	0	6555034	2
168216	0	661750	2
168216	0	7337516	2
168216	0	7492753	2
168216	0	7492754	2
168216	0	7492755	2
168216	0	7595682	0
168216	0	8185131	2
168216	0	8185134	2
168216	0	8185135	2
168216	0	8185137	2
168216	0	8252763	2
168216	0	8731617	2
168216	0	8731620	0
168216	0	8731621	2
168216	0	8731622	2
168216	0	8731623	2
168216	0	8731624	0
168216	0	8731625	2
182539	0	1307232	1
182539	0	1307234	2
182539	0	1307235	2
182539	0	1504285	2
182539	0	1638687	5
182539	0	1638689	1
182539	0	1638690	1
182539	0	1664294	2
182539	0	1870363	4
182539	0	1879109	4
182539	0	2009617	1
182539	0	2009629	0
182539	0	2384731	1
182539	0	2384735	2
182539	0	2431122	2
182539	0	2674442	1
182539	0	2787602	2
182539	0	2823144	2
182539	0	2909954	4
182539	0	2909957	4
182539	0	2909959	4
182539	0	2909960	2
182539	0	2909961	2
182539	0	3293878	4
182539	0	3412555	1
182539	0	3760955	0
182539	0	3760957	2
182539	0	3760964	1
182539	0	3883077	2
182539	0	3883081	4
182539	0	423215	1
182539	0	4448399	2
182539	0	4468608	1
182539	0	4537743	0
182539	0	4730803	2
182539	0	4746166	1
182539	0	5020094	2
182539	0	5072935	1
182539	0	5317950	4
182539	0	5567729	5
182539	0	5567732	2
182539	0	57443	4
182539	0	57444	2
182539	0	57447	5
182539	0	57448	2
182539	0	57449	5
182539	0	57450	0
182539	0	57452	5
182539	0	6037973	1
182539	0	6081115	1
182539	0	6135907	1
182539	0	6413049	1
182539	0	6564983	2
182539	0	6596440	4
182539	0	6807899	2
182539	0	6807900	5
182539	0	6816571	5
182539	0	6816572	5
182539	0	6816573	4
182539	0	6816574	4
182539	0	6816576	4
182539	0	6816577	0
182539	0	6816579	2
182539	0	6933529	1
182539	0	697572	0
182539	0	6995118	0
182539	0	7050579	4
182539	0	7085057	0
182539	0	7153689	2
182539	0	7371253	2
182539	0	7371255	5
182539	0	7371257	2
182539	0	7371259	2
182539	0	7371261	2
182539	0	7371262	2
182539	0	7408022	4
182539	0	7527837	4
182539	0	7579347	2
182539	0	7579351	0
182539	0	7583024	5
182539	0	762792	5
182539	0	762795	1
182539	0	7686297	1
182539	0	7690609	5
182539	0	7807063	4
182539	0	8008661	0
182539	0	80372	2
182539	0	8112551	1
182539	0	8180622	1
182539	0	8299659	2
182539	0	8299660	2
182539	0	8299661	2
182539	0	8299665	1
182539	0	8299668	2
182539	0	8515182	5
182539	0	8757178	2
182539	0	8757179	4
182539	0	8757180	4
182539	0	8757181	2
182539	0	8757183	1
183378	0	1050571	0
183378	0	1289489	2
183378	0	1289490	2
183378	0	1289493	2
183378	0	1289495	1
183378	0	1289496	2
183378	0	1289497	2
183378	0	1730042	0
183378	0	1730858	1
183378	0	1960310	2
183378	0	2234245	2
183378	0	2352713	1
183378	0	2352716	2
183378	0	2874543	2
183378	0	3093214	2
183378	0	3093215	2
183378	0	3093217	2
183378	0	3185607	2
183378	0	3185611	2
183378	0	327908	2
183378	0	3389578	2
183378	0	3389579	2
183378	0	3389581	2
183378	0	3389584	2
183378	0	3605404	1
183378	0	3719069	0
183378	0	3719076	0
183378	0	376576	1
183378	0	3854428	1
183378	0	3928768	2
183378	0	4134897	2
183378	0	4134899	2
183378	0	4134902	2
183378	0	4493913	2
183378	0	4493914	2
183378	0	4493915	2
183378	0	4493916	2
183378	0	4493917	2
183378	0	4493918	1
183378	0	4493919	1
183378	0	4493920	2
183378	0	4493921	1
183378	0	4493922	1
183378	0	4727412	1
183378	0	4727417	2
183378	0	4727418	2
183378	0	4803847	2
183378	0	4803848	2
183378	0	4803850	1
183378	0	4803853	0
183378	0	4803855	0
183378	0	5391354	1
183378	0	5460936	1
183378	0	5460939	2
183378	0	5460941	1
183378	0	5534703	2
183378	0	5534707	2
183378	0	5534710	2
183378	0	5534711	2
183378	0	5817927	2
183378	0	6109461	2
183378	0	6247404	1
183378	0	6247405	2
183378	0	6291380	1
183378	0	6533300	2
183378	0	6548233	0
183378	0	6548235	1
183378	0	7398706	2
183378	0	7448291	1
183378	0	7449744	2
183378	0	7449747	1
183378	0	7449748	2
183378	0	7449750	2
183378	0	7449751	2
183378	0	7449752	2
183378	0	749540	1
183378	0	749542	2
183378	0	7593941	0
183378	0	7677975	2
183378	0	7678696	2
183378	0	7703397	2
183378	0	7811888	2
183378	0	7952868	0
183378	0	8121375	2
183378	0	8121380	0
183378	0	823211	2
183378	0	8570257	2
183378	0	8570258	2
183378	0	8570260	2
183378	0	8577213	1
183378	0	8577215	1
183378	0	8767239	2
183378	0	8767240	1
183378	0	8767241	0
183378	0	8794302	1
183378	0	8794303	1
183378	0	8794304	2
183378	0	8794306	2
183378	0	8794307	2
183378	0	8794308	1
19335	0	1054278	0
19335	0	1077788	3
19335	0	1160863	1
19335	0	1160871	1
19335	0	129765	0
19335	0	1316347	4
19335	0	1396142	0
19335	0	1396143	0
19335	0	1469573	4
19335	0	1568083	0
19335	0	161606	3
19335	0	1717015	4
19335	0	1717439	0
19335	0	1720387	4
19335	0	1720388	1
19335	0	1720389	3
19335	0	1720393	1
19335	0	1720395	4
19335	0	1905037	1
19335	0	1915754	3
19335	0	2020519	4
19335	0	2250973	3
19335	0	2304004	1
19335	0	2304005	1
19335	0	2437769	1
19335	0	2449497	3
19335	0	2459779	3
19335	0	2699379	4
19335	0	2874503	4
19335	0	3026405	0
19335	0	3026408	0
19335	0	3045565	3
19335	0	3045567	3
19335	0	3175481	4
19335	0	3175484	4
19335	0	342431	3
19335	0	3436236	0
19335	0	354219	1
19335	0	3559593	1
19335	0	3559596	1
19335	0	3587439	1
19335	0	3615077	4
19335	0	3706023	0
19335	0	429851	3
19335	0	4843828	4
19335	0	503739	4
19335	0	5051739	1
19335	0	5078863	1
19335	0	5081061	1
19335	0	527689	1
19335	0	527690	4
19335	0	527692	4
19335	0	527694	1
19335	0	527695	1
19335	0	527697	3
19335	0	527698	1
19335	0	5351351	1
19335	0	5508122	3
19335	0	5508123	1
19335	0	554950	1
19335	0	5711211	3
19335	0	5711213	0
19335	0	5711216	3
19335	0	5806604	1
19335	0	584350	4
19335	0	5870000	0
19335	0	6124004	3
19335	0	6184951	1
19335	0	6238007	0
19335	0	6294314	4
19335	0	6407998	1
19335	0	6452949	3
19335	0	6512137	4
19335	0	6512144	4
19335	0	6568700	1
19335	0	677305	1
19335	0	6902384	1
19335	0	7050803	1
19335	0	7122355	3
19335	0	7267246	1
19335	0	7267248	3
19335	0	7367410	1
19335	0	7367411	1
19335	0	7454464	1
19335	0	7460273	4
19335	0	7681710	1
19335	0	772234	4
19335	0	7763208	1
19335	0	8061829	4
19335	0	8184296	1
19335	0	8412681	4
19335	0	8412682	3
19335	0	8412683	3
19335	0	8412684	3
19335	0	8495708	0
19335	0	8495710	0
19335	0	8635984	4
19335	0	8786632	4
19335	0	8798994	0
19335	0	93557	4
207786	0	1081011	0
207786	0	1081014	0
207786	0	1392585	5
207786	0	1667536	3
207786	0	1667540	3
207786	0	2051016	3
207786	0	2051019	0
207786	0	2051020	5
207786	0	2051021	0
207786	0	2207751	0
207786	0	2430036	3
207786	0	2440415	3
207786	0	2440421	3
207786	0	2670733	0
207786	0	2763917	5
207786	0	2763922	3
207786	0	2763923	3
207786	0	2775833	0
207786	0	2775834	0
207786	0	2775835	0
207786	0	2775836	0
207786	0	2969228	0
207786	0	2969229	0
207786	0	2969232	0
207786	0	2969234	3
207786	0	3322527	0
207786	0	3322530	3
207786	0	3656958	3
207786	0	3855670	3
207786	0	3896738	3
207786	0	3896739	0
207786	0	3896742	3
207786	0	3896743	0
207786	0	3945573	0
207786	0	4016148	0
207786	0	4016149	0
207786	0	4218707	5
207786	0	4278001	0
207786	0	4342505	0
207786	0	4393128	0
207786	0	4465046	0
207786	0	4465050	3
207786	0	4613063	3
207786	0	4613065	5
207786	0	4672265	0
207786	0	4672268	0
207786	0	4695807	0
207786	0	4759179	3
207786	0	4759180	3
207786	0	4900223	3
207786	0	4900224	3
207786	0	493415	0
207786	0	493416	0
207786	0	5160451	0
207786	0	5175108	3
207786	0	5175109	0
207786	0	5184952	0
207786	0	524450	3
207786	0	5288615	0
207786	0	5297038	3
207786	0	5365939	0
207786	0	5365946	0
207786	0	5624831	0
207786	0	5845834	0
207786	0	5989435	0
207786	0	5989436	3
207786	0	5989442	0
207786	0	6023733	0
207786	0	6031623	3
207786	0	6031630	5
207786	0	6261311	0
207786	0	6526575	0
207786	0	6526580	0
207786	0	6822431	0
207786	0	7124121	3
207786	0	7331154	0
207786	0	7510476	0
207786	0	7622406	0
207786	0	7643812	3
207786	0	7643814	0
207786	0	7746367	0
207786	0	7777864	0
207786	0	7941579	5
207786	0	7963300	3
207786	0	8051707	0
207786	0	8053029	3
207786	0	8185061	3
207786	0	8185064	0
207786	0	8211377	5
207786	0	8273754	5
207786	0	8273755	3
207786	0	8273757	5
207786	0	8273758	5
207786	0	8273759	5
207786	0	8273760	5
207786	0	8273761	5
207786	0	8273762	5
207786	0	8273763	5
207786	0	8461486	0
207786	0	8651150	3
264014	0	1444286	1
264014	0	1610706	4
264014	0	1610707	4
264014	0	1610710	0
264014	0	1610711	1
264014	0	1610712	0
264014	0	1610714	0
264014	0	1804644	4
264014	0	2223171	1
264014	0	2420367	1
264014	0	2474340	1
264014	0	2474341	1
264014	0	2474342	1
264014	0	2474346	4
264014	0	2498169	1
264014	0	2572557	0
264014	0	2689662	1
264014	0	331929	1
264014	0	331931	1
264014	0	331932	1
264014	0	331934	1
264014	0	331936	0
264014	0	3338821	1
264014	0	3338825	4
264014	0	3338827	1
264014	0	3338828	1
264014	0	3372501	1
264014	0	3396076	4
264014	0	3577341	1
264014	0	3577342	0
264014	0	3577344	0
264014	0	3577345	1
264014	0	3577347	1
264014	0	3601328	0
264014	0	3666584	0
264014	0	3841908	1
264014	0	4367667	1
264014	0	447992	4
264014	0	4647186	4
264014	0	4687213	4
264014	0	4834545	1
264014	0	4834547	4
264014	0	4834548	4
264014	0	528372	4
264014	0	528375	1
264014	0	528379	0
264014	0	528380	4
264014	0	5328095	1
264014	0	5611210	1
264014	0	5611211	4
264014	0	5611212	4
264014	0	5611214	1
264014	0	5611216	4
264014	0	5611217	1
264014	0	5611218	1
264014	0	5611219	1
264014	0	5635519	1
264014	0	5635521	0
264014	0	5635522	1
264014	0	5819142	1
264014	0	5819145	4
264014	0	58386	1
264014	0	5849268	1
264014	0	5849270	0
264014	0	5849711	1
264014	0	5950718	4
264014	0	5950719	4
264014	0	5950721	4
264014	0	5950722	4
264014	0	5950723	1
264014	0	5950724	1
264014	0	5950726	4
264014	0	6105569	1
264014	0	6105571	1
264014	0	6105572	4
264014	0	6333839	1
264014	0	6334964	0
264014	0	6413951	1
264014	0	6555321	1
264014	0	6555322	4
264014	0	6641238	4
264014	0	6791760	4
264014	0	684616	4
264014	0	684618	1
264014	0	7323467	1
264014	0	7323468	1
264014	0	7323471	1
264014	0	7326932	4
264014	0	7326934	4
264014	0	7326936	4
264014	0	8502491	1
264014	0	8801661	4
264014	0	935825	4
264014	0	96851	4
264014	0	96852	1
264014	0	96854	1
264014	0	96855	1
264014	0	96857	4
264014	0	96858	4
264014	0	96859	0
359349	0	1306224	0
359349	0	1383279	4
359349	0	1394087	4
359349	0	1456209	1
359349	0	1456211	1
359349	0	1456212	0
359349	0	1521749	3
359349	0	1540097	0
359349	0	1830509	1
359349	0	1830512	4
359349	0	1830516	4
359349	0	1830517	5
359349	0	1892864	1
359349	0	205472	3
359349	0	2134318	1
359349	0	2134320	0
359349	0	2293820	4
359349	0	2444689	1
359349	0	2490389	0
359349	0	2490390	1
359349	0	2490392	1
359349	0	2490397	3
359349	0	2826510	4
359349	0	2826512	5
359349	0	3126802	3
359349	0	3176541	1
359349	0	3176542	1
359349	0	3193824	4
359349	0	3223831	5
359349	0	3223833	4
359349	0	3265497	0
359349	0	3645754	1
359349	0	3645761	1
359349	0	3900185	4
359349	0	4013723	4
359349	0	4020470	4
359349	0	4020471	1
359349	0	4020472	1
359349	0	4020474	4
359349	0	4020475	4
359349	0	4020476	1
359349	0	4020477	4
359349	0	4020478	1
359349	0	4020479	1
359349	0	4269559	0
359349	0	4474866	1
359349	0	457673	4
359349	0	4624153	3
359349	0	4646870	1
359349	0	5219976	1
359349	0	5345720	3
359349	0	5414623	1
359349	0	5414631	1
359349	0	5547389	1
359349	0	5547394	1
359349	0	5579653	1
359349	0	5615181	4
359349	0	5622886	1
359349	0	5686588	3
359349	0	576627	4
359349	0	576628	4
359349	0	576629	4
359349	0	576631	1
359349	0	576632	1
359349	0	576634	1
359349	0	576635	0
359349	0	6031050	1
359349	0	6031053	3
359349	0	6045519	1
359349	0	6081008	1
359349	0	6108721	4
359349	0	6412425	1
359349	0	6654071	0
359349	0	6817406	1
359349	0	68647	5
359349	0	68648	5
359349	0	68649	5
359349	0	68650	3
359349	0	68653	4
359349	0	68656	1
359349	0	6945211	0
359349	0	7062671	3
359349	0	725438	1
359349	0	7277971	1
359349	0	7544501	3
359349	0	7544503	3
359349	0	7544505	3
359349	0	7579883	3
359349	0	7651993	3
359349	0	7732667	0
359349	0	792264	1
359349	0	8058867	4
359349	0	8058873	4
359349	0	8125299	3
359349	0	8125300	3
359349	0	8167113	1
359349	0	8167114	4
359349	0	8456698	1
359349	0	927198	1
359349	0	943229	5
405717	0	1849743	1
405717	0	1976406	0
405717	0	1984962	1
405717	0	2125641	5
405717	0	2365659	1
405717	0	2365660	1
405717	0	2365661	1
405717	0	2365663	1
405717	0	2365665	1
405717	0	2514106	1
405717	0	2514107	1
405717	0	2642838	1
405717	0	2702419	1
405717	0	2702423	1
405717	0	2747484	1
405717	0	2747485	1
405717	0	2747486	1
405717	0	2747488	1
405717	0	2747489	1
405717	0	2747491	1
405717	0	2768521	1
405717	0	28368	1
405717	0	28372	1
405717	0	2879959	0
405717	0	2879960	0
405717	0	2879964	0
405717	0	3033900	1
405717	0	3033903	1
405717	0	3033904	1
405717	0	3033905	0
405717	0	3040883	1
405717	0	3274918	1
405717	0	3514259	1
405717	0	3606046	0
405717	0	3743460	0
405717	0	3743462	0
405717	0	3986303	1
405717	0	3986305	1
405717	0	3986306	0
405717	0	3986307	1
405717	0	3986308	1
405717	0	3986309	0
405717	0	4489661	1
405717	0	4489666	0
405717	0	4704973	1
405717	0	4704975	1
405717	0	4704978	1
405717	0	4704980	1
405717	0	4776926	1
405717	0	4776928	1
405717	0	4828118	5
405717	0	5079482	1
405717	0	5428443	1
405717	0	5638740	1
405717	0	5668741	1
405717	0	576346	0
405717	0	5857562	0
405717	0	6419725	1
405717	0	6426479	0
405717	0	6426483	1
405717	0	6442862	5
405717	0	6654652	0
405717	0	6654653	1
405717	0	6654655	1
405717	0	6654656	0
405717	0	6654658	1
405717	0	6654660	1
405717	0	6678050	1
405717	0	6741362	1
405717	0	6786304	1
405717	0	702383	1
405717	0	702386	1
405717	0	702391	1
405717	0	7170624	0
405717	0	7170625	1
405717	0	7170626	1
405717	0	7170630	5
405717	0	7170631	1
405717	0	7201359	0
405717	0	7201361	0
405717	0	7288990	1
405717	0	7288991	1
405717	0	7288996	1
405717	0	7447941	1
405717	0	7447942	1
405717	0	7447943	5
405717	0	758581	1
405717	0	758582	1
405717	0	758585	1
405717	0	758586	1
405717	0	7589975	1
405717	0	7728831	1
405717	0	7896211	1
405717	0	7896212	1
405717	0	8156519	1
405717	0	8433852	5
405717	0	8433854	1
405717	0	8433856	1
405717	0	8433858	1
405717	0	8610271	0
443396	0	1043988	0
443396	0	1091614	0
443396	0	1135750	0
443396	0	1135751	0
443396	0	1135757	0
443396	0	119472	0
443396	0	1262720	4
443396	0	1515376	0
443396	0	1843486	0
443396	0	2364911	0
443396	0	2638076	4
443396	0	2638078	0
443396	0	2638080	0
443396	0	2638081	5
443396	0	2638083	0
443396	0	2716450	0
443396	0	2716454	0
443396	0	2716455	4
443396	0	2767485	0
443396	0	2767487	0
443396	0	2819105	0
443396	0	3103995	5
443396	0	3256971	5
443396	0	3256974	4
443396	0	3323246	0
443396	0	3511993	0
443396	0	3599520	5
443396	0	360229	0
443396	0	360232	0
443396	0	3811857	4
443396	0	3915597	4
443396	0	3924405	0
443396	0	4041358	0
443396	0	4041361	4
443396	0	4205264	5
443396	0	4271441	0
443396	0	4511531	5
443396	0	4526739	0
443396	0	4526741	4
443396	0	4526744	5
443396	0	4526747	4
443396	0	456708	5
443396	0	456710	5
443396	0	4699186	4
443396	0	4774806	5
443396	0	4792649	4
443396	0	4792650	5
443396	0	4792653	0
443396	0	4792654	5
443396	0	4792655	4
443396	0	4825928	0
443396	0	4896251	4
443396	0	4935430	0
443396	0	5065439	0
443396	0	5158745	0
443396	0	5158746	0
443396	0	519923	0
443396	0	5224171	0
443396	0	5224173	0
443396	0	523589	5
443396	0	5311404	4
443396	0	5404318	0
443396	0	5404320	0
443396	0	5404322	0
443396	0	5902981	0
443396	0	6041945	0
443396	0	6085987	0
443396	0	6168532	0
443396	0	6168539	0
443396	0	6361505	0
443396	0	6361506	0
443396	0	6361507	0
443396	0	6486139	0
443396	0	6863144	0
443396	0	6881583	0
443396	0	7221395	4
443396	0	7620278	0
443396	0	7620279	4
443396	0	7703618	0
443396	0	7856435	0
443396	0	7856436	4
443396	0	7890878	0
443396	0	7890881	0
443396	0	7890882	0
443396	0	7911766	0
443396	0	7928757	0
443396	0	8079039	4
443396	0	8079040	4
443396	0	8079043	5
443396	0	8079046	5
443396	0	8079047	0
443396	0	8128960	0
443396	0	8416862	0
443396	0	8536118	5
443396	0	8536122	5
443396	0	8536123	5
443396	0	8575351	0
443396	0	8769481	0
443396	0	8769490	0
443396	0	8793491	5
451602	0	1078133	0
451602	0	1078134	0
451602	0	1078138	2
451602	0	1094138	5
451602	0	1277286	2
451602	0	1277287	0
451602	0	1277289	2
451602	0	1277290	2
451602	0	1277293	5
451602	0	1277294	0
451602	0	1626653	0
451602	0	2084909	2
451602	0	2176455	2
451602	0	2176458	5
451602	0	2312864	2
451602	0	2329895	0
451602	0	2414919	0
451602	0	2486935	0
451602	0	2922145	0
451602	0	2922147	0
451602	0	3052112	2
451602	0	3052115	0
451602	0	3090666	0
451602	0	3090667	2
451602	0	3090670	0
451602	0	3177691	5
451602	0	3177692	0
451602	0	3177694	0
451602	0	3177696	2
451602	0	3493825	2
451602	0	3790251	5
451602	0	3994779	0
451602	0	4264167	0
451602	0	4345752	2
451602	0	4453605	2
451602	0	4453608	5
451602	0	4487185	0
451602	0	4495080	2
451602	0	4559055	0
451602	0	4865759	0
451602	0	4874640	2
451602	0	4874641	5
451602	0	4874645	2
451602	0	5018391	0
451602	0	5053852	2
451602	0	5179251	5
451602	0	5211036	2
451602	0	5475308	5
451602	0	5475312	2
451602	0	5538937	5
451602	0	5538938	5
451602	0	5538945	2
451602	0	5655693	2
451602	0	6132119	0
451602	0	6286973	2
451602	0	6286975	2
451602	0	6286976	0
451602	0	6286977	2
451602	0	6286978	0
451602	0	6286980	5
451602	0	6286981	2
451602	0	6286982	2
451602	0	6618756	2
451602	0	6618763	2
451602	0	7179473	2
451602	0	7403454	0
451602	0	7800959	5
451602	0	7800962	2
451602	0	7804170	5
451602	0	8019873	0
451602	0	8025740	0
451602	0	8033471	0
451602	0	8033472	2
451602	0	8124687	0
451602	0	8214451	0
451602	0	8214452	2
451602	0	8383461	2
451602	0	8383462	0
451602	0	8383463	2
451602	0	8383465	2
451602	0	8390518	2
451602	0	8390519	0
451602	0	8390523	0
451602	0	8390525	2
451602	0	8390526	2
451602	0	847213	2
451602	0	8485130	2
451602	0	8485131	5
451602	0	8485133	2
451602	0	8485136	0
451602	0	8540468	5
451602	0	8540473	5
451602	0	8621776	2
451602	0	8621779	2
451602	0	8621781	0
451602	0	8621784	2
451602	0	8787234	5
451602	0	96222	2
451602	0	96229	2
451602	0	998695	2
47923	0	1161940	1
47923	0	129218	1
47923	0	1346412	1
47923	0	1508659	0
47923	0	1681331	4
47923	0	1681332	4
47923	0	1681333	4
47923	0	1681334	4
47923	0	1681336	4
47923	0	1681337	1
47923	0	1681339	4
47923	0	1681340	4
47923	0	1868437	4
47923	0	1960681	1
47923	0	2043791	0
47923	0	2135499	1
47923	0	2508227	1
47923	0	2670112	1
47923	0	2699736	1
47923	0	2699737	1
47923	0	2831042	1
47923	0	2838662	1
47923	0	291219	1
47923	0	3306871	0
47923	0	3348831	1
47923	0	3348834	4
47923	0	3348838	1
47923	0	3395317	0
47923	0	3630933	1
47923	0	3744477	0
47923	0	3853973	0
47923	0	385687	1
47923	0	4064329	0
47923	0	4119528	1
47923	0	4202492	0
47923	0	4257344	1
47923	0	4297620	4
47923	0	4525877	1
47923	0	4652795	4
47923	0	472111	1
47923	0	473807	4
47923	0	473809	4
47923	0	4778734	1
47923	0	5032362	4
47923	0	5032364	1
47923	0	5032365	1
47923	0	5137400	1
47923	0	5147526	1
47923	0	5147527	1
47923	0	5147528	1
47923	0	5147529	1
47923	0	5147530	0
47923	0	525511	1
47923	0	5282403	1
47923	0	5289336	1
47923	0	5417578	1
47923	0	5417579	1
47923	0	5417581	1
47923	0	5417582	4
47923	0	5417584	1
47923	0	5878048	1
47923	0	5936350	1
47923	0	5949693	1
47923	0	618556	1
47923	0	6191	1
47923	0	6241147	4
47923	0	6241148	4
47923	0	6241150	4
47923	0	6241151	4
47923	0	6241152	4
47923	0	6241153	4
47923	0	6241154	4
47923	0	6272906	1
47923	0	6643066	4
47923	0	6919836	1
47923	0	6919841	4
47923	0	7086728	0
47923	0	7417276	1
47923	0	7430505	1
47923	0	7685162	1
47923	0	7747055	1
47923	0	7936847	1
47923	0	8110288	0
47923	0	8110289	1
47923	0	8216702	4
47923	0	8327407	4
47923	0	8348762	4
47923	0	8418678	1
47923	0	8418681	4
47923	0	8418683	4
47923	0	8418684	1
47923	0	8418686	4
47923	0	8421421	1
47923	0	8641101	0
47923	0	8641104	4
47923	0	8641106	4
47923	0	8641107	4
47923	0	913042	4
47923	0	913049	0
47923	0	986177	4
489204	0	1051492	2
489204	0	1051494	2
489204	0	1051498	2
489204	0	1225589	2
489204	0	1225591	2
489204	0	1231677	2
489204	0	1310103	0
489204	0	136257	0
489204	0	1418931	1
489204	0	1418933	2
489204	0	1479542	2
489204	0	152948	0
489204	0	152951	2
489204	0	152954	2
489204	0	1664643	2
489204	0	1688165	2
489204	0	1759354	2
489204	0	1759357	1
489204	0	1759359	1
489204	0	1778458	2
489204	0	1778462	2
489204	0	185678	2
489204	0	2016623	0
489204	0	2163701	2
489204	0	216490	2
489204	0	216492	2
489204	0	2268651	2
489204	0	2268652	2
489204	0	2268654	2
489204	0	2268655	2
489204	0	2959687	0
489204	0	2996548	1
489204	0	3053140	2
489204	0	3623668	2
489204	0	3665912	0
489204	0	3665914	2
489204	0	3728441	1
489204	0	3728444	0
489204	0	3728445	2
489204	0	3744940	1
489204	0	3980122	2
489204	0	3980126	2
489204	0	3981857	1
489204	0	4029846	1
489204	0	4142348	0
489204	0	4387756	1
489204	0	4586570	5
489204	0	4669688	1
489204	0	4669690	0
489204	0	4917998	2
489204	0	533017	2
489204	0	5705356	2
489204	0	5815957	2
489204	0	5815958	2
489204	0	5842850	2
489204	0	5895917	2
489204	0	6087663	2
489204	0	6087666	2
489204	0	6087671	1
489204	0	6327174	2
489204	0	6327175	2
489204	0	6327176	0
489204	0	6327177	2
489204	0	6327181	1
489204	0	6327182	1
489204	0	6536367	2
489204	0	6542578	2
489204	0	6581771	2
489204	0	66437	1
489204	0	6652051	2
489204	0	6652052	2
489204	0	6652053	1
489204	0	678245	2
489204	0	7113153	1
489204	0	7522962	0
489204	0	753265	2
489204	0	759510	2
489204	0	7696283	2
489204	0	7734612	0
489204	0	8376905	2
489204	0	8376906	0
489204	0	8376909	1
489204	0	8376910	1
489204	0	8463820	5
489204	0	8463823	2
489204	0	852257	2
489204	0	855963	2
489204	0	855964	0
489204	0	855967	0
489204	0	855969	0
489204	0	855972	2
489204	0	8594271	1
489204	0	8594272	2
489204	0	8594273	2
489204	0	8594277	0
489204	0	8737051	2
489204	0	8781574	1
489204	0	8781577	2
489204	0	942473	1
489204	0	973923	2
490595	0	1044147	2
490595	0	1160847	2
490595	0	1194060	2
490595	0	1288938	2
490595	0	1288942	2
490595	0	1370801	0
490595	0	1473259	2
490595	0	1620438	2
490595	0	1652460	5
490595	0	1929910	5
490595	0	1929911	2
490595	0	2661183	2
490595	0	2850740	2
490595	0	3572695	2
490595	0	3572698	2
490595	0	3572701	2
490595	0	3780923	2
490595	0	3833407	2
490595	0	3833409	2
490595	0	3833413	2
490595	0	3833414	2
490595	0	3937196	2
490595	0	3937197	2
490595	0	3937200	2
490595	0	3937201	2
490595	0	3937202	1
490595	0	3937203	2
490595	0	3937204	2
490595	0	4082319	0
490595	0	4082324	0
490595	0	4292443	2
490595	0	4737059	2
490595	0	4737060	5
490595	0	4737061	2
490595	0	4737062	2
490595	0	4737063	2
490595	0	4737064	2
490595	0	4737065	5
490595	0	4737066	5
490595	0	4737067	2
490595	0	4737068	2
490595	0	4763066	2
490595	0	4763067	2
490595	0	4763070	1
490595	0	4776583	0
490595	0	4842889	2
490595	0	4842890	5
490595	0	4842891	5
490595	0	4842894	2
490595	0	4842895	1
490595	0	4842896	2
490595	0	4842897	2
490595	0	5112294	2
490595	0	5128293	1
490595	0	5247992	2
490595	0	5247999	2
490595	0	5248000	2
490595	0	526093	2
490595	0	5349566	0
490595	0	5359212	2
490595	0	549465	2
490595	0	559485	0
490595	0	5612095	1
490595	0	5612099	2
490595	0	5633627	2
490595	0	5633631	2
490595	0	6066626	2
490595	0	6455761	0
490595	0	6686784	2
490595	0	6742119	2
490595	0	6971303	0
490595	0	6976956	1
490595	0	7065739	1
490595	0	7340532	2
490595	0	7364608	0
490595	0	7422680	0
490595	0	7600745	1
490595	0	7704029	2
490595	0	777201	1
490595	0	7839904	2
490595	0	7839905	1
490595	0	7839906	2
490595	0	7839907	2
490595	0	7839908	2
490595	0	7839911	1
490595	0	7968900	1
490595	0	7994361	0
490595	0	805046	2
490595	0	805047	2
490595	0	805048	2
490595	0	805049	1
490595	0	805050	2
490595	0	805051	5
490595	0	8095032	0
490595	0	8485139	5
490595	0	8485140	2
490595	0	8485141	2
490595	0	8709994	2
490595	0	8716499	0
490595	0	903932	5
527433	0	1212783	1
527433	0	1212784	1
527433	0	1212787	1
527433	0	1217016	5
527433	0	1379236	5
527433	0	1379237	5
527433	0	1379238	1
527433	0	1379239	1
527433	0	1379240	5
527433	0	1379242	1
527433	0	1379245	1
527433	0	1404580	1
527433	0	1511548	1
527433	0	1511556	1
527433	0	1664518	1
527433	0	1753604	1
527433	0	2045580	5
527433	0	2496222	1
527433	0	2496227	1
527433	0	2649533	0
527433	0	269422	1
527433	0	269424	0
527433	0	269425	1
527433	0	269426	1
527433	0	269428	0
527433	0	269430	1
527433	0	2722036	1
527433	0	286674	0
527433	0	3224400	0
527433	0	3294599	1
527433	0	3339572	1
527433	0	3425595	5
527433	0	3430045	1
527433	0	3774355	1
527433	0	3774357	1
527433	0	3774358	1
527433	0	3774360	1
527433	0	3835729	1
527433	0	3835730	0
527433	0	3835731	5
527433	0	3835732	1
527433	0	3835735	1
527433	0	3835736	1
527433	0	3973282	1
527433	0	3973284	1
527433	0	3973285	1
527433	0	3973286	1
527433	0	4046876	1
527433	0	4064457	1
527433	0	4064459	1
527433	0	4261630	1
527433	0	4402992	1
527433	0	452715	1
527433	0	467601	5
527433	0	4958698	1
527433	0	4990159	0
527433	0	5154358	0
527433	0	5154365	0
527433	0	5295980	0
527433	0	5466807	5
527433	0	5466810	1
527433	0	5466811	1
527433	0	5466812	1
527433	0	5479497	1
527433	0	5603298	1
527433	0	5672164	1
527433	0	5672166	1
527433	0	5690938	1
527433	0	5690943	0
527433	0	5690947	1
527433	0	5908498	1
527433	0	6015377	1
527433	0	6038397	1
527433	0	6038404	1
527433	0	6065675	5
527433	0	6065681	1
527433	0	6065683	1
527433	0	6186391	1
527433	0	6186393	1
527433	0	6214995	0
527433	0	6215001	5
527433	0	6215002	1
527433	0	6398041	1
527433	0	6398043	1
527433	0	6398045	1
527433	0	6398047	1
527433	0	6928819	1
527433	0	7105530	1
527433	0	7357591	1
527433	0	7607669	5
527433	0	7799466	1
527433	0	8306449	1
527433	0	8306451	1
527433	0	8617267	1
527433	0	8617271	5
527433	0	8617273	1
527433	0	8617274	1
527433	0	8827925	5
527433	0	8827928	1
527433	0	975967	1
573724	0	1005338	0
573724	0	104856	0
573724	0	1113579	0
573724	0	1165124	0
573724	0	1165128	2
573724	0	1165129	5
573724	0	1509940	2
573724	0	1509942	5
573724	0	1509944	2
573724	0	162151	5
573724	0	1816038	5
573724	0	2133806	2
573724	0	2186124	1
573724	0	2417985	0
573724	0	2635262	5
573724	0	2910045	0
573724	0	305009	1
573724	0	3059589	2
573724	0	3146236	1
573724	0	3146238	2
573724	0	3146240	2
573724	0	3365631	2
573724	0	3365632	2
573724	0	3365633	2
573724	0	3365635	2
573724	0	3365636	2
573724	0	3365637	1
573724	0	3365638	5
573724	0	3365639	2
573724	0	3412325	0
573724	0	3492364	1
573724	0	3546092	0
573724	0	3617636	1
573724	0	394136	5
573724	0	394138	1
573724	0	394139	1
573724	0	394141	1
573724	0	394142	5
573724	0	4017883	1
573724	0	4360246	1
573724	0	4853172	0
573724	0	5047796	5
573724	0	5185664	2
573724	0	5185671	1
573724	0	5310530	5
573724	0	5339620	5
573724	0	5384308	0
573724	0	5721829	5
573724	0	5721831	2
573724	0	5962420	0
573724	0	5962423	2
573724	0	5962424	0
573724	0	5962425	0
573724	0	5962426	1
573724	0	5962427	1
573724	0	5962428	2
573724	0	6304877	0
573724	0	6496777	2
573724	0	6776717	5
573724	0	7104825	5
573724	0	7104826	5
573724	0	7104827	0
573724	0	7199667	1
573724	0	7199669	5
573724	0	7199672	2
573724	0	7199673	2
573724	0	7199674	0
573724	0	7199675	0
573724	0	7275118	0
573724	0	7384329	1
573724	0	7384331	2
573724	0	7384332	2
573724	0	7384333	1
573724	0	7530702	1
573724	0	7609926	2
573724	0	7609927	2
573724	0	7609928	2
573724	0	7609929	1
573724	0	7609930	2
573724	0	7609932	2
573724	0	7609933	0
573724	0	7674858	1
573724	0	7674859	5
573724	0	7674861	0
573724	0	7964601	2
573724	0	8047166	1
573724	0	8047172	1
573724	0	8441637	2
573724	0	8441642	5
573724	0	8444727	1
573724	0	8444728	2
573724	0	8573967	1
573724	0	87400	1
573724	0	87402	1
573724	0	87404	1
573724	0	87405	5
573724	0	87409	2
573724	0	8833192	5
573724	0	8833194	5
573724	0	8833199	0
833860	0	115142	2
833860	0	1187661	3
833860	0	1229019	0
833860	0	1733841	0
833860	0	1889863	4
833860	0	2206194	4
833860	0	2206195	4
833860	0	2206196	4
833860	0	2206197	4
833860	0	2206198	4
833860	0	2206199	0
833860	0	2579885	0
833860	0	2579892	0
833860	0	2654110	0
833860	0	2702357	4
833860	0	2829180	0
833860	0	2829181	0
833860	0	2990817	0
833860	0	2990820	0
833860	0	3087477	2
833860	0	3087481	3
833860	0	3087483	2
833860	0	3337874	0
833860	0	3337877	0
833860	0	3421947	4
833860	0	3437281	4
833860	0	3437283	3
833860	0	3437284	3
833860	0	3437285	4
833860	0	3437286	4
833860	0	3437288	4
833860	0	3437289	3
833860	0	3437290	4
833860	0	3494802	0
833860	0	3494809	0
833860	0	3798217	0
833860	0	3924121	0
833860	0	4046123	0
833860	0	4046125	0
833860	0	4046129	2
833860	0	4086000	0
833860	0	4086001	0
833860	0	4086002	0
833860	0	4086003	0
833860	0	4086006	0
833860	0	4121472	0
833860	0	4166209	0
833860	0	4166210	0
833860	0	4539590	2
833860	0	4544257	0
833860	0	46390	0
833860	0	4881965	4
833860	0	5167510	4
833860	0	5167512	3
833860	0	5167513	4
833860	0	5167514	0
833860	0	5167518	4
833860	0	5832657	4
833860	0	5897836	0
833860	0	5897839	0
833860	0	6083481	2
833860	0	6083487	0
833860	0	6211800	4
833860	0	6218032	4
833860	0	6230220	4
833860	0	6230221	4
833860	0	6230222	4
833860	0	6230223	4
833860	0	6230224	3
833860	0	6230225	4
833860	0	6230226	4
833860	0	6230227	4
833860	0	6230228	3
833860	0	6230229	3
833860	0	6292957	4
833860	0	6683659	0
833860	0	6804392	0
833860	0	6875877	2
833860	0	7061642	3
833860	0	7125488	0
833860	0	7435480	0
833860	0	7506146	0
833860	0	7548083	0
833860	0	7706738	3
833860	0	7944293	3
833860	0	8344031	4
833860	0	8400003	0
833860	0	8400005	0
833860	0	858687	0
833860	0	858688	0
833860	0	8697642	2
833860	0	8705868	0
833860	0	871334	0
833860	0	8767220	0
833860	0	8770262	0
833860	0	8833502	4
833860	0	8833504	3
833860	0	8833506	4
833860	0	8833509	4
833860	0	921798	0
855410	0	103039	5
855410	0	1147343	0
855410	0	1273115	0
855410	0	133350	0
855410	0	133357	0
855410	0	1441918	0
855410	0	149560	0
855410	0	1568738	0
855410	0	1599285	0
855410	0	1849825	0
855410	0	1981079	0
855410	0	1981080	0
855410	0	2089151	0
855410	0	2634476	0
855410	0	2700915	0
855410	0	2790292	0
855410	0	2882395	0
855410	0	2882396	0
855410	0	2969826	0
855410	0	317640	0
855410	0	330752	0
855410	0	3313818	0
855410	0	3319653	0
855410	0	3351348	0
855410	0	3394509	0
855410	0	3394513	0
855410	0	3395167	0
855410	0	3530757	5
855410	0	3530758	5
855410	0	3530762	0
855410	0	3544499	0
855410	0	3544501	0
855410	0	3614344	0
855410	0	3614350	0
855410	0	3723410	0
855410	0	3723411	0
855410	0	3723413	0
855410	0	3723415	0
855410	0	3723417	0
855410	0	3723418	0
855410	0	3798301	0
855410	0	3920974	0
855410	0	4100597	0
855410	0	4434033	0
855410	0	455368	0
855410	0	464946	0
855410	0	4876761	0
855410	0	4876764	0
855410	0	5321528	0
855410	0	5451277	0
855410	0	5630945	0
855410	0	5723208	0
855410	0	5723210	0
855410	0	5799767	0
855410	0	5799774	0
855410	0	5940976	0
855410	0	5962462	0
855410	0	5965635	0
855410	0	5979006	0
855410	0	6013113	0
855410	0	6013115	0
855410	0	6167255	0
855410	0	6167257	0
855410	0	627744	0
855410	0	6464782	0
855410	0	6481237	0
855410	0	6481240	0
855410	0	6481241	0
855410	0	6497404	0
855410	0	6615899	0
855410	0	6781351	0
855410	0	6781357	0
855410	0	6781360	0
855410	0	681985	0
855410	0	681987	0
855410	0	681988	0
855410	0	722968	0
855410	0	7340395	5
855410	0	7523586	0
855410	0	8157624	0
855410	0	8288124	0
855410	0	8622627	0
855410	0	862689	0
855410	0	862690	0
855410	0	862695	0
855410	0	8651770	5
855410	0	8651771	5
855410	0	8651772	5
855410	0	8651773	5
855410	0	8651775	5
855410	0	8651776	5
855410	0	8651778	0
855410	0	8663507	0
855410	0	8720966	5
855410	0	8776511	0
855410	0	8776516	0
855410	0	8776517	0
855410	0	8776519	0
855410	0	8776520	0
855410	0	944479	0
87181	0	1059517	2
87181	0	1129072	3
87181	0	123547	2
87181	0	1700168	3
87181	0	1766470	1
87181	0	1902826	1
87181	0	1902827	0
87181	0	1950532	3
87181	0	1992881	3
87181	0	2307979	2
87181	0	2528292	3
87181	0	2530252	0
87181	0	2530257	3
87181	0	2556144	1
87181	0	2556147	0
87181	0	2556150	1
87181	0	2556151	3
87181	0	2556152	3
87181	0	2556153	3
87181	0	2714169	2
87181	0	2922857	2
87181	0	2986227	3
87181	0	2986231	2
87181	0	2986234	2
87181	0	2993464	3
87181	0	3216315	3
87181	0	3216319	3
87181	0	3363613	3
87181	0	3363614	2
87181	0	3445699	1
87181	0	4190143	0
87181	0	4632251	3
87181	0	4639455	3
87181	0	4689523	3
87181	0	4689524	1
87181	0	4689525	3
87181	0	471769	0
87181	0	47203	0
87181	0	47205	0
87181	0	47206	0
87181	0	47207	3
87181	0	47210	0
87181	0	47211	1
87181	0	47212	1
87181	0	4786305	3
87181	0	4786306	2
87181	0	5197130	0
87181	0	5197133	1
87181	0	5197135	2
87181	0	5197138	0
87181	0	5469038	3
87181	0	5497677	3
87181	0	5531010	1
87181	0	5899049	3
87181	0	6129695	3
87181	0	6262327	2
87181	0	6429125	2
87181	0	6484575	3
87181	0	6484576	3
87181	0	6484577	3
87181	0	6484578	1
87181	0	6521360	1
87181	0	6521363	0
87181	0	6521366	3
87181	0	6685092	5
87181	0	6896088	1
87181	0	6969187	3
87181	0	7057928	2
87181	0	742425	3
87181	0	7504775	0
87181	0	7666828	0
87181	0	7666831	0
87181	0	7898244	3
87181	0	8037179	3
87181	0	8151921	2
87181	0	8151922	2
87181	0	8151926	3
87181	0	8165398	3
87181	0	8165401	3
87181	0	8165403	0
87181	0	8165404	2
87181	0	8183982	3
87181	0	8332546	5
87181	0	8332547	3
87181	0	8332551	2
87181	0	8332555	3
87181	0	8522403	2
87181	0	8534129	3
87181	0	8534130	3
87181	0	8534133	1
87181	0	8534134	5
87181	0	8534135	3
87181	0	8534136	2
87181	0	8565420	3
87181	0	8664069	0
87181	0	8683178	0
87181	0	8683181	1
87181	0	8683183	3
87181	0	8683185	3
87181	0	8738510	2
87452	0	1395625	2
87452	0	1395631	0
87452	0	1395633	2
87452	0	1528487	2
87452	0	1598547	5
87452	0	1689964	0
87452	0	1749882	0
87452	0	186931	2
87452	0	186939	5
87452	0	1890452	2
87452	0	2205470	0
87452	0	2205474	0
87452	0	2205477	0
87452	0	2624886	5
87452	0	3086589	4
87452	0	3161806	0
87452	0	3161807	0
87452	0	3161812	2
87452	0	3242437	5
87452	0	3505336	0
87452	0	4008486	2
87452	0	4008487	2
87452	0	4008488	5
87452	0	4008489	5
87452	0	4008491	2
87452	0	4008492	0
87452	0	4008494	5
87452	0	4307936	2
87452	0	4634896	0
87452	0	4634899	4
87452	0	4634900	2
87452	0	4634903	2
87452	0	4634904	2
87452	0	4846197	5
87452	0	4872050	0
87452	0	4872055	2
87452	0	5286924	5
87452	0	5502955	0
87452	0	5751686	2
87452	0	5851090	5
87452	0	5851095	2
87452	0	5851096	2
87452	0	5851098	2
87452	0	5878827	2
87452	0	6018160	5
87452	0	6018161	2
87452	0	6018162	4
87452	0	6018163	4
87452	0	6018164	4
87452	0	6018165	5
87452	0	6018166	2
87452	0	6018167	2
87452	0	6018168	5
87452	0	6018169	2
87452	0	612267	0
87452	0	7304545	2
87452	0	7388835	0
87452	0	7426326	0
87452	0	7444007	2
87452	0	7843982	2
87452	0	7843984	2
87452	0	7860960	0
87452	0	7965004	5
87452	0	7965005	5
87452	0	7965008	5
87452	0	7965011	2
87452	0	8152220	2
87452	0	8152222	4
87452	0	8152223	2
87452	0	8152225	2
87452	0	8152226	2
87452	0	8152227	2
87452	0	8333912	5
87452	0	8333913	2
87452	0	8333916	5
87452	0	8333917	5
87452	0	8333919	0
87452	0	8333920	2
87452	0	8333921	5
87452	0	8344640	2
87452	0	8436571	2
87452	0	8436572	0
87452	0	8436573	2
87452	0	8436574	0
87452	0	8436575	0
87452	0	8436576	2
87452	0	8436577	2
87452	0	8436578	2
87452	0	8436579	0
87452	0	8436580	0
87452	0	8453299	0
87452	0	8453304	2
87452	0	8680815	5
87452	0	8729943	2
87452	0	8819111	2
87452	0	8819112	4
87452	0	8819113	2
87452	0	8819114	0
87452	0	8819116	2
87452	0	994547	2
915593	0	1033076	2
915593	0	1396701	2
915593	0	1396706	0
915593	0	1396707	0
915593	0	1772930	5
915593	0	1772932	1
915593	0	1907207	2
915593	0	2210590	1
915593	0	2210591	2
915593	0	2210592	5
915593	0	2210593	5
915593	0	2210594	2
915593	0	2210595	2
915593	0	2210596	2
915593	0	2210597	2
915593	0	2210598	0
915593	0	2210599	2
915593	0	2637186	2
915593	0	2755128	1
915593	0	275726	5
915593	0	2923494	1
915593	0	3037805	2
915593	0	3037814	1
915593	0	3143377	0
915593	0	3375966	1
915593	0	3485338	1
915593	0	3523599	0
915593	0	3523602	0
915593	0	3538159	0
915593	0	3538160	5
915593	0	3538161	1
915593	0	3538162	0
915593	0	3538163	5
915593	0	3538164	5
915593	0	3538165	2
915593	0	3538166	2
915593	0	3538167	2
915593	0	3573473	2
915593	0	3573477	2
915593	0	3573479	2
915593	0	3991910	1
915593	0	4566815	1
915593	0	4566816	2
915593	0	4566817	2
915593	0	4566818	5
915593	0	4566819	2
915593	0	4566822	2
915593	0	4566823	1
915593	0	4605072	1
915593	0	4691129	2
915593	0	4834226	1
915593	0	5931262	2
915593	0	5931553	2
915593	0	6761341	5
915593	0	6761344	5
915593	0	6761345	2
915593	0	6761346	1
915593	0	6761348	1
915593	0	6923050	0
915593	0	6923052	1
915593	0	6923053	0
915593	0	6923057	1
915593	0	7742098	2
915593	0	7837084	2
915593	0	7837086	1
915593	0	7861755	5
915593	0	8002852	2
915593	0	8029524	5
915593	0	8029525	5
915593	0	8029527	5
915593	0	8029531	1
915593	0	8029532	1
915593	0	8103064	0
915593	0	8103068	1
915593	0	8178996	5
915593	0	8178998	5
915593	0	8178999	0
915593	0	8179003	0
915593	0	82105	1
915593	0	82106	5
915593	0	82107	5
915593	0	82108	5
915593	0	82109	0
915593	0	82110	5
915593	0	82111	2
915593	0	82113	5
915593	0	8275207	2
915593	0	8402967	2
915593	0	8402968	5
915593	0	8402969	2
915593	0	8402970	2
915593	0	8402971	5
915593	0	8402972	5
915593	0	8402973	2
915593	0	8455301	0
915593	0	8455302	2
915593	0	8455303	2
915593	0	8455304	5
915593	0	8455306	2
915593	0	924855	2
962179	0	1006861	0
962179	0	1006865	0
962179	0	137246	0
962179	0	1645080	4
962179	0	1645084	0
962179	0	1645086	0
962179	0	1645088	0
962179	0	1645089	0
962179	0	2131895	0
962179	0	2186433	0
962179	0	220191	0
962179	0	2329692	5
962179	0	2329693	4
962179	0	2329695	4
962179	0	2329696	5
962179	0	2329697	5
962179	0	2329699	5
962179	0	2329701	5
962179	0	2632688	0
962179	0	2697161	4
962179	0	2978862	0
962179	0	2978864	5
962179	0	2978866	5
962179	0	2978867	0
962179	0	2978869	0
962179	0	2978870	0
962179	0	2978871	5
962179	0	302861	5
962179	0	302864	0
962179	0	302867	0
962179	0	3046928	0
962179	0	3139219	0
962179	0	3156132	0
962179	0	3173623	0
962179	0	3173625	0
962179	0	3422319	0
962179	0	3705165	5
962179	0	4168112	0
962179	0	4257872	0
962179	0	4511499	5
962179	0	4511502	4
962179	0	4511503	5
962179	0	4606384	0
962179	0	4606386	5
962179	0	4606387	5
962179	0	4606388	0
962179	0	4606389	0
962179	0	4717424	0
962179	0	534563	5
962179	0	536176	5
962179	0	536177	0
962179	0	536178	0
962179	0	551127	0
962179	0	5642481	0
962179	0	5653652	0
962179	0	5653653	0
962179	0	5653655	0
962179	0	5653656	0
962179	0	5653657	0
962179	0	5653659	5
962179	0	5773184	0
962179	0	5919340	5
962179	0	5919342	5
962179	0	6635496	0
962179	0	6675257	0
962179	0	6675259	5
962179	0	6675260	5
962179	0	6675262	4
962179	0	6675264	4
962179	0	6898289	5
962179	0	6898292	0
962179	0	6898293	0
962179	0	6904859	0
962179	0	6904860	0
962179	0	6904861	0
962179	0	6904862	0
962179	0	6904863	0
962179	0	6980697	5
962179	0	7126017	0
962179	0	7126025	0
962179	0	7428149	4
962179	0	7733810	4
962179	0	7957547	0
962179	0	8032264	0
962179	0	8689054	0
962179	0	8689057	0
962179	0	8689059	0
962179	0	8746010	0
962179	0	8785369	5
962179	0	8785371	5
962179	0	8785373	0
962179	0	8785374	0
962179	0	8785375	0
962179	0	907607	0
962179	0	931118	0
962179	0	931120	0
962179	0	931123	4
962179	0	931124	0
962179	0	931126	0
962179	0	931127	0
