1037798	0	1209094	0
1037798	0	1721695	0
1037798	0	1840397	0
1037798	0	1978023	0
1037798	0	2032698	0
1037798	0	2081844	0
1037798	0	2258763	0
1037798	0	2258765	0
1037798	0	2301338	0
1037798	0	2360245	0
1037798	0	2360247	0
1037798	0	2360248	0
1037798	0	2360251	0
1037798	0	2360252	0
1037798	0	2592345	0
1037798	0	2592348	0
1037798	0	2764063	0
1037798	0	2764065	0
1037798	0	2764068	0
1037798	0	2781966	2
1037798	0	2787508	1
1037798	0	2868737	0
1037798	0	2970890	0
1037798	0	2970891	0
1037798	0	2970892	0
1037798	0	2970894	0
1037798	0	2970895	0
1037798	0	2970896	0
1037798	0	2970897	0
1037798	0	2972024	0
1037798	0	2972025	0
1037798	0	2972030	0
1037798	0	3082786	0
1037798	0	3082795	1
1037798	0	3247266	1
1037798	0	3310854	0
1037798	0	3310855	0
1037798	0	3531480	0
1037798	0	3531483	0
1037798	0	3592912	0
1037798	0	3592919	0
1037798	0	3620983	3
1037798	0	3620986	3
1037798	0	3620991	2
1037798	0	3673849	0
1037798	0	3681010	0
1037798	0	3914692	0
1037798	0	3942397	0
1037798	0	4055260	1
1037798	0	4114288	1
1037798	0	4182093	2
1037798	0	4297404	0
1037798	0	4948770	0
1037798	0	4948777	0
1037798	0	4978060	0
1037798	0	5006527	1
1037798	0	5385710	0
1037798	0	6017285	0
1037798	0	6202756	0
1037798	0	6202758	0
1037798	0	6495169	1
1037798	0	6526047	0
1037798	0	6526054	0
1037798	0	6578678	0
1037798	0	6709844	0
1037798	0	6709849	0
1037798	0	6792680	0
1037798	0	6792681	0
1037798	0	6792682	0
1037798	0	6792683	0
1037798	0	6792685	2
1037798	0	7137653	0
1037798	0	7183038	0
1037798	0	7208739	0
1037798	0	7604811	0
1037798	0	7604812	0
1037798	0	7604814	0
1037798	0	7604815	0
1037798	0	7604818	0
1037798	0	7822415	3
1037798	0	7855580	0
1037798	0	7855583	1
1037798	0	7881055	0
1037798	0	7961603	2
1037798	0	811305	0
1037798	0	8248629	0
1037798	0	8611968	2
1037798	0	8760864	1
1037798	0	8760865	2
1037798	0	8760866	3
1037798	0	8760867	2
1037798	0	8760868	2
1037798	0	8760870	2
1037798	0	8760871	3
1037798	0	8760873	1
1037798	0	8780801	0
1037798	0	8780808	0
1037798	0	8780809	0
1037798	0	938344	0
1037798	0	938351	0
104861	0	1017092	3
104861	0	1046334	3
104861	0	1046339	3
104861	0	1188307	1
104861	0	1313687	3
104861	0	1442348	3
104861	0	1453544	2
104861	0	146169	3
104861	0	146170	3
104861	0	146171	3
104861	0	146172	3
104861	0	146174	3
104861	0	1567102	3
104861	0	171927	3
104861	0	1773805	3
104861	0	1773807	3
104861	0	1948963	3
104861	0	2158194	2
104861	0	2278231	2
104861	0	2294849	3
104861	0	236954	2
104861	0	2377050	3
104861	0	3443173	3
104861	0	3443176	3
104861	0	3567536	1
104861	0	3567537	1
104861	0	3925933	3
104861	0	4017854	3
104861	0	4017856	3
104861	0	4017858	2
104861	0	4199743	3
104861	0	4315436	1
104861	0	4350439	2
104861	0	4583548	3
104861	0	459676	2
104861	0	5091798	2
104861	0	5138467	3
104861	0	5138468	3
104861	0	5138469	2
104861	0	5138470	2
104861	0	5138472	3
104861	0	5138473	3
104861	0	5138474	2
104861	0	5150431	2
104861	0	5248341	3
104861	0	5652262	3
104861	0	5652266	3
104861	0	5667475	3
104861	0	5677644	1
104861	0	5688415	3
104861	0	5688416	3
104861	0	5688417	3
104861	0	5688418	3
104861	0	5688421	2
104861	0	5703400	3
104861	0	5703401	3
104861	0	5801822	3
104861	0	5836442	3
104861	0	5855223	1
104861	0	5855224	1
104861	0	5855225	1
104861	0	5855226	1
104861	0	5855227	1
104861	0	599604	3
104861	0	6023329	1
104861	0	6023331	1
104861	0	6068433	1
104861	0	6187055	3
104861	0	6187057	3
104861	0	6187058	2
104861	0	629270	3
104861	0	629273	2
104861	0	629274	3
104861	0	629276	3
104861	0	629277	3
104861	0	629278	3
104861	0	6351571	3
104861	0	6467577	3
104861	0	6467578	3
104861	0	6467580	3
104861	0	6467581	3
104861	0	6585554	3
104861	0	6653674	3
104861	0	6653675	2
104861	0	6653676	3
104861	0	6653677	3
104861	0	6653678	3
104861	0	6653679	3
104861	0	6704672	3
104861	0	6851724	1
104861	0	6904999	2
104861	0	7034375	2
104861	0	7185282	3
104861	0	7186725	2
104861	0	7486800	2
104861	0	7506029	3
104861	0	8260035	3
104861	0	8495099	3
104861	0	8546158	3
104861	0	8546160	3
1063750	0	1074552	2
1063750	0	1098175	1
1063750	0	118643	2
1063750	0	1523265	2
1063750	0	1580964	1
1063750	0	1866482	2
1063750	0	1866486	3
1063750	0	1922590	2
1063750	0	1923500	2
1063750	0	1923506	3
1063750	0	2185613	2
1063750	0	2230089	3
1063750	0	2230090	2
1063750	0	2230091	2
1063750	0	2391456	2
1063750	0	2391457	2
1063750	0	2391460	2
1063750	0	2470328	2
1063750	0	2569816	2
1063750	0	2768117	3
1063750	0	2768123	3
1063750	0	2947512	0
1063750	0	3063827	2
1063750	0	3076179	2
1063750	0	309313	2
1063750	0	3259884	2
1063750	0	3259885	2
1063750	0	3259889	2
1063750	0	3259891	2
1063750	0	330159	2
1063750	0	3327045	2
1063750	0	3327049	2
1063750	0	3327050	2
1063750	0	3327052	2
1063750	0	3327053	2
1063750	0	3327054	2
1063750	0	3477418	2
1063750	0	3654231	2
1063750	0	3654234	2
1063750	0	3965096	2
1063750	0	3973418	2
1063750	0	3973423	2
1063750	0	3994446	2
1063750	0	4158202	2
1063750	0	4158205	2
1063750	0	4337526	3
1063750	0	4337527	3
1063750	0	4337528	2
1063750	0	4337529	3
1063750	0	4337532	3
1063750	0	4487113	2
1063750	0	4487118	2
1063750	0	4542127	1
1063750	0	4759819	2
1063750	0	4802036	2
1063750	0	4834969	2
1063750	0	4844348	0
1063750	0	5062363	2
1063750	0	5237507	2
1063750	0	5256198	0
1063750	0	5269958	0
1063750	0	5360360	2
1063750	0	5412858	2
1063750	0	5442711	3
1063750	0	5501489	2
1063750	0	5590573	2
1063750	0	5590575	2
1063750	0	5956099	3
1063750	0	5956102	2
1063750	0	5956104	2
1063750	0	5956106	2
1063750	0	6127385	2
1063750	0	6127389	3
1063750	0	6347205	2
1063750	0	7247264	2
1063750	0	7247268	2
1063750	0	7304887	1
1063750	0	7571423	3
1063750	0	7571428	2
1063750	0	7571429	2
1063750	0	7717144	2
1063750	0	775089	1
1063750	0	7778351	0
1063750	0	7837938	2
1063750	0	7952965	2
1063750	0	7952966	2
1063750	0	7952967	2
1063750	0	7952971	3
1063750	0	8170636	2
1063750	0	8170640	3
1063750	0	819283	2
1063750	0	819284	2
1063750	0	8239876	2
1063750	0	8239877	3
1063750	0	8239878	2
1063750	0	8384971	2
1063750	0	8640242	2
1063750	0	8722081	2
1063750	0	8821734	3
1063750	0	8821735	3
1103812	0	1419875	0
1103812	0	1602354	0
1103812	0	1614303	2
1103812	0	1659850	2
1103812	0	1659852	2
1103812	0	1783580	1
1103812	0	190061	0
1103812	0	2273556	0
1103812	0	231647	1
1103812	0	2394563	0
1103812	0	2541847	0
1103812	0	2544058	0
1103812	0	2586283	1
1103812	0	2703108	1
1103812	0	2703109	1
1103812	0	2703110	1
1103812	0	2703111	0
1103812	0	2703114	1
1103812	0	2725227	0
1103812	0	2794321	0
1103812	0	2945095	1
1103812	0	3431717	0
1103812	0	3591090	1
1103812	0	3591091	0
1103812	0	3591092	1
1103812	0	3591093	1
1103812	0	3591094	1
1103812	0	3591098	0
1103812	0	3591099	0
1103812	0	3672737	0
1103812	0	3672738	0
1103812	0	3672744	1
1103812	0	3843267	2
1103812	0	3940091	2
1103812	0	4102302	0
1103812	0	4108511	0
1103812	0	4194870	0
1103812	0	4322058	1
1103812	0	4679037	0
1103812	0	4679038	0
1103812	0	4726837	1
1103812	0	4726838	1
1103812	0	476179	1
1103812	0	476183	1
1103812	0	4824830	0
1103812	0	4824831	1
1103812	0	4824833	0
1103812	0	4824834	0
1103812	0	4824836	0
1103812	0	484648	0
1103812	0	4860798	0
1103812	0	4879957	0
1103812	0	4879959	0
1103812	0	4885128	0
1103812	0	4937953	1
1103812	0	5190505	1
1103812	0	5725710	1
1103812	0	5950140	0
1103812	0	5974245	0
1103812	0	5976811	0
1103812	0	6103245	0
1103812	0	6187272	0
1103812	0	6289840	2
1103812	0	6294457	0
1103812	0	645467	0
1103812	0	6569474	0
1103812	0	6842213	0
1103812	0	6924733	0
1103812	0	720110	0
1103812	0	7209201	0
1103812	0	7231343	0
1103812	0	7234273	0
1103812	0	7246728	0
1103812	0	737457	1
1103812	0	7430769	0
1103812	0	7430771	1
1103812	0	7491609	1
1103812	0	7491610	1
1103812	0	7775402	0
1103812	0	7844921	0
1103812	0	7860450	1
1103812	0	8084238	1
1103812	0	8157968	2
1103812	0	8190381	1
1103812	0	8220080	2
1103812	0	8220085	3
1103812	0	8220086	3
1103812	0	8220087	2
1103812	0	8220089	2
1103812	0	8224175	1
1103812	0	8224181	1
1103812	0	8224183	2
1103812	0	8293805	2
1103812	0	8388942	0
1103812	0	8402961	0
1103812	0	8755009	0
1103812	0	8789820	0
1103812	0	8822007	0
1103812	0	955560	0
1103812	0	961775	0
1106007	0	1294320	3
1106007	0	1334328	3
1106007	0	1334330	3
1106007	0	1334331	3
1106007	0	1334332	2
1106007	0	1334333	3
1106007	0	1334334	3
1106007	0	1334335	3
1106007	0	1334336	3
1106007	0	1334337	3
1106007	0	1560243	3
1106007	0	1560245	2
1106007	0	1628791	2
1106007	0	1700769	2
1106007	0	1892454	2
1106007	0	1918089	3
1106007	0	2186171	3
1106007	0	2240978	3
1106007	0	2384065	2
1106007	0	2384068	2
1106007	0	2464373	2
1106007	0	2464374	2
1106007	0	2464375	3
1106007	0	2464376	2
1106007	0	2464377	2
1106007	0	2464378	2
1106007	0	2464379	2
1106007	0	2464382	2
1106007	0	2513608	2
1106007	0	2513609	2
1106007	0	2621976	2
1106007	0	2672601	3
1106007	0	2672608	3
1106007	0	2777111	3
1106007	0	285891	2
1106007	0	2866630	3
1106007	0	2866634	3
1106007	0	2960558	3
1106007	0	2960563	3
1106007	0	2960564	3
1106007	0	2960566	3
1106007	0	3537611	2
1106007	0	4004166	2
1106007	0	4004167	2
1106007	0	4004169	2
1106007	0	4004170	3
1106007	0	4004173	2
1106007	0	4089153	2
1106007	0	4102293	2
1106007	0	4120342	2
1106007	0	4173707	2
1106007	0	4173709	3
1106007	0	4173712	3
1106007	0	420111	1
1106007	0	4781863	2
1106007	0	4781867	2
1106007	0	4921576	2
1106007	0	5174765	2
1106007	0	5204536	3
1106007	0	5204537	3
1106007	0	5204538	3
1106007	0	5204539	3
1106007	0	5204540	3
1106007	0	5204544	3
1106007	0	5279699	2
1106007	0	5279701	2
1106007	0	5279702	2
1106007	0	5279704	2
1106007	0	5429391	2
1106007	0	550999	3
1106007	0	551007	2
1106007	0	5774818	3
1106007	0	5780388	3
1106007	0	6126193	1
1106007	0	6209484	3
1106007	0	6303269	2
1106007	0	6582343	2
1106007	0	701605	2
1106007	0	7158637	2
1106007	0	7211746	2
1106007	0	746358	3
1106007	0	7500586	2
1106007	0	7685380	3
1106007	0	7685382	2
1106007	0	7685383	3
1106007	0	7685384	3
1106007	0	7685385	3
1106007	0	7685388	3
1106007	0	8141089	2
1106007	0	8199519	3
1106007	0	8199521	3
1106007	0	8199523	2
1106007	0	8204457	3
1106007	0	8204464	2
1106007	0	8348781	1
1106007	0	8521668	3
1106007	0	8521673	3
1106007	0	8787870	2
1106007	0	899465	2
1106007	0	899467	2
1110199	0	100114	2
1110199	0	1123090	2
1110199	0	1144987	1
1110199	0	1324194	1
1110199	0	1592477	1
1110199	0	1778449	1
1110199	0	1901876	2
1110199	0	1901877	2
1110199	0	1901878	3
1110199	0	1901879	2
1110199	0	1901881	2
1110199	0	1901882	3
1110199	0	2080928	1
1110199	0	227145	1
1110199	0	2301115	2
1110199	0	2301119	2
1110199	0	2316524	2
1110199	0	2379864	2
1110199	0	239444	2
1110199	0	2474406	2
1110199	0	2655848	2
1110199	0	2657987	1
1110199	0	2657991	1
1110199	0	2854609	1
1110199	0	2923632	1
1110199	0	2923633	1
1110199	0	3238116	1
1110199	0	3523642	1
1110199	0	3524270	1
1110199	0	3588624	1
1110199	0	362174	1
1110199	0	3647394	2
1110199	0	3838638	3
1110199	0	3838645	2
1110199	0	3865139	2
1110199	0	3873119	1
1110199	0	4027239	2
1110199	0	4053652	2
1110199	0	4057232	1
1110199	0	421	2
1110199	0	4489656	2
1110199	0	4504233	2
1110199	0	4511137	3
1110199	0	4511144	2
1110199	0	4624021	1
1110199	0	4674430	1
1110199	0	468870	1
1110199	0	4800732	2
1110199	0	5060486	1
1110199	0	5060492	1
1110199	0	5198207	1
1110199	0	5218014	2
1110199	0	5387211	1
1110199	0	5387212	2
1110199	0	5396612	1
1110199	0	5479	1
1110199	0	5516092	1
1110199	0	557956	1
1110199	0	5701621	1
1110199	0	5824926	2
1110199	0	5824927	2
1110199	0	5857919	1
1110199	0	5857921	2
1110199	0	5857925	2
1110199	0	627298	1
1110199	0	6368887	2
1110199	0	6368891	2
1110199	0	6392463	2
1110199	0	6392469	1
1110199	0	68578	2
1110199	0	68586	1
1110199	0	6993901	2
1110199	0	7085489	2
1110199	0	7085492	2
1110199	0	712236	1
1110199	0	7143611	1
1110199	0	7163268	1
1110199	0	7221366	2
1110199	0	7409320	2
1110199	0	7439380	2
1110199	0	7842393	1
1110199	0	789712	2
1110199	0	8157172	1
1110199	0	8157174	1
1110199	0	8160518	3
1110199	0	8160519	2
1110199	0	8160520	3
1110199	0	8160522	2
1110199	0	8160523	2
1110199	0	8160524	1
1110199	0	8160526	2
1110199	0	8160527	2
1110199	0	836529	1
1110199	0	8404306	2
1110199	0	847930	1
1110199	0	847931	1
1110199	0	8549936	1
1110199	0	8625338	1
1110199	0	8625340	1
1110199	0	975292	0
1112341	0	1087925	1
1112341	0	1087926	1
1112341	0	1087928	1
1112341	0	1174734	0
1112341	0	1373648	0
1112341	0	1422694	1
1112341	0	1450347	2
1112341	0	1450349	0
1112341	0	1450351	0
1112341	0	192644	0
1112341	0	2095998	1
1112341	0	2096427	0
1112341	0	2173818	0
1112341	0	2173819	1
1112341	0	2173822	1
1112341	0	2209055	1
1112341	0	2253155	2
1112341	0	2596431	0
1112341	0	2596432	1
1112341	0	2626927	2
1112341	0	2663365	1
1112341	0	2694630	1
1112341	0	2694632	1
1112341	0	2694635	1
1112341	0	2694636	1
1112341	0	2694637	2
1112341	0	2735215	1
1112341	0	2735220	1
1112341	0	2835596	0
1112341	0	3025458	1
1112341	0	3030497	0
1112341	0	3252208	1
1112341	0	3291145	1
1112341	0	3291151	1
1112341	0	3524227	1
1112341	0	3795887	1
1112341	0	3795896	1
1112341	0	3922197	1
1112341	0	3961587	0
1112341	0	4022846	1
1112341	0	4022849	2
1112341	0	4254335	0
1112341	0	4400233	1
1112341	0	4416075	1
1112341	0	4663306	0
1112341	0	4703755	2
1112341	0	4704992	1
1112341	0	478772	1
1112341	0	4833308	0
1112341	0	4833311	1
1112341	0	4977768	1
1112341	0	5043405	0
1112341	0	5043407	1
1112341	0	5043408	0
1112341	0	5043410	0
1112341	0	508019	1
1112341	0	550571	1
1112341	0	5934807	1
1112341	0	6164791	2
1112341	0	6311795	2
1112341	0	6311799	1
1112341	0	6342847	2
1112341	0	6422795	1
1112341	0	6459596	0
1112341	0	6681382	1
1112341	0	6681384	1
1112341	0	6726337	1
1112341	0	6726340	2
1112341	0	6726341	2
1112341	0	6726342	2
1112341	0	6726344	2
1112341	0	6726346	1
1112341	0	6903059	1
1112341	0	6973589	0
1112341	0	7079774	0
1112341	0	7079776	2
1112341	0	7194370	0
1112341	0	7194371	1
1112341	0	7194374	1
1112341	0	7242813	0
1112341	0	7324913	0
1112341	0	7615749	1
1112341	0	7708623	1
1112341	0	7708629	0
1112341	0	7880073	1
1112341	0	8134792	1
1112341	0	8139257	2
1112341	0	8139258	3
1112341	0	8326584	1
1112341	0	8326588	1
1112341	0	8337125	2
1112341	0	8442174	1
1112341	0	8442176	1
1112341	0	8442177	1
1112341	0	8442178	1
1112341	0	8442180	1
1112341	0	8606160	1
1112341	0	8606161	1
1112341	0	8700909	1
1112341	0	875123	1
1113437	0	1066531	1
1113437	0	1066538	2
1113437	0	1280568	3
1113437	0	1280569	2
1113437	0	1280570	2
1113437	0	1681785	2
1113437	0	1768727	3
1113437	0	1768729	0
1113437	0	1896939	2
1113437	0	2001933	3
1113437	0	2001934	3
1113437	0	2226349	3
1113437	0	2354940	2
1113437	0	2354947	3
1113437	0	2884191	2
1113437	0	3026984	2
1113437	0	3125154	3
1113437	0	3125155	2
1113437	0	3687620	2
1113437	0	3880944	3
1113437	0	4016930	2
1113437	0	4016931	1
1113437	0	4016933	2
1113437	0	4016934	2
1113437	0	4016937	2
1113437	0	4216336	1
1113437	0	4367832	3
1113437	0	4412230	2
1113437	0	4473156	3
1113437	0	4473157	3
1113437	0	4498867	2
1113437	0	4628484	0
1113437	0	4751834	2
1113437	0	4751835	3
1113437	0	4751839	1
1113437	0	5188746	1
1113437	0	5188747	2
1113437	0	5188751	2
1113437	0	5328098	3
1113437	0	5346399	1
1113437	0	5514586	3
1113437	0	5514589	2
1113437	0	5514592	2
1113437	0	5546286	2
1113437	0	5546288	3
1113437	0	5546289	2
1113437	0	5591644	2
1113437	0	5938418	2
1113437	0	5938420	2
1113437	0	5938421	2
1113437	0	5938425	3
1113437	0	5938426	2
1113437	0	594251	2
1113437	0	6017939	2
1113437	0	6017945	1
1113437	0	6021902	3
1113437	0	6021905	2
1113437	0	6174327	2
1113437	0	6174328	3
1113437	0	6174329	2
1113437	0	631949	3
1113437	0	6455610	2
1113437	0	6593841	2
1113437	0	6593842	2
1113437	0	6688843	2
1113437	0	7263162	0
1113437	0	7377270	2
1113437	0	7377272	2
1113437	0	7377274	2
1113437	0	7377276	1
1113437	0	7377277	3
1113437	0	7377278	2
1113437	0	7385215	1
1113437	0	7385216	1
1113437	0	7385217	2
1113437	0	7385219	2
1113437	0	7385221	2
1113437	0	7385222	2
1113437	0	742037	3
1113437	0	742042	2
1113437	0	742044	3
1113437	0	742045	2
1113437	0	7497495	2
1113437	0	7890527	1
1113437	0	8128790	3
1113437	0	8128793	2
1113437	0	8128794	3
1113437	0	8128796	3
1113437	0	8128798	2
1113437	0	8162984	2
1113437	0	8503446	2
1113437	0	8503447	2
1113437	0	8503449	1
1113437	0	8503450	2
1113437	0	8503453	2
1113437	0	8503455	1
1113437	0	8729212	2
1113437	0	8729216	2
1113437	0	8729218	2
1113437	0	8729219	3
1114646	0	1014934	0
1114646	0	1069580	0
1114646	0	1437685	0
1114646	0	1533512	0
1114646	0	1533513	0
1114646	0	1533515	0
1114646	0	1533517	0
1114646	0	1811711	0
1114646	0	190438	0
1114646	0	2201127	2
1114646	0	2450728	0
1114646	0	2524143	0
1114646	0	2596910	0
1114646	0	2647994	3
1114646	0	266552	2
1114646	0	266555	1
1114646	0	2695353	2
1114646	0	2695583	0
1114646	0	2695584	0
1114646	0	2911035	2
1114646	0	2931848	0
1114646	0	2931851	0
1114646	0	3036935	0
1114646	0	3184850	2
1114646	0	3184851	2
1114646	0	3221858	0
1114646	0	3439626	0
1114646	0	3467665	2
1114646	0	3480743	0
1114646	0	3480744	0
1114646	0	3480745	0
1114646	0	3633307	0
1114646	0	3712097	0
1114646	0	3712098	0
1114646	0	3828281	1
1114646	0	4332918	2
1114646	0	444374	3
1114646	0	444375	1
1114646	0	444376	2
1114646	0	444377	2
1114646	0	444379	1
1114646	0	444380	3
1114646	0	444382	1
1114646	0	4533626	1
1114646	0	4573290	0
1114646	0	4969104	0
1114646	0	5041692	2
1114646	0	5127883	0
1114646	0	5127884	0
1114646	0	5133385	0
1114646	0	5217702	2
1114646	0	5279567	3
1114646	0	5337015	0
1114646	0	5417954	3
1114646	0	5531625	0
1114646	0	5637550	1
1114646	0	5640856	2
1114646	0	5640859	3
1114646	0	5729529	0
1114646	0	6247571	0
1114646	0	6484457	0
1114646	0	6704400	3
1114646	0	6704401	2
1114646	0	6868858	0
1114646	0	6996839	0
1114646	0	7078019	0
1114646	0	7078020	0
1114646	0	708455	0
1114646	0	7098750	0
1114646	0	7163815	0
1114646	0	7173756	0
1114646	0	7196961	2
1114646	0	7665520	0
1114646	0	7675379	0
1114646	0	7931424	0
1114646	0	7961851	0
1114646	0	7961857	0
1114646	0	8117087	2
1114646	0	8117088	2
1114646	0	8117089	3
1114646	0	8117090	3
1114646	0	8117091	3
1114646	0	8117092	2
1114646	0	8117093	0
1114646	0	8117095	2
1114646	0	8117096	3
1114646	0	8148968	0
1114646	0	8185549	2
1114646	0	831444	1
1114646	0	8327123	0
1114646	0	8327128	0
1114646	0	8327369	2
1114646	0	83451	0
1114646	0	857788	2
1114646	0	857789	2
1114646	0	8624973	1
1114646	0	8665820	2
1114646	0	8691521	0
1114646	0	8697543	0
1114646	0	981782	0
1114819	0	1009500	2
1114819	0	1245298	2
1114819	0	1248112	3
1114819	0	1302004	3
1114819	0	1302007	3
1114819	0	1315993	3
1114819	0	1315994	3
1114819	0	1315995	3
1114819	0	1315996	3
1114819	0	1315998	3
1114819	0	1419798	2
1114819	0	1419801	2
1114819	0	1625836	3
1114819	0	1724519	2
1114819	0	1724520	3
1114819	0	1724521	2
1114819	0	1724523	1
1114819	0	1724525	3
1114819	0	1724526	2
1114819	0	1724528	2
1114819	0	1735443	2
1114819	0	1738242	3
1114819	0	1738250	3
1114819	0	1816958	1
1114819	0	1852066	2
1114819	0	2185129	2
1114819	0	2212059	2
1114819	0	2477692	3
1114819	0	2590451	2
1114819	0	2590453	2
1114819	0	2590454	3
1114819	0	2694515	2
1114819	0	2831393	2
1114819	0	344350	3
1114819	0	344351	2
1114819	0	3484458	3
1114819	0	3781418	3
1114819	0	3906952	2
1114819	0	3906954	3
1114819	0	3906959	3
1114819	0	4890560	3
1114819	0	5019830	2
1114819	0	5165249	3
1114819	0	534362	3
1114819	0	5521371	3
1114819	0	5521373	3
1114819	0	5628952	3
1114819	0	5628955	2
1114819	0	5628956	2
1114819	0	5718417	2
1114819	0	6202319	2
1114819	0	6202321	2
1114819	0	6564169	2
1114819	0	6900766	3
1114819	0	6900767	3
1114819	0	6900769	2
1114819	0	6900773	2
1114819	0	6900774	3
1114819	0	6941478	3
1114819	0	694735	2
1114819	0	694737	3
1114819	0	7132894	2
1114819	0	7132899	2
1114819	0	750446	1
1114819	0	7588045	3
1114819	0	7803429	2
1114819	0	7803435	3
1114819	0	7803436	2
1114819	0	785027	3
1114819	0	785028	3
1114819	0	8022276	3
1114819	0	8022279	1
1114819	0	8022280	3
1114819	0	8027206	3
1114819	0	8088109	1
1114819	0	8096817	2
1114819	0	8096824	2
1114819	0	8115435	3
1114819	0	8115439	3
1114819	0	8115440	3
1114819	0	8115700	2
1114819	0	8115701	2
1114819	0	8115705	2
1114819	0	8336225	2
1114819	0	8336229	3
1114819	0	8336230	3
1114819	0	8336232	2
1114819	0	8480574	2
1114819	0	8508255	2
1114819	0	8508259	2
1114819	0	8508263	3
1114819	0	8625086	3
1114819	0	8736056	3
1114819	0	8754397	3
1114819	0	8754398	3
1114819	0	988369	2
1114819	0	988370	3
1114819	0	988373	3
1114819	0	988376	3
1114819	0	988378	2
1115776	0	1036904	1
1115776	0	1124084	0
1115776	0	1185823	0
1115776	0	132248	0
1115776	0	1403193	0
1115776	0	1440028	1
1115776	0	1440032	1
1115776	0	1729576	1
1115776	0	1729578	1
1115776	0	1801365	0
1115776	0	1841229	0
1115776	0	1954745	0
1115776	0	2274143	0
1115776	0	2514464	0
1115776	0	258694	0
1115776	0	286324	0
1115776	0	2903178	0
1115776	0	3052538	0
1115776	0	3203281	0
1115776	0	3208044	0
1115776	0	3208048	0
1115776	0	3469357	2
1115776	0	3607500	0
1115776	0	3797905	0
1115776	0	3894150	0
1115776	0	3958789	0
1115776	0	4131485	1
1115776	0	4314169	2
1115776	0	4314170	2
1115776	0	4314171	1
1115776	0	4314172	2
1115776	0	4314173	2
1115776	0	4314174	2
1115776	0	4314175	2
1115776	0	4314176	2
1115776	0	4314178	1
1115776	0	4719028	0
1115776	0	480793	1
1115776	0	480800	1
1115776	0	5075548	0
1115776	0	5075549	0
1115776	0	5264931	2
1115776	0	5296057	0
1115776	0	5377134	0
1115776	0	5430503	0
1115776	0	5599687	1
1115776	0	5599692	1
1115776	0	5605159	1
1115776	0	5605160	1
1115776	0	5728138	0
1115776	0	5739711	0
1115776	0	5756367	0
1115776	0	5906403	0
1115776	0	6055286	0
1115776	0	6120353	0
1115776	0	6354957	0
1115776	0	642039	0
1115776	0	6564291	0
1115776	0	660826	0
1115776	0	6616846	0
1115776	0	6747926	1
1115776	0	691189	0
1115776	0	691191	0
1115776	0	691192	0
1115776	0	691193	0
1115776	0	6973128	1
1115776	0	6989198	1
1115776	0	7129179	1
1115776	0	7183516	1
1115776	0	7218333	0
1115776	0	7609847	0
1115776	0	7779192	1
1115776	0	7996312	0
1115776	0	8099694	0
1115776	0	8099695	0
1115776	0	8106317	2
1115776	0	8106318	1
1115776	0	8106320	2
1115776	0	8106321	2
1115776	0	8106322	1
1115776	0	8106324	1
1115776	0	8108815	0
1115776	0	8108818	0
1115776	0	8124741	0
1115776	0	8172080	0
1115776	0	8172089	1
1115776	0	8241264	1
1115776	0	8495250	1
1115776	0	8495256	1
1115776	0	8616787	0
1115776	0	8616791	0
1115776	0	8621772	1
1115776	0	8632360	0
1115776	0	8632364	0
1115776	0	8673352	1
1115776	0	8757348	0
1115776	0	8769950	0
1115776	0	900808	0
1115776	0	900809	0
1115776	0	941057	1
1117099	0	1013796	0
1117099	0	1013797	0
1117099	0	103429	0
1117099	0	1123494	0
1117099	0	1123496	0
1117099	0	1196648	0
1117099	0	1252737	1
1117099	0	1371220	0
1117099	0	1445087	0
1117099	0	1505895	0
1117099	0	1542026	1
1117099	0	1542027	0
1117099	0	1544425	0
1117099	0	1586363	0
1117099	0	1620739	0
1117099	0	171427	0
1117099	0	171431	1
1117099	0	1718725	0
1117099	0	1798612	3
1117099	0	1798620	3
1117099	0	2022009	0
1117099	0	2109696	0
1117099	0	2109699	0
1117099	0	2413643	0
1117099	0	290076	0
1117099	0	297115	0
1117099	0	3104260	0
1117099	0	3104262	1
1117099	0	3104266	1
1117099	0	3222379	0
1117099	0	334615	2
1117099	0	3427787	0
1117099	0	3522902	1
1117099	0	3543106	3
1117099	0	365442	0
1117099	0	379387	0
1117099	0	3921953	0
1117099	0	4256788	0
1117099	0	4407002	0
1117099	0	4428779	0
1117099	0	4441325	2
1117099	0	4457444	0
1117099	0	4627808	0
1117099	0	4695635	0
1117099	0	4759495	0
1117099	0	4759497	0
1117099	0	4805755	0
1117099	0	4815809	0
1117099	0	49923	1
1117099	0	514309	1
1117099	0	514314	0
1117099	0	5278136	0
1117099	0	5286539	3
1117099	0	5462111	0
1117099	0	5462177	0
1117099	0	5699286	1
1117099	0	5752877	1
1117099	0	5784445	0
1117099	0	5817498	0
1117099	0	5874015	0
1117099	0	5874017	0
1117099	0	5941242	0
1117099	0	5979211	0
1117099	0	6122720	3
1117099	0	6122721	2
1117099	0	6122722	3
1117099	0	6122723	3
1117099	0	613685	0
1117099	0	6428916	0
1117099	0	6579664	1
1117099	0	6735875	0
1117099	0	6858988	0
1117099	0	6858989	0
1117099	0	6858992	1
1117099	0	6858996	0
1117099	0	6917898	0
1117099	0	6940552	1
1117099	0	6940555	1
1117099	0	6940557	0
1117099	0	6940558	0
1117099	0	6993942	2
1117099	0	7104723	0
1117099	0	7163733	0
1117099	0	7446984	0
1117099	0	74528	0
1117099	0	7495383	0
1117099	0	7514072	0
1117099	0	7663165	0
1117099	0	7828034	0
1117099	0	8019446	0
1117099	0	8093931	2
1117099	0	8093932	3
1117099	0	810081	0
1117099	0	8144478	0
1117099	0	8322336	0
1117099	0	8446501	3
1117099	0	8446505	3
1117099	0	878215	0
1117099	0	96635	0
1117099	0	989011	0
1121402	0	1042911	0
1121402	0	1249684	1
1121402	0	1249687	2
1121402	0	1249689	1
1121402	0	1276590	1
1121402	0	1323047	1
1121402	0	1323048	1
1121402	0	1429447	1
1121402	0	1429448	1
1121402	0	182364	1
1121402	0	182365	2
1121402	0	182366	2
1121402	0	182367	2
1121402	0	182368	3
1121402	0	182369	3
1121402	0	182370	0
1121402	0	182371	2
1121402	0	182372	3
1121402	0	182373	0
1121402	0	18275	0
1121402	0	18281	1
1121402	0	188209	2
1121402	0	188210	2
1121402	0	188211	1
1121402	0	188213	2
1121402	0	188214	1
1121402	0	188215	1
1121402	0	188216	1
1121402	0	188217	1
1121402	0	188218	1
1121402	0	1902386	1
1121402	0	1902387	1
1121402	0	1902388	1
1121402	0	1902392	1
1121402	0	1917419	1
1121402	0	2042119	1
1121402	0	2191941	1
1121402	0	2279040	0
1121402	0	2681041	1
1121402	0	2681045	2
1121402	0	2681046	0
1121402	0	2681048	1
1121402	0	3368448	1
1121402	0	3412904	1
1121402	0	3412909	2
1121402	0	3511789	2
1121402	0	3511795	1
1121402	0	3674183	0
1121402	0	3674187	1
1121402	0	3785307	1
1121402	0	3785308	2
1121402	0	3785309	1
1121402	0	3785310	1
1121402	0	4140833	1
1121402	0	43770	2
1121402	0	4620823	0
1121402	0	4620824	2
1121402	0	4620825	0
1121402	0	465109	0
1121402	0	5034217	0
1121402	0	5075673	1
1121402	0	5189911	0
1121402	0	5189913	2
1121402	0	5189914	0
1121402	0	55107	1
1121402	0	5587406	0
1121402	0	6001847	2
1121402	0	6392403	2
1121402	0	6900252	0
1121402	0	7017644	1
1121402	0	7059621	1
1121402	0	7098133	2
1121402	0	7125978	1
1121402	0	7125980	2
1121402	0	7125981	3
1121402	0	7125982	2
1121402	0	7125983	2
1121402	0	7125985	1
1121402	0	7125987	2
1121402	0	7134098	1
1121402	0	7142994	2
1121402	0	719124	1
1121402	0	7489485	1
1121402	0	7489486	1
1121402	0	7489487	1
1121402	0	7489488	0
1121402	0	7922814	0
1121402	0	8052617	2
1121402	0	8052619	2
1121402	0	8052620	3
1121402	0	8052621	2
1121402	0	8052622	2
1121402	0	8052623	2
1121402	0	8052624	2
1121402	0	879269	2
1121402	0	879273	0
1121402	0	879274	1
1121402	0	879278	0
1121402	0	8832490	0
1121402	0	993571	2
1121709	0	1003169	0
1121709	0	1095839	0
1121709	0	1095840	0
1121709	0	1095843	0
1121709	0	1282649	0
1121709	0	1282650	0
1121709	0	1332616	0
1121709	0	1332619	0
1121709	0	1752809	0
1121709	0	1752813	1
1121709	0	1995720	0
1121709	0	2051808	0
1121709	0	2051809	0
1121709	0	2051813	0
1121709	0	2167471	0
1121709	0	2438570	0
1121709	0	2537336	0
1121709	0	2537338	0
1121709	0	2537342	0
1121709	0	2706640	0
1121709	0	2706641	0
1121709	0	2706644	0
1121709	0	2706645	0
1121709	0	2706646	0
1121709	0	2735690	0
1121709	0	2735693	0
1121709	0	2742340	0
1121709	0	2940488	1
1121709	0	3030903	0
1121709	0	3158259	0
1121709	0	3165920	0
1121709	0	3165925	0
1121709	0	3334736	0
1121709	0	3423059	3
1121709	0	3423061	3
1121709	0	3423062	3
1121709	0	3423063	2
1121709	0	3423064	3
1121709	0	3423065	2
1121709	0	3423066	0
1121709	0	3423067	3
1121709	0	3762335	0
1121709	0	402054	0
1121709	0	425277	0
1121709	0	4438922	0
1121709	0	4463685	0
1121709	0	4668637	0
1121709	0	4697993	0
1121709	0	4883830	0
1121709	0	4935799	0
1121709	0	5014376	0
1121709	0	5014377	0
1121709	0	5014379	0
1121709	0	5014381	0
1121709	0	5014383	0
1121709	0	5092299	0
1121709	0	5231773	0
1121709	0	5346935	0
1121709	0	5463186	0
1121709	0	5707731	0
1121709	0	5938791	0
1121709	0	6026592	0
1121709	0	606074	0
1121709	0	606077	0
1121709	0	607064	0
1121709	0	6184887	0
1121709	0	6267737	0
1121709	0	6413363	1
1121709	0	6430192	0
1121709	0	6526914	0
1121709	0	6526915	0
1121709	0	6655453	0
1121709	0	6889434	0
1121709	0	6956259	0
1121709	0	700135	0
1121709	0	7313132	0
1121709	0	736611	0
1121709	0	7473134	0
1121709	0	7473136	0
1121709	0	7473137	0
1121709	0	7473140	0
1121709	0	8049577	3
1121709	0	8049578	3
1121709	0	8049579	2
1121709	0	8049580	2
1121709	0	8049582	2
1121709	0	8049583	3
1121709	0	8049584	2
1121709	0	8049585	2
1121709	0	8049586	1
1121709	0	8075352	0
1121709	0	8086376	0
1121709	0	8621375	0
1121709	0	8621380	0
1121709	0	868985	0
1121709	0	8722214	0
1121709	0	8722217	0
1121709	0	904704	0
1121709	0	904705	0
1121709	0	918204	1
1124210	0	11188	0
1124210	0	131190	3
1124210	0	1663644	0
1124210	0	1689639	3
1124210	0	1689640	2
1124210	0	176311	0
1124210	0	181175	2
1124210	0	181177	2
1124210	0	2085193	1
1124210	0	2089544	2
1124210	0	2258591	3
1124210	0	2258592	3
1124210	0	2258593	2
1124210	0	2258594	3
1124210	0	2258595	2
1124210	0	2258596	2
1124210	0	2258597	3
1124210	0	2258598	2
1124210	0	2274316	0
1124210	0	2399822	2
1124210	0	2433601	2
1124210	0	2433603	3
1124210	0	2433604	2
1124210	0	2461683	2
1124210	0	2494574	3
1124210	0	2494577	2
1124210	0	2500613	0
1124210	0	2553372	2
1124210	0	2650269	2
1124210	0	2728447	2
1124210	0	2728448	3
1124210	0	2753154	0
1124210	0	2806527	2
1124210	0	2859501	2
1124210	0	2958024	0
1124210	0	3031380	0
1124210	0	3162331	2
1124210	0	3263731	2
1124210	0	3289568	3
1124210	0	3466956	3
1124210	0	3587916	1
1124210	0	3657632	0
1124210	0	3750819	0
1124210	0	3848316	2
1124210	0	3848320	2
1124210	0	4002456	2
1124210	0	4303129	2
1124210	0	4553374	1
1124210	0	4648414	2
1124210	0	4651924	0
1124210	0	5032711	3
1124210	0	5056100	0
1124210	0	5098936	2
1124210	0	5098941	2
1124210	0	5281851	1
1124210	0	5401029	0
1124210	0	5463029	0
1124210	0	555792	1
1124210	0	5587711	2
1124210	0	5941717	3
1124210	0	6233255	2
1124210	0	6278958	0
1124210	0	6507996	2
1124210	0	6541864	2
1124210	0	6541866	2
1124210	0	6620551	2
1124210	0	6636929	0
1124210	0	6636931	2
1124210	0	6689006	1
1124210	0	6689009	1
1124210	0	6697410	1
1124210	0	6697412	2
1124210	0	7208694	0
1124210	0	7275367	2
1124210	0	7443583	3
1124210	0	7443586	3
1124210	0	7492993	1
1124210	0	7695217	2
1124210	0	7695224	2
1124210	0	7806221	3
1124210	0	7942807	2
1124210	0	8007295	0
1124210	0	8026735	2
1124210	0	8026737	3
1124210	0	8026739	2
1124210	0	8026740	2
1124210	0	8026743	3
1124210	0	8068727	1
1124210	0	8087696	2
1124210	0	8355477	2
1124210	0	8355483	2
1124210	0	8492305	2
1124210	0	8547690	3
1124210	0	8650641	2
1124210	0	8650642	2
1124210	0	8838005	0
1124210	0	926158	0
1124210	0	931162	2
1124210	0	931165	3
1124210	0	97689	2
1129237	0	1020793	1
1129237	0	120308	1
1129237	0	128982	3
1129237	0	128984	3
1129237	0	128986	1
1129237	0	128989	3
1129237	0	1296733	0
1129237	0	1676091	0
1129237	0	1850247	0
1129237	0	1904265	0
1129237	0	2152821	2
1129237	0	2152828	0
1129237	0	2522498	0
1129237	0	2580204	1
1129237	0	262487	0
1129237	0	2696926	2
1129237	0	2697745	1
1129237	0	2697746	2
1129237	0	2697752	3
1129237	0	2913079	0
1129237	0	2955243	1
1129237	0	3016192	0
1129237	0	302210	2
1129237	0	3153068	2
1129237	0	3227129	1
1129237	0	3279719	1
1129237	0	3636928	0
1129237	0	3641168	0
1129237	0	3683093	0
1129237	0	3683096	2
1129237	0	3808540	1
1129237	0	3900321	2
1129237	0	3905055	2
1129237	0	3905057	3
1129237	0	3905799	2
1129237	0	3905800	1
1129237	0	3905802	3
1129237	0	3905804	1
1129237	0	3979165	0
1129237	0	4141012	2
1129237	0	4254811	3
1129237	0	4254815	3
1129237	0	4254816	2
1129237	0	4486837	1
1129237	0	4569648	1
1129237	0	4801130	1
1129237	0	4884964	2
1129237	0	4915547	1
1129237	0	4946421	2
1129237	0	5187914	0
1129237	0	5310842	0
1129237	0	5310848	0
1129237	0	5619502	2
1129237	0	5644809	0
1129237	0	5644811	0
1129237	0	5831781	1
1129237	0	5831788	2
1129237	0	5906128	1
1129237	0	5906130	3
1129237	0	5906131	0
1129237	0	5906135	1
1129237	0	6080460	2
1129237	0	6343520	2
1129237	0	6343521	2
1129237	0	6447015	0
1129237	0	6640165	1
1129237	0	6903787	0
1129237	0	6956014	2
1129237	0	6969789	0
1129237	0	7050921	2
1129237	0	710733	2
1129237	0	7397082	0
1129237	0	7482392	0
1129237	0	7770526	0
1129237	0	7788682	0
1129237	0	7911557	3
1129237	0	806652	2
1129237	0	806653	0
1129237	0	8165055	1
1129237	0	8179084	0
1129237	0	8180273	0
1129237	0	824966	1
1129237	0	8431277	0
1129237	0	8431281	0
1129237	0	8450766	2
1129237	0	8469257	2
1129237	0	8588122	3
1129237	0	8588219	2
1129237	0	8588222	0
1129237	0	8588223	1
1129237	0	8588226	0
1129237	0	8588227	2
1129237	0	8596875	1
1129237	0	8630512	0
1129237	0	8658472	0
1129237	0	8682824	3
1129237	0	8710041	1
1129237	0	931707	1
1129237	0	998748	2
1129237	0	998751	3
1133167	0	1824479	3
1133167	0	1824480	3
1133167	0	1824481	2
1133167	0	1824483	3
1133167	0	1824484	2
1133167	0	1824485	3
1133167	0	1824486	3
1133167	0	1824487	3
1133167	0	1824488	3
1133167	0	1883272	3
1133167	0	1883273	3
1133167	0	1883276	3
1133167	0	1883281	3
1133167	0	190802	3
1133167	0	190803	3
1133167	0	190804	3
1133167	0	190805	3
1133167	0	190806	3
1133167	0	190809	3
1133167	0	190810	3
1133167	0	190811	3
1133167	0	2070087	2
1133167	0	2276678	3
1133167	0	2613291	2
1133167	0	2613296	3
1133167	0	3023120	3
1133167	0	3023121	2
1133167	0	3023123	3
1133167	0	3074598	3
1133167	0	3074599	3
1133167	0	3391439	3
1133167	0	3421898	3
1133167	0	3421899	3
1133167	0	3421900	3
1133167	0	3421906	3
1133167	0	3953805	3
1133167	0	434119	3
1133167	0	434120	3
1133167	0	434121	3
1133167	0	434125	3
1133167	0	4443371	3
1133167	0	4498473	2
1133167	0	4498474	3
1133167	0	4498475	3
1133167	0	4498476	3
1133167	0	4498478	2
1133167	0	4498479	3
1133167	0	4550240	3
1133167	0	4550243	3
1133167	0	4550244	3
1133167	0	4712273	3
1133167	0	4712275	2
1133167	0	4922619	3
1133167	0	4926197	3
1133167	0	4926201	1
1133167	0	4926202	2
1133167	0	4973626	3
1133167	0	5674623	2
1133167	0	5787117	2
1133167	0	6103289	2
1133167	0	6103291	2
1133167	0	6112586	3
1133167	0	6112587	3
1133167	0	6112590	3
1133167	0	6142	2
1133167	0	6467517	3
1133167	0	6467518	3
1133167	0	6467523	3
1133167	0	6467524	3
1133167	0	7093509	3
1133167	0	7093510	3
1133167	0	7093511	3
1133167	0	7093513	3
1133167	0	7217705	2
1133167	0	7217706	2
1133167	0	7218012	3
1133167	0	7218015	3
1133167	0	7486599	3
1133167	0	7486600	3
1133167	0	7486602	3
1133167	0	7762240	3
1133167	0	7793408	3
1133167	0	7793411	3
1133167	0	8003301	2
1133167	0	8033644	2
1133167	0	8033645	3
1133167	0	8033646	2
1133167	0	8033650	3
1133167	0	8160224	3
1133167	0	8160241	3
1133167	0	8160243	3
1133167	0	823272	3
1133167	0	823274	3
1133167	0	823275	3
1133167	0	823276	2
1133167	0	823277	3
1133167	0	8255705	3
1133167	0	8255706	3
1133167	0	8415743	3
1133167	0	8415744	2
130510	0	1105286	1
130510	0	1105290	1
130510	0	1244228	2
130510	0	1262132	1
130510	0	1262133	1
130510	0	1494930	2
130510	0	1494931	2
130510	0	1494932	2
130510	0	1494933	2
130510	0	1494934	3
130510	0	1494935	2
130510	0	1494936	3
130510	0	1494937	2
130510	0	1494938	3
130510	0	1494939	3
130510	0	1672906	2
130510	0	1766823	0
130510	0	1766826	0
130510	0	1864987	0
130510	0	1881833	2
130510	0	1881837	2
130510	0	1881838	2
130510	0	203714	1
130510	0	203718	3
130510	0	203721	1
130510	0	2407055	1
130510	0	2407058	1
130510	0	2407059	1
130510	0	2420310	1
130510	0	2796250	0
130510	0	2867680	1
130510	0	2881568	1
130510	0	2961567	1
130510	0	2982053	3
130510	0	3155834	1
130510	0	3155835	1
130510	0	3155837	1
130510	0	3155838	0
130510	0	3155839	0
130510	0	3155840	0
130510	0	3360244	1
130510	0	3913776	0
130510	0	4110458	0
130510	0	4110466	0
130510	0	4237516	0
130510	0	435588	0
130510	0	440976	0
130510	0	440978	0
130510	0	440983	1
130510	0	4528807	1
130510	0	4722583	1
130510	0	4748168	1
130510	0	474935	1
130510	0	5563751	1
130510	0	5622536	1
130510	0	5668640	1
130510	0	5668642	2
130510	0	5685707	1
130510	0	5732822	1
130510	0	5930013	1
130510	0	5984058	2
130510	0	6061506	0
130510	0	6061509	1
130510	0	6172269	0
130510	0	6229733	1
130510	0	6542824	1
130510	0	6614912	1
130510	0	6614916	1
130510	0	6703266	0
130510	0	6763277	2
130510	0	6780516	1
130510	0	6780520	1
130510	0	7125238	0
130510	0	7125239	2
130510	0	7125241	3
130510	0	7127694	1
130510	0	7129386	0
130510	0	7226977	1
130510	0	7501557	3
130510	0	7501558	3
130510	0	7501563	2
130510	0	768251	2
130510	0	7717233	1
130510	0	7840605	1
130510	0	799647	3
130510	0	80569	0
130510	0	8180119	1
130510	0	8287348	1
130510	0	8354778	1
130510	0	8384389	1
130510	0	8545281	1
130510	0	8612902	3
130510	0	8612903	3
130510	0	8612904	2
130510	0	8612905	2
130510	0	8612906	3
130510	0	8612909	3
130510	0	8612910	3
130510	0	956561	1
130510	0	996732	2
131843	0	1208161	0
131843	0	1222365	0
131843	0	1236267	0
131843	0	1288377	0
131843	0	1412225	0
131843	0	1429616	0
131843	0	1505736	0
131843	0	1594343	0
131843	0	1802988	0
131843	0	2056477	0
131843	0	2162844	0
131843	0	2241185	0
131843	0	2287018	0
131843	0	2458106	0
131843	0	2459046	0
131843	0	2795042	0
131843	0	2801714	0
131843	0	29030	0
131843	0	3047939	0
131843	0	3047940	0
131843	0	3092525	0
131843	0	3434695	0
131843	0	348759	0
131843	0	348760	0
131843	0	3527399	0
131843	0	3537787	1
131843	0	3553324	0
131843	0	3748231	0
131843	0	3841396	2
131843	0	3967164	0
131843	0	3967168	0
131843	0	4091094	0
131843	0	427728	0
131843	0	4440571	0
131843	0	4634395	0
131843	0	4634396	0
131843	0	4634397	0
131843	0	4634399	0
131843	0	4634400	0
131843	0	4634403	0
131843	0	4765732	0
131843	0	4765734	0
131843	0	4806979	1
131843	0	5103706	0
131843	0	5145702	0
131843	0	5145703	0
131843	0	5212622	0
131843	0	5212625	1
131843	0	5380690	0
131843	0	5423790	0
131843	0	5548319	0
131843	0	5548322	0
131843	0	5548323	0
131843	0	5548326	0
131843	0	5548327	0
131843	0	557332	0
131843	0	5715075	0
131843	0	5715079	0
131843	0	598554	0
131843	0	6121785	0
131843	0	6121787	0
131843	0	6143366	0
131843	0	6148486	0
131843	0	6195680	0
131843	0	6629203	0
131843	0	6629204	0
131843	0	6629206	0
131843	0	6667009	0
131843	0	6715415	0
131843	0	6803494	0
131843	0	6823129	0
131843	0	6863388	1
131843	0	6863389	0
131843	0	7141299	0
131843	0	7617276	0
131843	0	7635161	0
131843	0	8023784	0
131843	0	8069412	0
131843	0	8083953	0
131843	0	8102759	0
131843	0	8187665	0
131843	0	8187667	0
131843	0	8288868	0
131843	0	8305152	3
131843	0	8305153	3
131843	0	8305154	3
131843	0	8305155	3
131843	0	8305156	3
131843	0	8305158	3
131843	0	8327609	0
131843	0	8541969	0
131843	0	8731141	1
131843	0	8780259	0
131843	0	8780262	0
131843	0	8814234	0
131843	0	985988	2
131843	0	985990	2
131843	0	985991	2
131843	0	985992	2
131843	0	985994	3
146187	0	1028972	0
146187	0	1077549	0
146187	0	1110459	1
146187	0	1110463	1
146187	0	1144277	0
146187	0	1230566	1
146187	0	1312853	0
146187	0	1367167	0
146187	0	1367176	0
146187	0	1804746	0
146187	0	1841192	0
146187	0	1841195	1
146187	0	1841196	1
146187	0	1841197	1
146187	0	1869476	0
146187	0	1869481	0
146187	0	1972078	0
146187	0	1995994	0
146187	0	2009635	0
146187	0	2226093	1
146187	0	2246719	0
146187	0	2246721	0
146187	0	2257806	1
146187	0	2257810	0
146187	0	2365484	0
146187	0	3129298	0
146187	0	3129304	0
146187	0	315525	1
146187	0	3203261	0
146187	0	3615731	1
146187	0	3963187	1
146187	0	3963189	0
146187	0	4214923	1
146187	0	4214924	0
146187	0	4214925	1
146187	0	4216902	0
146187	0	4604562	0
146187	0	4777144	3
146187	0	4777148	1
146187	0	4921740	0
146187	0	4921741	0
146187	0	5050456	0
146187	0	5050464	0
146187	0	5238589	0
146187	0	5746033	0
146187	0	5746034	0
146187	0	5746036	0
146187	0	5836454	1
146187	0	5929433	0
146187	0	5999108	0
146187	0	6015025	2
146187	0	6015026	1
146187	0	6015027	1
146187	0	6073802	0
146187	0	6430257	1
146187	0	6430258	1
146187	0	6430259	0
146187	0	6430260	1
146187	0	6447377	0
146187	0	6483698	0
146187	0	6483701	0
146187	0	6483703	0
146187	0	6623314	0
146187	0	6929047	0
146187	0	7093332	0
146187	0	7093334	0
146187	0	7126360	0
146187	0	7405002	1
146187	0	744163	0
146187	0	744165	2
146187	0	744166	0
146187	0	744167	2
146187	0	744171	0
146187	0	76342	1
146187	0	76343	0
146187	0	76344	1
146187	0	76346	0
146187	0	76348	2
146187	0	76349	1
146187	0	76350	1
146187	0	76351	0
146187	0	7704674	1
146187	0	7704676	0
146187	0	7704677	0
146187	0	7772761	0
146187	0	7772762	0
146187	0	7836297	0
146187	0	7956019	1
146187	0	8113798	0
146187	0	8350557	0
146187	0	8434617	2
146187	0	8434618	2
146187	0	8434619	3
146187	0	8434620	2
146187	0	8434621	3
146187	0	8434622	2
146187	0	8434623	3
146187	0	8434624	3
146187	0	8434625	3
146187	0	8434626	3
148538	0	1147044	3
148538	0	1299824	2
148538	0	1311206	2
148538	0	1314489	2
148538	0	1384448	3
148538	0	1449786	2
148538	0	153920	2
148538	0	1568620	1
148538	0	1573498	2
148538	0	1828165	2
148538	0	1828171	2
148538	0	1950978	2
148538	0	1950983	2
148538	0	1967433	2
148538	0	1969519	2
148538	0	1969520	2
148538	0	1969521	3
148538	0	1985490	2
148538	0	1985491	3
148538	0	2033795	2
148538	0	208314	2
148538	0	2177849	2
148538	0	231453	3
148538	0	231455	3
148538	0	2368186	2
148538	0	2368189	3
148538	0	2455774	3
148538	0	2643562	2
148538	0	2731875	2
148538	0	2915322	2
148538	0	2915323	2
148538	0	2993239	2
148538	0	332400	2
148538	0	332401	2
148538	0	332402	2
148538	0	332406	2
148538	0	332407	2
148538	0	3353306	2
148538	0	3545040	2
148538	0	3693074	1
148538	0	3918785	2
148538	0	3997733	2
148538	0	4185812	2
148538	0	4185814	2
148538	0	4264121	2
148538	0	4264123	2
148538	0	4264124	2
148538	0	4264128	2
148538	0	4264129	1
148538	0	4447598	2
148538	0	4447601	3
148538	0	451558	2
148538	0	4539654	3
148538	0	4539657	2
148538	0	4539659	3
148538	0	4607262	2
148538	0	4607263	3
148538	0	4959633	2
148538	0	4959638	3
148538	0	5077704	2
148538	0	5077707	1
148538	0	5171603	2
148538	0	5171605	3
148538	0	5588133	2
148538	0	581145	2
148538	0	6037737	2
148538	0	615402	2
148538	0	615407	2
148538	0	6377909	2
148538	0	6543862	2
148538	0	6600519	2
148538	0	6697435	2
148538	0	6697437	2
148538	0	6846338	1
148538	0	6846340	2
148538	0	6846343	3
148538	0	6853480	2
148538	0	6873981	2
148538	0	6894608	2
148538	0	6894610	2
148538	0	7407803	3
148538	0	7407811	2
148538	0	7407812	2
148538	0	748721	2
148538	0	7529434	2
148538	0	7696389	1
148538	0	7796765	2
148538	0	8283527	1
148538	0	8283530	3
148538	0	8283531	3
148538	0	8283532	3
148538	0	929016	2
148538	0	985487	1
148538	0	985488	2
148538	0	985489	2
148538	0	985490	3
148538	0	985491	3
148538	0	985492	2
148538	0	985494	3
148538	0	986845	2
156493	0	1034435	2
156493	0	1101607	3
156493	0	1277720	3
156493	0	1277723	3
156493	0	1277725	3
156493	0	1277726	2
156493	0	1277727	3
156493	0	1347267	2
156493	0	1960254	2
156493	0	1960255	3
156493	0	1960257	3
156493	0	1960259	3
156493	0	1960260	3
156493	0	1960261	3
156493	0	2259179	2
156493	0	2259180	2
156493	0	2259182	3
156493	0	2259183	3
156493	0	2317807	3
156493	0	2411918	3
156493	0	2598786	2
156493	0	2598787	2
156493	0	2612486	3
156493	0	2612490	2
156493	0	2612491	3
156493	0	2612492	3
156493	0	2612493	3
156493	0	2616509	2
156493	0	2616512	2
156493	0	2717163	3
156493	0	2928700	3
156493	0	2928702	3
156493	0	2928704	3
156493	0	2928705	2
156493	0	2928707	3
156493	0	2949801	3
156493	0	2949802	3
156493	0	316872	2
156493	0	3258872	2
156493	0	3288595	3
156493	0	3288596	3
156493	0	3288597	3
156493	0	3288598	3
156493	0	3288599	3
156493	0	3288600	3
156493	0	3288601	3
156493	0	3288603	3
156493	0	349638	3
156493	0	349641	3
156493	0	349643	3
156493	0	349645	3
156493	0	3603920	3
156493	0	3603922	3
156493	0	3603923	2
156493	0	4542584	3
156493	0	4583221	3
156493	0	4648575	2
156493	0	4940228	2
156493	0	5346660	2
156493	0	5479183	2
156493	0	5530082	2
156493	0	5555919	2
156493	0	6139382	3
156493	0	6139383	2
156493	0	6139386	3
156493	0	6139387	2
156493	0	6524746	3
156493	0	6775071	3
156493	0	7371077	3
156493	0	7371078	2
156493	0	7371079	2
156493	0	7431316	2
156493	0	750111	2
156493	0	7529421	1
156493	0	7663269	2
156493	0	8029433	2
156493	0	8182159	3
156493	0	8182160	3
156493	0	8182161	3
156493	0	8182162	3
156493	0	8182163	2
156493	0	8182165	3
156493	0	8182166	3
156493	0	8245444	2
156493	0	8266017	3
156493	0	8273011	3
156493	0	8273017	3
156493	0	8273019	3
156493	0	8300113	2
156493	0	8820526	3
156493	0	885944	3
156493	0	911790	2
156493	0	95512	3
156493	0	95513	3
156493	0	95514	3
156493	0	95515	3
156493	0	95517	2
156493	0	95518	3
156493	0	95519	2
156493	0	95521	3
168216	0	1090089	2
168216	0	1090095	2
168216	0	1183706	3
168216	0	1301465	3
168216	0	1301466	2
168216	0	1301467	3
168216	0	1301468	2
168216	0	1301469	3
168216	0	1301471	3
168216	0	1301472	3
168216	0	1301473	2
168216	0	1301474	3
168216	0	13499	2
168216	0	1381477	3
168216	0	1735360	3
168216	0	2036279	3
168216	0	2210774	3
168216	0	2210775	3
168216	0	2210780	3
168216	0	2265769	2
168216	0	2790904	3
168216	0	3198680	2
168216	0	3198682	3
168216	0	3198684	2
168216	0	3198687	3
168216	0	3198689	3
168216	0	3344828	3
168216	0	3344832	1
168216	0	3344837	2
168216	0	3399712	3
168216	0	3399713	3
168216	0	3399715	3
168216	0	3399716	3
168216	0	3463556	3
168216	0	3681094	2
168216	0	3681095	3
168216	0	3681100	2
168216	0	3830857	3
168216	0	3908773	3
168216	0	3908774	3
168216	0	3908775	3
168216	0	3908776	3
168216	0	3908777	3
168216	0	3908778	2
168216	0	3908779	3
168216	0	4191395	3
168216	0	4245218	2
168216	0	4245223	2
168216	0	4324487	3
168216	0	4324491	2
168216	0	4324492	2
168216	0	4600607	2
168216	0	4600610	2
168216	0	5024307	3
168216	0	5024311	2
168216	0	5114458	2
168216	0	5935474	2
168216	0	5935476	3
168216	0	6012600	2
168216	0	6061718	3
168216	0	6061721	3
168216	0	6061722	3
168216	0	6061726	2
168216	0	6213322	3
168216	0	6213323	2
168216	0	6213324	3
168216	0	6213325	3
168216	0	6219118	2
168216	0	6264731	3
168216	0	6264732	3
168216	0	6264733	3
168216	0	6264734	2
168216	0	6264735	3
168216	0	6329932	2
168216	0	6426630	3
168216	0	6426631	3
168216	0	6426632	3
168216	0	6426633	3
168216	0	6426634	3
168216	0	6426637	2
168216	0	6426638	3
168216	0	6555034	2
168216	0	661750	3
168216	0	7337516	2
168216	0	7492753	2
168216	0	7492754	2
168216	0	7492755	3
168216	0	7595682	2
168216	0	8185131	3
168216	0	8185134	2
168216	0	8185135	3
168216	0	8185137	3
168216	0	8252763	2
168216	0	8731617	3
168216	0	8731620	1
168216	0	8731621	3
168216	0	8731622	3
168216	0	8731623	3
168216	0	8731624	2
168216	0	8731625	2
182539	0	1307232	2
182539	0	1307234	2
182539	0	1307235	3
182539	0	1504285	2
182539	0	1638687	3
182539	0	1638689	2
182539	0	1638690	2
182539	0	1664294	1
182539	0	1870363	2
182539	0	1879109	2
182539	0	2009617	1
182539	0	2009629	1
182539	0	2384731	0
182539	0	2384735	2
182539	0	2431122	1
182539	0	2674442	1
182539	0	2787602	2
182539	0	2823144	2
182539	0	2909954	2
182539	0	2909957	2
182539	0	2909959	2
182539	0	2909960	2
182539	0	2909961	3
182539	0	3293878	2
182539	0	3412555	1
182539	0	3760955	0
182539	0	3760957	2
182539	0	3760964	1
182539	0	3883077	3
182539	0	3883081	3
182539	0	423215	1
182539	0	4448399	2
182539	0	4468608	1
182539	0	4537743	0
182539	0	4730803	2
182539	0	4746166	2
182539	0	5020094	2
182539	0	5072935	0
182539	0	5317950	2
182539	0	5567729	2
182539	0	5567732	2
182539	0	57443	3
182539	0	57444	2
182539	0	57447	3
182539	0	57448	2
182539	0	57449	2
182539	0	57450	1
182539	0	57452	2
182539	0	6037973	2
182539	0	6081115	1
182539	0	6135907	1
182539	0	6413049	1
182539	0	6564983	2
182539	0	6596440	2
182539	0	6807899	1
182539	0	6807900	2
182539	0	6816571	2
182539	0	6816572	2
182539	0	6816573	2
182539	0	6816574	2
182539	0	6816576	2
182539	0	6816577	0
182539	0	6816579	2
182539	0	6933529	1
182539	0	697572	0
182539	0	6995118	3
182539	0	7050579	3
182539	0	7085057	0
182539	0	7153689	1
182539	0	7371253	2
182539	0	7371255	3
182539	0	7371257	2
182539	0	7371259	3
182539	0	7371261	2
182539	0	7371262	2
182539	0	7408022	2
182539	0	7527837	2
182539	0	7579347	2
182539	0	7579351	0
182539	0	7583024	2
182539	0	762792	2
182539	0	762795	1
182539	0	7686297	1
182539	0	7690609	3
182539	0	7807063	2
182539	0	8008661	1
182539	0	80372	1
182539	0	8112551	2
182539	0	8180622	2
182539	0	8299659	3
182539	0	8299660	2
182539	0	8299661	2
182539	0	8299665	2
182539	0	8299668	2
182539	0	8515182	3
182539	0	8757178	3
182539	0	8757179	2
182539	0	8757180	3
182539	0	8757181	3
182539	0	8757183	1
183378	0	1050571	2
183378	0	1289489	3
183378	0	1289490	3
183378	0	1289493	3
183378	0	1289495	1
183378	0	1289496	3
183378	0	1289497	3
183378	0	1730042	2
183378	0	1730858	1
183378	0	1960310	3
183378	0	2234245	2
183378	0	2352713	2
183378	0	2352716	3
183378	0	2874543	3
183378	0	3093214	3
183378	0	3093215	3
183378	0	3093217	3
183378	0	3185607	3
183378	0	3185611	3
183378	0	327908	2
183378	0	3389578	2
183378	0	3389579	2
183378	0	3389581	3
183378	0	3389584	3
183378	0	3605404	2
183378	0	3719069	2
183378	0	3719076	2
183378	0	376576	2
183378	0	3854428	2
183378	0	3928768	3
183378	0	4134897	2
183378	0	4134899	3
183378	0	4134902	3
183378	0	4493913	2
183378	0	4493914	3
183378	0	4493915	3
183378	0	4493916	3
183378	0	4493917	3
183378	0	4493918	2
183378	0	4493919	2
183378	0	4493920	3
183378	0	4493921	3
183378	0	4493922	2
183378	0	4727412	2
183378	0	4727417	2
183378	0	4727418	3
183378	0	4803847	3
183378	0	4803848	3
183378	0	4803850	2
183378	0	4803853	2
183378	0	4803855	2
183378	0	5391354	2
183378	0	5460936	2
183378	0	5460939	3
183378	0	5460941	2
183378	0	5534703	3
183378	0	5534707	3
183378	0	5534710	3
183378	0	5534711	3
183378	0	5817927	3
183378	0	6109461	3
183378	0	6247404	2
183378	0	6247405	3
183378	0	6291380	2
183378	0	6533300	3
183378	0	6548233	1
183378	0	6548235	2
183378	0	7398706	3
183378	0	7448291	2
183378	0	7449744	3
183378	0	7449747	2
183378	0	7449748	3
183378	0	7449750	3
183378	0	7449751	3
183378	0	7449752	3
183378	0	749540	2
183378	0	749542	3
183378	0	7593941	0
183378	0	7677975	3
183378	0	7678696	2
183378	0	7703397	3
183378	0	7811888	3
183378	0	7952868	2
183378	0	8121375	3
183378	0	8121380	2
183378	0	823211	2
183378	0	8570257	3
183378	0	8570258	3
183378	0	8570260	3
183378	0	8577213	2
183378	0	8577215	2
183378	0	8767239	3
183378	0	8767240	3
183378	0	8767241	2
183378	0	8794302	2
183378	0	8794303	2
183378	0	8794304	3
183378	0	8794306	3
183378	0	8794307	3
183378	0	8794308	2
19335	0	1054278	0
19335	0	1077788	2
19335	0	1160863	1
19335	0	1160871	1
19335	0	129765	0
19335	0	1316347	2
19335	0	1396142	0
19335	0	1396143	0
19335	0	1469573	2
19335	0	1568083	1
19335	0	161606	2
19335	0	1717015	2
19335	0	1717439	1
19335	0	1720387	2
19335	0	1720388	1
19335	0	1720389	2
19335	0	1720393	2
19335	0	1720395	2
19335	0	1905037	1
19335	0	1915754	2
19335	0	2020519	2
19335	0	2250973	2
19335	0	2304004	1
19335	0	2304005	2
19335	0	2437769	2
19335	0	2449497	2
19335	0	2459779	2
19335	0	2699379	2
19335	0	2874503	2
19335	0	3026405	0
19335	0	3026408	0
19335	0	3045565	2
19335	0	3045567	2
19335	0	3175481	2
19335	0	3175484	2
19335	0	342431	2
19335	0	3436236	1
19335	0	354219	1
19335	0	3559593	1
19335	0	3559596	1
19335	0	3587439	1
19335	0	3615077	2
19335	0	3706023	0
19335	0	429851	2
19335	0	4843828	2
19335	0	503739	2
19335	0	5051739	1
19335	0	5078863	1
19335	0	5081061	1
19335	0	527689	1
19335	0	527690	1
19335	0	527692	2
19335	0	527694	1
19335	0	527695	0
19335	0	527697	1
19335	0	527698	1
19335	0	5351351	1
19335	0	5508122	1
19335	0	5508123	1
19335	0	554950	2
19335	0	5711211	2
19335	0	5711213	0
19335	0	5711216	2
19335	0	5806604	1
19335	0	584350	2
19335	0	5870000	0
19335	0	6124004	2
19335	0	6184951	2
19335	0	6238007	0
19335	0	6294314	2
19335	0	6407998	1
19335	0	6452949	2
19335	0	6512137	2
19335	0	6512144	3
19335	0	6568700	2
19335	0	677305	1
19335	0	6902384	1
19335	0	7050803	2
19335	0	7122355	3
19335	0	7267246	1
19335	0	7267248	1
19335	0	7367410	1
19335	0	7367411	0
19335	0	7454464	1
19335	0	7460273	2
19335	0	7681710	1
19335	0	772234	2
19335	0	7763208	1
19335	0	8061829	2
19335	0	8184296	1
19335	0	8412681	2
19335	0	8412682	2
19335	0	8412683	2
19335	0	8412684	3
19335	0	8495708	0
19335	0	8495710	0
19335	0	8635984	2
19335	0	8786632	2
19335	0	8798994	0
19335	0	93557	2
207786	0	1081011	0
207786	0	1081014	0
207786	0	1392585	3
207786	0	1667536	1
207786	0	1667540	0
207786	0	2051016	1
207786	0	2051019	0
207786	0	2051020	2
207786	0	2051021	0
207786	0	2207751	0
207786	0	2430036	1
207786	0	2440415	0
207786	0	2440421	1
207786	0	2670733	0
207786	0	2763917	2
207786	0	2763922	1
207786	0	2763923	1
207786	0	2775833	0
207786	0	2775834	0
207786	0	2775835	0
207786	0	2775836	0
207786	0	2969228	0
207786	0	2969229	1
207786	0	2969232	1
207786	0	2969234	1
207786	0	3322527	1
207786	0	3322530	0
207786	0	3656958	1
207786	0	3855670	0
207786	0	3896738	0
207786	0	3896739	0
207786	0	3896742	1
207786	0	3896743	0
207786	0	3945573	0
207786	0	4016148	0
207786	0	4016149	0
207786	0	4218707	2
207786	0	4278001	0
207786	0	4342505	1
207786	0	4393128	0
207786	0	4465046	0
207786	0	4465050	1
207786	0	4613063	2
207786	0	4613065	2
207786	0	4672265	0
207786	0	4672268	0
207786	0	4695807	0
207786	0	4759179	1
207786	0	4759180	1
207786	0	4900223	1
207786	0	4900224	0
207786	0	493415	1
207786	0	493416	0
207786	0	5160451	0
207786	0	5175108	1
207786	0	5175109	0
207786	0	5184952	0
207786	0	524450	1
207786	0	5288615	0
207786	0	5297038	0
207786	0	5365939	0
207786	0	5365946	0
207786	0	5624831	1
207786	0	5845834	0
207786	0	5989435	0
207786	0	5989436	1
207786	0	5989442	0
207786	0	6023733	1
207786	0	6031623	1
207786	0	6031630	2
207786	0	6261311	0
207786	0	6526575	0
207786	0	6526580	0
207786	0	6822431	1
207786	0	7124121	1
207786	0	7331154	0
207786	0	7510476	0
207786	0	7622406	0
207786	0	7643812	1
207786	0	7643814	0
207786	0	7746367	0
207786	0	7777864	0
207786	0	7941579	3
207786	0	7963300	1
207786	0	8051707	0
207786	0	8053029	1
207786	0	8185061	1
207786	0	8185064	0
207786	0	8211377	1
207786	0	8273754	2
207786	0	8273755	1
207786	0	8273757	2
207786	0	8273758	3
207786	0	8273759	2
207786	0	8273760	2
207786	0	8273761	3
207786	0	8273762	3
207786	0	8273763	2
207786	0	8461486	0
207786	0	8651150	1
264014	0	1444286	2
264014	0	1610706	3
264014	0	1610707	3
264014	0	1610710	2
264014	0	1610711	2
264014	0	1610712	2
264014	0	1610714	2
264014	0	1804644	3
264014	0	2223171	2
264014	0	2420367	3
264014	0	2474340	2
264014	0	2474341	2
264014	0	2474342	3
264014	0	2474346	3
264014	0	2498169	3
264014	0	2572557	3
264014	0	2689662	3
264014	0	331929	3
264014	0	331931	3
264014	0	331932	2
264014	0	331934	3
264014	0	331936	2
264014	0	3338821	2
264014	0	3338825	3
264014	0	3338827	3
264014	0	3338828	2
264014	0	3372501	3
264014	0	3396076	3
264014	0	3577341	2
264014	0	3577342	2
264014	0	3577344	3
264014	0	3577345	2
264014	0	3577347	2
264014	0	3601328	2
264014	0	3666584	2
264014	0	3841908	3
264014	0	4367667	2
264014	0	447992	3
264014	0	4647186	3
264014	0	4687213	3
264014	0	4834545	2
264014	0	4834547	3
264014	0	4834548	3
264014	0	528372	3
264014	0	528375	3
264014	0	528379	2
264014	0	528380	3
264014	0	5328095	3
264014	0	5611210	2
264014	0	5611211	2
264014	0	5611212	3
264014	0	5611214	3
264014	0	5611216	2
264014	0	5611217	2
264014	0	5611218	3
264014	0	5611219	3
264014	0	5635519	2
264014	0	5635521	2
264014	0	5635522	3
264014	0	5819142	3
264014	0	5819145	3
264014	0	58386	3
264014	0	5849268	2
264014	0	5849270	2
264014	0	5849711	2
264014	0	5950718	3
264014	0	5950719	3
264014	0	5950721	3
264014	0	5950722	3
264014	0	5950723	3
264014	0	5950724	2
264014	0	5950726	3
264014	0	6105569	2
264014	0	6105571	3
264014	0	6105572	3
264014	0	6333839	2
264014	0	6334964	2
264014	0	6413951	2
264014	0	6555321	2
264014	0	6555322	3
264014	0	6641238	3
264014	0	6791760	3
264014	0	684616	3
264014	0	684618	3
264014	0	7323467	2
264014	0	7323468	2
264014	0	7323471	3
264014	0	7326932	3
264014	0	7326934	3
264014	0	7326936	3
264014	0	8502491	3
264014	0	8801661	3
264014	0	935825	3
264014	0	96851	3
264014	0	96852	2
264014	0	96854	3
264014	0	96855	3
264014	0	96857	3
264014	0	96858	3
264014	0	96859	2
359349	0	1306224	0
359349	0	1383279	2
359349	0	1394087	2
359349	0	1456209	0
359349	0	1456211	0
359349	0	1456212	0
359349	0	1521749	2
359349	0	1540097	0
359349	0	1830509	0
359349	0	1830512	2
359349	0	1830516	2
359349	0	1830517	3
359349	0	1892864	1
359349	0	205472	1
359349	0	2134318	1
359349	0	2134320	0
359349	0	2293820	3
359349	0	2444689	1
359349	0	2490389	0
359349	0	2490390	0
359349	0	2490392	0
359349	0	2490397	2
359349	0	2826510	3
359349	0	2826512	3
359349	0	3126802	1
359349	0	3176541	1
359349	0	3176542	1
359349	0	3193824	3
359349	0	3223831	3
359349	0	3223833	3
359349	0	3265497	1
359349	0	3645754	0
359349	0	3645761	0
359349	0	3900185	3
359349	0	4013723	3
359349	0	4020470	3
359349	0	4020471	1
359349	0	4020472	0
359349	0	4020474	3
359349	0	4020475	2
359349	0	4020476	0
359349	0	4020477	3
359349	0	4020478	1
359349	0	4020479	1
359349	0	4269559	0
359349	0	4474866	1
359349	0	457673	3
359349	0	4624153	2
359349	0	4646870	1
359349	0	5219976	0
359349	0	5345720	2
359349	0	5414623	0
359349	0	5414631	1
359349	0	5547389	1
359349	0	5547394	1
359349	0	5579653	1
359349	0	5615181	3
359349	0	5622886	1
359349	0	5686588	1
359349	0	576627	2
359349	0	576628	3
359349	0	576629	3
359349	0	576631	1
359349	0	576632	0
359349	0	576634	1
359349	0	576635	0
359349	0	6031050	0
359349	0	6031053	1
359349	0	6045519	0
359349	0	6081008	0
359349	0	6108721	3
359349	0	6412425	0
359349	0	6654071	0
359349	0	6817406	0
359349	0	68647	3
359349	0	68648	3
359349	0	68649	3
359349	0	68650	2
359349	0	68653	2
359349	0	68656	0
359349	0	6945211	0
359349	0	7062671	1
359349	0	725438	1
359349	0	7277971	1
359349	0	7544501	1
359349	0	7544503	1
359349	0	7544505	1
359349	0	7579883	1
359349	0	7651993	1
359349	0	7732667	0
359349	0	792264	0
359349	0	8058867	2
359349	0	8058873	2
359349	0	8125299	1
359349	0	8125300	1
359349	0	8167113	1
359349	0	8167114	2
359349	0	8456698	1
359349	0	927198	1
359349	0	943229	3
405717	0	1849743	2
405717	0	1976406	1
405717	0	1984962	2
405717	0	2125641	2
405717	0	2365659	2
405717	0	2365660	1
405717	0	2365661	2
405717	0	2365663	1
405717	0	2365665	2
405717	0	2514106	2
405717	0	2514107	2
405717	0	2642838	2
405717	0	2702419	2
405717	0	2702423	2
405717	0	2747484	2
405717	0	2747485	2
405717	0	2747486	2
405717	0	2747488	3
405717	0	2747489	2
405717	0	2747491	2
405717	0	2768521	2
405717	0	28368	2
405717	0	28372	2
405717	0	2879959	1
405717	0	2879960	2
405717	0	2879964	1
405717	0	3033900	2
405717	0	3033903	2
405717	0	3033904	2
405717	0	3033905	1
405717	0	3040883	1
405717	0	3274918	2
405717	0	3514259	2
405717	0	3606046	0
405717	0	3743460	0
405717	0	3743462	0
405717	0	3986303	2
405717	0	3986305	2
405717	0	3986306	2
405717	0	3986307	2
405717	0	3986308	2
405717	0	3986309	2
405717	0	4489661	2
405717	0	4489666	2
405717	0	4704973	2
405717	0	4704975	2
405717	0	4704978	2
405717	0	4704980	2
405717	0	4776926	2
405717	0	4776928	2
405717	0	4828118	3
405717	0	5079482	2
405717	0	5428443	2
405717	0	5638740	2
405717	0	5668741	2
405717	0	576346	1
405717	0	5857562	1
405717	0	6419725	1
405717	0	6426479	0
405717	0	6426483	1
405717	0	6442862	2
405717	0	6654652	2
405717	0	6654653	2
405717	0	6654655	2
405717	0	6654656	2
405717	0	6654658	1
405717	0	6654660	2
405717	0	6678050	2
405717	0	6741362	2
405717	0	6786304	2
405717	0	702383	2
405717	0	702386	2
405717	0	702391	2
405717	0	7170624	1
405717	0	7170625	1
405717	0	7170626	2
405717	0	7170630	3
405717	0	7170631	2
405717	0	7201359	1
405717	0	7201361	1
405717	0	7288990	2
405717	0	7288991	2
405717	0	7288996	2
405717	0	7447941	2
405717	0	7447942	1
405717	0	7447943	2
405717	0	758581	2
405717	0	758582	2
405717	0	758585	2
405717	0	758586	2
405717	0	7589975	2
405717	0	7728831	2
405717	0	7896211	2
405717	0	7896212	2
405717	0	8156519	2
405717	0	8433852	2
405717	0	8433854	3
405717	0	8433856	1
405717	0	8433858	2
405717	0	8610271	1
443396	0	1043988	1
443396	0	1091614	1
443396	0	1135750	2
443396	0	1135751	2
443396	0	1135757	0
443396	0	119472	1
443396	0	1262720	1
443396	0	1515376	0
443396	0	1843486	0
443396	0	2364911	0
443396	0	2638076	2
443396	0	2638078	1
443396	0	2638080	0
443396	0	2638081	1
443396	0	2638083	1
443396	0	2716450	0
443396	0	2716454	0
443396	0	2716455	1
443396	0	2767485	0
443396	0	2767487	0
443396	0	2819105	0
443396	0	3103995	2
443396	0	3256971	2
443396	0	3256974	2
443396	0	3323246	1
443396	0	3511993	0
443396	0	3599520	2
443396	0	360229	1
443396	0	360232	1
443396	0	3811857	1
443396	0	3915597	2
443396	0	3924405	0
443396	0	4041358	1
443396	0	4041361	2
443396	0	4205264	2
443396	0	4271441	0
443396	0	4511531	1
443396	0	4526739	1
443396	0	4526741	2
443396	0	4526744	2
443396	0	4526747	2
443396	0	456708	2
443396	0	456710	2
443396	0	4699186	1
443396	0	4774806	2
443396	0	4792649	1
443396	0	4792650	2
443396	0	4792653	0
443396	0	4792654	2
443396	0	4792655	1
443396	0	4825928	0
443396	0	4896251	1
443396	0	4935430	2
443396	0	5065439	0
443396	0	5158745	1
443396	0	5158746	1
443396	0	519923	1
443396	0	5224171	0
443396	0	5224173	0
443396	0	523589	1
443396	0	5311404	1
443396	0	5404318	0
443396	0	5404320	0
443396	0	5404322	1
443396	0	5902981	0
443396	0	6041945	0
443396	0	6085987	0
443396	0	6168532	0
443396	0	6168539	0
443396	0	6361505	2
443396	0	6361506	1
443396	0	6361507	2
443396	0	6486139	1
443396	0	6863144	1
443396	0	6881583	1
443396	0	7221395	1
443396	0	7620278	0
443396	0	7620279	1
443396	0	7703618	1
443396	0	7856435	1
443396	0	7856436	1
443396	0	7890878	1
443396	0	7890881	1
443396	0	7890882	1
443396	0	7911766	1
443396	0	7928757	0
443396	0	8079039	2
443396	0	8079040	1
443396	0	8079043	2
443396	0	8079046	2
443396	0	8079047	0
443396	0	8128960	0
443396	0	8416862	0
443396	0	8536118	3
443396	0	8536122	2
443396	0	8536123	2
443396	0	8575351	0
443396	0	8769481	1
443396	0	8769490	1
443396	0	8793491	2
451602	0	1078133	2
451602	0	1078134	2
451602	0	1078138	2
451602	0	1094138	3
451602	0	1277286	2
451602	0	1277287	1
451602	0	1277289	2
451602	0	1277290	2
451602	0	1277293	2
451602	0	1277294	0
451602	0	1626653	1
451602	0	2084909	2
451602	0	2176455	2
451602	0	2176458	2
451602	0	2312864	2
451602	0	2329895	2
451602	0	2414919	2
451602	0	2486935	1
451602	0	2922145	1
451602	0	2922147	2
451602	0	3052112	2
451602	0	3052115	2
451602	0	3090666	1
451602	0	3090667	2
451602	0	3090670	1
451602	0	3177691	3
451602	0	3177692	1
451602	0	3177694	2
451602	0	3177696	1
451602	0	3493825	2
451602	0	3790251	2
451602	0	3994779	1
451602	0	4264167	0
451602	0	4345752	2
451602	0	4453605	2
451602	0	4453608	2
451602	0	4487185	1
451602	0	4495080	2
451602	0	4559055	1
451602	0	4865759	0
451602	0	4874640	2
451602	0	4874641	2
451602	0	4874645	2
451602	0	5018391	2
451602	0	5053852	2
451602	0	5179251	3
451602	0	5211036	2
451602	0	5475308	2
451602	0	5475312	2
451602	0	5538937	2
451602	0	5538938	2
451602	0	5538945	1
451602	0	5655693	2
451602	0	6132119	1
451602	0	6286973	2
451602	0	6286975	2
451602	0	6286976	2
451602	0	6286977	2
451602	0	6286978	2
451602	0	6286980	2
451602	0	6286981	2
451602	0	6286982	2
451602	0	6618756	2
451602	0	6618763	2
451602	0	7179473	2
451602	0	7403454	1
451602	0	7800959	3
451602	0	7800962	2
451602	0	7804170	2
451602	0	8019873	0
451602	0	8025740	2
451602	0	8033471	1
451602	0	8033472	2
451602	0	8124687	0
451602	0	8214451	2
451602	0	8214452	2
451602	0	8383461	2
451602	0	8383462	2
451602	0	8383463	2
451602	0	8383465	2
451602	0	8390518	2
451602	0	8390519	2
451602	0	8390523	1
451602	0	8390525	2
451602	0	8390526	1
451602	0	847213	1
451602	0	8485130	2
451602	0	8485131	2
451602	0	8485133	1
451602	0	8485136	1
451602	0	8540468	2
451602	0	8540473	2
451602	0	8621776	2
451602	0	8621779	2
451602	0	8621781	2
451602	0	8621784	2
451602	0	8787234	2
451602	0	96222	2
451602	0	96229	2
451602	0	998695	1
47923	0	1161940	2
47923	0	129218	2
47923	0	1346412	2
47923	0	1508659	2
47923	0	1681331	3
47923	0	1681332	3
47923	0	1681333	3
47923	0	1681334	3
47923	0	1681336	3
47923	0	1681337	3
47923	0	1681339	3
47923	0	1681340	3
47923	0	1868437	2
47923	0	1960681	2
47923	0	2043791	0
47923	0	2135499	2
47923	0	2508227	2
47923	0	2670112	2
47923	0	2699736	2
47923	0	2699737	2
47923	0	2831042	2
47923	0	2838662	2
47923	0	291219	2
47923	0	3306871	1
47923	0	3348831	2
47923	0	3348834	2
47923	0	3348838	2
47923	0	3395317	2
47923	0	3630933	2
47923	0	3744477	1
47923	0	3853973	0
47923	0	385687	2
47923	0	4064329	2
47923	0	4119528	2
47923	0	4202492	0
47923	0	4257344	2
47923	0	4297620	3
47923	0	4525877	2
47923	0	4652795	3
47923	0	472111	2
47923	0	473807	3
47923	0	473809	3
47923	0	4778734	2
47923	0	5032362	3
47923	0	5032364	2
47923	0	5032365	2
47923	0	5137400	2
47923	0	5147526	2
47923	0	5147527	2
47923	0	5147528	2
47923	0	5147529	2
47923	0	5147530	2
47923	0	525511	2
47923	0	5282403	2
47923	0	5289336	1
47923	0	5417578	2
47923	0	5417579	2
47923	0	5417581	2
47923	0	5417582	3
47923	0	5417584	2
47923	0	5878048	2
47923	0	5936350	2
47923	0	5949693	2
47923	0	618556	2
47923	0	6191	2
47923	0	6241147	3
47923	0	6241148	3
47923	0	6241150	3
47923	0	6241151	3
47923	0	6241152	3
47923	0	6241153	3
47923	0	6241154	3
47923	0	6272906	2
47923	0	6643066	3
47923	0	6919836	3
47923	0	6919841	2
47923	0	7086728	2
47923	0	7417276	2
47923	0	7430505	2
47923	0	7685162	2
47923	0	7747055	2
47923	0	7936847	2
47923	0	8110288	1
47923	0	8110289	2
47923	0	8216702	2
47923	0	8327407	2
47923	0	8348762	3
47923	0	8418678	3
47923	0	8418681	3
47923	0	8418683	3
47923	0	8418684	2
47923	0	8418686	3
47923	0	8421421	2
47923	0	8641101	0
47923	0	8641104	3
47923	0	8641106	3
47923	0	8641107	3
47923	0	913042	3
47923	0	913049	1
47923	0	986177	3
489204	0	1051492	2
489204	0	1051494	2
489204	0	1051498	2
489204	0	1225589	2
489204	0	1225591	2
489204	0	1231677	2
489204	0	1310103	2
489204	0	136257	2
489204	0	1418931	2
489204	0	1418933	2
489204	0	1479542	2
489204	0	152948	2
489204	0	152951	2
489204	0	152954	2
489204	0	1664643	2
489204	0	1688165	2
489204	0	1759354	2
489204	0	1759357	2
489204	0	1759359	2
489204	0	1778458	2
489204	0	1778462	2
489204	0	185678	2
489204	0	2016623	1
489204	0	2163701	2
489204	0	216490	2
489204	0	216492	2
489204	0	2268651	2
489204	0	2268652	2
489204	0	2268654	2
489204	0	2268655	2
489204	0	2959687	2
489204	0	2996548	2
489204	0	3053140	2
489204	0	3623668	2
489204	0	3665912	2
489204	0	3665914	2
489204	0	3728441	2
489204	0	3728444	1
489204	0	3728445	2
489204	0	3744940	2
489204	0	3980122	2
489204	0	3980126	2
489204	0	3981857	2
489204	0	4029846	2
489204	0	4142348	2
489204	0	4387756	2
489204	0	4586570	2
489204	0	4669688	2
489204	0	4669690	2
489204	0	4917998	2
489204	0	533017	2
489204	0	5705356	2
489204	0	5815957	2
489204	0	5815958	2
489204	0	5842850	2
489204	0	5895917	2
489204	0	6087663	2
489204	0	6087666	2
489204	0	6087671	2
489204	0	6327174	2
489204	0	6327175	2
489204	0	6327176	2
489204	0	6327177	2
489204	0	6327181	2
489204	0	6327182	2
489204	0	6536367	2
489204	0	6542578	2
489204	0	6581771	2
489204	0	66437	2
489204	0	6652051	2
489204	0	6652052	2
489204	0	6652053	2
489204	0	678245	2
489204	0	7113153	2
489204	0	7522962	2
489204	0	753265	2
489204	0	759510	2
489204	0	7696283	2
489204	0	7734612	2
489204	0	8376905	2
489204	0	8376906	1
489204	0	8376909	2
489204	0	8376910	2
489204	0	8463820	3
489204	0	8463823	3
489204	0	852257	2
489204	0	855963	2
489204	0	855964	2
489204	0	855967	2
489204	0	855969	2
489204	0	855972	2
489204	0	8594271	2
489204	0	8594272	2
489204	0	8594273	2
489204	0	8594277	2
489204	0	8737051	2
489204	0	8781574	2
489204	0	8781577	2
489204	0	942473	2
489204	0	973923	2
490595	0	1044147	2
490595	0	1160847	3
490595	0	1194060	2
490595	0	1288938	2
490595	0	1288942	3
490595	0	1370801	0
490595	0	1473259	3
490595	0	1620438	2
490595	0	1652460	3
490595	0	1929910	3
490595	0	1929911	2
490595	0	2661183	2
490595	0	2850740	2
490595	0	3572695	2
490595	0	3572698	2
490595	0	3572701	2
490595	0	3780923	2
490595	0	3833407	2
490595	0	3833409	2
490595	0	3833413	2
490595	0	3833414	2
490595	0	3937196	2
490595	0	3937197	3
490595	0	3937200	2
490595	0	3937201	2
490595	0	3937202	2
490595	0	3937203	3
490595	0	3937204	2
490595	0	4082319	1
490595	0	4082324	0
490595	0	4292443	2
490595	0	4737059	3
490595	0	4737060	3
490595	0	4737061	3
490595	0	4737062	2
490595	0	4737063	3
490595	0	4737064	3
490595	0	4737065	3
490595	0	4737066	3
490595	0	4737067	2
490595	0	4737068	2
490595	0	4763066	3
490595	0	4763067	2
490595	0	4763070	2
490595	0	4776583	1
490595	0	4842889	3
490595	0	4842890	3
490595	0	4842891	3
490595	0	4842894	2
490595	0	4842895	2
490595	0	4842896	2
490595	0	4842897	2
490595	0	5112294	2
490595	0	5128293	2
490595	0	5247992	3
490595	0	5247999	3
490595	0	5248000	2
490595	0	526093	2
490595	0	5349566	0
490595	0	5359212	2
490595	0	549465	3
490595	0	559485	1
490595	0	5612095	1
490595	0	5612099	2
490595	0	5633627	2
490595	0	5633631	2
490595	0	6066626	2
490595	0	6455761	0
490595	0	6686784	3
490595	0	6742119	3
490595	0	6971303	0
490595	0	6976956	2
490595	0	7065739	1
490595	0	7340532	2
490595	0	7364608	1
490595	0	7422680	1
490595	0	7600745	2
490595	0	7704029	2
490595	0	777201	1
490595	0	7839904	2
490595	0	7839905	2
490595	0	7839906	3
490595	0	7839907	2
490595	0	7839908	2
490595	0	7839911	2
490595	0	7968900	2
490595	0	7994361	0
490595	0	805046	3
490595	0	805047	2
490595	0	805048	3
490595	0	805049	2
490595	0	805050	3
490595	0	805051	3
490595	0	8095032	1
490595	0	8485139	3
490595	0	8485140	2
490595	0	8485141	3
490595	0	8709994	2
490595	0	8716499	0
490595	0	903932	1
527433	0	1212783	1
527433	0	1212784	1
527433	0	1212787	1
527433	0	1217016	2
527433	0	1379236	2
527433	0	1379237	1
527433	0	1379238	1
527433	0	1379239	1
527433	0	1379240	2
527433	0	1379242	2
527433	0	1379245	2
527433	0	1404580	1
527433	0	1511548	2
527433	0	1511556	1
527433	0	1664518	2
527433	0	1753604	1
527433	0	2045580	2
527433	0	2496222	1
527433	0	2496227	1
527433	0	2649533	1
527433	0	269422	1
527433	0	269424	1
527433	0	269425	1
527433	0	269426	1
527433	0	269428	1
527433	0	269430	1
527433	0	2722036	1
527433	0	286674	1
527433	0	3224400	1
527433	0	3294599	2
527433	0	3339572	1
527433	0	3425595	2
527433	0	3430045	1
527433	0	3774355	1
527433	0	3774357	1
527433	0	3774358	1
527433	0	3774360	1
527433	0	3835729	2
527433	0	3835730	1
527433	0	3835731	2
527433	0	3835732	2
527433	0	3835735	2
527433	0	3835736	1
527433	0	3973282	1
527433	0	3973284	1
527433	0	3973285	1
527433	0	3973286	1
527433	0	4046876	2
527433	0	4064457	1
527433	0	4064459	1
527433	0	4261630	1
527433	0	4402992	1
527433	0	452715	2
527433	0	467601	2
527433	0	4958698	1
527433	0	4990159	0
527433	0	5154358	0
527433	0	5154365	1
527433	0	5295980	0
527433	0	5466807	2
527433	0	5466810	2
527433	0	5466811	1
527433	0	5466812	1
527433	0	5479497	1
527433	0	5603298	1
527433	0	5672164	1
527433	0	5672166	1
527433	0	5690938	1
527433	0	5690943	1
527433	0	5690947	1
527433	0	5908498	1
527433	0	6015377	1
527433	0	6038397	1
527433	0	6038404	1
527433	0	6065675	2
527433	0	6065681	1
527433	0	6065683	1
527433	0	6186391	1
527433	0	6186393	2
527433	0	6214995	0
527433	0	6215001	2
527433	0	6215002	1
527433	0	6398041	2
527433	0	6398043	1
527433	0	6398045	1
527433	0	6398047	1
527433	0	6928819	1
527433	0	7105530	1
527433	0	7357591	2
527433	0	7607669	2
527433	0	7799466	2
527433	0	8306449	1
527433	0	8306451	1
527433	0	8617267	1
527433	0	8617271	3
527433	0	8617273	1
527433	0	8617274	1
527433	0	8827925	2
527433	0	8827928	2
527433	0	975967	2
573724	0	1005338	2
573724	0	104856	2
573724	0	1113579	2
573724	0	1165124	2
573724	0	1165128	2
573724	0	1165129	3
573724	0	1509940	3
573724	0	1509942	3
573724	0	1509944	2
573724	0	162151	3
573724	0	1816038	3
573724	0	2133806	3
573724	0	2186124	2
573724	0	2417985	2
573724	0	2635262	3
573724	0	2910045	2
573724	0	305009	1
573724	0	3059589	2
573724	0	3146236	3
573724	0	3146238	2
573724	0	3146240	3
573724	0	3365631	3
573724	0	3365632	3
573724	0	3365633	2
573724	0	3365635	2
573724	0	3365636	3
573724	0	3365637	2
573724	0	3365638	3
573724	0	3365639	2
573724	0	3412325	2
573724	0	3492364	2
573724	0	3546092	2
573724	0	3617636	2
573724	0	394136	3
573724	0	394138	3
573724	0	394139	3
573724	0	394141	3
573724	0	394142	3
573724	0	4017883	2
573724	0	4360246	2
573724	0	4853172	1
573724	0	5047796	3
573724	0	5185664	2
573724	0	5185671	2
573724	0	5310530	3
573724	0	5339620	3
573724	0	5384308	2
573724	0	5721829	3
573724	0	5721831	3
573724	0	5962420	2
573724	0	5962423	3
573724	0	5962424	2
573724	0	5962425	2
573724	0	5962426	2
573724	0	5962427	2
573724	0	5962428	2
573724	0	6304877	1
573724	0	6496777	2
573724	0	6776717	3
573724	0	7104825	3
573724	0	7104826	3
573724	0	7104827	2
573724	0	7199667	2
573724	0	7199669	3
573724	0	7199672	2
573724	0	7199673	3
573724	0	7199674	2
573724	0	7199675	2
573724	0	7275118	1
573724	0	7384329	2
573724	0	7384331	2
573724	0	7384332	2
573724	0	7384333	2
573724	0	7530702	2
573724	0	7609926	2
573724	0	7609927	3
573724	0	7609928	2
573724	0	7609929	2
573724	0	7609930	2
573724	0	7609932	2
573724	0	7609933	2
573724	0	7674858	3
573724	0	7674859	3
573724	0	7674861	2
573724	0	7964601	2
573724	0	8047166	2
573724	0	8047172	2
573724	0	8441637	3
573724	0	8441642	3
573724	0	8444727	2
573724	0	8444728	3
573724	0	8573967	2
573724	0	87400	2
573724	0	87402	2
573724	0	87404	2
573724	0	87405	3
573724	0	87409	2
573724	0	8833192	3
573724	0	8833194	3
573724	0	8833199	2
833860	0	115142	1
833860	0	1187661	1
833860	0	1229019	0
833860	0	1733841	0
833860	0	1889863	2
833860	0	2206194	2
833860	0	2206195	2
833860	0	2206196	2
833860	0	2206197	2
833860	0	2206198	1
833860	0	2206199	0
833860	0	2579885	0
833860	0	2579892	0
833860	0	2654110	0
833860	0	2702357	1
833860	0	2829180	0
833860	0	2829181	0
833860	0	2990817	0
833860	0	2990820	0
833860	0	3087477	1
833860	0	3087481	2
833860	0	3087483	1
833860	0	3337874	0
833860	0	3337877	0
833860	0	3421947	1
833860	0	3437281	3
833860	0	3437283	1
833860	0	3437284	2
833860	0	3437285	2
833860	0	3437286	2
833860	0	3437288	2
833860	0	3437289	2
833860	0	3437290	2
833860	0	3494802	0
833860	0	3494809	0
833860	0	3798217	0
833860	0	3924121	0
833860	0	4046123	0
833860	0	4046125	0
833860	0	4046129	0
833860	0	4086000	0
833860	0	4086001	0
833860	0	4086002	0
833860	0	4086003	0
833860	0	4086006	0
833860	0	4121472	0
833860	0	4166209	0
833860	0	4166210	0
833860	0	4539590	0
833860	0	4544257	0
833860	0	46390	0
833860	0	4881965	2
833860	0	5167510	2
833860	0	5167512	2
833860	0	5167513	2
833860	0	5167514	0
833860	0	5167518	2
833860	0	5832657	2
833860	0	5897836	0
833860	0	5897839	0
833860	0	6083481	1
833860	0	6083487	0
833860	0	6211800	2
833860	0	6218032	2
833860	0	6230220	2
833860	0	6230221	2
833860	0	6230222	2
833860	0	6230223	2
833860	0	6230224	2
833860	0	6230225	2
833860	0	6230226	2
833860	0	6230227	2
833860	0	6230228	2
833860	0	6230229	2
833860	0	6292957	1
833860	0	6683659	0
833860	0	6804392	0
833860	0	6875877	1
833860	0	7061642	0
833860	0	7125488	0
833860	0	7435480	0
833860	0	7506146	0
833860	0	7548083	0
833860	0	7706738	2
833860	0	7944293	1
833860	0	8344031	2
833860	0	8400003	0
833860	0	8400005	0
833860	0	858687	0
833860	0	858688	0
833860	0	8697642	0
833860	0	8705868	0
833860	0	871334	0
833860	0	8767220	0
833860	0	8770262	0
833860	0	8833502	2
833860	0	8833504	2
833860	0	8833506	2
833860	0	8833509	2
833860	0	921798	0
855410	0	103039	2
855410	0	1147343	0
855410	0	1273115	0
855410	0	133350	0
855410	0	133357	0
855410	0	1441918	0
855410	0	149560	0
855410	0	1568738	1
855410	0	1599285	0
855410	0	1849825	0
855410	0	1981079	0
855410	0	1981080	0
855410	0	2089151	0
855410	0	2634476	0
855410	0	2700915	0
855410	0	2790292	1
855410	0	2882395	0
855410	0	2882396	0
855410	0	2969826	0
855410	0	317640	0
855410	0	330752	0
855410	0	3313818	0
855410	0	3319653	0
855410	0	3351348	1
855410	0	3394509	0
855410	0	3394513	0
855410	0	3395167	0
855410	0	3530757	3
855410	0	3530758	3
855410	0	3530762	3
855410	0	3544499	0
855410	0	3544501	0
855410	0	3614344	1
855410	0	3614350	1
855410	0	3723410	0
855410	0	3723411	0
855410	0	3723413	0
855410	0	3723415	0
855410	0	3723417	0
855410	0	3723418	0
855410	0	3798301	0
855410	0	3920974	0
855410	0	4100597	0
855410	0	4434033	1
855410	0	455368	0
855410	0	464946	1
855410	0	4876761	1
855410	0	4876764	1
855410	0	5321528	0
855410	0	5451277	0
855410	0	5630945	0
855410	0	5723208	0
855410	0	5723210	0
855410	0	5799767	0
855410	0	5799774	0
855410	0	5940976	0
855410	0	5962462	0
855410	0	5965635	0
855410	0	5979006	0
855410	0	6013113	0
855410	0	6013115	0
855410	0	6167255	0
855410	0	6167257	0
855410	0	627744	0
855410	0	6464782	0
855410	0	6481237	0
855410	0	6481240	0
855410	0	6481241	0
855410	0	6497404	0
855410	0	6615899	0
855410	0	6781351	0
855410	0	6781357	1
855410	0	6781360	0
855410	0	681985	0
855410	0	681987	0
855410	0	681988	0
855410	0	722968	0
855410	0	7340395	0
855410	0	7523586	0
855410	0	8157624	0
855410	0	8288124	0
855410	0	8622627	0
855410	0	862689	0
855410	0	862690	0
855410	0	862695	0
855410	0	8651770	2
855410	0	8651771	2
855410	0	8651772	1
855410	0	8651773	3
855410	0	8651775	2
855410	0	8651776	1
855410	0	8651778	1
855410	0	8663507	0
855410	0	8720966	2
855410	0	8776511	0
855410	0	8776516	0
855410	0	8776517	0
855410	0	8776519	0
855410	0	8776520	0
855410	0	944479	0
87181	0	1059517	2
87181	0	1129072	2
87181	0	123547	1
87181	0	1700168	2
87181	0	1766470	1
87181	0	1902826	2
87181	0	1902827	0
87181	0	1950532	3
87181	0	1992881	2
87181	0	2307979	2
87181	0	2528292	2
87181	0	2530252	1
87181	0	2530257	2
87181	0	2556144	1
87181	0	2556147	1
87181	0	2556150	1
87181	0	2556151	2
87181	0	2556152	2
87181	0	2556153	2
87181	0	2714169	1
87181	0	2922857	1
87181	0	2986227	2
87181	0	2986231	1
87181	0	2986234	1
87181	0	2993464	2
87181	0	3216315	2
87181	0	3216319	2
87181	0	3363613	2
87181	0	3363614	2
87181	0	3445699	2
87181	0	4190143	2
87181	0	4632251	2
87181	0	4639455	2
87181	0	4689523	3
87181	0	4689524	2
87181	0	4689525	2
87181	0	471769	0
87181	0	47203	0
87181	0	47205	0
87181	0	47206	0
87181	0	47207	2
87181	0	47210	0
87181	0	47211	2
87181	0	47212	2
87181	0	4786305	2
87181	0	4786306	2
87181	0	5197130	0
87181	0	5197133	0
87181	0	5197135	2
87181	0	5197138	0
87181	0	5469038	3
87181	0	5497677	3
87181	0	5531010	0
87181	0	5899049	2
87181	0	6129695	2
87181	0	6262327	2
87181	0	6429125	1
87181	0	6484575	3
87181	0	6484576	3
87181	0	6484577	2
87181	0	6484578	2
87181	0	6521360	2
87181	0	6521363	1
87181	0	6521366	3
87181	0	6685092	3
87181	0	6896088	1
87181	0	6969187	2
87181	0	7057928	2
87181	0	742425	3
87181	0	7504775	0
87181	0	7666828	1
87181	0	7666831	1
87181	0	7898244	2
87181	0	8037179	2
87181	0	8151921	2
87181	0	8151922	2
87181	0	8151926	2
87181	0	8165398	2
87181	0	8165401	2
87181	0	8165403	1
87181	0	8165404	2
87181	0	8183982	2
87181	0	8332546	3
87181	0	8332547	3
87181	0	8332551	1
87181	0	8332555	2
87181	0	8522403	2
87181	0	8534129	3
87181	0	8534130	3
87181	0	8534133	1
87181	0	8534134	3
87181	0	8534135	2
87181	0	8534136	2
87181	0	8565420	2
87181	0	8664069	2
87181	0	8683178	2
87181	0	8683181	1
87181	0	8683183	2
87181	0	8683185	3
87181	0	8738510	2
87452	0	1395625	2
87452	0	1395631	2
87452	0	1395633	2
87452	0	1528487	2
87452	0	1598547	2
87452	0	1689964	1
87452	0	1749882	2
87452	0	186931	2
87452	0	186939	2
87452	0	1890452	2
87452	0	2205470	2
87452	0	2205474	0
87452	0	2205477	1
87452	0	2624886	2
87452	0	3086589	2
87452	0	3161806	1
87452	0	3161807	1
87452	0	3161812	1
87452	0	3242437	2
87452	0	3505336	1
87452	0	4008486	2
87452	0	4008487	2
87452	0	4008488	2
87452	0	4008489	2
87452	0	4008491	2
87452	0	4008492	2
87452	0	4008494	2
87452	0	4307936	2
87452	0	4634896	2
87452	0	4634899	2
87452	0	4634900	2
87452	0	4634903	2
87452	0	4634904	2
87452	0	4846197	2
87452	0	4872050	0
87452	0	4872055	2
87452	0	5286924	2
87452	0	5502955	1
87452	0	5751686	2
87452	0	5851090	2
87452	0	5851095	2
87452	0	5851096	2
87452	0	5851098	2
87452	0	5878827	2
87452	0	6018160	2
87452	0	6018161	2
87452	0	6018162	2
87452	0	6018163	2
87452	0	6018164	2
87452	0	6018165	2
87452	0	6018166	2
87452	0	6018167	2
87452	0	6018168	2
87452	0	6018169	2
87452	0	612267	1
87452	0	7304545	2
87452	0	7388835	0
87452	0	7426326	0
87452	0	7444007	2
87452	0	7843982	2
87452	0	7843984	2
87452	0	7860960	1
87452	0	7965004	2
87452	0	7965005	2
87452	0	7965008	2
87452	0	7965011	2
87452	0	8152220	2
87452	0	8152222	2
87452	0	8152223	2
87452	0	8152225	2
87452	0	8152226	2
87452	0	8152227	2
87452	0	8333912	2
87452	0	8333913	2
87452	0	8333916	3
87452	0	8333917	2
87452	0	8333919	2
87452	0	8333920	2
87452	0	8333921	2
87452	0	8344640	1
87452	0	8436571	2
87452	0	8436572	1
87452	0	8436573	1
87452	0	8436574	2
87452	0	8436575	2
87452	0	8436576	2
87452	0	8436577	2
87452	0	8436578	2
87452	0	8436579	2
87452	0	8436580	2
87452	0	8453299	2
87452	0	8453304	2
87452	0	8680815	2
87452	0	8729943	1
87452	0	8819111	2
87452	0	8819112	3
87452	0	8819113	2
87452	0	8819114	2
87452	0	8819116	2
87452	0	994547	2
915593	0	1033076	2
915593	0	1396701	2
915593	0	1396706	1
915593	0	1396707	1
915593	0	1772930	2
915593	0	1772932	1
915593	0	1907207	2
915593	0	2210590	2
915593	0	2210591	2
915593	0	2210592	2
915593	0	2210593	2
915593	0	2210594	2
915593	0	2210595	2
915593	0	2210596	1
915593	0	2210597	2
915593	0	2210598	1
915593	0	2210599	1
915593	0	2637186	1
915593	0	2755128	1
915593	0	275726	2
915593	0	2923494	2
915593	0	3037805	1
915593	0	3037814	1
915593	0	3143377	1
915593	0	3375966	1
915593	0	3485338	2
915593	0	3523599	1
915593	0	3523602	1
915593	0	3538159	1
915593	0	3538160	3
915593	0	3538161	2
915593	0	3538162	1
915593	0	3538163	2
915593	0	3538164	2
915593	0	3538165	1
915593	0	3538166	2
915593	0	3538167	2
915593	0	3573473	1
915593	0	3573477	2
915593	0	3573479	1
915593	0	3991910	2
915593	0	4566815	1
915593	0	4566816	2
915593	0	4566817	2
915593	0	4566818	2
915593	0	4566819	2
915593	0	4566822	2
915593	0	4566823	1
915593	0	4605072	1
915593	0	4691129	2
915593	0	4834226	2
915593	0	5931262	3
915593	0	5931553	1
915593	0	6761341	2
915593	0	6761344	2
915593	0	6761345	1
915593	0	6761346	1
915593	0	6761348	1
915593	0	6923050	1
915593	0	6923052	2
915593	0	6923053	1
915593	0	6923057	1
915593	0	7742098	2
915593	0	7837084	1
915593	0	7837086	1
915593	0	7861755	2
915593	0	8002852	2
915593	0	8029524	2
915593	0	8029525	2
915593	0	8029527	2
915593	0	8029531	2
915593	0	8029532	1
915593	0	8103064	1
915593	0	8103068	1
915593	0	8178996	2
915593	0	8178998	2
915593	0	8178999	1
915593	0	8179003	1
915593	0	82105	1
915593	0	82106	2
915593	0	82107	3
915593	0	82108	2
915593	0	82109	0
915593	0	82110	2
915593	0	82111	1
915593	0	82113	2
915593	0	8275207	2
915593	0	8402967	2
915593	0	8402968	2
915593	0	8402969	1
915593	0	8402970	2
915593	0	8402971	3
915593	0	8402972	2
915593	0	8402973	2
915593	0	8455301	0
915593	0	8455302	1
915593	0	8455303	2
915593	0	8455304	2
915593	0	8455306	2
915593	0	924855	1
962179	0	1006861	0
962179	0	1006865	1
962179	0	137246	0
962179	0	1645080	2
962179	0	1645084	1
962179	0	1645086	1
962179	0	1645088	0
962179	0	1645089	0
962179	0	2131895	1
962179	0	2186433	0
962179	0	220191	1
962179	0	2329692	2
962179	0	2329693	2
962179	0	2329695	2
962179	0	2329696	2
962179	0	2329697	2
962179	0	2329699	3
962179	0	2329701	2
962179	0	2632688	0
962179	0	2697161	1
962179	0	2978862	1
962179	0	2978864	3
962179	0	2978866	3
962179	0	2978867	1
962179	0	2978869	2
962179	0	2978870	2
962179	0	2978871	2
962179	0	302861	1
962179	0	302864	1
962179	0	302867	1
962179	0	3046928	0
962179	0	3139219	0
962179	0	3156132	0
962179	0	3173623	1
962179	0	3173625	1
962179	0	3422319	1
962179	0	3705165	3
962179	0	4168112	0
962179	0	4257872	2
962179	0	4511499	3
962179	0	4511502	1
962179	0	4511503	2
962179	0	4606384	0
962179	0	4606386	3
962179	0	4606387	2
962179	0	4606388	1
962179	0	4606389	0
962179	0	4717424	0
962179	0	534563	2
962179	0	536176	3
962179	0	536177	1
962179	0	536178	1
962179	0	551127	0
962179	0	5642481	0
962179	0	5653652	0
962179	0	5653653	1
962179	0	5653655	0
962179	0	5653656	1
962179	0	5653657	0
962179	0	5653659	3
962179	0	5773184	0
962179	0	5919340	2
962179	0	5919342	2
962179	0	6635496	1
962179	0	6675257	0
962179	0	6675259	2
962179	0	6675260	2
962179	0	6675262	1
962179	0	6675264	1
962179	0	6898289	3
962179	0	6898292	0
962179	0	6898293	1
962179	0	6904859	1
962179	0	6904860	1
962179	0	6904861	1
962179	0	6904862	0
962179	0	6904863	1
962179	0	6980697	2
962179	0	7126017	0
962179	0	7126025	1
962179	0	7428149	1
962179	0	7733810	2
962179	0	7957547	0
962179	0	8032264	1
962179	0	8689054	0
962179	0	8689057	0
962179	0	8689059	0
962179	0	8746010	1
962179	0	8785369	2
962179	0	8785371	3
962179	0	8785373	1
962179	0	8785374	2
962179	0	8785375	2
962179	0	907607	0
962179	0	931118	0
962179	0	931120	1
962179	0	931123	1
962179	0	931124	0
962179	0	931126	0
962179	0	931127	0
