1037798	0	2157450	0
1037798	0	2157456	0
1037798	0	2258765	0
1037798	0	2360247	0
1037798	0	2360252	0
1037798	0	2781960	0
1037798	0	2781965	0
1037798	0	2781966	0
1037798	0	2787508	0
1037798	0	3167284	1
1037798	0	3387556	1
1037798	0	3620983	1
1037798	0	3620986	1
1037798	0	3620991	1
1037798	0	3641634	1
1037798	0	3641640	1
1037798	0	4055260	0
1037798	0	4095286	1
1037798	0	4114288	0
1037798	0	4182093	0
1037798	0	4227882	0
1037798	0	4291373	0
1037798	0	4468467	1
1037798	0	4788864	0
1037798	0	4818124	0
1037798	0	4818129	0
1037798	0	4974552	1
1037798	0	5006527	0
1037798	0	5438881	1
1037798	0	6060285	1
1037798	0	6792682	0
1037798	0	6792685	0
1037798	0	6963992	0
1037798	0	720665	1
1037798	0	7466652	1
1037798	0	7822415	1
1037798	0	7961603	0
1037798	0	7967207	1
1037798	0	8224670	1
1037798	0	8537479	1
1037798	0	8760864	1
1037798	0	8760865	0
1037798	0	8760866	1
1037798	0	8760867	1
1037798	0	8760868	1
1037798	0	8760870	1
1037798	0	8760871	1
1037798	0	8760873	1
1037798	0	8780802	0
1037798	0	994978	1
104861	0	1017092	1
104861	0	1046334	1
104861	0	1046339	1
104861	0	1055594	1
104861	0	1304632	1
104861	0	1313687	1
104861	0	1357961	1
104861	0	1442348	1
104861	0	146170	1
104861	0	146174	1
104861	0	1567102	1
104861	0	171927	1
104861	0	1773805	1
104861	0	1773807	1
104861	0	1811410	1
104861	0	1948963	1
104861	0	2158194	1
104861	0	2294849	1
104861	0	2377050	1
104861	0	2497738	0
104861	0	2600385	0
104861	0	2611066	1
104861	0	3443173	1
104861	0	3443176	1
104861	0	3925933	1
104861	0	4017854	1
104861	0	4017856	1
104861	0	4017858	1
104861	0	409268	1
104861	0	4199743	1
104861	0	4350439	1
104861	0	4583548	0
104861	0	459675	1
104861	0	459676	1
104861	0	4717134	1
104861	0	5138467	1
104861	0	5138469	1
104861	0	5138471	1
104861	0	5138472	1
104861	0	5138473	1
104861	0	5138474	1
104861	0	5138476	1
104861	0	5150431	1
104861	0	5248340	1
104861	0	5248341	1
104861	0	5405670	1
104861	0	5667475	1
104861	0	5688415	1
104861	0	5688416	1
104861	0	5688417	1
104861	0	5688418	1
104861	0	5688420	1
104861	0	5703400	1
104861	0	5703401	1
104861	0	5801822	1
104861	0	5836442	1
104861	0	5864689	1
104861	0	5864693	1
104861	0	599604	1
104861	0	6156641	0
104861	0	6187055	1
104861	0	629273	1
104861	0	629274	1
104861	0	629276	1
104861	0	629277	1
104861	0	629278	1
104861	0	6351571	1
104861	0	6467577	1
104861	0	6467580	1
104861	0	6467581	1
104861	0	6585554	1
104861	0	6653674	1
104861	0	6653676	1
104861	0	6653677	1
104861	0	6653678	1
104861	0	6653679	1
104861	0	6658615	1
104861	0	6704672	1
104861	0	6904992	1
104861	0	7034375	1
104861	0	715676	1
104861	0	7462393	1
104861	0	7506029	1
104861	0	8259116	1
104861	0	8260035	1
104861	0	8349574	1
104861	0	8495099	1
104861	0	8546158	1
104861	0	8546162	1
1063750	0	1074552	1
1063750	0	118643	1
1063750	0	12266	1
1063750	0	1747827	0
1063750	0	1866486	1
1063750	0	1923499	1
1063750	0	1923500	1
1063750	0	1923506	1
1063750	0	2220585	1
1063750	0	2230089	1
1063750	0	2230090	0
1063750	0	2391456	1
1063750	0	2391457	0
1063750	0	2470328	1
1063750	0	2496767	1
1063750	0	2516	0
1063750	0	2768117	1
1063750	0	2768123	1
1063750	0	2868845	0
1063750	0	2881841	0
1063750	0	2997653	0
1063750	0	3076179	0
1063750	0	309313	1
1063750	0	3259884	1
1063750	0	3259889	1
1063750	0	3259892	1
1063750	0	330159	1
1063750	0	330165	1
1063750	0	3327051	1
1063750	0	3610446	1
1063750	0	3654231	0
1063750	0	3973418	1
1063750	0	3973423	1
1063750	0	4158202	0
1063750	0	4164404	0
1063750	0	4329899	0
1063750	0	4337526	1
1063750	0	4337527	1
1063750	0	4337529	1
1063750	0	4337532	1
1063750	0	4349323	0
1063750	0	4414266	0
1063750	0	4718159	1
1063750	0	4718161	1
1063750	0	4788295	1
1063750	0	4788296	1
1063750	0	4788297	1
1063750	0	4788299	1
1063750	0	4823168	0
1063750	0	4823169	0
1063750	0	4834969	1
1063750	0	4834974	1
1063750	0	5123011	0
1063750	0	5442711	1
1063750	0	5442717	1
1063750	0	5956099	1
1063750	0	5956102	1
1063750	0	6093904	0
1063750	0	6127389	1
1063750	0	6347205	1
1063750	0	6436703	0
1063750	0	6666451	0
1063750	0	7146781	1
1063750	0	7571423	1
1063750	0	7571428	0
1063750	0	7778351	0
1063750	0	7778354	1
1063750	0	7781460	0
1063750	0	7837936	1
1063750	0	7837938	1
1063750	0	7952964	1
1063750	0	7952965	1
1063750	0	7952966	1
1063750	0	7952971	1
1063750	0	8170640	1
1063750	0	819283	1
1063750	0	819284	1
1063750	0	8239876	1
1063750	0	8239877	1
1063750	0	8384979	1
1063750	0	8640242	1
1063750	0	8670789	0
1063750	0	8722081	1
1063750	0	8821734	1
1063750	0	8821735	1
1103812	0	1214791	1
1103812	0	1583317	1
1103812	0	1614303	1
1103812	0	1659850	1
1103812	0	1659852	0
1103812	0	2332189	1
1103812	0	2703108	0
1103812	0	2703111	0
1103812	0	2750961	1
1103812	0	2750965	1
1103812	0	2790080	1
1103812	0	3591090	0
1103812	0	3672737	0
1103812	0	3672744	0
1103812	0	3843263	0
1103812	0	3843267	1
1103812	0	3843269	1
1103812	0	3940091	1
1103812	0	4044289	1
1103812	0	4292848	0
1103812	0	4401695	1
1103812	0	4455026	0
1103812	0	4679037	1
1103812	0	4679038	1
1103812	0	4824831	0
1103812	0	4937953	1
1103812	0	5190505	0
1103812	0	5823139	1
1103812	0	5974245	0
1103812	0	6289840	1
1103812	0	6569474	0
1103812	0	7430771	0
1103812	0	7753287	0
1103812	0	8157968	0
1103812	0	8220081	1
1103812	0	8220085	1
1103812	0	8220086	1
1103812	0	8220087	1
1103812	0	8220088	1
1103812	0	8220089	1
1103812	0	8224175	0
1103812	0	8224183	0
1103812	0	8293805	0
1103812	0	955560	0
1103812	0	961775	1
1106007	0	1334328	1
1106007	0	1334330	1
1106007	0	1334334	1
1106007	0	1334335	1
1106007	0	1334336	1
1106007	0	1530299	0
1106007	0	2143418	1
1106007	0	2384069	1
1106007	0	2464375	1
1106007	0	2621981	1
1106007	0	2672601	1
1106007	0	2672608	1
1106007	0	2777113	1
1106007	0	2960558	1
1106007	0	2960561	1
1106007	0	2960563	1
1106007	0	2960566	1
1106007	0	3390428	1
1106007	0	3537614	1
1106007	0	4173709	1
1106007	0	4173712	1
1106007	0	4382105	0
1106007	0	5174765	1
1106007	0	5279699	1
1106007	0	5774818	1
1106007	0	5780388	1
1106007	0	5836920	1
1106007	0	6126194	1
1106007	0	6126197	1
1106007	0	6209484	1
1106007	0	7211746	1
1106007	0	746358	1
1106007	0	765663	1
1106007	0	7685383	1
1106007	0	7685384	1
1106007	0	7685385	1
1106007	0	7685388	1
1106007	0	7726655	1
1106007	0	8199521	1
1106007	0	8204457	1
1106007	0	8521673	1
1110199	0	167604	0
1110199	0	1901876	1
1110199	0	1901877	1
1110199	0	1901878	1
1110199	0	1901879	1
1110199	0	1901881	1
1110199	0	1901882	1
1110199	0	2218462	1
1110199	0	239444	1
1110199	0	2474406	0
1110199	0	2796199	1
1110199	0	2796830	1
1110199	0	3647394	1
1110199	0	3838638	1
1110199	0	3838645	1
1110199	0	398442	0
1110199	0	4053652	1
1110199	0	4057232	1
1110199	0	4489656	1
1110199	0	4504233	1
1110199	0	4511137	1
1110199	0	4511144	1
1110199	0	4588784	1
1110199	0	4949578	0
1110199	0	5172684	1
1110199	0	5172688	1
1110199	0	5218014	1
1110199	0	554521	0
1110199	0	5857921	1
1110199	0	6368887	1
1110199	0	6368891	1
1110199	0	6392463	1
1110199	0	6392469	1
1110199	0	7174098	1
1110199	0	7221366	1
1110199	0	7369955	1
1110199	0	7628031	0
1110199	0	7680811	1
1110199	0	8160518	1
1110199	0	8160519	1
1110199	0	8160520	1
1110199	0	8160523	0
1110199	0	8160524	0
1110199	0	8160527	1
1110199	0	8301971	1
1112341	0	1267520	0
1112341	0	1369482	0
1112341	0	1373651	0
1112341	0	1450347	0
1112341	0	2096427	0
1112341	0	2096429	0
1112341	0	2253155	1
1112341	0	2626927	1
1112341	0	2663365	0
1112341	0	2694630	0
1112341	0	2694636	0
1112341	0	2694637	1
1112341	0	2735215	0
1112341	0	2735219	0
1112341	0	3118343	1
1112341	0	3493341	0
1112341	0	3795887	0
1112341	0	3795896	0
1112341	0	4022846	1
1112341	0	4022849	1
1112341	0	4416075	0
1112341	0	4703755	0
1112341	0	4977768	0
1112341	0	5043405	0
1112341	0	524251	0
1112341	0	550571	0
1112341	0	6016292	0
1112341	0	6102033	1
1112341	0	6164791	1
1112341	0	6311795	1
1112341	0	6311801	0
1112341	0	6342847	1
1112341	0	6478665	0
1112341	0	6681382	0
1112341	0	6726340	1
1112341	0	6726341	1
1112341	0	6726342	1
1112341	0	6726344	1
1112341	0	6726345	1
1112341	0	6726346	0
1112341	0	6740558	0
1112341	0	6903063	0
1112341	0	7079776	1
1112341	0	7079779	0
1112341	0	7242813	0
1112341	0	8139249	1
1112341	0	8139250	0
1112341	0	8139251	1
1112341	0	8139253	0
1112341	0	8139255	1
1112341	0	8139256	1
1112341	0	8139257	1
1112341	0	8139258	1
1112341	0	8326588	0
1112341	0	8337125	1
1112341	0	8337129	1
1112341	0	8442178	0
1112341	0	8606160	0
1112341	0	8606161	0
1112341	0	90432	0
1113437	0	1066532	1
1113437	0	1066538	1
1113437	0	1280568	1
1113437	0	1280569	0
1113437	0	1454814	1
1113437	0	1768727	1
1113437	0	2001933	1
1113437	0	2001934	1
1113437	0	2226349	1
1113437	0	2354940	1
1113437	0	2354941	1
1113437	0	2354947	1
1113437	0	2595628	0
1113437	0	2884191	1
1113437	0	3125154	1
1113437	0	3518300	0
1113437	0	3880944	1
1113437	0	4016930	1
1113437	0	4016937	1
1113437	0	4367832	1
1113437	0	4473156	1
1113437	0	4473157	1
1113437	0	4498864	1
1113437	0	4498867	1
1113437	0	4751835	1
1113437	0	4751839	0
1113437	0	4981632	0
1113437	0	5188746	0
1113437	0	5188747	1
1113437	0	520325	0
1113437	0	5328098	1
1113437	0	5346404	1
1113437	0	5514586	1
1113437	0	5546288	1
1113437	0	5546289	1
1113437	0	5938418	0
1113437	0	5938425	1
1113437	0	5996691	1
1113437	0	5996693	1
1113437	0	6021898	1
1113437	0	6021902	1
1113437	0	6174328	1
1113437	0	6302495	0
1113437	0	631949	1
1113437	0	6455610	1
1113437	0	6486041	1
1113437	0	6593846	1
1113437	0	6597538	0
1113437	0	7377275	0
1113437	0	7377277	1
1113437	0	7385219	0
1113437	0	7385222	1
1113437	0	742037	1
1113437	0	742040	1
1113437	0	742044	1
1113437	0	7618564	0
1113437	0	8128790	1
1113437	0	8128793	0
1113437	0	8128794	1
1113437	0	8128796	1
1113437	0	8128798	1
1113437	0	8162984	0
1113437	0	8729219	1
1114646	0	1884059	1
1114646	0	2201127	1
1114646	0	2647994	1
1114646	0	266552	1
1114646	0	2911039	1
1114646	0	2911040	1
1114646	0	2931848	0
1114646	0	3056368	1
1114646	0	4332918	1
1114646	0	444374	1
1114646	0	444375	0
1114646	0	444377	1
1114646	0	444380	1
1114646	0	444382	0
1114646	0	5279567	1
1114646	0	5417949	1
1114646	0	5417952	1
1114646	0	5417953	1
1114646	0	5417954	1
1114646	0	5569142	1
1114646	0	5640859	1
1114646	0	579554	1
1114646	0	5959593	1
1114646	0	6704400	1
1114646	0	6704401	1
1114646	0	6711103	1
1114646	0	687064	1
1114646	0	7196961	1
1114646	0	771368	1
1114646	0	7984234	1
1114646	0	8117087	1
1114646	0	8117089	1
1114646	0	8117090	1
1114646	0	8117091	1
1114646	0	8117092	1
1114646	0	8117093	0
1114646	0	8117094	1
1114646	0	8117096	1
1114646	0	8665820	1
1114819	0	1248112	1
1114819	0	1302004	1
1114819	0	1315993	1
1114819	0	1315994	1
1114819	0	1315995	1
1114819	0	1315996	1
1114819	0	1315998	1
1114819	0	1625836	1
1114819	0	1724520	1
1114819	0	1724525	1
1114819	0	1724528	1
1114819	0	1738242	1
1114819	0	1738250	1
1114819	0	2136434	1
1114819	0	344350	1
1114819	0	3484458	1
1114819	0	3781418	1
1114819	0	3906954	1
1114819	0	3906959	1
1114819	0	4890560	1
1114819	0	5165249	1
1114819	0	534362	1
1114819	0	5521371	1
1114819	0	5521373	1
1114819	0	5628952	1
1114819	0	6900766	1
1114819	0	6900774	1
1114819	0	6941478	1
1114819	0	694737	1
1114819	0	785027	1
1114819	0	8022276	1
1114819	0	8022277	0
1114819	0	8022280	1
1114819	0	8115435	1
1114819	0	8115439	1
1114819	0	8115440	1
1114819	0	8336229	1
1114819	0	8336230	1
1114819	0	8508263	1
1114819	0	8625086	1
1114819	0	8754397	1
1114819	0	8754398	1
1114819	0	8754404	1
1114819	0	988370	1
1114819	0	988373	1
1114819	0	988376	1
1115776	0	1551024	0
1115776	0	1729576	0
1115776	0	2052730	0
1115776	0	2364285	1
1115776	0	3081626	0
1115776	0	3344355	1
1115776	0	3469357	1
1115776	0	4131485	0
1115776	0	4314169	1
1115776	0	4314170	1
1115776	0	4314171	0
1115776	0	4314172	1
1115776	0	4314173	1
1115776	0	4314174	1
1115776	0	4314175	1
1115776	0	4314176	1
1115776	0	4314178	1
1115776	0	4487937	1
1115776	0	5264931	1
1115776	0	5599692	1
1115776	0	5605159	0
1115776	0	5950738	0
1115776	0	600966	0
1115776	0	6989198	0
1115776	0	8106317	1
1115776	0	8106318	0
1115776	0	8106320	1
1115776	0	8106321	1
1115776	0	8106322	0
1115776	0	8106323	1
1115776	0	8106324	1
1115776	0	8495250	0
1115776	0	8673352	0
1117099	0	1068642	0
1117099	0	1123496	0
1117099	0	1389420	1
1117099	0	1445087	0
1117099	0	1798612	1
1117099	0	1798620	1
1117099	0	2715359	0
1117099	0	3104260	0
1117099	0	3349612	1
1117099	0	3522902	0
1117099	0	3543106	1
1117099	0	4131489	0
1117099	0	4441325	1
1117099	0	4458509	1
1117099	0	4458512	1
1117099	0	4573811	1
1117099	0	514314	0
1117099	0	5286535	1
1117099	0	5286538	1
1117099	0	5286539	1
1117099	0	6122720	1
1117099	0	6122721	1
1117099	0	6122722	1
1117099	0	6122723	1
1117099	0	6534818	1
1117099	0	6993942	1
1117099	0	714808	1
1117099	0	7163733	0
1117099	0	7407593	0
1117099	0	8019446	0
1117099	0	8093931	1
1117099	0	8093932	1
1117099	0	8093934	1
1117099	0	8446501	1
1117099	0	8446504	1
1117099	0	8446505	1
1117099	0	8446506	1
1117099	0	8838111	1
1121402	0	182366	1
1121402	0	182368	1
1121402	0	182369	1
1121402	0	182370	0
1121402	0	182372	1
1121402	0	182373	0
1121402	0	188211	0
1121402	0	188213	1
1121402	0	188214	1
1121402	0	188217	1
1121402	0	188218	0
1121402	0	3511789	1
1121402	0	3785308	1
1121402	0	3785309	0
1121402	0	4293064	0
1121402	0	5189913	1
1121402	0	7125980	1
1121402	0	7125981	1
1121402	0	7125983	1
1121402	0	7125987	1
1121402	0	7142994	1
1121402	0	8052617	1
1121402	0	8052620	1
1121402	0	8052621	1
1121402	0	8052622	1
1121402	0	8052623	1
1121402	0	8052624	1
1121402	0	8089444	1
1121709	0	1112487	0
1121709	0	1114393	1
1121709	0	1392360	0
1121709	0	1640511	0
1121709	0	16845	0
1121709	0	2051808	0
1121709	0	2517708	0
1121709	0	2615981	0
1121709	0	2662730	0
1121709	0	2851223	0
1121709	0	3030903	0
1121709	0	3064096	1
1121709	0	3381112	1
1121709	0	3423059	1
1121709	0	3423060	1
1121709	0	3423061	1
1121709	0	3423062	1
1121709	0	3423063	1
1121709	0	3423064	1
1121709	0	3423065	1
1121709	0	3423066	0
1121709	0	3423067	1
1121709	0	3446958	0
1121709	0	3552218	0
1121709	0	3691568	0
1121709	0	3833130	0
1121709	0	3875032	0
1121709	0	402054	0
1121709	0	4580131	1
1121709	0	4580133	1
1121709	0	4644464	0
1121709	0	4836900	1
1121709	0	5014378	0
1121709	0	511306	0
1121709	0	5264299	1
1121709	0	6007524	0
1121709	0	6600	0
1121709	0	6630430	1
1121709	0	669004	0
1121709	0	701349	0
1121709	0	7209949	1
1121709	0	7565881	1
1121709	0	8049577	1
1121709	0	8049578	1
1121709	0	8049579	1
1121709	0	8049580	1
1121709	0	8049582	1
1121709	0	8049583	1
1121709	0	8049584	1
1121709	0	8049585	1
1121709	0	8049586	1
1121709	0	8283424	0
1121709	0	8297863	0
1121709	0	8500135	1
1121709	0	862855	0
1121709	0	88402	0
1121709	0	950984	1
1124210	0	131190	1
1124210	0	1383617	0
1124210	0	1383624	0
1124210	0	1689639	1
1124210	0	1702009	0
1124210	0	181177	1
1124210	0	2070515	1
1124210	0	2089544	1
1124210	0	2258591	1
1124210	0	2258592	1
1124210	0	2258593	1
1124210	0	2258594	1
1124210	0	2258595	1
1124210	0	2258596	1
1124210	0	2258597	1
1124210	0	2433601	1
1124210	0	2433604	1
1124210	0	2461683	1
1124210	0	2494574	1
1124210	0	2494577	1
1124210	0	2650269	1
1124210	0	2685123	1
1124210	0	2728448	1
1124210	0	2753148	1
1124210	0	3162331	1
1124210	0	3289568	1
1124210	0	3466956	1
1124210	0	3517427	1
1124210	0	3520550	0
1124210	0	3520553	0
1124210	0	3546600	0
1124210	0	3573857	0
1124210	0	3680798	0
1124210	0	3680800	0
1124210	0	3680801	0
1124210	0	3680802	0
1124210	0	3859923	0
1124210	0	3937735	0
1124210	0	3944481	0
1124210	0	4074146	0
1124210	0	4074149	0
1124210	0	4425464	0
1124210	0	4648414	1
1124210	0	475041	0
1124210	0	4794725	0
1124210	0	4942992	1
1124210	0	4957842	0
1124210	0	4958358	0
1124210	0	5032711	1
1124210	0	5039696	0
1124210	0	5056100	0
1124210	0	5281846	0
1124210	0	546158	0
1124210	0	555792	0
1124210	0	5587711	1
1124210	0	5664148	1
1124210	0	5940134	0
1124210	0	5941717	1
1124210	0	607910	0
1124210	0	6146809	1
1124210	0	6233255	1
1124210	0	6255796	1
1124210	0	6498977	1
1124210	0	6541864	1
1124210	0	6541868	1
1124210	0	6814012	0
1124210	0	6814015	0
1124210	0	6814017	0
1124210	0	6992534	0
1124210	0	7203360	1
1124210	0	7205919	0
1124210	0	7205920	0
1124210	0	7224102	1
1124210	0	7234570	0
1124210	0	7278463	0
1124210	0	7443583	1
1124210	0	7443586	1
1124210	0	7695217	1
1124210	0	7756779	0
1124210	0	7806221	1
1124210	0	7806222	1
1124210	0	7851118	0
1124210	0	8026735	1
1124210	0	8026737	1
1124210	0	8026740	1
1124210	0	8026743	1
1124210	0	8087702	1
1124210	0	8355477	1
1124210	0	8492305	1
1124210	0	8547690	1
1124210	0	8650642	1
1124210	0	8802909	1
1124210	0	92049	1
1124210	0	931165	1
1129237	0	128982	1
1129237	0	128984	1
1129237	0	128989	1
1129237	0	1721142	0
1129237	0	2152821	1
1129237	0	2697746	1
1129237	0	2697752	1
1129237	0	3131122	1
1129237	0	3683096	1
1129237	0	3905055	1
1129237	0	3905057	1
1129237	0	3905802	1
1129237	0	4254811	1
1129237	0	4254815	1
1129237	0	4254816	1
1129237	0	4884964	1
1129237	0	5619502	1
1129237	0	5627214	1
1129237	0	5906130	1
1129237	0	6080460	1
1129237	0	6343520	1
1129237	0	7874566	1
1129237	0	7911557	1
1129237	0	806652	1
1129237	0	8203445	0
1129237	0	8450766	1
1129237	0	8588122	1
1129237	0	8588219	1
1129237	0	8588222	1
1129237	0	8588226	1
1129237	0	8588227	1
1129237	0	8682824	1
1129237	0	998748	1
1129237	0	998751	1
1133167	0	1379370	1
1133167	0	1824479	1
1133167	0	1824480	1
1133167	0	1824484	1
1133167	0	1824485	1
1133167	0	1824486	1
1133167	0	1824488	1
1133167	0	1883272	1
1133167	0	1883273	1
1133167	0	1883281	1
1133167	0	190803	1
1133167	0	190804	1
1133167	0	190806	1
1133167	0	190809	1
1133167	0	2010281	1
1133167	0	2276678	1
1133167	0	3023120	1
1133167	0	3023123	1
1133167	0	3074599	1
1133167	0	3355083	1
1133167	0	3421898	1
1133167	0	3421900	1
1133167	0	3421903	1
1133167	0	3421906	1
1133167	0	3953805	1
1133167	0	434120	1
1133167	0	434121	1
1133167	0	434124	1
1133167	0	434125	1
1133167	0	4443370	1
1133167	0	4443375	1
1133167	0	4498474	1
1133167	0	4498479	1
1133167	0	4550240	1
1133167	0	4550244	1
1133167	0	4712273	1
1133167	0	4712279	1
1133167	0	4922619	1
1133167	0	4926197	1
1133167	0	4926204	1
1133167	0	4973626	1
1133167	0	563738	1
1133167	0	5674622	1
1133167	0	5674623	1
1133167	0	5787117	1
1133167	0	6112586	1
1133167	0	6112587	1
1133167	0	6112590	1
1133167	0	6112592	1
1133167	0	6257038	1
1133167	0	6467518	1
1133167	0	6467522	1
1133167	0	6467523	1
1133167	0	6467524	1
1133167	0	7093509	1
1133167	0	7218012	1
1133167	0	7793408	1
1133167	0	7793409	1
1133167	0	8033644	1
1133167	0	8033645	1
1133167	0	8033650	1
1133167	0	8160224	1
1133167	0	8160230	0
1133167	0	8160241	1
1133167	0	8160243	1
1133167	0	823274	1
1133167	0	823275	1
1133167	0	8255705	1
1133167	0	8255706	1
130510	0	1110766	1
130510	0	1494930	1
130510	0	1494932	1
130510	0	1494934	1
130510	0	1494935	1
130510	0	1494936	1
130510	0	1494938	1
130510	0	1494939	1
130510	0	1972336	0
130510	0	203718	1
130510	0	2982053	1
130510	0	3155839	1
130510	0	3913773	0
130510	0	3913778	0
130510	0	4722583	0
130510	0	5148418	0
130510	0	5732822	0
130510	0	6835270	1
130510	0	7125238	0
130510	0	7125239	1
130510	0	7125241	0
130510	0	7501557	1
130510	0	7501558	1
130510	0	7501563	1
130510	0	799647	1
130510	0	8354778	0
130510	0	8612902	1
130510	0	8612903	1
130510	0	8612904	1
130510	0	8612905	1
130510	0	8612906	1
130510	0	8612909	1
130510	0	8612910	1
130510	0	996732	1
130510	0	996740	1
131843	0	2041693	1
131843	0	31718	0
131843	0	3432705	0
131843	0	348760	0
131843	0	3841396	1
131843	0	3937054	0
131843	0	4136087	0
131843	0	4338356	0
131843	0	4806979	0
131843	0	5715075	0
131843	0	6121785	0
131843	0	6629203	0
131843	0	6863389	0
131843	0	8305151	1
131843	0	8305152	1
131843	0	8305153	1
131843	0	8305154	1
131843	0	8305155	1
131843	0	8305156	1
131843	0	8305158	1
131843	0	8456964	0
131843	0	8456965	0
131843	0	8456967	0
131843	0	8456970	0
131843	0	8710812	0
131843	0	8710813	0
131843	0	935618	0
131843	0	935619	0
131843	0	935621	0
131843	0	935626	0
131843	0	985988	1
131843	0	985989	1
131843	0	985990	1
131843	0	985991	0
131843	0	985992	1
131843	0	985994	1
131843	0	985995	0
146187	0	2226093	0
146187	0	3615731	1
146187	0	4214925	1
146187	0	4741857	1
146187	0	4777144	1
146187	0	6015025	1
146187	0	6015026	1
146187	0	6430258	1
146187	0	744165	1
146187	0	744167	1
146187	0	76348	1
146187	0	8434617	1
146187	0	8434618	1
146187	0	8434619	1
146187	0	8434620	1
146187	0	8434621	1
146187	0	8434622	1
146187	0	8434623	1
146187	0	8434624	1
146187	0	8434625	1
146187	0	8434626	1
148538	0	1299824	1
148538	0	1311206	1
148538	0	1311209	1
148538	0	1384447	1
148538	0	1384448	1
148538	0	1828171	1
148538	0	1950974	1
148538	0	1950976	1
148538	0	1950979	1
148538	0	1950983	1
148538	0	1969519	1
148538	0	1969521	1
148538	0	1985491	1
148538	0	2033800	1
148538	0	208314	1
148538	0	231453	1
148538	0	231455	1
148538	0	2455774	1
148538	0	2455775	1
148538	0	2915327	1
148538	0	332400	1
148538	0	332401	1
148538	0	3353306	1
148538	0	3557943	1
148538	0	3918785	1
148538	0	398535	1
148538	0	4185812	1
148538	0	4264129	1
148538	0	4447598	1
148538	0	4447601	1
148538	0	4539654	1
148538	0	4539657	1
148538	0	4607263	1
148538	0	4959638	1
148538	0	5077704	1
148538	0	5077707	1
148538	0	5077709	0
148538	0	5171603	1
148538	0	615407	1
148538	0	6697437	1
148538	0	6846343	1
148538	0	6894608	1
148538	0	7407803	1
148538	0	7407812	1
148538	0	8283527	1
148538	0	8283530	1
148538	0	8283531	1
148538	0	8283532	1
148538	0	985488	1
148538	0	985490	1
148538	0	985491	1
148538	0	985494	1
156493	0	1034435	1
156493	0	1171595	0
156493	0	1277723	1
156493	0	1277725	1
156493	0	1277727	1
156493	0	1960255	1
156493	0	1960257	1
156493	0	1960259	1
156493	0	1960260	1
156493	0	2259183	1
156493	0	2317807	1
156493	0	2411918	1
156493	0	2598786	1
156493	0	2598787	1
156493	0	2612490	1
156493	0	2612491	1
156493	0	2612492	1
156493	0	2612493	1
156493	0	2717163	1
156493	0	2928702	1
156493	0	2928707	1
156493	0	2949801	1
156493	0	2949802	1
156493	0	3288595	1
156493	0	3288596	1
156493	0	3288597	1
156493	0	3288598	1
156493	0	3288600	1
156493	0	3288601	1
156493	0	3288603	1
156493	0	349638	1
156493	0	3603920	1
156493	0	4527706	1
156493	0	4583221	1
156493	0	5479187	0
156493	0	5530082	1
156493	0	6139382	1
156493	0	6139386	1
156493	0	6524746	1
156493	0	6775071	1
156493	0	7371077	1
156493	0	8182159	1
156493	0	8182160	1
156493	0	8182161	1
156493	0	8182162	1
156493	0	8182165	1
156493	0	8182166	1
156493	0	8273017	1
156493	0	8273019	1
156493	0	8393766	1
156493	0	8820526	1
156493	0	885944	1
156493	0	911790	1
156493	0	95512	1
156493	0	95514	1
156493	0	95517	1
156493	0	95518	1
156493	0	95521	1
168216	0	1183706	1
168216	0	1301465	1
168216	0	1301466	0
168216	0	1301467	1
168216	0	1301469	1
168216	0	1301471	1
168216	0	1301472	1
168216	0	1301474	1
168216	0	13499	1
168216	0	1381477	1
168216	0	1735358	1
168216	0	1735360	1
168216	0	1924796	1
168216	0	1924800	1
168216	0	2036279	1
168216	0	2069992	1
168216	0	2210775	1
168216	0	2210780	1
168216	0	2265769	1
168216	0	2659074	1
168216	0	2790904	1
168216	0	2806307	1
168216	0	290826	1
168216	0	3174840	1
168216	0	3198687	1
168216	0	3198689	1
168216	0	3344828	1
168216	0	3344837	1
168216	0	3399713	1
168216	0	3681095	1
168216	0	3830857	1
168216	0	3908773	1
168216	0	3908774	1
168216	0	3908776	1
168216	0	3908777	1
168216	0	4191395	1
168216	0	4324492	1
168216	0	4600607	1
168216	0	5024307	1
168216	0	5935476	1
168216	0	6061718	1
168216	0	6061722	1
168216	0	6213322	1
168216	0	6213325	1
168216	0	6264731	1
168216	0	6264733	1
168216	0	6282561	1
168216	0	6426632	1
168216	0	6426634	1
168216	0	6584042	1
168216	0	7337513	1
168216	0	7492753	1
168216	0	8185131	1
168216	0	8185135	1
168216	0	8185137	1
168216	0	8252763	1
168216	0	8639633	1
168216	0	8723467	1
168216	0	8731617	1
168216	0	8731621	1
168216	0	8731622	1
168216	0	8731623	1
168216	0	8731624	1
182539	0	1307235	1
182539	0	1638687	1
182539	0	1638689	1
182539	0	1638690	1
182539	0	1654895	1
182539	0	2092202	1
182539	0	2165968	1
182539	0	2909959	1
182539	0	2909960	1
182539	0	2909961	1
182539	0	3293878	1
182539	0	330179	0
182539	0	3389569	0
182539	0	3760957	1
182539	0	3883077	1
182539	0	3883081	1
182539	0	4448399	1
182539	0	4487755	1
182539	0	5567729	1
182539	0	5567732	1
182539	0	57443	1
182539	0	57444	0
182539	0	57447	1
182539	0	57448	1
182539	0	57449	1
182539	0	57452	1
182539	0	6097108	0
182539	0	6282909	0
182539	0	6783449	1
182539	0	6807900	1
182539	0	6816571	1
182539	0	6816572	1
182539	0	6816573	1
182539	0	6816576	1
182539	0	6980965	1
182539	0	7050579	1
182539	0	721170	1
182539	0	7371255	1
182539	0	7371257	1
182539	0	7371259	1
182539	0	7371261	1
182539	0	7371262	1
182539	0	7408022	1
182539	0	7527837	1
182539	0	7583024	1
182539	0	762792	1
182539	0	7690609	1
182539	0	7807063	1
182539	0	7883763	1
182539	0	8299659	1
182539	0	8299660	1
182539	0	8299668	1
182539	0	8515182	1
182539	0	8598792	1
182539	0	8757178	1
182539	0	8757179	1
182539	0	8757180	1
182539	0	8757181	1
182539	0	8757182	1
183378	0	1289489	1
183378	0	1289490	1
183378	0	1289492	1
183378	0	1289496	1
183378	0	1289497	1
183378	0	2089154	1
183378	0	2493332	1
183378	0	2533260	1
183378	0	3093215	1
183378	0	3185611	1
183378	0	4493914	1
183378	0	4493915	1
183378	0	4493916	1
183378	0	4493920	1
183378	0	4493921	1
183378	0	4803847	1
183378	0	4803848	1
183378	0	4803850	1
183378	0	4856305	0
183378	0	5534703	1
183378	0	5534707	1
183378	0	5534711	1
183378	0	5817927	1
183378	0	7398706	1
183378	0	7449744	1
183378	0	7449748	1
183378	0	7449752	1
183378	0	7677975	1
183378	0	7952865	1
183378	0	8121380	1
183378	0	8570256	1
183378	0	8570257	1
183378	0	8570258	1
183378	0	8577215	1
183378	0	8794302	1
183378	0	8794304	1
183378	0	8794308	1
19335	0	1143050	0
19335	0	1389478	1
19335	0	1389479	1
19335	0	1469573	0
19335	0	161606	1
19335	0	1717015	1
19335	0	1720387	0
19335	0	1720388	0
19335	0	1720389	0
19335	0	1720393	1
19335	0	1720394	1
19335	0	1720395	0
19335	0	1726	1
19335	0	1729	1
19335	0	1915754	1
19335	0	2020519	1
19335	0	2046505	0
19335	0	211275	1
19335	0	2250973	1
19335	0	2304005	0
19335	0	2437769	0
19335	0	2874497	0
19335	0	2874503	0
19335	0	3045567	1
19335	0	3175481	1
19335	0	3175484	1
19335	0	342431	1
19335	0	354219	1
19335	0	3615077	1
19335	0	3615079	0
19335	0	429851	1
19335	0	4480942	0
19335	0	4480943	0
19335	0	4480945	0
19335	0	478232	1
19335	0	4843828	1
19335	0	5078863	0
19335	0	527690	1
19335	0	527692	1
19335	0	527695	0
19335	0	527697	1
19335	0	5508122	1
19335	0	5732401	0
19335	0	584350	0
19335	0	6124004	1
19335	0	6294314	1
19335	0	6452949	1
19335	0	6510257	1
19335	0	6512137	1
19335	0	6512144	1
19335	0	6773977	0
19335	0	6902386	0
19335	0	6999135	0
19335	0	7042455	1
19335	0	7050803	1
19335	0	7122355	0
19335	0	7235457	0
19335	0	7267248	0
19335	0	7460273	1
19335	0	772225	1
19335	0	772234	0
19335	0	7856992	0
19335	0	8061829	1
19335	0	8151642	1
19335	0	8151650	1
19335	0	819168	1
19335	0	8412681	1
19335	0	8412682	1
19335	0	8412683	1
19335	0	8412684	1
19335	0	8412685	1
19335	0	8412687	1
19335	0	8635981	1
19335	0	8635984	1
19335	0	8786632	1
19335	0	93557	1
207786	0	1029962	1
207786	0	1392579	1
207786	0	1392585	1
207786	0	1667536	0
207786	0	2051020	1
207786	0	2763917	1
207786	0	2998723	0
207786	0	4218707	1
207786	0	4613065	1
207786	0	5175109	0
207786	0	6031630	1
207786	0	7510472	1
207786	0	7599318	1
207786	0	7639366	1
207786	0	7941579	1
207786	0	8185064	0
207786	0	8273754	1
207786	0	8273755	0
207786	0	8273757	1
207786	0	8273758	1
207786	0	8273759	1
207786	0	8273760	1
207786	0	8273761	1
207786	0	8273762	1
207786	0	8273763	1
207786	0	8367880	0
264014	0	1610706	1
264014	0	1610707	1
264014	0	1610711	1
264014	0	1610712	1
264014	0	1804644	1
264014	0	2223171	1
264014	0	2474346	1
264014	0	2572557	0
264014	0	2688537	0
264014	0	3338825	1
264014	0	3338827	1
264014	0	3338828	1
264014	0	3372501	1
264014	0	3396076	1
264014	0	3666584	1
264014	0	4239616	0
264014	0	447992	1
264014	0	4647186	1
264014	0	4687213	1
264014	0	4834547	1
264014	0	4834548	1
264014	0	528372	1
264014	0	528380	1
264014	0	5328095	1
264014	0	5611210	1
264014	0	5611219	1
264014	0	5635521	1
264014	0	5950718	1
264014	0	5950719	1
264014	0	5950721	1
264014	0	5950722	1
264014	0	5950723	1
264014	0	5950726	1
264014	0	6105566	1
264014	0	6105572	1
264014	0	6555322	1
264014	0	6641238	1
264014	0	6791760	1
264014	0	684616	1
264014	0	7326934	1
264014	0	8012101	1
264014	0	935825	1
264014	0	96851	1
264014	0	96852	1
264014	0	96854	0
264014	0	96855	1
264014	0	96857	1
264014	0	96858	1
359349	0	1394087	1
359349	0	15800	0
359349	0	1830517	1
359349	0	2293820	1
359349	0	2826510	1
359349	0	2826512	1
359349	0	3193824	1
359349	0	3223831	1
359349	0	3223833	1
359349	0	3900185	1
359349	0	4013723	1
359349	0	4020470	1
359349	0	4020477	1
359349	0	4463573	0
359349	0	457673	1
359349	0	5219977	0
359349	0	5615181	1
359349	0	576628	1
359349	0	576629	1
359349	0	6108721	1
359349	0	68647	1
359349	0	68648	1
359349	0	68649	1
359349	0	68653	1
359349	0	8058873	1
359349	0	943229	1
405717	0	1589738	1
405717	0	1849743	1
405717	0	1984962	1
405717	0	2125641	1
405717	0	2365659	1
405717	0	2365660	0
405717	0	2365661	1
405717	0	2365664	1
405717	0	2365665	1
405717	0	2514107	1
405717	0	2642838	0
405717	0	2702419	0
405717	0	2702423	1
405717	0	273851	1
405717	0	2747484	1
405717	0	2747485	1
405717	0	2747488	1
405717	0	2747492	1
405717	0	2879960	0
405717	0	3033900	1
405717	0	3274915	0
405717	0	3274918	0
405717	0	3803378	1
405717	0	3986303	0
405717	0	4432155	1
405717	0	4704973	1
405717	0	4704975	1
405717	0	4704978	1
405717	0	4828118	1
405717	0	5079482	1
405717	0	5274649	0
405717	0	5428443	0
405717	0	5638740	0
405717	0	576346	1
405717	0	6426483	1
405717	0	6442862	1
405717	0	6654653	0
405717	0	6654655	1
405717	0	6678050	1
405717	0	702391	1
405717	0	7170626	1
405717	0	7170630	1
405717	0	7288990	0
405717	0	7288996	1
405717	0	7447941	0
405717	0	7447943	0
405717	0	758582	1
405717	0	758586	1
405717	0	7728831	0
405717	0	7896211	1
405717	0	7965240	1
405717	0	8156519	0
405717	0	8433852	1
405717	0	8433854	1
405717	0	8433858	0
443396	0	1055834	1
443396	0	1305463	1
443396	0	1360104	0
443396	0	1465664	1
443396	0	1465667	1
443396	0	1525423	0
443396	0	1843486	0
443396	0	1852807	1
443396	0	1852813	1
443396	0	2007121	1
443396	0	2138579	0
443396	0	2143845	1
443396	0	2143847	1
443396	0	2143849	1
443396	0	215693	1
443396	0	2373504	1
443396	0	2490482	1
443396	0	2490486	1
443396	0	3007982	1
443396	0	3103988	1
443396	0	3103995	1
443396	0	3118073	0
443396	0	3256974	1
443396	0	3299623	1
443396	0	3323246	0
443396	0	3440850	1
443396	0	3526411	1
443396	0	355277	1
443396	0	3599520	1
443396	0	3617225	1
443396	0	368001	1
443396	0	3721948	1
443396	0	4041361	1
443396	0	4052112	1
443396	0	4052116	1
443396	0	4052118	1
443396	0	4052120	1
443396	0	415545	0
443396	0	4205261	1
443396	0	4205264	1
443396	0	4236355	1
443396	0	4271045	1
443396	0	4511531	0
443396	0	4526741	1
443396	0	4526744	1
443396	0	4526747	1
443396	0	453706	0
443396	0	456708	1
443396	0	456710	1
443396	0	458179	0
443396	0	4638554	1
443396	0	4676619	0
443396	0	4774806	1
443396	0	4792649	0
443396	0	4792650	0
443396	0	4792652	1
443396	0	4792653	0
443396	0	4792654	1
443396	0	4792655	0
443396	0	483935	0
443396	0	4896251	1
443396	0	4935430	1
443396	0	5048838	1
443396	0	5048839	1
443396	0	5053511	1
443396	0	5065439	0
443396	0	5644797	0
443396	0	6953654	1
443396	0	6974032	1
443396	0	7251120	1
443396	0	7422742	1
443396	0	7620278	1
443396	0	7620279	0
443396	0	8079039	1
443396	0	8079040	0
443396	0	8079043	1
443396	0	8079046	1
443396	0	8171402	1
443396	0	8188606	1
443396	0	8329279	1
443396	0	8348187	0
443396	0	8536118	1
443396	0	8536121	1
443396	0	8536122	1
443396	0	8536123	1
443396	0	8793491	1
451602	0	1094138	1
451602	0	127537	1
451602	0	1277289	0
451602	0	1277290	0
451602	0	1277293	0
451602	0	1302756	1
451602	0	1314129	0
451602	0	1626653	0
451602	0	1897982	1
451602	0	2176450	0
451602	0	2176453	0
451602	0	2176454	0
451602	0	2176455	0
451602	0	2176458	1
451602	0	2176459	1
451602	0	2244882	0
451602	0	2312864	1
451602	0	2618829	1
451602	0	2922145	0
451602	0	3090666	0
451602	0	3177691	0
451602	0	3177699	0
451602	0	3790251	1
451602	0	4176454	1
451602	0	4345752	0
451602	0	4453605	0
451602	0	4453608	0
451602	0	4874640	0
451602	0	4874641	0
451602	0	5000376	1
451602	0	5179251	0
451602	0	5475308	1
451602	0	5538936	0
451602	0	5538937	1
451602	0	5538938	0
451602	0	5538942	1
451602	0	5655693	0
451602	0	6286975	0
451602	0	6286977	0
451602	0	6286980	0
451602	0	6286981	0
451602	0	654120	0
451602	0	6719255	1
451602	0	7800959	0
451602	0	7804169	1
451602	0	7804170	1
451602	0	8019873	0
451602	0	8033470	0
451602	0	8214452	0
451602	0	8383461	0
451602	0	8390518	0
451602	0	8390525	0
451602	0	8540470	0
451602	0	8540473	0
451602	0	8621776	1
451602	0	8621784	0
451602	0	8787234	1
451602	0	998695	0
47923	0	1681332	1
47923	0	1681334	1
47923	0	1681336	1
47923	0	1681338	1
47923	0	1681339	1
47923	0	1868437	1
47923	0	3348834	1
47923	0	3348838	1
47923	0	3986046	0
47923	0	4297620	1
47923	0	473809	1
47923	0	5032362	1
47923	0	5147527	1
47923	0	5417580	1
47923	0	5417582	1
47923	0	618556	1
47923	0	6191	1
47923	0	6241147	1
47923	0	6241148	1
47923	0	6241150	1
47923	0	6241151	1
47923	0	6241152	1
47923	0	6241153	1
47923	0	6241154	1
47923	0	6643066	1
47923	0	6919836	1
47923	0	8348762	1
47923	0	8418681	1
47923	0	8418683	1
47923	0	8418686	1
47923	0	8641104	1
47923	0	8641106	1
47923	0	8641107	1
47923	0	913042	1
47923	0	986177	1
489204	0	1038489	0
489204	0	1051492	1
489204	0	1051494	1
489204	0	1051498	1
489204	0	113238	1
489204	0	1225589	1
489204	0	1225591	1
489204	0	1228655	1
489204	0	1231677	1
489204	0	1276947	1
489204	0	1310106	1
489204	0	1310107	1
489204	0	1310108	1
489204	0	1360627	1
489204	0	136257	1
489204	0	1430550	1
489204	0	1479542	1
489204	0	152948	1
489204	0	152954	1
489204	0	1538587	1
489204	0	1759354	1
489204	0	1777014	1
489204	0	1778458	1
489204	0	185678	1
489204	0	1950269	1
489204	0	2053095	1
489204	0	2163701	1
489204	0	216490	1
489204	0	216492	1
489204	0	2268651	1
489204	0	2268652	1
489204	0	2268657	1
489204	0	3438216	1
489204	0	35919	1
489204	0	3623668	1
489204	0	3728445	1
489204	0	385083	1
489204	0	3980126	1
489204	0	4088951	1
489204	0	4387756	1
489204	0	4586570	1
489204	0	46493	1
489204	0	4890939	1
489204	0	4917998	1
489204	0	4918005	1
489204	0	4927308	1
489204	0	5005765	1
489204	0	533017	1
489204	0	5519177	1
489204	0	5541650	1
489204	0	5583224	1
489204	0	5629373	1
489204	0	5815957	1
489204	0	5842847	1
489204	0	5842850	1
489204	0	5895917	1
489204	0	6084785	1
489204	0	6087666	1
489204	0	6087671	1
489204	0	6327174	1
489204	0	6327175	1
489204	0	6327177	1
489204	0	6327181	1
489204	0	6343845	1
489204	0	6536367	1
489204	0	6542578	1
489204	0	6581771	1
489204	0	6652052	1
489204	0	6665319	1
489204	0	678245	1
489204	0	6816322	1
489204	0	6894988	1
489204	0	7113153	1
489204	0	7116533	1
489204	0	753265	1
489204	0	7564977	1
489204	0	7564980	1
489204	0	7923800	1
489204	0	8054792	1
489204	0	8376905	1
489204	0	8376910	1
489204	0	8463820	1
489204	0	8463823	1
489204	0	852250	1
489204	0	852257	1
489204	0	855963	1
489204	0	855972	1
489204	0	8585816	1
489204	0	8594271	1
489204	0	8594272	1
489204	0	8594280	1
489204	0	872467	1
489204	0	872470	1
489204	0	8737051	1
489204	0	8737053	1
489204	0	8781574	1
489204	0	8781577	1
489204	0	890797	1
489204	0	973923	1
490595	0	1160847	1
490595	0	1288938	1
490595	0	1652460	1
490595	0	1929910	1
490595	0	1929911	1
490595	0	3572695	1
490595	0	3833407	1
490595	0	3937196	1
490595	0	3937197	1
490595	0	3937200	1
490595	0	3937203	1
490595	0	4082315	0
490595	0	4737059	1
490595	0	4737060	1
490595	0	4737061	1
490595	0	4737063	1
490595	0	4737064	1
490595	0	4737065	1
490595	0	4737066	1
490595	0	4737067	1
490595	0	4842889	1
490595	0	4842890	1
490595	0	4842891	1
490595	0	4842897	1
490595	0	5112294	1
490595	0	5247992	1
490595	0	5247999	1
490595	0	549465	1
490595	0	6045591	1
490595	0	6066626	1
490595	0	6742119	1
490595	0	7839904	1
490595	0	7839906	1
490595	0	805046	1
490595	0	805048	1
490595	0	805051	1
490595	0	8485139	1
490595	0	8485141	1
490595	0	903932	1
527433	0	1187918	0
527433	0	1217016	1
527433	0	1251475	0
527433	0	1379236	1
527433	0	1379237	0
527433	0	1379240	1
527433	0	1379245	1
527433	0	1511548	0
527433	0	1664518	0
527433	0	1664523	1
527433	0	1993691	0
527433	0	1993699	0
527433	0	2045580	0
527433	0	2331989	1
527433	0	2496224	0
527433	0	2565413	0
527433	0	269422	0
527433	0	269423	0
527433	0	269425	0
527433	0	269426	0
527433	0	269428	0
527433	0	269430	0
527433	0	2722036	0
527433	0	3093197	1
527433	0	3294599	0
527433	0	3425595	0
527433	0	3786813	0
527433	0	3835729	0
527433	0	3835731	0
527433	0	3835732	0
527433	0	3835736	0
527433	0	4046876	0
527433	0	4064455	0
527433	0	4351170	0
527433	0	4402992	0
527433	0	467601	0
527433	0	4903731	0
527433	0	4958697	0
527433	0	5466807	1
527433	0	5466810	0
527433	0	547444	0
527433	0	5603301	0
527433	0	5629888	0
527433	0	5672164	0
527433	0	5672170	1
527433	0	5690943	0
527433	0	6015377	0
527433	0	6038397	0
527433	0	6065675	1
527433	0	6186391	0
527433	0	6186393	0
527433	0	6215001	1
527433	0	6215002	0
527433	0	6398041	1
527433	0	6667279	0
527433	0	729489	0
527433	0	7357591	0
527433	0	7607669	1
527433	0	7799466	1
527433	0	8306449	1
527433	0	8306450	0
527433	0	8306451	0
527433	0	8322920	1
527433	0	8617271	1
527433	0	8617273	1
527433	0	8617274	0
527433	0	8617276	0
527433	0	8827925	0
527433	0	8827928	0
527433	0	975967	0
573724	0	1165129	1
573724	0	1509940	1
573724	0	1509942	1
573724	0	162151	1
573724	0	1816038	1
573724	0	2133806	1
573724	0	2417985	1
573724	0	2635262	1
573724	0	3146236	1
573724	0	3146238	1
573724	0	3365631	1
573724	0	3365633	1
573724	0	3365636	1
573724	0	3365638	1
573724	0	394136	1
573724	0	394139	1
573724	0	394142	1
573724	0	4017883	0
573724	0	5047796	1
573724	0	5310530	1
573724	0	5339620	1
573724	0	5721829	1
573724	0	6776717	1
573724	0	7104825	1
573724	0	7104826	1
573724	0	7199669	1
573724	0	7199673	1
573724	0	7384325	1
573724	0	7384332	1
573724	0	7609927	1
573724	0	7674859	1
573724	0	8441642	1
573724	0	87405	1
573724	0	8833192	1
573724	0	8833194	1
833860	0	115142	0
833860	0	1400521	0
833860	0	1524402	0
833860	0	1524406	0
833860	0	1579406	0
833860	0	1889863	1
833860	0	2022688	1
833860	0	2188108	0
833860	0	2206194	1
833860	0	2206195	1
833860	0	2206196	1
833860	0	2206197	1
833860	0	2206198	1
833860	0	2206200	0
833860	0	2386361	0
833860	0	2654110	0
833860	0	2702357	1
833860	0	3087481	1
833860	0	3337877	0
833860	0	3421947	1
833860	0	3437281	1
833860	0	3437284	1
833860	0	3437285	0
833860	0	3437286	1
833860	0	3437288	0
833860	0	3437289	1
833860	0	3437290	0
833860	0	3924121	0
833860	0	4086002	0
833860	0	4431446	1
833860	0	4565899	0
833860	0	4881965	1
833860	0	4983652	0
833860	0	5012386	0
833860	0	5167510	1
833860	0	5167512	1
833860	0	5167513	1
833860	0	5167518	1
833860	0	5652528	0
833860	0	5832657	1
833860	0	6209174	0
833860	0	6211801	0
833860	0	6218032	1
833860	0	6230220	1
833860	0	6230221	1
833860	0	6230222	1
833860	0	6230223	1
833860	0	6230225	1
833860	0	6230226	1
833860	0	6230227	1
833860	0	6230228	0
833860	0	6230229	0
833860	0	6297606	0
833860	0	6621549	0
833860	0	6875877	1
833860	0	7038170	0
833860	0	7140183	0
833860	0	7435480	0
833860	0	756921	0
833860	0	7706738	1
833860	0	771855	1
833860	0	8344031	1
833860	0	8683095	0
833860	0	8833502	1
833860	0	8833504	1
833860	0	8833506	1
833860	0	8833509	1
855410	0	103039	0
855410	0	1047903	0
855410	0	1094091	0
855410	0	1147809	0
855410	0	1147810	0
855410	0	1147811	0
855410	0	1186979	1
855410	0	133350	0
855410	0	1394855	1
855410	0	1441918	0
855410	0	1599285	0
855410	0	1685597	0
855410	0	1824277	0
855410	0	1824278	0
855410	0	1947769	1
855410	0	2117094	0
855410	0	212609	0
855410	0	2273664	0
855410	0	2350118	0
855410	0	2402680	0
855410	0	2499355	0
855410	0	2506511	0
855410	0	2890365	0
855410	0	2969826	0
855410	0	3530756	1
855410	0	3530757	1
855410	0	3530758	1
855410	0	3530762	0
855410	0	369516	0
855410	0	3723410	0
855410	0	3723411	0
855410	0	3723413	0
855410	0	3723415	0
855410	0	3920974	0
855410	0	3946561	0
855410	0	4084193	0
855410	0	4406031	0
855410	0	4616842	0
855410	0	4636144	0
855410	0	4708041	0
855410	0	4708042	1
855410	0	4708045	1
855410	0	4708046	1
855410	0	4708047	1
855410	0	4733967	0
855410	0	4980050	0
855410	0	5053555	0
855410	0	5053561	0
855410	0	5095701	0
855410	0	5095702	0
855410	0	5239970	0
855410	0	5465915	0
855410	0	5608554	0
855410	0	5723210	0
855410	0	5799774	0
855410	0	5962462	0
855410	0	6257436	0
855410	0	6385718	0
855410	0	6385724	0
855410	0	6481239	0
855410	0	6481240	0
855410	0	6522121	0
855410	0	6615899	0
855410	0	6647485	0
855410	0	681984	0
855410	0	681987	0
855410	0	681993	0
855410	0	7031506	1
855410	0	7099015	0
855410	0	71807	0
855410	0	7210777	0
855410	0	722968	0
855410	0	7340395	0
855410	0	7380061	1
855410	0	7548527	0
855410	0	7747483	0
855410	0	8157623	0
855410	0	8157624	0
855410	0	8157632	0
855410	0	8271172	0
855410	0	8543392	0
855410	0	862689	0
855410	0	862695	0
855410	0	8645167	0
855410	0	8651770	1
855410	0	8651771	1
855410	0	8651772	0
855410	0	8651773	1
855410	0	8651775	1
855410	0	8651776	0
855410	0	8651778	1
855410	0	8663507	0
855410	0	8671032	0
855410	0	8671033	0
855410	0	8720966	1
855410	0	8776516	0
855410	0	8776519	0
855410	0	8776520	0
855410	0	8792394	0
855410	0	884430	0
855410	0	889438	0
855410	0	902854	0
855410	0	936546	0
855410	0	944479	0
87181	0	1179100	1
87181	0	123547	0
87181	0	1950526	1
87181	0	1950532	1
87181	0	2530227	1
87181	0	2986227	1
87181	0	3216315	1
87181	0	3216319	1
87181	0	4190143	0
87181	0	4689523	1
87181	0	4689525	1
87181	0	47210	0
87181	0	4786305	1
87181	0	5103077	1
87181	0	5197130	0
87181	0	5197135	1
87181	0	5469038	1
87181	0	5497677	1
87181	0	6484575	1
87181	0	6484576	1
87181	0	6484578	1
87181	0	6521366	1
87181	0	6685092	1
87181	0	742425	1
87181	0	7666831	0
87181	0	8151926	1
87181	0	8332546	1
87181	0	8332547	1
87181	0	8332550	1
87181	0	8332555	1
87181	0	8499367	1
87181	0	8534129	1
87181	0	8534130	1
87181	0	8534134	1
87181	0	8565420	1
87181	0	8683178	1
87181	0	8683185	1
87452	0	1395625	0
87452	0	1395631	1
87452	0	1598547	0
87452	0	1749882	1
87452	0	186931	1
87452	0	186939	1
87452	0	2624886	1
87452	0	3242437	1
87452	0	4008486	1
87452	0	4634899	1
87452	0	4866237	0
87452	0	4872055	0
87452	0	4993648	0
87452	0	5180105	0
87452	0	5286924	1
87452	0	5296736	1
87452	0	5751686	1
87452	0	5851090	1
87452	0	5851095	1
87452	0	6018160	1
87452	0	6018162	1
87452	0	6018163	0
87452	0	6018164	1
87452	0	6018165	1
87452	0	6018166	1
87452	0	6018168	1
87452	0	7843984	0
87452	0	7965004	1
87452	0	7965005	1
87452	0	7965007	1
87452	0	7965008	1
87452	0	7965010	1
87452	0	8055167	0
87452	0	8152220	1
87452	0	8152222	1
87452	0	8213478	1
87452	0	8333912	1
87452	0	8333916	1
87452	0	8333917	1
87452	0	8333918	1
87452	0	8333919	1
87452	0	8333920	1
87452	0	8333921	1
87452	0	8436571	1
87452	0	8436578	0
87452	0	8436579	0
87452	0	861789	1
87452	0	8680815	1
87452	0	8819111	1
87452	0	8819112	1
87452	0	8819113	1
87452	0	8819116	1
915593	0	1396701	0
915593	0	1772930	0
915593	0	1972028	1
915593	0	2210592	1
915593	0	2210593	1
915593	0	275726	1
915593	0	2923496	1
915593	0	2923497	1
915593	0	3485338	1
915593	0	3523599	0
915593	0	3538160	1
915593	0	3538161	0
915593	0	3538163	1
915593	0	3538164	0
915593	0	3538166	0
915593	0	3538168	1
915593	0	4566816	0
915593	0	4566818	1
915593	0	4566819	0
915593	0	4566822	1
915593	0	4834226	0
915593	0	4998398	1
915593	0	5774009	1
915593	0	5931262	1
915593	0	5931266	1
915593	0	5931268	1
915593	0	5931269	1
915593	0	6181638	1
915593	0	6761341	0
915593	0	6761344	1
915593	0	6923052	1
915593	0	7709320	1
915593	0	7861749	0
915593	0	7861755	1
915593	0	8002855	1
915593	0	8029524	1
915593	0	8029525	1
915593	0	8029527	1
915593	0	8029531	1
915593	0	8029533	1
915593	0	8103065	1
915593	0	8103067	1
915593	0	8178996	1
915593	0	8178998	1
915593	0	82105	0
915593	0	82106	1
915593	0	82107	1
915593	0	82108	1
915593	0	82110	1
915593	0	82113	1
915593	0	8402969	0
915593	0	8402970	0
915593	0	8402971	1
915593	0	8402972	1
915593	0	8455304	1
962179	0	1645080	0
962179	0	1645086	0
962179	0	1645087	0
962179	0	2329697	1
962179	0	2329699	1
962179	0	2329701	0
962179	0	2978864	1
962179	0	2978866	1
962179	0	2978870	1
962179	0	302861	0
962179	0	3705165	1
962179	0	3896632	0
962179	0	4257873	0
962179	0	4309122	0
962179	0	4511499	1
962179	0	4511501	0
962179	0	4511503	1
962179	0	4511504	0
962179	0	4606386	1
962179	0	4606387	1
962179	0	534563	1
962179	0	536176	1
962179	0	5427063	0
962179	0	5653652	0
962179	0	5653659	1
962179	0	5773189	0
962179	0	5919340	1
962179	0	5919342	1
962179	0	6675259	1
962179	0	6898289	1
962179	0	6980697	1
962179	0	8689054	0
962179	0	8689056	0
962179	0	8689057	0
962179	0	8785367	0
962179	0	8785369	1
962179	0	8785371	1
962179	0	8785374	0
