1037798	0	2157450	0
1037798	0	2157456	0
1037798	0	2258765	0
1037798	0	2360247	0
1037798	0	2360252	0
1037798	0	2781960	0
1037798	0	2781965	0
1037798	0	2781966	0
1037798	0	2787508	0
1037798	0	3167284	0
1037798	0	3387556	1
1037798	0	3620983	1
1037798	0	3620986	0
1037798	0	3620991	0
1037798	0	3641634	1
1037798	0	3641640	0
1037798	0	4055260	0
1037798	0	4095286	1
1037798	0	4114288	0
1037798	0	4182093	0
1037798	0	4227882	0
1037798	0	4291373	0
1037798	0	4468467	0
1037798	0	4788864	0
1037798	0	4818124	0
1037798	0	4818129	0
1037798	0	4974552	0
1037798	0	5006527	0
1037798	0	5438881	0
1037798	0	6060285	0
1037798	0	6792682	0
1037798	0	6792685	0
1037798	0	6963992	0
1037798	0	720665	0
1037798	0	7466652	0
1037798	0	7822415	1
1037798	0	7961603	0
1037798	0	7967207	0
1037798	0	8224670	0
1037798	0	8537479	0
1037798	0	8760864	0
1037798	0	8760865	0
1037798	0	8760866	1
1037798	0	8760867	1
1037798	0	8760868	1
1037798	0	8760870	1
1037798	0	8760871	1
1037798	0	8760873	0
1037798	0	8780802	0
1037798	0	994978	0
104861	0	1017092	0
104861	0	1046334	0
104861	0	1046339	0
104861	0	1055594	0
104861	0	1304632	0
104861	0	1313687	0
104861	0	1357961	0
104861	0	1442348	0
104861	0	146170	0
104861	0	146174	0
104861	0	1567102	1
104861	0	171927	0
104861	0	1773805	0
104861	0	1773807	1
104861	0	1811410	0
104861	0	1948963	0
104861	0	2158194	0
104861	0	2294849	0
104861	0	2377050	0
104861	0	2497738	0
104861	0	2600385	0
104861	0	2611066	0
104861	0	3443173	0
104861	0	3443176	1
104861	0	3925933	0
104861	0	4017854	0
104861	0	4017856	0
104861	0	4017858	0
104861	0	409268	0
104861	0	4199743	1
104861	0	4350439	0
104861	0	4583548	0
104861	0	459675	0
104861	0	459676	0
104861	0	4717134	0
104861	0	5138467	1
104861	0	5138469	0
104861	0	5138471	1
104861	0	5138472	1
104861	0	5138473	1
104861	0	5138474	0
104861	0	5138476	0
104861	0	5150431	0
104861	0	5248340	0
104861	0	5248341	0
104861	0	5405670	0
104861	0	5667475	0
104861	0	5688415	0
104861	0	5688416	0
104861	0	5688417	0
104861	0	5688418	0
104861	0	5688420	0
104861	0	5703400	0
104861	0	5703401	0
104861	0	5801822	0
104861	0	5836442	0
104861	0	5864689	0
104861	0	5864693	0
104861	0	599604	0
104861	0	6156641	0
104861	0	6187055	0
104861	0	629273	0
104861	0	629274	0
104861	0	629276	0
104861	0	629277	0
104861	0	629278	1
104861	0	6351571	0
104861	0	6467577	0
104861	0	6467580	0
104861	0	6467581	1
104861	0	6585554	0
104861	0	6653674	0
104861	0	6653676	0
104861	0	6653677	0
104861	0	6653678	0
104861	0	6653679	0
104861	0	6658615	0
104861	0	6704672	0
104861	0	6904992	0
104861	0	7034375	0
104861	0	715676	0
104861	0	7462393	0
104861	0	7506029	0
104861	0	8259116	0
104861	0	8260035	0
104861	0	8349574	0
104861	0	8495099	0
104861	0	8546158	0
104861	0	8546162	0
1063750	0	1074552	0
1063750	0	118643	1
1063750	0	12266	0
1063750	0	1747827	0
1063750	0	1866486	0
1063750	0	1923499	0
1063750	0	1923500	1
1063750	0	1923506	0
1063750	0	2220585	0
1063750	0	2230089	0
1063750	0	2230090	0
1063750	0	2391456	0
1063750	0	2391457	0
1063750	0	2470328	0
1063750	0	2496767	0
1063750	0	2516	0
1063750	0	2768117	0
1063750	0	2768123	0
1063750	0	2868845	0
1063750	0	2881841	0
1063750	0	2997653	0
1063750	0	3076179	0
1063750	0	309313	0
1063750	0	3259884	1
1063750	0	3259889	0
1063750	0	3259892	0
1063750	0	330159	0
1063750	0	330165	0
1063750	0	3327051	0
1063750	0	3610446	0
1063750	0	3654231	0
1063750	0	3973418	1
1063750	0	3973423	1
1063750	0	4158202	0
1063750	0	4164404	0
1063750	0	4329899	0
1063750	0	4337526	0
1063750	0	4337527	0
1063750	0	4337529	1
1063750	0	4337532	1
1063750	0	4349323	0
1063750	0	4414266	0
1063750	0	4718159	0
1063750	0	4718161	0
1063750	0	4788295	0
1063750	0	4788296	0
1063750	0	4788297	0
1063750	0	4788299	0
1063750	0	4823168	0
1063750	0	4823169	0
1063750	0	4834969	0
1063750	0	4834974	0
1063750	0	5123011	0
1063750	0	5442711	1
1063750	0	5442717	0
1063750	0	5956099	0
1063750	0	5956102	0
1063750	0	6093904	0
1063750	0	6127389	0
1063750	0	6347205	0
1063750	0	6436703	0
1063750	0	6666451	0
1063750	0	7146781	1
1063750	0	7571423	0
1063750	0	7571428	0
1063750	0	7778351	0
1063750	0	7778354	0
1063750	0	7781460	0
1063750	0	7837936	0
1063750	0	7837938	0
1063750	0	7952964	0
1063750	0	7952965	0
1063750	0	7952966	0
1063750	0	7952971	0
1063750	0	8170640	1
1063750	0	819283	0
1063750	0	819284	0
1063750	0	8239876	0
1063750	0	8239877	0
1063750	0	8384979	0
1063750	0	8640242	0
1063750	0	8670789	0
1063750	0	8722081	0
1063750	0	8821734	0
1063750	0	8821735	0
1103812	0	1214791	0
1103812	0	1583317	0
1103812	0	1614303	1
1103812	0	1659850	0
1103812	0	1659852	0
1103812	0	2332189	1
1103812	0	2703108	0
1103812	0	2703111	0
1103812	0	2750961	1
1103812	0	2750965	1
1103812	0	2790080	1
1103812	0	3591090	0
1103812	0	3672737	0
1103812	0	3672744	0
1103812	0	3843263	0
1103812	0	3843267	0
1103812	0	3843269	0
1103812	0	3940091	0
1103812	0	4044289	0
1103812	0	4292848	0
1103812	0	4401695	1
1103812	0	4455026	0
1103812	0	4679037	0
1103812	0	4679038	0
1103812	0	4824831	0
1103812	0	4937953	0
1103812	0	5190505	0
1103812	0	5823139	1
1103812	0	5974245	0
1103812	0	6289840	0
1103812	0	6569474	0
1103812	0	7430771	0
1103812	0	7753287	0
1103812	0	8157968	0
1103812	0	8220081	0
1103812	0	8220085	1
1103812	0	8220086	1
1103812	0	8220087	0
1103812	0	8220088	1
1103812	0	8220089	0
1103812	0	8224175	0
1103812	0	8224183	0
1103812	0	8293805	0
1103812	0	955560	0
1103812	0	961775	0
1106007	0	1334328	1
1106007	0	1334330	0
1106007	0	1334334	0
1106007	0	1334335	1
1106007	0	1334336	1
1106007	0	1530299	0
1106007	0	2143418	0
1106007	0	2384069	0
1106007	0	2464375	0
1106007	0	2621981	0
1106007	0	2672601	1
1106007	0	2672608	0
1106007	0	2777113	0
1106007	0	2960558	1
1106007	0	2960561	0
1106007	0	2960563	1
1106007	0	2960566	0
1106007	0	3390428	0
1106007	0	3537614	0
1106007	0	4173709	1
1106007	0	4173712	1
1106007	0	4382105	0
1106007	0	5174765	0
1106007	0	5279699	0
1106007	0	5774818	0
1106007	0	5780388	0
1106007	0	5836920	0
1106007	0	6126194	0
1106007	0	6126197	0
1106007	0	6209484	0
1106007	0	7211746	0
1106007	0	746358	0
1106007	0	765663	0
1106007	0	7685383	0
1106007	0	7685384	0
1106007	0	7685385	0
1106007	0	7685388	0
1106007	0	7726655	0
1106007	0	8199521	0
1106007	0	8204457	1
1106007	0	8521673	1
1110199	0	167604	0
1110199	0	1901876	1
1110199	0	1901877	0
1110199	0	1901878	1
1110199	0	1901879	1
1110199	0	1901881	0
1110199	0	1901882	1
1110199	0	2218462	0
1110199	0	239444	0
1110199	0	2474406	0
1110199	0	2796199	0
1110199	0	2796830	0
1110199	0	3647394	0
1110199	0	3838638	1
1110199	0	3838645	0
1110199	0	398442	0
1110199	0	4053652	0
1110199	0	4057232	0
1110199	0	4489656	0
1110199	0	4504233	0
1110199	0	4511137	1
1110199	0	4511144	0
1110199	0	4588784	1
1110199	0	4949578	0
1110199	0	5172684	0
1110199	0	5172688	0
1110199	0	5218014	0
1110199	0	554521	0
1110199	0	5857921	0
1110199	0	6368887	1
1110199	0	6368891	0
1110199	0	6392463	0
1110199	0	6392469	0
1110199	0	7174098	0
1110199	0	7221366	0
1110199	0	7369955	0
1110199	0	7628031	0
1110199	0	7680811	0
1110199	0	8160518	1
1110199	0	8160519	0
1110199	0	8160520	1
1110199	0	8160523	0
1110199	0	8160524	0
1110199	0	8160527	0
1110199	0	8301971	0
1112341	0	1267520	0
1112341	0	1369482	0
1112341	0	1373651	0
1112341	0	1450347	0
1112341	0	2096427	0
1112341	0	2096429	0
1112341	0	2253155	1
1112341	0	2626927	0
1112341	0	2663365	0
1112341	0	2694630	0
1112341	0	2694636	0
1112341	0	2694637	0
1112341	0	2735215	0
1112341	0	2735219	0
1112341	0	3118343	0
1112341	0	3493341	0
1112341	0	3795887	0
1112341	0	3795896	0
1112341	0	4022846	0
1112341	0	4022849	0
1112341	0	4416075	0
1112341	0	4703755	0
1112341	0	4977768	0
1112341	0	5043405	0
1112341	0	524251	0
1112341	0	550571	0
1112341	0	6016292	0
1112341	0	6102033	0
1112341	0	6164791	0
1112341	0	6311795	0
1112341	0	6311801	0
1112341	0	6342847	0
1112341	0	6478665	0
1112341	0	6681382	0
1112341	0	6726340	1
1112341	0	6726341	1
1112341	0	6726342	0
1112341	0	6726344	1
1112341	0	6726345	1
1112341	0	6726346	0
1112341	0	6740558	0
1112341	0	6903063	0
1112341	0	7079776	0
1112341	0	7079779	0
1112341	0	7242813	0
1112341	0	8139249	0
1112341	0	8139250	0
1112341	0	8139251	0
1112341	0	8139253	0
1112341	0	8139255	1
1112341	0	8139256	1
1112341	0	8139257	1
1112341	0	8139258	1
1112341	0	8326588	0
1112341	0	8337125	1
1112341	0	8337129	0
1112341	0	8442178	0
1112341	0	8606160	0
1112341	0	8606161	0
1112341	0	90432	0
1113437	0	1066532	0
1113437	0	1066538	0
1113437	0	1280568	1
1113437	0	1280569	0
1113437	0	1454814	0
1113437	0	1768727	0
1113437	0	2001933	0
1113437	0	2001934	0
1113437	0	2226349	1
1113437	0	2354940	0
1113437	0	2354941	0
1113437	0	2354947	0
1113437	0	2595628	0
1113437	0	2884191	0
1113437	0	3125154	1
1113437	0	3518300	0
1113437	0	3880944	0
1113437	0	4016930	0
1113437	0	4016937	0
1113437	0	4367832	1
1113437	0	4473156	0
1113437	0	4473157	0
1113437	0	4498864	0
1113437	0	4498867	0
1113437	0	4751835	1
1113437	0	4751839	0
1113437	0	4981632	0
1113437	0	5188746	0
1113437	0	5188747	0
1113437	0	520325	0
1113437	0	5328098	0
1113437	0	5346404	0
1113437	0	5514586	1
1113437	0	5546288	0
1113437	0	5546289	0
1113437	0	5938418	0
1113437	0	5938425	0
1113437	0	5996691	0
1113437	0	5996693	0
1113437	0	6021898	0
1113437	0	6021902	1
1113437	0	6174328	0
1113437	0	6302495	0
1113437	0	631949	0
1113437	0	6455610	0
1113437	0	6486041	0
1113437	0	6593846	0
1113437	0	6597538	0
1113437	0	7377275	0
1113437	0	7377277	0
1113437	0	7385219	0
1113437	0	7385222	1
1113437	0	742037	1
1113437	0	742040	0
1113437	0	742044	1
1113437	0	7618564	0
1113437	0	8128790	0
1113437	0	8128793	0
1113437	0	8128794	0
1113437	0	8128796	0
1113437	0	8128798	0
1113437	0	8162984	0
1113437	0	8729219	0
1114646	0	1884059	0
1114646	0	2201127	0
1114646	0	2647994	1
1114646	0	266552	1
1114646	0	2911039	0
1114646	0	2911040	0
1114646	0	2931848	0
1114646	0	3056368	0
1114646	0	4332918	0
1114646	0	444374	0
1114646	0	444375	0
1114646	0	444377	0
1114646	0	444380	0
1114646	0	444382	0
1114646	0	5279567	1
1114646	0	5417949	0
1114646	0	5417952	0
1114646	0	5417953	0
1114646	0	5417954	0
1114646	0	5569142	0
1114646	0	5640859	0
1114646	0	579554	0
1114646	0	5959593	0
1114646	0	6704400	1
1114646	0	6704401	1
1114646	0	6711103	0
1114646	0	687064	0
1114646	0	7196961	0
1114646	0	771368	0
1114646	0	7984234	0
1114646	0	8117087	0
1114646	0	8117089	1
1114646	0	8117090	1
1114646	0	8117091	1
1114646	0	8117092	1
1114646	0	8117093	0
1114646	0	8117094	1
1114646	0	8117096	0
1114646	0	8665820	0
1114819	0	1248112	0
1114819	0	1302004	0
1114819	0	1315993	1
1114819	0	1315994	1
1114819	0	1315995	0
1114819	0	1315996	1
1114819	0	1315998	0
1114819	0	1625836	0
1114819	0	1724520	0
1114819	0	1724525	1
1114819	0	1724528	0
1114819	0	1738242	1
1114819	0	1738250	0
1114819	0	2136434	0
1114819	0	344350	1
1114819	0	3484458	0
1114819	0	3781418	0
1114819	0	3906954	0
1114819	0	3906959	0
1114819	0	4890560	0
1114819	0	5165249	0
1114819	0	534362	0
1114819	0	5521371	1
1114819	0	5521373	0
1114819	0	5628952	0
1114819	0	6900766	1
1114819	0	6900774	0
1114819	0	6941478	0
1114819	0	694737	0
1114819	0	785027	0
1114819	0	8022276	1
1114819	0	8022277	0
1114819	0	8022280	0
1114819	0	8115435	0
1114819	0	8115439	0
1114819	0	8115440	0
1114819	0	8336229	0
1114819	0	8336230	0
1114819	0	8508263	0
1114819	0	8625086	0
1114819	0	8754397	0
1114819	0	8754398	0
1114819	0	8754404	0
1114819	0	988370	0
1114819	0	988373	0
1114819	0	988376	1
1115776	0	1551024	0
1115776	0	1729576	0
1115776	0	2052730	0
1115776	0	2364285	1
1115776	0	3081626	0
1115776	0	3344355	0
1115776	0	3469357	1
1115776	0	4131485	0
1115776	0	4314169	0
1115776	0	4314170	1
1115776	0	4314171	0
1115776	0	4314172	0
1115776	0	4314173	1
1115776	0	4314174	0
1115776	0	4314175	0
1115776	0	4314176	1
1115776	0	4314178	0
1115776	0	4487937	1
1115776	0	5264931	0
1115776	0	5599692	0
1115776	0	5605159	0
1115776	0	5950738	0
1115776	0	600966	0
1115776	0	6989198	0
1115776	0	8106317	1
1115776	0	8106318	0
1115776	0	8106320	1
1115776	0	8106321	1
1115776	0	8106322	0
1115776	0	8106323	0
1115776	0	8106324	1
1115776	0	8495250	0
1115776	0	8673352	0
1117099	0	1068642	0
1117099	0	1123496	0
1117099	0	1389420	0
1117099	0	1445087	0
1117099	0	1798612	1
1117099	0	1798620	1
1117099	0	2715359	0
1117099	0	3104260	0
1117099	0	3349612	1
1117099	0	3522902	0
1117099	0	3543106	1
1117099	0	4131489	0
1117099	0	4441325	0
1117099	0	4458509	0
1117099	0	4458512	1
1117099	0	4573811	1
1117099	0	514314	0
1117099	0	5286535	0
1117099	0	5286538	1
1117099	0	5286539	1
1117099	0	6122720	0
1117099	0	6122721	0
1117099	0	6122722	0
1117099	0	6122723	0
1117099	0	6534818	0
1117099	0	6993942	0
1117099	0	714808	0
1117099	0	7163733	0
1117099	0	7407593	0
1117099	0	8019446	0
1117099	0	8093931	0
1117099	0	8093932	0
1117099	0	8093934	0
1117099	0	8446501	1
1117099	0	8446504	0
1117099	0	8446505	1
1117099	0	8446506	0
1117099	0	8838111	0
1121402	0	182366	0
1121402	0	182368	1
1121402	0	182369	1
1121402	0	182370	0
1121402	0	182372	1
1121402	0	182373	0
1121402	0	188211	0
1121402	0	188213	1
1121402	0	188214	0
1121402	0	188217	0
1121402	0	188218	0
1121402	0	3511789	0
1121402	0	3785308	0
1121402	0	3785309	0
1121402	0	4293064	0
1121402	0	5189913	1
1121402	0	7125980	0
1121402	0	7125981	0
1121402	0	7125983	1
1121402	0	7125987	1
1121402	0	7142994	0
1121402	0	8052617	0
1121402	0	8052620	1
1121402	0	8052621	0
1121402	0	8052622	0
1121402	0	8052623	1
1121402	0	8052624	1
1121402	0	8089444	0
1121709	0	1112487	0
1121709	0	1114393	0
1121709	0	1392360	0
1121709	0	1640511	0
1121709	0	16845	0
1121709	0	2051808	0
1121709	0	2517708	0
1121709	0	2615981	0
1121709	0	2662730	0
1121709	0	2851223	0
1121709	0	3030903	0
1121709	0	3064096	0
1121709	0	3381112	0
1121709	0	3423059	0
1121709	0	3423060	0
1121709	0	3423061	1
1121709	0	3423062	1
1121709	0	3423063	0
1121709	0	3423064	1
1121709	0	3423065	1
1121709	0	3423066	0
1121709	0	3423067	1
1121709	0	3446958	0
1121709	0	3552218	0
1121709	0	3691568	0
1121709	0	3833130	0
1121709	0	3875032	0
1121709	0	402054	0
1121709	0	4580131	0
1121709	0	4580133	0
1121709	0	4644464	0
1121709	0	4836900	0
1121709	0	5014378	0
1121709	0	511306	0
1121709	0	5264299	0
1121709	0	6007524	0
1121709	0	6600	0
1121709	0	6630430	1
1121709	0	669004	0
1121709	0	701349	0
1121709	0	7209949	0
1121709	0	7565881	0
1121709	0	8049577	1
1121709	0	8049578	0
1121709	0	8049579	0
1121709	0	8049580	1
1121709	0	8049582	0
1121709	0	8049583	1
1121709	0	8049584	1
1121709	0	8049585	0
1121709	0	8049586	0
1121709	0	8283424	0
1121709	0	8297863	0
1121709	0	8500135	0
1121709	0	862855	0
1121709	0	88402	0
1121709	0	950984	0
1124210	0	131190	0
1124210	0	1383617	0
1124210	0	1383624	0
1124210	0	1689639	0
1124210	0	1702009	0
1124210	0	181177	0
1124210	0	2070515	0
1124210	0	2089544	0
1124210	0	2258591	0
1124210	0	2258592	0
1124210	0	2258593	0
1124210	0	2258594	0
1124210	0	2258595	0
1124210	0	2258596	0
1124210	0	2258597	0
1124210	0	2433601	0
1124210	0	2433604	0
1124210	0	2461683	0
1124210	0	2494574	0
1124210	0	2494577	0
1124210	0	2650269	0
1124210	0	2685123	0
1124210	0	2728448	0
1124210	0	2753148	1
1124210	0	3162331	0
1124210	0	3289568	0
1124210	0	3466956	0
1124210	0	3517427	0
1124210	0	3520550	0
1124210	0	3520553	0
1124210	0	3546600	0
1124210	0	3573857	0
1124210	0	3680798	0
1124210	0	3680800	0
1124210	0	3680801	0
1124210	0	3680802	0
1124210	0	3859923	0
1124210	0	3937735	0
1124210	0	3944481	0
1124210	0	4074146	0
1124210	0	4074149	0
1124210	0	4425464	0
1124210	0	4648414	0
1124210	0	475041	0
1124210	0	4794725	0
1124210	0	4942992	0
1124210	0	4957842	0
1124210	0	4958358	0
1124210	0	5032711	0
1124210	0	5039696	0
1124210	0	5056100	0
1124210	0	5281846	0
1124210	0	546158	0
1124210	0	555792	0
1124210	0	5587711	0
1124210	0	5664148	0
1124210	0	5940134	0
1124210	0	5941717	0
1124210	0	607910	0
1124210	0	6146809	0
1124210	0	6233255	0
1124210	0	6255796	0
1124210	0	6498977	1
1124210	0	6541864	0
1124210	0	6541868	0
1124210	0	6814012	0
1124210	0	6814015	0
1124210	0	6814017	0
1124210	0	6992534	0
1124210	0	7203360	1
1124210	0	7205919	0
1124210	0	7205920	0
1124210	0	7224102	1
1124210	0	7234570	0
1124210	0	7278463	0
1124210	0	7443583	0
1124210	0	7443586	0
1124210	0	7695217	0
1124210	0	7756779	0
1124210	0	7806221	0
1124210	0	7806222	1
1124210	0	7851118	0
1124210	0	8026735	0
1124210	0	8026737	0
1124210	0	8026740	0
1124210	0	8026743	1
1124210	0	8087702	1
1124210	0	8355477	1
1124210	0	8492305	0
1124210	0	8547690	1
1124210	0	8650642	0
1124210	0	8802909	0
1124210	0	92049	1
1124210	0	931165	0
1129237	0	128982	1
1129237	0	128984	0
1129237	0	128989	1
1129237	0	1721142	0
1129237	0	2152821	0
1129237	0	2697746	0
1129237	0	2697752	1
1129237	0	3131122	0
1129237	0	3683096	0
1129237	0	3905055	0
1129237	0	3905057	0
1129237	0	3905802	1
1129237	0	4254811	1
1129237	0	4254815	0
1129237	0	4254816	0
1129237	0	4884964	0
1129237	0	5619502	0
1129237	0	5627214	0
1129237	0	5906130	0
1129237	0	6080460	1
1129237	0	6343520	0
1129237	0	7874566	0
1129237	0	7911557	1
1129237	0	806652	0
1129237	0	8203445	0
1129237	0	8450766	0
1129237	0	8588122	0
1129237	0	8588219	1
1129237	0	8588222	0
1129237	0	8588226	1
1129237	0	8588227	0
1129237	0	8682824	0
1129237	0	998748	0
1129237	0	998751	1
1133167	0	1379370	0
1133167	0	1824479	0
1133167	0	1824480	0
1133167	0	1824484	0
1133167	0	1824485	1
1133167	0	1824486	0
1133167	0	1824488	1
1133167	0	1883272	0
1133167	0	1883273	1
1133167	0	1883281	0
1133167	0	190803	1
1133167	0	190804	0
1133167	0	190806	0
1133167	0	190809	0
1133167	0	2010281	0
1133167	0	2276678	0
1133167	0	3023120	0
1133167	0	3023123	0
1133167	0	3074599	1
1133167	0	3355083	0
1133167	0	3421898	0
1133167	0	3421900	0
1133167	0	3421903	0
1133167	0	3421906	0
1133167	0	3953805	0
1133167	0	434120	1
1133167	0	434121	0
1133167	0	434124	0
1133167	0	434125	0
1133167	0	4443370	0
1133167	0	4443375	0
1133167	0	4498474	0
1133167	0	4498479	0
1133167	0	4550240	1
1133167	0	4550244	0
1133167	0	4712273	0
1133167	0	4712279	0
1133167	0	4922619	1
1133167	0	4926197	0
1133167	0	4926204	0
1133167	0	4973626	0
1133167	0	563738	0
1133167	0	5674622	0
1133167	0	5674623	0
1133167	0	5787117	0
1133167	0	6112586	0
1133167	0	6112587	0
1133167	0	6112590	0
1133167	0	6112592	0
1133167	0	6257038	0
1133167	0	6467518	1
1133167	0	6467522	0
1133167	0	6467523	0
1133167	0	6467524	0
1133167	0	7093509	0
1133167	0	7218012	0
1133167	0	7793408	0
1133167	0	7793409	0
1133167	0	8033644	0
1133167	0	8033645	0
1133167	0	8033650	0
1133167	0	8160224	0
1133167	0	8160230	0
1133167	0	8160241	0
1133167	0	8160243	0
1133167	0	823274	0
1133167	0	823275	0
1133167	0	8255705	0
1133167	0	8255706	1
130510	0	1110766	0
130510	0	1494930	0
130510	0	1494932	0
130510	0	1494934	1
130510	0	1494935	0
130510	0	1494936	1
130510	0	1494938	1
130510	0	1494939	0
130510	0	1972336	0
130510	0	203718	0
130510	0	2982053	0
130510	0	3155839	0
130510	0	3913773	0
130510	0	3913778	0
130510	0	4722583	0
130510	0	5148418	0
130510	0	5732822	0
130510	0	6835270	0
130510	0	7125238	0
130510	0	7125239	1
130510	0	7125241	0
130510	0	7501557	0
130510	0	7501558	1
130510	0	7501563	0
130510	0	799647	1
130510	0	8354778	0
130510	0	8612902	0
130510	0	8612903	1
130510	0	8612904	0
130510	0	8612905	0
130510	0	8612906	1
130510	0	8612909	1
130510	0	8612910	1
130510	0	996732	0
130510	0	996740	0
131843	0	2041693	0
131843	0	31718	0
131843	0	3432705	0
131843	0	348760	0
131843	0	3841396	1
131843	0	3937054	0
131843	0	4136087	0
131843	0	4338356	0
131843	0	4806979	0
131843	0	5715075	0
131843	0	6121785	0
131843	0	6629203	0
131843	0	6863389	0
131843	0	8305151	1
131843	0	8305152	1
131843	0	8305153	1
131843	0	8305154	1
131843	0	8305155	1
131843	0	8305156	1
131843	0	8305158	1
131843	0	8456964	0
131843	0	8456965	0
131843	0	8456967	0
131843	0	8456970	0
131843	0	8710812	0
131843	0	8710813	0
131843	0	935618	0
131843	0	935619	0
131843	0	935621	0
131843	0	935626	0
131843	0	985988	0
131843	0	985989	1
131843	0	985990	0
131843	0	985991	0
131843	0	985992	0
131843	0	985994	1
131843	0	985995	0
146187	0	2226093	0
146187	0	3615731	0
146187	0	4214925	0
146187	0	4741857	1
146187	0	4777144	1
146187	0	6015025	0
146187	0	6015026	0
146187	0	6430258	0
146187	0	744165	1
146187	0	744167	0
146187	0	76348	0
146187	0	8434617	0
146187	0	8434618	1
146187	0	8434619	1
146187	0	8434620	0
146187	0	8434621	0
146187	0	8434622	1
146187	0	8434623	1
146187	0	8434624	1
146187	0	8434625	1
146187	0	8434626	1
148538	0	1299824	0
148538	0	1311206	0
148538	0	1311209	0
148538	0	1384447	0
148538	0	1384448	0
148538	0	1828171	0
148538	0	1950974	0
148538	0	1950976	0
148538	0	1950979	0
148538	0	1950983	1
148538	0	1969519	0
148538	0	1969521	0
148538	0	1985491	0
148538	0	2033800	0
148538	0	208314	0
148538	0	231453	0
148538	0	231455	1
148538	0	2455774	0
148538	0	2455775	0
148538	0	2915327	0
148538	0	332400	0
148538	0	332401	0
148538	0	3353306	0
148538	0	3557943	0
148538	0	3918785	0
148538	0	398535	0
148538	0	4185812	0
148538	0	4264129	1
148538	0	4447598	0
148538	0	4447601	1
148538	0	4539654	1
148538	0	4539657	1
148538	0	4607263	0
148538	0	4959638	0
148538	0	5077704	0
148538	0	5077707	0
148538	0	5077709	0
148538	0	5171603	0
148538	0	615407	0
148538	0	6697437	0
148538	0	6846343	0
148538	0	6894608	0
148538	0	7407803	1
148538	0	7407812	1
148538	0	8283527	0
148538	0	8283530	0
148538	0	8283531	1
148538	0	8283532	0
148538	0	985488	0
148538	0	985490	0
148538	0	985491	1
148538	0	985494	0
156493	0	1034435	0
156493	0	1171595	0
156493	0	1277723	0
156493	0	1277725	0
156493	0	1277727	1
156493	0	1960255	0
156493	0	1960257	0
156493	0	1960259	0
156493	0	1960260	0
156493	0	2259183	0
156493	0	2317807	0
156493	0	2411918	0
156493	0	2598786	0
156493	0	2598787	0
156493	0	2612490	0
156493	0	2612491	0
156493	0	2612492	0
156493	0	2612493	1
156493	0	2717163	0
156493	0	2928702	0
156493	0	2928707	0
156493	0	2949801	0
156493	0	2949802	0
156493	0	3288595	0
156493	0	3288596	0
156493	0	3288597	1
156493	0	3288598	0
156493	0	3288600	1
156493	0	3288601	0
156493	0	3288603	1
156493	0	349638	0
156493	0	3603920	1
156493	0	4527706	0
156493	0	4583221	0
156493	0	5479187	0
156493	0	5530082	0
156493	0	6139382	0
156493	0	6139386	0
156493	0	6524746	0
156493	0	6775071	0
156493	0	7371077	1
156493	0	8182159	1
156493	0	8182160	0
156493	0	8182161	0
156493	0	8182162	1
156493	0	8182165	0
156493	0	8182166	1
156493	0	8273017	0
156493	0	8273019	0
156493	0	8393766	0
156493	0	8820526	0
156493	0	885944	0
156493	0	911790	0
156493	0	95512	0
156493	0	95514	0
156493	0	95517	0
156493	0	95518	0
156493	0	95521	0
168216	0	1183706	0
168216	0	1301465	0
168216	0	1301466	0
168216	0	1301467	0
168216	0	1301469	0
168216	0	1301471	0
168216	0	1301472	0
168216	0	1301474	0
168216	0	13499	0
168216	0	1381477	1
168216	0	1735358	1
168216	0	1735360	0
168216	0	1924796	1
168216	0	1924800	1
168216	0	2036279	0
168216	0	2069992	0
168216	0	2210775	0
168216	0	2210780	0
168216	0	2265769	0
168216	0	2659074	1
168216	0	2790904	0
168216	0	2806307	0
168216	0	290826	0
168216	0	3174840	0
168216	0	3198687	0
168216	0	3198689	0
168216	0	3344828	0
168216	0	3344837	0
168216	0	3399713	0
168216	0	3681095	0
168216	0	3830857	1
168216	0	3908773	0
168216	0	3908774	0
168216	0	3908776	0
168216	0	3908777	0
168216	0	4191395	0
168216	0	4324492	0
168216	0	4600607	0
168216	0	5024307	0
168216	0	5935476	0
168216	0	6061718	0
168216	0	6061722	0
168216	0	6213322	0
168216	0	6213325	0
168216	0	6264731	0
168216	0	6264733	0
168216	0	6282561	1
168216	0	6426632	0
168216	0	6426634	0
168216	0	6584042	0
168216	0	7337513	0
168216	0	7492753	0
168216	0	8185131	0
168216	0	8185135	1
168216	0	8185137	0
168216	0	8252763	0
168216	0	8639633	1
168216	0	8723467	1
168216	0	8731617	0
168216	0	8731621	0
168216	0	8731622	0
168216	0	8731623	0
168216	0	8731624	0
182539	0	1307235	0
182539	0	1638687	0
182539	0	1638689	0
182539	0	1638690	0
182539	0	1654895	0
182539	0	2092202	0
182539	0	2165968	1
182539	0	2909959	0
182539	0	2909960	0
182539	0	2909961	0
182539	0	3293878	0
182539	0	330179	0
182539	0	3389569	0
182539	0	3760957	0
182539	0	3883077	0
182539	0	3883081	0
182539	0	4448399	0
182539	0	4487755	0
182539	0	5567729	0
182539	0	5567732	0
182539	0	57443	0
182539	0	57444	0
182539	0	57447	1
182539	0	57448	0
182539	0	57449	1
182539	0	57452	0
182539	0	6097108	0
182539	0	6282909	0
182539	0	6783449	0
182539	0	6807900	0
182539	0	6816571	0
182539	0	6816572	0
182539	0	6816573	0
182539	0	6816576	0
182539	0	6980965	1
182539	0	7050579	0
182539	0	721170	0
182539	0	7371255	0
182539	0	7371257	0
182539	0	7371259	0
182539	0	7371261	0
182539	0	7371262	0
182539	0	7408022	1
182539	0	7527837	0
182539	0	7583024	1
182539	0	762792	1
182539	0	7690609	1
182539	0	7807063	0
182539	0	7883763	0
182539	0	8299659	0
182539	0	8299660	0
182539	0	8299668	0
182539	0	8515182	1
182539	0	8598792	1
182539	0	8757178	0
182539	0	8757179	0
182539	0	8757180	0
182539	0	8757181	0
182539	0	8757182	0
183378	0	1289489	1
183378	0	1289490	1
183378	0	1289492	1
183378	0	1289496	1
183378	0	1289497	1
183378	0	2089154	0
183378	0	2493332	0
183378	0	2533260	0
183378	0	3093215	0
183378	0	3185611	0
183378	0	4493914	0
183378	0	4493915	0
183378	0	4493916	0
183378	0	4493920	0
183378	0	4493921	0
183378	0	4803847	0
183378	0	4803848	0
183378	0	4803850	0
183378	0	4856305	0
183378	0	5534703	0
183378	0	5534707	1
183378	0	5534711	0
183378	0	5817927	1
183378	0	7398706	0
183378	0	7449744	1
183378	0	7449748	1
183378	0	7449752	0
183378	0	7677975	0
183378	0	7952865	0
183378	0	8121380	0
183378	0	8570256	0
183378	0	8570257	0
183378	0	8570258	0
183378	0	8577215	0
183378	0	8794302	0
183378	0	8794304	0
183378	0	8794308	1
19335	0	1143050	0
19335	0	1389478	0
19335	0	1389479	0
19335	0	1469573	0
19335	0	161606	0
19335	0	1717015	0
19335	0	1720387	0
19335	0	1720388	0
19335	0	1720389	0
19335	0	1720393	1
19335	0	1720394	1
19335	0	1720395	0
19335	0	1726	0
19335	0	1729	0
19335	0	1915754	0
19335	0	2020519	1
19335	0	2046505	0
19335	0	211275	0
19335	0	2250973	0
19335	0	2304005	0
19335	0	2437769	0
19335	0	2874497	0
19335	0	2874503	0
19335	0	3045567	1
19335	0	3175481	0
19335	0	3175484	0
19335	0	342431	0
19335	0	354219	0
19335	0	3615077	0
19335	0	3615079	0
19335	0	429851	0
19335	0	4480942	0
19335	0	4480943	0
19335	0	4480945	0
19335	0	478232	0
19335	0	4843828	1
19335	0	5078863	0
19335	0	527690	0
19335	0	527692	0
19335	0	527695	0
19335	0	527697	0
19335	0	5508122	0
19335	0	5732401	0
19335	0	584350	0
19335	0	6124004	0
19335	0	6294314	0
19335	0	6452949	0
19335	0	6510257	0
19335	0	6512137	1
19335	0	6512144	1
19335	0	6773977	0
19335	0	6902386	0
19335	0	6999135	0
19335	0	7042455	0
19335	0	7050803	0
19335	0	7122355	0
19335	0	7235457	0
19335	0	7267248	0
19335	0	7460273	0
19335	0	772225	0
19335	0	772234	0
19335	0	7856992	0
19335	0	8061829	0
19335	0	8151642	0
19335	0	8151650	0
19335	0	819168	0
19335	0	8412681	1
19335	0	8412682	0
19335	0	8412683	0
19335	0	8412684	0
19335	0	8412685	0
19335	0	8412687	0
19335	0	8635981	0
19335	0	8635984	1
19335	0	8786632	0
19335	0	93557	1
207786	0	1029962	0
207786	0	1392579	0
207786	0	1392585	1
207786	0	1667536	0
207786	0	2051020	0
207786	0	2763917	0
207786	0	2998723	0
207786	0	4218707	0
207786	0	4613065	0
207786	0	5175109	0
207786	0	6031630	1
207786	0	7510472	1
207786	0	7599318	0
207786	0	7639366	1
207786	0	7941579	1
207786	0	8185064	0
207786	0	8273754	1
207786	0	8273755	0
207786	0	8273757	0
207786	0	8273758	1
207786	0	8273759	0
207786	0	8273760	0
207786	0	8273761	1
207786	0	8273762	1
207786	0	8273763	1
207786	0	8367880	0
264014	0	1610706	1
264014	0	1610707	1
264014	0	1610711	0
264014	0	1610712	0
264014	0	1804644	0
264014	0	2223171	0
264014	0	2474346	0
264014	0	2572557	0
264014	0	2688537	0
264014	0	3338825	1
264014	0	3338827	1
264014	0	3338828	0
264014	0	3372501	0
264014	0	3396076	1
264014	0	3666584	0
264014	0	4239616	0
264014	0	447992	0
264014	0	4647186	0
264014	0	4687213	0
264014	0	4834547	1
264014	0	4834548	0
264014	0	528372	0
264014	0	528380	0
264014	0	5328095	1
264014	0	5611210	0
264014	0	5611219	0
264014	0	5635521	0
264014	0	5950718	0
264014	0	5950719	0
264014	0	5950721	0
264014	0	5950722	0
264014	0	5950723	0
264014	0	5950726	0
264014	0	6105566	0
264014	0	6105572	1
264014	0	6555322	0
264014	0	6641238	0
264014	0	6791760	1
264014	0	684616	0
264014	0	7326934	0
264014	0	8012101	0
264014	0	935825	0
264014	0	96851	0
264014	0	96852	0
264014	0	96854	0
264014	0	96855	0
264014	0	96857	1
264014	0	96858	0
359349	0	1394087	0
359349	0	15800	0
359349	0	1830517	1
359349	0	2293820	1
359349	0	2826510	0
359349	0	2826512	1
359349	0	3193824	1
359349	0	3223831	1
359349	0	3223833	0
359349	0	3900185	0
359349	0	4013723	1
359349	0	4020470	0
359349	0	4020477	0
359349	0	4463573	0
359349	0	457673	0
359349	0	5219977	0
359349	0	5615181	0
359349	0	576628	1
359349	0	576629	0
359349	0	6108721	0
359349	0	68647	0
359349	0	68648	1
359349	0	68649	1
359349	0	68653	0
359349	0	8058873	0
359349	0	943229	1
405717	0	1589738	0
405717	0	1849743	0
405717	0	1984962	0
405717	0	2125641	1
405717	0	2365659	0
405717	0	2365660	0
405717	0	2365661	0
405717	0	2365664	1
405717	0	2365665	1
405717	0	2514107	0
405717	0	2642838	0
405717	0	2702419	0
405717	0	2702423	0
405717	0	273851	0
405717	0	2747484	0
405717	0	2747485	0
405717	0	2747488	0
405717	0	2747492	0
405717	0	2879960	0
405717	0	3033900	0
405717	0	3274915	0
405717	0	3274918	0
405717	0	3803378	1
405717	0	3986303	0
405717	0	4432155	1
405717	0	4704973	0
405717	0	4704975	0
405717	0	4704978	0
405717	0	4828118	0
405717	0	5079482	0
405717	0	5274649	0
405717	0	5428443	0
405717	0	5638740	0
405717	0	576346	1
405717	0	6426483	0
405717	0	6442862	0
405717	0	6654653	0
405717	0	6654655	0
405717	0	6678050	1
405717	0	702391	0
405717	0	7170626	1
405717	0	7170630	1
405717	0	7288990	0
405717	0	7288996	0
405717	0	7447941	0
405717	0	7447943	0
405717	0	758582	0
405717	0	758586	0
405717	0	7728831	0
405717	0	7896211	0
405717	0	7965240	0
405717	0	8156519	0
405717	0	8433852	1
405717	0	8433854	0
405717	0	8433858	0
443396	0	1055834	1
443396	0	1305463	0
443396	0	1360104	0
443396	0	1465664	0
443396	0	1465667	0
443396	0	1525423	0
443396	0	1843486	0
443396	0	1852807	0
443396	0	1852813	0
443396	0	2007121	0
443396	0	2138579	0
443396	0	2143845	0
443396	0	2143847	0
443396	0	2143849	0
443396	0	215693	0
443396	0	2373504	0
443396	0	2490482	1
443396	0	2490486	0
443396	0	3007982	0
443396	0	3103988	0
443396	0	3103995	0
443396	0	3118073	0
443396	0	3256974	0
443396	0	3299623	0
443396	0	3323246	0
443396	0	3440850	0
443396	0	3526411	0
443396	0	355277	0
443396	0	3599520	0
443396	0	3617225	0
443396	0	368001	0
443396	0	3721948	1
443396	0	4041361	0
443396	0	4052112	1
443396	0	4052116	1
443396	0	4052118	1
443396	0	4052120	1
443396	0	415545	0
443396	0	4205261	0
443396	0	4205264	0
443396	0	4236355	0
443396	0	4271045	0
443396	0	4511531	0
443396	0	4526741	0
443396	0	4526744	0
443396	0	4526747	0
443396	0	453706	0
443396	0	456708	0
443396	0	456710	0
443396	0	458179	0
443396	0	4638554	0
443396	0	4676619	0
443396	0	4774806	0
443396	0	4792649	0
443396	0	4792650	0
443396	0	4792652	0
443396	0	4792653	0
443396	0	4792654	0
443396	0	4792655	0
443396	0	483935	0
443396	0	4896251	0
443396	0	4935430	0
443396	0	5048838	0
443396	0	5048839	0
443396	0	5053511	0
443396	0	5065439	0
443396	0	5644797	0
443396	0	6953654	0
443396	0	6974032	0
443396	0	7251120	1
443396	0	7422742	0
443396	0	7620278	0
443396	0	7620279	0
443396	0	8079039	0
443396	0	8079040	0
443396	0	8079043	0
443396	0	8079046	0
443396	0	8171402	0
443396	0	8188606	0
443396	0	8329279	0
443396	0	8348187	0
443396	0	8536118	1
443396	0	8536121	0
443396	0	8536122	0
443396	0	8536123	1
443396	0	8793491	0
451602	0	1094138	1
451602	0	127537	0
451602	0	1277289	0
451602	0	1277290	0
451602	0	1277293	0
451602	0	1302756	1
451602	0	1314129	0
451602	0	1626653	0
451602	0	1897982	0
451602	0	2176450	0
451602	0	2176453	0
451602	0	2176454	0
451602	0	2176455	0
451602	0	2176458	1
451602	0	2176459	1
451602	0	2244882	0
451602	0	2312864	1
451602	0	2618829	0
451602	0	2922145	0
451602	0	3090666	0
451602	0	3177691	0
451602	0	3177699	0
451602	0	3790251	1
451602	0	4176454	0
451602	0	4345752	0
451602	0	4453605	0
451602	0	4453608	0
451602	0	4874640	0
451602	0	4874641	0
451602	0	5000376	1
451602	0	5179251	0
451602	0	5475308	0
451602	0	5538936	0
451602	0	5538937	1
451602	0	5538938	0
451602	0	5538942	0
451602	0	5655693	0
451602	0	6286975	0
451602	0	6286977	0
451602	0	6286980	0
451602	0	6286981	0
451602	0	654120	0
451602	0	6719255	0
451602	0	7800959	0
451602	0	7804169	0
451602	0	7804170	0
451602	0	8019873	0
451602	0	8033470	0
451602	0	8214452	0
451602	0	8383461	0
451602	0	8390518	0
451602	0	8390525	0
451602	0	8540470	0
451602	0	8540473	0
451602	0	8621776	1
451602	0	8621784	0
451602	0	8787234	1
451602	0	998695	0
47923	0	1681332	1
47923	0	1681334	1
47923	0	1681336	1
47923	0	1681338	1
47923	0	1681339	0
47923	0	1868437	0
47923	0	3348834	0
47923	0	3348838	0
47923	0	3986046	0
47923	0	4297620	1
47923	0	473809	0
47923	0	5032362	1
47923	0	5147527	0
47923	0	5417580	0
47923	0	5417582	1
47923	0	618556	0
47923	0	6191	0
47923	0	6241147	1
47923	0	6241148	0
47923	0	6241150	0
47923	0	6241151	0
47923	0	6241152	0
47923	0	6241153	0
47923	0	6241154	0
47923	0	6643066	0
47923	0	6919836	0
47923	0	8348762	0
47923	0	8418681	1
47923	0	8418683	0
47923	0	8418686	0
47923	0	8641104	0
47923	0	8641106	0
47923	0	8641107	1
47923	0	913042	0
47923	0	986177	0
489204	0	1038489	0
489204	0	1051492	0
489204	0	1051494	0
489204	0	1051498	0
489204	0	113238	0
489204	0	1225589	0
489204	0	1225591	0
489204	0	1228655	0
489204	0	1231677	0
489204	0	1276947	1
489204	0	1310106	0
489204	0	1310107	0
489204	0	1310108	0
489204	0	1360627	0
489204	0	136257	0
489204	0	1430550	0
489204	0	1479542	0
489204	0	152948	0
489204	0	152954	0
489204	0	1538587	1
489204	0	1759354	0
489204	0	1777014	0
489204	0	1778458	0
489204	0	185678	0
489204	0	1950269	0
489204	0	2053095	0
489204	0	2163701	0
489204	0	216490	0
489204	0	216492	0
489204	0	2268651	0
489204	0	2268652	0
489204	0	2268657	0
489204	0	3438216	0
489204	0	35919	0
489204	0	3623668	0
489204	0	3728445	0
489204	0	385083	0
489204	0	3980126	0
489204	0	4088951	0
489204	0	4387756	0
489204	0	4586570	1
489204	0	46493	0
489204	0	4890939	0
489204	0	4917998	0
489204	0	4918005	0
489204	0	4927308	0
489204	0	5005765	1
489204	0	533017	0
489204	0	5519177	0
489204	0	5541650	1
489204	0	5583224	0
489204	0	5629373	0
489204	0	5815957	0
489204	0	5842847	0
489204	0	5842850	0
489204	0	5895917	0
489204	0	6084785	0
489204	0	6087666	0
489204	0	6087671	0
489204	0	6327174	0
489204	0	6327175	0
489204	0	6327177	0
489204	0	6327181	0
489204	0	6343845	1
489204	0	6536367	0
489204	0	6542578	0
489204	0	6581771	0
489204	0	6652052	0
489204	0	6665319	0
489204	0	678245	0
489204	0	6816322	0
489204	0	6894988	1
489204	0	7113153	0
489204	0	7116533	0
489204	0	753265	0
489204	0	7564977	0
489204	0	7564980	1
489204	0	7923800	0
489204	0	8054792	0
489204	0	8376905	0
489204	0	8376910	0
489204	0	8463820	1
489204	0	8463823	1
489204	0	852250	0
489204	0	852257	0
489204	0	855963	0
489204	0	855972	0
489204	0	8585816	0
489204	0	8594271	0
489204	0	8594272	0
489204	0	8594280	0
489204	0	872467	0
489204	0	872470	0
489204	0	8737051	0
489204	0	8737053	0
489204	0	8781574	0
489204	0	8781577	0
489204	0	890797	0
489204	0	973923	0
490595	0	1160847	0
490595	0	1288938	0
490595	0	1652460	0
490595	0	1929910	1
490595	0	1929911	0
490595	0	3572695	0
490595	0	3833407	0
490595	0	3937196	0
490595	0	3937197	1
490595	0	3937200	0
490595	0	3937203	0
490595	0	4082315	0
490595	0	4737059	0
490595	0	4737060	1
490595	0	4737061	0
490595	0	4737063	1
490595	0	4737064	0
490595	0	4737065	0
490595	0	4737066	0
490595	0	4737067	0
490595	0	4842889	1
490595	0	4842890	1
490595	0	4842891	1
490595	0	4842897	0
490595	0	5112294	0
490595	0	5247992	1
490595	0	5247999	0
490595	0	549465	0
490595	0	6045591	0
490595	0	6066626	0
490595	0	6742119	1
490595	0	7839904	0
490595	0	7839906	0
490595	0	805046	0
490595	0	805048	1
490595	0	805051	0
490595	0	8485139	0
490595	0	8485141	0
490595	0	903932	0
527433	0	1187918	0
527433	0	1217016	1
527433	0	1251475	0
527433	0	1379236	0
527433	0	1379237	0
527433	0	1379240	1
527433	0	1379245	1
527433	0	1511548	0
527433	0	1664518	0
527433	0	1664523	1
527433	0	1993691	0
527433	0	1993699	0
527433	0	2045580	0
527433	0	2331989	0
527433	0	2496224	0
527433	0	2565413	0
527433	0	269422	0
527433	0	269423	0
527433	0	269425	0
527433	0	269426	0
527433	0	269428	0
527433	0	269430	0
527433	0	2722036	0
527433	0	3093197	0
527433	0	3294599	0
527433	0	3425595	0
527433	0	3786813	0
527433	0	3835729	0
527433	0	3835731	0
527433	0	3835732	0
527433	0	3835736	0
527433	0	4046876	0
527433	0	4064455	0
527433	0	4351170	0
527433	0	4402992	0
527433	0	467601	0
527433	0	4903731	0
527433	0	4958697	0
527433	0	5466807	1
527433	0	5466810	0
527433	0	547444	0
527433	0	5603301	0
527433	0	5629888	0
527433	0	5672164	0
527433	0	5672170	1
527433	0	5690943	0
527433	0	6015377	0
527433	0	6038397	0
527433	0	6065675	0
527433	0	6186391	0
527433	0	6186393	0
527433	0	6215001	1
527433	0	6215002	0
527433	0	6398041	0
527433	0	6667279	0
527433	0	729489	0
527433	0	7357591	0
527433	0	7607669	0
527433	0	7799466	1
527433	0	8306449	0
527433	0	8306450	0
527433	0	8306451	0
527433	0	8322920	0
527433	0	8617271	1
527433	0	8617273	1
527433	0	8617274	0
527433	0	8617276	0
527433	0	8827925	0
527433	0	8827928	0
527433	0	975967	0
573724	0	1165129	1
573724	0	1509940	1
573724	0	1509942	0
573724	0	162151	0
573724	0	1816038	0
573724	0	2133806	0
573724	0	2417985	0
573724	0	2635262	0
573724	0	3146236	0
573724	0	3146238	0
573724	0	3365631	0
573724	0	3365633	0
573724	0	3365636	0
573724	0	3365638	0
573724	0	394136	1
573724	0	394139	0
573724	0	394142	0
573724	0	4017883	0
573724	0	5047796	0
573724	0	5310530	0
573724	0	5339620	0
573724	0	5721829	1
573724	0	6776717	1
573724	0	7104825	0
573724	0	7104826	0
573724	0	7199669	0
573724	0	7199673	1
573724	0	7384325	0
573724	0	7384332	0
573724	0	7609927	0
573724	0	7674859	1
573724	0	8441642	1
573724	0	87405	0
573724	0	8833192	1
573724	0	8833194	1
833860	0	115142	0
833860	0	1400521	0
833860	0	1524402	0
833860	0	1524406	0
833860	0	1579406	0
833860	0	1889863	0
833860	0	2022688	1
833860	0	2188108	0
833860	0	2206194	0
833860	0	2206195	1
833860	0	2206196	0
833860	0	2206197	0
833860	0	2206198	1
833860	0	2206200	0
833860	0	2386361	0
833860	0	2654110	0
833860	0	2702357	0
833860	0	3087481	0
833860	0	3337877	0
833860	0	3421947	0
833860	0	3437281	1
833860	0	3437284	0
833860	0	3437285	0
833860	0	3437286	0
833860	0	3437288	0
833860	0	3437289	0
833860	0	3437290	0
833860	0	3924121	0
833860	0	4086002	0
833860	0	4431446	0
833860	0	4565899	0
833860	0	4881965	0
833860	0	4983652	0
833860	0	5012386	0
833860	0	5167510	1
833860	0	5167512	1
833860	0	5167513	0
833860	0	5167518	0
833860	0	5652528	0
833860	0	5832657	0
833860	0	6209174	0
833860	0	6211801	0
833860	0	6218032	0
833860	0	6230220	0
833860	0	6230221	0
833860	0	6230222	0
833860	0	6230223	1
833860	0	6230225	1
833860	0	6230226	0
833860	0	6230227	0
833860	0	6230228	0
833860	0	6230229	0
833860	0	6297606	0
833860	0	6621549	0
833860	0	6875877	1
833860	0	7038170	0
833860	0	7140183	0
833860	0	7435480	0
833860	0	756921	0
833860	0	7706738	0
833860	0	771855	0
833860	0	8344031	0
833860	0	8683095	0
833860	0	8833502	0
833860	0	8833504	0
833860	0	8833506	0
833860	0	8833509	1
855410	0	103039	0
855410	0	1047903	0
855410	0	1094091	0
855410	0	1147809	0
855410	0	1147810	0
855410	0	1147811	0
855410	0	1186979	0
855410	0	133350	0
855410	0	1394855	1
855410	0	1441918	0
855410	0	1599285	0
855410	0	1685597	0
855410	0	1824277	0
855410	0	1824278	0
855410	0	1947769	0
855410	0	2117094	0
855410	0	212609	0
855410	0	2273664	0
855410	0	2350118	0
855410	0	2402680	0
855410	0	2499355	0
855410	0	2506511	0
855410	0	2890365	0
855410	0	2969826	0
855410	0	3530756	1
855410	0	3530757	0
855410	0	3530758	0
855410	0	3530762	0
855410	0	369516	0
855410	0	3723410	0
855410	0	3723411	0
855410	0	3723413	0
855410	0	3723415	0
855410	0	3920974	0
855410	0	3946561	0
855410	0	4084193	0
855410	0	4406031	0
855410	0	4616842	0
855410	0	4636144	0
855410	0	4708041	0
855410	0	4708042	1
855410	0	4708045	1
855410	0	4708046	1
855410	0	4708047	1
855410	0	4733967	0
855410	0	4980050	0
855410	0	5053555	0
855410	0	5053561	0
855410	0	5095701	0
855410	0	5095702	0
855410	0	5239970	0
855410	0	5465915	0
855410	0	5608554	0
855410	0	5723210	0
855410	0	5799774	0
855410	0	5962462	0
855410	0	6257436	0
855410	0	6385718	0
855410	0	6385724	0
855410	0	6481239	0
855410	0	6481240	0
855410	0	6522121	0
855410	0	6615899	0
855410	0	6647485	0
855410	0	681984	0
855410	0	681987	0
855410	0	681993	0
855410	0	7031506	0
855410	0	7099015	0
855410	0	71807	0
855410	0	7210777	0
855410	0	722968	0
855410	0	7340395	0
855410	0	7380061	1
855410	0	7548527	0
855410	0	7747483	0
855410	0	8157623	0
855410	0	8157624	0
855410	0	8157632	0
855410	0	8271172	0
855410	0	8543392	0
855410	0	862689	0
855410	0	862695	0
855410	0	8645167	0
855410	0	8651770	1
855410	0	8651771	0
855410	0	8651772	0
855410	0	8651773	1
855410	0	8651775	1
855410	0	8651776	0
855410	0	8651778	0
855410	0	8663507	0
855410	0	8671032	0
855410	0	8671033	0
855410	0	8720966	0
855410	0	8776516	0
855410	0	8776519	0
855410	0	8776520	0
855410	0	8792394	0
855410	0	884430	0
855410	0	889438	0
855410	0	902854	0
855410	0	936546	0
855410	0	944479	0
87181	0	1179100	0
87181	0	123547	0
87181	0	1950526	0
87181	0	1950532	0
87181	0	2530227	0
87181	0	2986227	1
87181	0	3216315	0
87181	0	3216319	0
87181	0	4190143	0
87181	0	4689523	1
87181	0	4689525	0
87181	0	47210	0
87181	0	4786305	0
87181	0	5103077	0
87181	0	5197130	0
87181	0	5197135	0
87181	0	5469038	0
87181	0	5497677	0
87181	0	6484575	0
87181	0	6484576	1
87181	0	6484578	0
87181	0	6521366	1
87181	0	6685092	0
87181	0	742425	1
87181	0	7666831	0
87181	0	8151926	0
87181	0	8332546	1
87181	0	8332547	0
87181	0	8332550	0
87181	0	8332555	0
87181	0	8499367	0
87181	0	8534129	1
87181	0	8534130	1
87181	0	8534134	1
87181	0	8565420	0
87181	0	8683178	0
87181	0	8683185	1
87452	0	1395625	0
87452	0	1395631	0
87452	0	1598547	0
87452	0	1749882	0
87452	0	186931	0
87452	0	186939	0
87452	0	2624886	1
87452	0	3242437	1
87452	0	4008486	0
87452	0	4634899	0
87452	0	4866237	0
87452	0	4872055	0
87452	0	4993648	0
87452	0	5180105	0
87452	0	5286924	1
87452	0	5296736	0
87452	0	5751686	0
87452	0	5851090	0
87452	0	5851095	0
87452	0	6018160	1
87452	0	6018162	0
87452	0	6018163	0
87452	0	6018164	0
87452	0	6018165	0
87452	0	6018166	0
87452	0	6018168	1
87452	0	7843984	0
87452	0	7965004	0
87452	0	7965005	0
87452	0	7965007	0
87452	0	7965008	0
87452	0	7965010	0
87452	0	8055167	0
87452	0	8152220	0
87452	0	8152222	0
87452	0	8213478	1
87452	0	8333912	1
87452	0	8333916	1
87452	0	8333917	1
87452	0	8333918	0
87452	0	8333919	0
87452	0	8333920	0
87452	0	8333921	0
87452	0	8436571	0
87452	0	8436578	0
87452	0	8436579	0
87452	0	861789	0
87452	0	8680815	1
87452	0	8819111	0
87452	0	8819112	0
87452	0	8819113	0
87452	0	8819116	0
915593	0	1396701	0
915593	0	1772930	0
915593	0	1972028	0
915593	0	2210592	0
915593	0	2210593	0
915593	0	275726	0
915593	0	2923496	0
915593	0	2923497	0
915593	0	3485338	0
915593	0	3523599	0
915593	0	3538160	1
915593	0	3538161	0
915593	0	3538163	0
915593	0	3538164	0
915593	0	3538166	0
915593	0	3538168	0
915593	0	4566816	0
915593	0	4566818	1
915593	0	4566819	0
915593	0	4566822	0
915593	0	4834226	0
915593	0	4998398	0
915593	0	5774009	0
915593	0	5931262	0
915593	0	5931266	0
915593	0	5931268	0
915593	0	5931269	0
915593	0	6181638	0
915593	0	6761341	0
915593	0	6761344	0
915593	0	6923052	0
915593	0	7709320	0
915593	0	7861749	0
915593	0	7861755	1
915593	0	8002855	0
915593	0	8029524	1
915593	0	8029525	0
915593	0	8029527	0
915593	0	8029531	0
915593	0	8029533	0
915593	0	8103065	0
915593	0	8103067	0
915593	0	8178996	0
915593	0	8178998	0
915593	0	82105	0
915593	0	82106	1
915593	0	82107	1
915593	0	82108	1
915593	0	82110	1
915593	0	82113	0
915593	0	8402969	0
915593	0	8402970	0
915593	0	8402971	1
915593	0	8402972	1
915593	0	8455304	0
962179	0	1645080	0
962179	0	1645086	0
962179	0	1645087	0
962179	0	2329697	0
962179	0	2329699	1
962179	0	2329701	0
962179	0	2978864	0
962179	0	2978866	1
962179	0	2978870	0
962179	0	302861	0
962179	0	3705165	1
962179	0	3896632	0
962179	0	4257873	0
962179	0	4309122	0
962179	0	4511499	1
962179	0	4511501	0
962179	0	4511503	0
962179	0	4511504	0
962179	0	4606386	1
962179	0	4606387	1
962179	0	534563	1
962179	0	536176	1
962179	0	5427063	0
962179	0	5653652	0
962179	0	5653659	1
962179	0	5773189	0
962179	0	5919340	0
962179	0	5919342	0
962179	0	6675259	0
962179	0	6898289	0
962179	0	6980697	0
962179	0	8689054	0
962179	0	8689056	0
962179	0	8689057	0
962179	0	8785367	0
962179	0	8785369	0
962179	0	8785371	1
962179	0	8785374	0
