1037798	0	2157450	2
1037798	0	2157456	2
1037798	0	2258765	0
1037798	0	2360247	0
1037798	0	2360252	0
1037798	0	2781960	1
1037798	0	2781965	2
1037798	0	2781966	2
1037798	0	2787508	1
1037798	0	3167284	3
1037798	0	3387556	5
1037798	0	3620983	5
1037798	0	3620986	3
1037798	0	3620991	3
1037798	0	3641634	5
1037798	0	3641640	5
1037798	0	4055260	1
1037798	0	4095286	5
1037798	0	4114288	2
1037798	0	4182093	1
1037798	0	4227882	2
1037798	0	4291373	1
1037798	0	4468467	2
1037798	0	4788864	2
1037798	0	4818124	1
1037798	0	4818129	1
1037798	0	4974552	4
1037798	0	5006527	2
1037798	0	5438881	4
1037798	0	6060285	4
1037798	0	6792682	0
1037798	0	6792685	2
1037798	0	6963992	1
1037798	0	720665	4
1037798	0	7466652	5
1037798	0	7822415	5
1037798	0	7961603	2
1037798	0	7967207	4
1037798	0	8224670	3
1037798	0	8537479	4
1037798	0	8760864	4
1037798	0	8760865	2
1037798	0	8760866	5
1037798	0	8760867	5
1037798	0	8760868	5
1037798	0	8760870	5
1037798	0	8760871	5
1037798	0	8760873	4
1037798	0	8780802	0
1037798	0	994978	3
104861	0	1017092	2
104861	0	1046334	5
104861	0	1046339	5
104861	0	1055594	0
104861	0	1304632	1
104861	0	1313687	2
104861	0	1357961	1
104861	0	1442348	0
104861	0	146170	3
104861	0	146174	2
104861	0	1567102	5
104861	0	171927	0
104861	0	1773805	4
104861	0	1773807	5
104861	0	1811410	2
104861	0	1948963	2
104861	0	2158194	2
104861	0	2294849	3
104861	0	2377050	4
104861	0	2497738	0
104861	0	2600385	0
104861	0	2611066	2
104861	0	3443173	5
104861	0	3443176	5
104861	0	3925933	2
104861	0	4017854	3
104861	0	4017856	2
104861	0	4017858	2
104861	0	409268	3
104861	0	4199743	5
104861	0	4350439	2
104861	0	4583548	0
104861	0	459675	1
104861	0	459676	2
104861	0	4717134	1
104861	0	5138467	5
104861	0	5138469	1
104861	0	5138471	5
104861	0	5138472	5
104861	0	5138473	5
104861	0	5138474	1
104861	0	5138476	5
104861	0	5150431	2
104861	0	5248340	4
104861	0	5248341	4
104861	0	5405670	0
104861	0	5667475	2
104861	0	5688415	2
104861	0	5688416	4
104861	0	5688417	5
104861	0	5688418	2
104861	0	5688420	2
104861	0	5703400	1
104861	0	5703401	1
104861	0	5801822	4
104861	0	5836442	2
104861	0	5864689	1
104861	0	5864693	1
104861	0	599604	2
104861	0	6156641	0
104861	0	6187055	4
104861	0	629273	3
104861	0	629274	5
104861	0	629276	5
104861	0	629277	2
104861	0	629278	5
104861	0	6351571	1
104861	0	6467577	4
104861	0	6467580	5
104861	0	6467581	5
104861	0	6585554	2
104861	0	6653674	5
104861	0	6653676	3
104861	0	6653677	4
104861	0	6653678	4
104861	0	6653679	3
104861	0	6658615	1
104861	0	6704672	5
104861	0	6904992	5
104861	0	7034375	1
104861	0	715676	4
104861	0	7462393	0
104861	0	7506029	2
104861	0	8259116	5
104861	0	8260035	3
104861	0	8349574	3
104861	0	8495099	1
104861	0	8546158	4
104861	0	8546162	4
1063750	0	1074552	2
1063750	0	118643	5
1063750	0	12266	4
1063750	0	1747827	1
1063750	0	1866486	2
1063750	0	1923499	2
1063750	0	1923500	5
1063750	0	1923506	2
1063750	0	2220585	2
1063750	0	2230089	3
1063750	0	2230090	2
1063750	0	2391456	2
1063750	0	2391457	1
1063750	0	2470328	2
1063750	0	2496767	5
1063750	0	2516	0
1063750	0	2768117	2
1063750	0	2768123	2
1063750	0	2868845	1
1063750	0	2881841	0
1063750	0	2997653	0
1063750	0	3076179	1
1063750	0	309313	2
1063750	0	3259884	5
1063750	0	3259889	2
1063750	0	3259892	3
1063750	0	330159	2
1063750	0	330165	3
1063750	0	3327051	2
1063750	0	3610446	2
1063750	0	3654231	1
1063750	0	3973418	5
1063750	0	3973423	5
1063750	0	4158202	1
1063750	0	4164404	0
1063750	0	4329899	0
1063750	0	4337526	4
1063750	0	4337527	4
1063750	0	4337529	5
1063750	0	4337532	5
1063750	0	4349323	0
1063750	0	4414266	0
1063750	0	4718159	5
1063750	0	4718161	4
1063750	0	4788295	4
1063750	0	4788296	2
1063750	0	4788297	4
1063750	0	4788299	2
1063750	0	4823168	1
1063750	0	4823169	1
1063750	0	4834969	3
1063750	0	4834974	2
1063750	0	5123011	0
1063750	0	5442711	5
1063750	0	5442717	2
1063750	0	5956099	4
1063750	0	5956102	5
1063750	0	6093904	0
1063750	0	6127389	4
1063750	0	6347205	5
1063750	0	6436703	1
1063750	0	6666451	1
1063750	0	7146781	5
1063750	0	7571423	4
1063750	0	7571428	2
1063750	0	7778351	1
1063750	0	7778354	2
1063750	0	7781460	1
1063750	0	7837936	5
1063750	0	7837938	5
1063750	0	7952964	2
1063750	0	7952965	4
1063750	0	7952966	4
1063750	0	7952971	5
1063750	0	8170640	5
1063750	0	819283	2
1063750	0	819284	2
1063750	0	8239876	4
1063750	0	8239877	5
1063750	0	8384979	4
1063750	0	8640242	3
1063750	0	8670789	0
1063750	0	8722081	5
1063750	0	8821734	5
1063750	0	8821735	5
1103812	0	1214791	4
1103812	0	1583317	2
1103812	0	1614303	5
1103812	0	1659850	2
1103812	0	1659852	2
1103812	0	2332189	5
1103812	0	2703108	2
1103812	0	2703111	0
1103812	0	2750961	5
1103812	0	2750965	5
1103812	0	2790080	5
1103812	0	3591090	1
1103812	0	3672737	0
1103812	0	3672744	0
1103812	0	3843263	0
1103812	0	3843267	4
1103812	0	3843269	4
1103812	0	3940091	3
1103812	0	4044289	4
1103812	0	4292848	2
1103812	0	4401695	5
1103812	0	4455026	1
1103812	0	4679037	3
1103812	0	4679038	3
1103812	0	4824831	1
1103812	0	4937953	4
1103812	0	5190505	2
1103812	0	5823139	5
1103812	0	5974245	2
1103812	0	6289840	2
1103812	0	6569474	1
1103812	0	7430771	1
1103812	0	7753287	2
1103812	0	8157968	1
1103812	0	8220081	4
1103812	0	8220085	5
1103812	0	8220086	5
1103812	0	8220087	4
1103812	0	8220088	5
1103812	0	8220089	3
1103812	0	8224175	2
1103812	0	8224183	2
1103812	0	8293805	1
1103812	0	955560	0
1103812	0	961775	4
1106007	0	1334328	5
1106007	0	1334330	2
1106007	0	1334334	2
1106007	0	1334335	4
1106007	0	1334336	5
1106007	0	1530299	0
1106007	0	2143418	1
1106007	0	2384069	2
1106007	0	2464375	3
1106007	0	2621981	1
1106007	0	2672601	5
1106007	0	2672608	4
1106007	0	2777113	0
1106007	0	2960558	5
1106007	0	2960561	4
1106007	0	2960563	5
1106007	0	2960566	4
1106007	0	3390428	2
1106007	0	3537614	0
1106007	0	4173709	5
1106007	0	4173712	5
1106007	0	4382105	0
1106007	0	5174765	2
1106007	0	5279699	0
1106007	0	5774818	4
1106007	0	5780388	4
1106007	0	5836920	1
1106007	0	6126194	2
1106007	0	6126197	2
1106007	0	6209484	1
1106007	0	7211746	1
1106007	0	746358	3
1106007	0	765663	1
1106007	0	7685383	2
1106007	0	7685384	2
1106007	0	7685385	3
1106007	0	7685388	4
1106007	0	7726655	2
1106007	0	8199521	2
1106007	0	8204457	4
1106007	0	8521673	5
1110199	0	167604	0
1110199	0	1901876	5
1110199	0	1901877	4
1110199	0	1901878	5
1110199	0	1901879	5
1110199	0	1901881	4
1110199	0	1901882	5
1110199	0	2218462	1
1110199	0	239444	4
1110199	0	2474406	1
1110199	0	2796199	5
1110199	0	2796830	2
1110199	0	3647394	3
1110199	0	3838638	5
1110199	0	3838645	3
1110199	0	398442	1
1110199	0	4053652	2
1110199	0	4057232	2
1110199	0	4489656	2
1110199	0	4504233	4
1110199	0	4511137	5
1110199	0	4511144	2
1110199	0	4588784	5
1110199	0	4949578	0
1110199	0	5172684	2
1110199	0	5172688	2
1110199	0	5218014	1
1110199	0	554521	0
1110199	0	5857921	2
1110199	0	6368887	5
1110199	0	6368891	2
1110199	0	6392463	3
1110199	0	6392469	2
1110199	0	7174098	4
1110199	0	7221366	4
1110199	0	7369955	1
1110199	0	7628031	0
1110199	0	7680811	2
1110199	0	8160518	5
1110199	0	8160519	3
1110199	0	8160520	5
1110199	0	8160523	0
1110199	0	8160524	1
1110199	0	8160527	4
1110199	0	8301971	1
1112341	0	1267520	1
1112341	0	1369482	2
1112341	0	1373651	1
1112341	0	1450347	2
1112341	0	2096427	0
1112341	0	2096429	0
1112341	0	2253155	5
1112341	0	2626927	5
1112341	0	2663365	1
1112341	0	2694630	3
1112341	0	2694636	3
1112341	0	2694637	4
1112341	0	2735215	2
1112341	0	2735219	2
1112341	0	3118343	5
1112341	0	3493341	3
1112341	0	3795887	2
1112341	0	3795896	2
1112341	0	4022846	4
1112341	0	4022849	4
1112341	0	4416075	1
1112341	0	4703755	2
1112341	0	4977768	1
1112341	0	5043405	0
1112341	0	524251	2
1112341	0	550571	1
1112341	0	6016292	0
1112341	0	6102033	4
1112341	0	6164791	5
1112341	0	6311795	4
1112341	0	6311801	2
1112341	0	6342847	4
1112341	0	6478665	2
1112341	0	6681382	2
1112341	0	6726340	5
1112341	0	6726341	5
1112341	0	6726342	4
1112341	0	6726344	5
1112341	0	6726345	5
1112341	0	6726346	1
1112341	0	6740558	0
1112341	0	6903063	3
1112341	0	7079776	5
1112341	0	7079779	3
1112341	0	7242813	0
1112341	0	8139249	4
1112341	0	8139250	2
1112341	0	8139251	4
1112341	0	8139253	3
1112341	0	8139255	5
1112341	0	8139256	5
1112341	0	8139257	5
1112341	0	8139258	5
1112341	0	8326588	2
1112341	0	8337125	5
1112341	0	8337129	5
1112341	0	8442178	1
1112341	0	8606160	2
1112341	0	8606161	2
1112341	0	90432	1
1113437	0	1066532	2
1113437	0	1066538	2
1113437	0	1280568	5
1113437	0	1280569	1
1113437	0	1454814	2
1113437	0	1768727	3
1113437	0	2001933	3
1113437	0	2001934	3
1113437	0	2226349	5
1113437	0	2354940	2
1113437	0	2354941	2
1113437	0	2354947	5
1113437	0	2595628	0
1113437	0	2884191	3
1113437	0	3125154	5
1113437	0	3518300	1
1113437	0	3880944	2
1113437	0	4016930	2
1113437	0	4016937	1
1113437	0	4367832	5
1113437	0	4473156	4
1113437	0	4473157	4
1113437	0	4498864	2
1113437	0	4498867	2
1113437	0	4751835	5
1113437	0	4751839	1
1113437	0	4981632	0
1113437	0	5188746	0
1113437	0	5188747	2
1113437	0	520325	0
1113437	0	5328098	4
1113437	0	5346404	3
1113437	0	5514586	5
1113437	0	5546288	4
1113437	0	5546289	2
1113437	0	5938418	1
1113437	0	5938425	4
1113437	0	5996691	4
1113437	0	5996693	2
1113437	0	6021898	4
1113437	0	6021902	5
1113437	0	6174328	5
1113437	0	6302495	0
1113437	0	631949	5
1113437	0	6455610	2
1113437	0	6486041	2
1113437	0	6593846	3
1113437	0	6597538	0
1113437	0	7377275	1
1113437	0	7377277	4
1113437	0	7385219	1
1113437	0	7385222	5
1113437	0	742037	5
1113437	0	742040	5
1113437	0	742044	5
1113437	0	7618564	0
1113437	0	8128790	2
1113437	0	8128793	1
1113437	0	8128794	4
1113437	0	8128796	4
1113437	0	8128798	2
1113437	0	8162984	1
1113437	0	8729219	4
1114646	0	1884059	2
1114646	0	2201127	2
1114646	0	2647994	5
1114646	0	266552	5
1114646	0	2911039	2
1114646	0	2911040	1
1114646	0	2931848	0
1114646	0	3056368	2
1114646	0	4332918	4
1114646	0	444374	1
1114646	0	444375	0
1114646	0	444377	1
1114646	0	444380	1
1114646	0	444382	0
1114646	0	5279567	5
1114646	0	5417949	4
1114646	0	5417952	4
1114646	0	5417953	4
1114646	0	5417954	3
1114646	0	5569142	3
1114646	0	5640859	2
1114646	0	579554	2
1114646	0	5959593	2
1114646	0	6704400	5
1114646	0	6704401	5
1114646	0	6711103	3
1114646	0	687064	2
1114646	0	7196961	1
1114646	0	771368	2
1114646	0	7984234	2
1114646	0	8117087	1
1114646	0	8117089	4
1114646	0	8117090	5
1114646	0	8117091	5
1114646	0	8117092	5
1114646	0	8117093	0
1114646	0	8117094	4
1114646	0	8117096	4
1114646	0	8665820	3
1114819	0	1248112	1
1114819	0	1302004	4
1114819	0	1315993	5
1114819	0	1315994	5
1114819	0	1315995	4
1114819	0	1315996	5
1114819	0	1315998	2
1114819	0	1625836	4
1114819	0	1724520	2
1114819	0	1724525	5
1114819	0	1724528	0
1114819	0	1738242	5
1114819	0	1738250	4
1114819	0	2136434	3
1114819	0	344350	5
1114819	0	3484458	1
1114819	0	3781418	2
1114819	0	3906954	3
1114819	0	3906959	1
1114819	0	4890560	2
1114819	0	5165249	1
1114819	0	534362	2
1114819	0	5521371	5
1114819	0	5521373	2
1114819	0	5628952	3
1114819	0	6900766	5
1114819	0	6900774	4
1114819	0	6941478	2
1114819	0	694737	0
1114819	0	785027	2
1114819	0	8022276	5
1114819	0	8022277	0
1114819	0	8022280	2
1114819	0	8115435	1
1114819	0	8115439	1
1114819	0	8115440	0
1114819	0	8336229	4
1114819	0	8336230	2
1114819	0	8508263	2
1114819	0	8625086	4
1114819	0	8754397	3
1114819	0	8754398	3
1114819	0	8754404	0
1114819	0	988370	4
1114819	0	988373	1
1114819	0	988376	5
1115776	0	1551024	0
1115776	0	1729576	0
1115776	0	2052730	2
1115776	0	2364285	4
1115776	0	3081626	1
1115776	0	3344355	2
1115776	0	3469357	5
1115776	0	4131485	2
1115776	0	4314169	4
1115776	0	4314170	5
1115776	0	4314171	2
1115776	0	4314172	4
1115776	0	4314173	5
1115776	0	4314174	3
1115776	0	4314175	3
1115776	0	4314176	5
1115776	0	4314178	3
1115776	0	4487937	5
1115776	0	5264931	2
1115776	0	5599692	4
1115776	0	5605159	0
1115776	0	5950738	1
1115776	0	600966	0
1115776	0	6989198	1
1115776	0	8106317	5
1115776	0	8106318	1
1115776	0	8106320	4
1115776	0	8106321	5
1115776	0	8106322	1
1115776	0	8106323	2
1115776	0	8106324	5
1115776	0	8495250	2
1115776	0	8673352	2
1117099	0	1068642	1
1117099	0	1123496	1
1117099	0	1389420	2
1117099	0	1445087	0
1117099	0	1798612	5
1117099	0	1798620	5
1117099	0	2715359	0
1117099	0	3104260	1
1117099	0	3349612	4
1117099	0	3522902	1
1117099	0	3543106	5
1117099	0	4131489	0
1117099	0	4441325	4
1117099	0	4458509	3
1117099	0	4458512	5
1117099	0	4573811	5
1117099	0	514314	1
1117099	0	5286535	4
1117099	0	5286538	5
1117099	0	5286539	5
1117099	0	6122720	3
1117099	0	6122721	2
1117099	0	6122722	2
1117099	0	6122723	3
1117099	0	6534818	2
1117099	0	6993942	2
1117099	0	714808	3
1117099	0	7163733	1
1117099	0	7407593	0
1117099	0	8019446	2
1117099	0	8093931	4
1117099	0	8093932	2
1117099	0	8093934	3
1117099	0	8446501	5
1117099	0	8446504	2
1117099	0	8446505	5
1117099	0	8446506	2
1117099	0	8838111	4
1121402	0	182366	2
1121402	0	182368	5
1121402	0	182369	5
1121402	0	182370	0
1121402	0	182372	5
1121402	0	182373	0
1121402	0	188211	1
1121402	0	188213	5
1121402	0	188214	2
1121402	0	188217	1
1121402	0	188218	1
1121402	0	3511789	2
1121402	0	3785308	4
1121402	0	3785309	1
1121402	0	4293064	0
1121402	0	5189913	5
1121402	0	7125980	3
1121402	0	7125981	3
1121402	0	7125983	5
1121402	0	7125987	5
1121402	0	7142994	2
1121402	0	8052617	2
1121402	0	8052620	4
1121402	0	8052621	3
1121402	0	8052622	2
1121402	0	8052623	4
1121402	0	8052624	4
1121402	0	8089444	2
1121709	0	1112487	2
1121709	0	1114393	4
1121709	0	1392360	2
1121709	0	1640511	1
1121709	0	16845	1
1121709	0	2051808	2
1121709	0	2517708	2
1121709	0	2615981	2
1121709	0	2662730	0
1121709	0	2851223	2
1121709	0	3030903	2
1121709	0	3064096	3
1121709	0	3381112	4
1121709	0	3423059	5
1121709	0	3423060	3
1121709	0	3423061	5
1121709	0	3423062	5
1121709	0	3423063	2
1121709	0	3423064	5
1121709	0	3423065	5
1121709	0	3423066	2
1121709	0	3423067	5
1121709	0	3446958	2
1121709	0	3552218	0
1121709	0	3691568	0
1121709	0	3833130	0
1121709	0	3875032	0
1121709	0	402054	1
1121709	0	4580131	3
1121709	0	4580133	4
1121709	0	4644464	1
1121709	0	4836900	3
1121709	0	5014378	2
1121709	0	511306	1
1121709	0	5264299	4
1121709	0	6007524	2
1121709	0	6600	1
1121709	0	6630430	5
1121709	0	669004	2
1121709	0	701349	1
1121709	0	7209949	4
1121709	0	7565881	4
1121709	0	8049577	5
1121709	0	8049578	5
1121709	0	8049579	5
1121709	0	8049580	5
1121709	0	8049582	5
1121709	0	8049583	5
1121709	0	8049584	5
1121709	0	8049585	4
1121709	0	8049586	3
1121709	0	8283424	2
1121709	0	8297863	0
1121709	0	8500135	3
1121709	0	862855	1
1121709	0	88402	1
1121709	0	950984	4
1124210	0	131190	2
1124210	0	1383617	0
1124210	0	1383624	2
1124210	0	1689639	3
1124210	0	1702009	2
1124210	0	181177	2
1124210	0	2070515	4
1124210	0	2089544	2
1124210	0	2258591	2
1124210	0	2258592	2
1124210	0	2258593	3
1124210	0	2258594	4
1124210	0	2258595	2
1124210	0	2258596	2
1124210	0	2258597	4
1124210	0	2433601	4
1124210	0	2433604	4
1124210	0	2461683	4
1124210	0	2494574	5
1124210	0	2494577	3
1124210	0	2650269	4
1124210	0	2685123	4
1124210	0	2728448	3
1124210	0	2753148	5
1124210	0	3162331	2
1124210	0	3289568	5
1124210	0	3466956	4
1124210	0	3517427	4
1124210	0	3520550	0
1124210	0	3520553	2
1124210	0	3546600	2
1124210	0	3573857	2
1124210	0	3680798	0
1124210	0	3680800	1
1124210	0	3680801	1
1124210	0	3680802	2
1124210	0	3859923	1
1124210	0	3937735	1
1124210	0	3944481	1
1124210	0	4074146	1
1124210	0	4074149	2
1124210	0	4425464	1
1124210	0	4648414	4
1124210	0	475041	1
1124210	0	4794725	1
1124210	0	4942992	5
1124210	0	4957842	2
1124210	0	4958358	2
1124210	0	5032711	4
1124210	0	5039696	1
1124210	0	5056100	2
1124210	0	5281846	0
1124210	0	546158	0
1124210	0	555792	2
1124210	0	5587711	4
1124210	0	5664148	3
1124210	0	5940134	0
1124210	0	5941717	5
1124210	0	607910	0
1124210	0	6146809	5
1124210	0	6233255	5
1124210	0	6255796	5
1124210	0	6498977	5
1124210	0	6541864	3
1124210	0	6541868	5
1124210	0	6814012	2
1124210	0	6814015	2
1124210	0	6814017	0
1124210	0	6992534	1
1124210	0	7203360	5
1124210	0	7205919	1
1124210	0	7205920	2
1124210	0	7224102	5
1124210	0	7234570	1
1124210	0	7278463	1
1124210	0	7443583	5
1124210	0	7443586	3
1124210	0	7695217	4
1124210	0	7756779	0
1124210	0	7806221	4
1124210	0	7806222	5
1124210	0	7851118	0
1124210	0	8026735	4
1124210	0	8026737	3
1124210	0	8026740	2
1124210	0	8026743	5
1124210	0	8087702	5
1124210	0	8355477	5
1124210	0	8492305	3
1124210	0	8547690	5
1124210	0	8650642	5
1124210	0	8802909	5
1124210	0	92049	5
1124210	0	931165	3
1129237	0	128982	5
1129237	0	128984	4
1129237	0	128989	5
1129237	0	1721142	0
1129237	0	2152821	2
1129237	0	2697746	2
1129237	0	2697752	4
1129237	0	3131122	3
1129237	0	3683096	0
1129237	0	3905055	2
1129237	0	3905057	2
1129237	0	3905802	5
1129237	0	4254811	5
1129237	0	4254815	4
1129237	0	4254816	3
1129237	0	4884964	1
1129237	0	5619502	1
1129237	0	5627214	2
1129237	0	5906130	2
1129237	0	6080460	5
1129237	0	6343520	1
1129237	0	7874566	0
1129237	0	7911557	4
1129237	0	806652	4
1129237	0	8203445	0
1129237	0	8450766	3
1129237	0	8588122	1
1129237	0	8588219	5
1129237	0	8588222	1
1129237	0	8588226	5
1129237	0	8588227	2
1129237	0	8682824	3
1129237	0	998748	2
1129237	0	998751	5
1133167	0	1379370	2
1133167	0	1824479	4
1133167	0	1824480	3
1133167	0	1824484	2
1133167	0	1824485	5
1133167	0	1824486	3
1133167	0	1824488	5
1133167	0	1883272	4
1133167	0	1883273	5
1133167	0	1883281	1
1133167	0	190803	5
1133167	0	190804	4
1133167	0	190806	4
1133167	0	190809	1
1133167	0	2010281	1
1133167	0	2276678	5
1133167	0	3023120	3
1133167	0	3023123	3
1133167	0	3074599	5
1133167	0	3355083	2
1133167	0	3421898	0
1133167	0	3421900	1
1133167	0	3421903	0
1133167	0	3421906	0
1133167	0	3953805	1
1133167	0	434120	5
1133167	0	434121	5
1133167	0	434124	2
1133167	0	434125	3
1133167	0	4443370	2
1133167	0	4443375	2
1133167	0	4498474	3
1133167	0	4498479	3
1133167	0	4550240	5
1133167	0	4550244	4
1133167	0	4712273	1
1133167	0	4712279	1
1133167	0	4922619	5
1133167	0	4926197	4
1133167	0	4926204	1
1133167	0	4973626	5
1133167	0	563738	1
1133167	0	5674622	4
1133167	0	5674623	2
1133167	0	5787117	5
1133167	0	6112586	3
1133167	0	6112587	3
1133167	0	6112590	4
1133167	0	6112592	0
1133167	0	6257038	2
1133167	0	6467518	5
1133167	0	6467522	0
1133167	0	6467523	2
1133167	0	6467524	1
1133167	0	7093509	2
1133167	0	7218012	5
1133167	0	7793408	1
1133167	0	7793409	0
1133167	0	8033644	3
1133167	0	8033645	2
1133167	0	8033650	4
1133167	0	8160224	2
1133167	0	8160230	0
1133167	0	8160241	1
1133167	0	8160243	2
1133167	0	823274	2
1133167	0	823275	2
1133167	0	8255705	1
1133167	0	8255706	5
130510	0	1110766	2
130510	0	1494930	4
130510	0	1494932	2
130510	0	1494934	5
130510	0	1494935	2
130510	0	1494936	5
130510	0	1494938	4
130510	0	1494939	4
130510	0	1972336	0
130510	0	203718	3
130510	0	2982053	4
130510	0	3155839	2
130510	0	3913773	1
130510	0	3913778	1
130510	0	4722583	1
130510	0	5148418	0
130510	0	5732822	0
130510	0	6835270	2
130510	0	7125238	1
130510	0	7125239	4
130510	0	7125241	0
130510	0	7501557	2
130510	0	7501558	5
130510	0	7501563	2
130510	0	799647	5
130510	0	8354778	1
130510	0	8612902	4
130510	0	8612903	5
130510	0	8612904	3
130510	0	8612905	3
130510	0	8612906	5
130510	0	8612909	5
130510	0	8612910	5
130510	0	996732	2
130510	0	996740	2
131843	0	2041693	4
131843	0	31718	2
131843	0	3432705	1
131843	0	348760	1
131843	0	3841396	5
131843	0	3937054	1
131843	0	4136087	3
131843	0	4338356	2
131843	0	4806979	2
131843	0	5715075	1
131843	0	6121785	1
131843	0	6629203	1
131843	0	6863389	2
131843	0	8305151	5
131843	0	8305152	5
131843	0	8305153	5
131843	0	8305154	5
131843	0	8305155	5
131843	0	8305156	5
131843	0	8305158	5
131843	0	8456964	2
131843	0	8456965	2
131843	0	8456967	2
131843	0	8456970	2
131843	0	8710812	3
131843	0	8710813	2
131843	0	935618	0
131843	0	935619	0
131843	0	935621	0
131843	0	935626	0
131843	0	985988	4
131843	0	985989	4
131843	0	985990	4
131843	0	985991	3
131843	0	985992	4
131843	0	985994	5
131843	0	985995	3
146187	0	2226093	0
146187	0	3615731	0
146187	0	4214925	1
146187	0	4741857	3
146187	0	4777144	5
146187	0	6015025	2
146187	0	6015026	1
146187	0	6430258	0
146187	0	744165	4
146187	0	744167	2
146187	0	76348	1
146187	0	8434617	2
146187	0	8434618	4
146187	0	8434619	5
146187	0	8434620	2
146187	0	8434621	2
146187	0	8434622	3
146187	0	8434623	5
146187	0	8434624	4
146187	0	8434625	5
146187	0	8434626	5
148538	0	1299824	0
148538	0	1311206	1
148538	0	1311209	1
148538	0	1384447	2
148538	0	1384448	1
148538	0	1828171	2
148538	0	1950974	2
148538	0	1950976	4
148538	0	1950979	4
148538	0	1950983	5
148538	0	1969519	0
148538	0	1969521	3
148538	0	1985491	2
148538	0	2033800	2
148538	0	208314	2
148538	0	231453	2
148538	0	231455	5
148538	0	2455774	3
148538	0	2455775	4
148538	0	2915327	1
148538	0	332400	0
148538	0	332401	0
148538	0	3353306	3
148538	0	3557943	5
148538	0	3918785	1
148538	0	398535	2
148538	0	4185812	4
148538	0	4264129	5
148538	0	4447598	0
148538	0	4447601	5
148538	0	4539654	5
148538	0	4539657	5
148538	0	4607263	3
148538	0	4959638	2
148538	0	5077704	3
148538	0	5077707	4
148538	0	5077709	0
148538	0	5171603	2
148538	0	615407	1
148538	0	6697437	1
148538	0	6846343	3
148538	0	6894608	4
148538	0	7407803	5
148538	0	7407812	5
148538	0	8283527	4
148538	0	8283530	5
148538	0	8283531	5
148538	0	8283532	4
148538	0	985488	2
148538	0	985490	2
148538	0	985491	5
148538	0	985494	2
156493	0	1034435	0
156493	0	1171595	0
156493	0	1277723	1
156493	0	1277725	3
156493	0	1277727	5
156493	0	1960255	2
156493	0	1960257	2
156493	0	1960259	1
156493	0	1960260	1
156493	0	2259183	3
156493	0	2317807	2
156493	0	2411918	1
156493	0	2598786	1
156493	0	2598787	2
156493	0	2612490	0
156493	0	2612491	5
156493	0	2612492	0
156493	0	2612493	5
156493	0	2717163	4
156493	0	2928702	5
156493	0	2928707	4
156493	0	2949801	3
156493	0	2949802	4
156493	0	3288595	1
156493	0	3288596	2
156493	0	3288597	5
156493	0	3288598	0
156493	0	3288600	5
156493	0	3288601	2
156493	0	3288603	5
156493	0	349638	4
156493	0	3603920	5
156493	0	4527706	4
156493	0	4583221	1
156493	0	5479187	0
156493	0	5530082	4
156493	0	6139382	3
156493	0	6139386	3
156493	0	6524746	2
156493	0	6775071	1
156493	0	7371077	5
156493	0	8182159	5
156493	0	8182160	2
156493	0	8182161	4
156493	0	8182162	5
156493	0	8182165	3
156493	0	8182166	5
156493	0	8273017	4
156493	0	8273019	4
156493	0	8393766	2
156493	0	8820526	5
156493	0	885944	1
156493	0	911790	0
156493	0	95512	5
156493	0	95514	2
156493	0	95517	2
156493	0	95518	2
156493	0	95521	1
168216	0	1183706	1
168216	0	1301465	4
168216	0	1301466	0
168216	0	1301467	4
168216	0	1301469	4
168216	0	1301471	0
168216	0	1301472	4
168216	0	1301474	2
168216	0	13499	4
168216	0	1381477	5
168216	0	1735358	5
168216	0	1735360	2
168216	0	1924796	5
168216	0	1924800	5
168216	0	2036279	5
168216	0	2069992	5
168216	0	2210775	2
168216	0	2210780	5
168216	0	2265769	3
168216	0	2659074	5
168216	0	2790904	2
168216	0	2806307	1
168216	0	290826	4
168216	0	3174840	4
168216	0	3198687	1
168216	0	3198689	2
168216	0	3344828	4
168216	0	3344837	0
168216	0	3399713	2
168216	0	3681095	3
168216	0	3830857	5
168216	0	3908773	2
168216	0	3908774	2
168216	0	3908776	2
168216	0	3908777	2
168216	0	4191395	3
168216	0	4324492	1
168216	0	4600607	0
168216	0	5024307	2
168216	0	5935476	2
168216	0	6061718	1
168216	0	6061722	1
168216	0	6213322	3
168216	0	6213325	2
168216	0	6264731	0
168216	0	6264733	2
168216	0	6282561	5
168216	0	6426632	2
168216	0	6426634	1
168216	0	6584042	0
168216	0	7337513	5
168216	0	7492753	1
168216	0	8185131	2
168216	0	8185135	5
168216	0	8185137	2
168216	0	8252763	1
168216	0	8639633	5
168216	0	8723467	5
168216	0	8731617	2
168216	0	8731621	4
168216	0	8731622	2
168216	0	8731623	2
168216	0	8731624	0
182539	0	1307235	1
182539	0	1638687	2
182539	0	1638689	1
182539	0	1638690	2
182539	0	1654895	4
182539	0	2092202	2
182539	0	2165968	5
182539	0	2909959	5
182539	0	2909960	1
182539	0	2909961	1
182539	0	3293878	5
182539	0	330179	0
182539	0	3389569	0
182539	0	3760957	2
182539	0	3883077	1
182539	0	3883081	3
182539	0	4448399	4
182539	0	4487755	5
182539	0	5567729	2
182539	0	5567732	2
182539	0	57443	4
182539	0	57444	0
182539	0	57447	5
182539	0	57448	2
182539	0	57449	5
182539	0	57452	2
182539	0	6097108	0
182539	0	6282909	0
182539	0	6783449	3
182539	0	6807900	2
182539	0	6816571	4
182539	0	6816572	3
182539	0	6816573	3
182539	0	6816576	2
182539	0	6980965	5
182539	0	7050579	4
182539	0	721170	4
182539	0	7371255	4
182539	0	7371257	2
182539	0	7371259	1
182539	0	7371261	1
182539	0	7371262	2
182539	0	7408022	5
182539	0	7527837	3
182539	0	7583024	5
182539	0	762792	5
182539	0	7690609	5
182539	0	7807063	3
182539	0	7883763	4
182539	0	8299659	1
182539	0	8299660	3
182539	0	8299668	2
182539	0	8515182	5
182539	0	8598792	5
182539	0	8757178	1
182539	0	8757179	2
182539	0	8757180	2
182539	0	8757181	0
182539	0	8757182	4
183378	0	1289489	5
183378	0	1289490	5
183378	0	1289492	5
183378	0	1289496	5
183378	0	1289497	5
183378	0	2089154	0
183378	0	2493332	1
183378	0	2533260	1
183378	0	3093215	1
183378	0	3185611	3
183378	0	4493914	2
183378	0	4493915	4
183378	0	4493916	2
183378	0	4493920	2
183378	0	4493921	1
183378	0	4803847	4
183378	0	4803848	2
183378	0	4803850	0
183378	0	4856305	0
183378	0	5534703	2
183378	0	5534707	5
183378	0	5534711	2
183378	0	5817927	5
183378	0	7398706	3
183378	0	7449744	5
183378	0	7449748	5
183378	0	7449752	3
183378	0	7677975	3
183378	0	7952865	1
183378	0	8121380	0
183378	0	8570256	2
183378	0	8570257	4
183378	0	8570258	4
183378	0	8577215	2
183378	0	8794302	1
183378	0	8794304	2
183378	0	8794308	4
19335	0	1143050	2
19335	0	1389478	5
19335	0	1389479	4
19335	0	1469573	2
19335	0	161606	5
19335	0	1717015	4
19335	0	1720387	1
19335	0	1720388	0
19335	0	1720389	2
19335	0	1720393	5
19335	0	1720394	5
19335	0	1720395	2
19335	0	1726	3
19335	0	1729	3
19335	0	1915754	2
19335	0	2020519	5
19335	0	2046505	1
19335	0	211275	5
19335	0	2250973	2
19335	0	2304005	1
19335	0	2437769	1
19335	0	2874497	1
19335	0	2874503	1
19335	0	3045567	5
19335	0	3175481	2
19335	0	3175484	2
19335	0	342431	5
19335	0	354219	4
19335	0	3615077	5
19335	0	3615079	0
19335	0	429851	3
19335	0	4480942	2
19335	0	4480943	1
19335	0	4480945	1
19335	0	478232	4
19335	0	4843828	5
19335	0	5078863	1
19335	0	527690	2
19335	0	527692	4
19335	0	527695	0
19335	0	527697	3
19335	0	5508122	2
19335	0	5732401	0
19335	0	584350	2
19335	0	6124004	3
19335	0	6294314	4
19335	0	6452949	5
19335	0	6510257	2
19335	0	6512137	5
19335	0	6512144	5
19335	0	6773977	2
19335	0	6902386	0
19335	0	6999135	0
19335	0	7042455	4
19335	0	7050803	2
19335	0	7122355	1
19335	0	7235457	0
19335	0	7267248	1
19335	0	7460273	2
19335	0	772225	5
19335	0	772234	2
19335	0	7856992	0
19335	0	8061829	2
19335	0	8151642	4
19335	0	8151650	5
19335	0	819168	2
19335	0	8412681	5
19335	0	8412682	3
19335	0	8412683	3
19335	0	8412684	3
19335	0	8412685	4
19335	0	8412687	5
19335	0	8635981	4
19335	0	8635984	5
19335	0	8786632	4
19335	0	93557	5
207786	0	1029962	2
207786	0	1392579	3
207786	0	1392585	5
207786	0	1667536	1
207786	0	2051020	1
207786	0	2763917	2
207786	0	2998723	1
207786	0	4218707	3
207786	0	4613065	3
207786	0	5175109	0
207786	0	6031630	4
207786	0	7510472	5
207786	0	7599318	2
207786	0	7639366	5
207786	0	7941579	4
207786	0	8185064	0
207786	0	8273754	5
207786	0	8273755	1
207786	0	8273757	2
207786	0	8273758	5
207786	0	8273759	2
207786	0	8273760	2
207786	0	8273761	5
207786	0	8273762	4
207786	0	8273763	4
207786	0	8367880	0
264014	0	1610706	5
264014	0	1610707	5
264014	0	1610711	1
264014	0	1610712	1
264014	0	1804644	2
264014	0	2223171	2
264014	0	2474346	5
264014	0	2572557	0
264014	0	2688537	0
264014	0	3338825	5
264014	0	3338827	5
264014	0	3338828	1
264014	0	3372501	1
264014	0	3396076	5
264014	0	3666584	0
264014	0	4239616	0
264014	0	447992	4
264014	0	4647186	2
264014	0	4687213	2
264014	0	4834547	5
264014	0	4834548	2
264014	0	528372	2
264014	0	528380	2
264014	0	5328095	5
264014	0	5611210	2
264014	0	5611219	1
264014	0	5635521	1
264014	0	5950718	3
264014	0	5950719	4
264014	0	5950721	4
264014	0	5950722	3
264014	0	5950723	2
264014	0	5950726	3
264014	0	6105566	4
264014	0	6105572	5
264014	0	6555322	2
264014	0	6641238	4
264014	0	6791760	5
264014	0	684616	2
264014	0	7326934	2
264014	0	8012101	4
264014	0	935825	4
264014	0	96851	2
264014	0	96852	1
264014	0	96854	0
264014	0	96855	3
264014	0	96857	5
264014	0	96858	3
359349	0	1394087	3
359349	0	15800	0
359349	0	1830517	5
359349	0	2293820	4
359349	0	2826510	2
359349	0	2826512	4
359349	0	3193824	5
359349	0	3223831	5
359349	0	3223833	2
359349	0	3900185	2
359349	0	4013723	4
359349	0	4020470	1
359349	0	4020477	2
359349	0	4463573	0
359349	0	457673	1
359349	0	5219977	0
359349	0	5615181	3
359349	0	576628	5
359349	0	576629	2
359349	0	6108721	1
359349	0	68647	3
359349	0	68648	5
359349	0	68649	5
359349	0	68653	1
359349	0	8058873	2
359349	0	943229	4
405717	0	1589738	4
405717	0	1849743	2
405717	0	1984962	2
405717	0	2125641	5
405717	0	2365659	5
405717	0	2365660	0
405717	0	2365661	4
405717	0	2365664	5
405717	0	2365665	5
405717	0	2514107	2
405717	0	2642838	0
405717	0	2702419	1
405717	0	2702423	4
405717	0	273851	5
405717	0	2747484	2
405717	0	2747485	2
405717	0	2747488	2
405717	0	2747492	4
405717	0	2879960	0
405717	0	3033900	3
405717	0	3274915	1
405717	0	3274918	2
405717	0	3803378	5
405717	0	3986303	0
405717	0	4432155	5
405717	0	4704973	2
405717	0	4704975	2
405717	0	4704978	4
405717	0	4828118	2
405717	0	5079482	3
405717	0	5274649	1
405717	0	5428443	1
405717	0	5638740	1
405717	0	576346	5
405717	0	6426483	2
405717	0	6442862	3
405717	0	6654653	1
405717	0	6654655	3
405717	0	6678050	5
405717	0	702391	4
405717	0	7170626	5
405717	0	7170630	5
405717	0	7288990	1
405717	0	7288996	4
405717	0	7447941	1
405717	0	7447943	1
405717	0	758582	3
405717	0	758586	2
405717	0	7728831	0
405717	0	7896211	4
405717	0	7965240	5
405717	0	8156519	2
405717	0	8433852	5
405717	0	8433854	4
405717	0	8433858	0
443396	0	1055834	5
443396	0	1305463	2
443396	0	1360104	1
443396	0	1465664	4
443396	0	1465667	4
443396	0	1525423	1
443396	0	1843486	0
443396	0	1852807	2
443396	0	1852813	2
443396	0	2007121	5
443396	0	2138579	1
443396	0	2143845	4
443396	0	2143847	4
443396	0	2143849	3
443396	0	215693	2
443396	0	2373504	2
443396	0	2490482	5
443396	0	2490486	5
443396	0	3007982	4
443396	0	3103988	2
443396	0	3103995	3
443396	0	3118073	1
443396	0	3256974	2
443396	0	3299623	2
443396	0	3323246	0
443396	0	3440850	5
443396	0	3526411	2
443396	0	355277	5
443396	0	3599520	2
443396	0	3617225	4
443396	0	368001	3
443396	0	3721948	5
443396	0	4041361	3
443396	0	4052112	5
443396	0	4052116	5
443396	0	4052118	5
443396	0	4052120	5
443396	0	415545	1
443396	0	4205261	3
443396	0	4205264	5
443396	0	4236355	2
443396	0	4271045	2
443396	0	4511531	0
443396	0	4526741	2
443396	0	4526744	1
443396	0	4526747	3
443396	0	453706	0
443396	0	456708	5
443396	0	456710	4
443396	0	458179	1
443396	0	4638554	3
443396	0	4676619	0
443396	0	4774806	4
443396	0	4792649	1
443396	0	4792650	1
443396	0	4792652	4
443396	0	4792653	0
443396	0	4792654	2
443396	0	4792655	1
443396	0	483935	0
443396	0	4896251	3
443396	0	4935430	5
443396	0	5048838	2
443396	0	5048839	2
443396	0	5053511	5
443396	0	5065439	0
443396	0	5644797	1
443396	0	6953654	4
443396	0	6974032	4
443396	0	7251120	5
443396	0	7422742	2
443396	0	7620278	2
443396	0	7620279	1
443396	0	8079039	3
443396	0	8079040	1
443396	0	8079043	5
443396	0	8079046	2
443396	0	8171402	4
443396	0	8188606	2
443396	0	8329279	2
443396	0	8348187	0
443396	0	8536118	5
443396	0	8536121	4
443396	0	8536122	5
443396	0	8536123	5
443396	0	8793491	5
451602	0	1094138	5
451602	0	127537	4
451602	0	1277289	0
451602	0	1277290	2
451602	0	1277293	2
451602	0	1302756	5
451602	0	1314129	2
451602	0	1626653	0
451602	0	1897982	5
451602	0	2176450	2
451602	0	2176453	2
451602	0	2176454	2
451602	0	2176455	2
451602	0	2176458	5
451602	0	2176459	5
451602	0	2244882	4
451602	0	2312864	5
451602	0	2618829	4
451602	0	2922145	0
451602	0	3090666	1
451602	0	3177691	2
451602	0	3177699	4
451602	0	3790251	5
451602	0	4176454	5
451602	0	4345752	3
451602	0	4453605	1
451602	0	4453608	3
451602	0	4874640	1
451602	0	4874641	1
451602	0	5000376	5
451602	0	5179251	2
451602	0	5475308	5
451602	0	5538936	3
451602	0	5538937	5
451602	0	5538938	2
451602	0	5538942	4
451602	0	5655693	3
451602	0	6286975	0
451602	0	6286977	2
451602	0	6286980	3
451602	0	6286981	2
451602	0	654120	1
451602	0	6719255	4
451602	0	7800959	4
451602	0	7804169	4
451602	0	7804170	4
451602	0	8019873	0
451602	0	8033470	0
451602	0	8214452	1
451602	0	8383461	1
451602	0	8390518	2
451602	0	8390525	1
451602	0	8540470	2
451602	0	8540473	3
451602	0	8621776	5
451602	0	8621784	4
451602	0	8787234	5
451602	0	998695	1
47923	0	1681332	5
47923	0	1681334	5
47923	0	1681336	5
47923	0	1681338	4
47923	0	1681339	3
47923	0	1868437	2
47923	0	3348834	0
47923	0	3348838	0
47923	0	3986046	0
47923	0	4297620	5
47923	0	473809	4
47923	0	5032362	5
47923	0	5147527	0
47923	0	5417580	0
47923	0	5417582	4
47923	0	618556	4
47923	0	6191	2
47923	0	6241147	5
47923	0	6241148	2
47923	0	6241150	2
47923	0	6241151	4
47923	0	6241152	2
47923	0	6241153	4
47923	0	6241154	2
47923	0	6643066	1
47923	0	6919836	2
47923	0	8348762	3
47923	0	8418681	5
47923	0	8418683	1
47923	0	8418686	1
47923	0	8641104	1
47923	0	8641106	3
47923	0	8641107	5
47923	0	913042	2
47923	0	986177	2
489204	0	1038489	0
489204	0	1051492	2
489204	0	1051494	0
489204	0	1051498	5
489204	0	113238	5
489204	0	1225589	5
489204	0	1225591	5
489204	0	1228655	2
489204	0	1231677	5
489204	0	1276947	5
489204	0	1310106	3
489204	0	1310107	2
489204	0	1310108	2
489204	0	1360627	5
489204	0	136257	3
489204	0	1430550	4
489204	0	1479542	5
489204	0	152948	2
489204	0	152954	4
489204	0	1538587	5
489204	0	1759354	2
489204	0	1777014	2
489204	0	1778458	4
489204	0	185678	4
489204	0	1950269	1
489204	0	2053095	0
489204	0	2163701	5
489204	0	216490	3
489204	0	216492	2
489204	0	2268651	0
489204	0	2268652	1
489204	0	2268657	2
489204	0	3438216	4
489204	0	35919	4
489204	0	3623668	4
489204	0	3728445	4
489204	0	385083	2
489204	0	3980126	2
489204	0	4088951	4
489204	0	4387756	1
489204	0	4586570	5
489204	0	46493	2
489204	0	4890939	0
489204	0	4917998	1
489204	0	4918005	2
489204	0	4927308	3
489204	0	5005765	5
489204	0	533017	3
489204	0	5519177	0
489204	0	5541650	5
489204	0	5583224	0
489204	0	5629373	5
489204	0	5815957	3
489204	0	5842847	5
489204	0	5842850	4
489204	0	5895917	1
489204	0	6084785	5
489204	0	6087666	2
489204	0	6087671	1
489204	0	6327174	4
489204	0	6327175	3
489204	0	6327177	2
489204	0	6327181	1
489204	0	6343845	5
489204	0	6536367	4
489204	0	6542578	2
489204	0	6581771	5
489204	0	6652052	2
489204	0	6665319	1
489204	0	678245	3
489204	0	6816322	0
489204	0	6894988	5
489204	0	7113153	1
489204	0	7116533	4
489204	0	753265	2
489204	0	7564977	5
489204	0	7564980	5
489204	0	7923800	1
489204	0	8054792	3
489204	0	8376905	2
489204	0	8376910	1
489204	0	8463820	5
489204	0	8463823	5
489204	0	852250	1
489204	0	852257	1
489204	0	855963	2
489204	0	855972	3
489204	0	8585816	5
489204	0	8594271	1
489204	0	8594272	0
489204	0	8594280	4
489204	0	872467	2
489204	0	872470	2
489204	0	8737051	2
489204	0	8737053	0
489204	0	8781574	1
489204	0	8781577	4
489204	0	890797	2
489204	0	973923	2
490595	0	1160847	3
490595	0	1288938	2
490595	0	1652460	3
490595	0	1929910	5
490595	0	1929911	2
490595	0	3572695	0
490595	0	3833407	2
490595	0	3937196	1
490595	0	3937197	5
490595	0	3937200	2
490595	0	3937203	4
490595	0	4082315	0
490595	0	4737059	2
490595	0	4737060	5
490595	0	4737061	1
490595	0	4737063	4
490595	0	4737064	3
490595	0	4737065	2
490595	0	4737066	4
490595	0	4737067	1
490595	0	4842889	4
490595	0	4842890	5
490595	0	4842891	5
490595	0	4842897	2
490595	0	5112294	1
490595	0	5247992	5
490595	0	5247999	2
490595	0	549465	2
490595	0	6045591	4
490595	0	6066626	0
490595	0	6742119	5
490595	0	7839904	0
490595	0	7839906	1
490595	0	805046	4
490595	0	805048	5
490595	0	805051	3
490595	0	8485139	2
490595	0	8485141	3
490595	0	903932	1
527433	0	1187918	4
527433	0	1217016	5
527433	0	1251475	0
527433	0	1379236	5
527433	0	1379237	4
527433	0	1379240	5
527433	0	1379245	5
527433	0	1511548	3
527433	0	1664518	3
527433	0	1664523	5
527433	0	1993691	2
527433	0	1993699	2
527433	0	2045580	3
527433	0	2331989	5
527433	0	2496224	2
527433	0	2565413	2
527433	0	269422	1
527433	0	269423	1
527433	0	269425	3
527433	0	269426	2
527433	0	269428	0
527433	0	269430	4
527433	0	2722036	1
527433	0	3093197	5
527433	0	3294599	2
527433	0	3425595	4
527433	0	3786813	0
527433	0	3835729	2
527433	0	3835731	2
527433	0	3835732	2
527433	0	3835736	2
527433	0	4046876	1
527433	0	4064455	2
527433	0	4351170	1
527433	0	4402992	1
527433	0	467601	2
527433	0	4903731	0
527433	0	4958697	0
527433	0	5466807	5
527433	0	5466810	2
527433	0	547444	4
527433	0	5603301	0
527433	0	5629888	1
527433	0	5672164	1
527433	0	5672170	5
527433	0	5690943	1
527433	0	6015377	1
527433	0	6038397	2
527433	0	6065675	4
527433	0	6186391	1
527433	0	6186393	3
527433	0	6215001	5
527433	0	6215002	4
527433	0	6398041	5
527433	0	6667279	2
527433	0	729489	3
527433	0	7357591	3
527433	0	7607669	5
527433	0	7799466	5
527433	0	8306449	5
527433	0	8306450	4
527433	0	8306451	0
527433	0	8322920	5
527433	0	8617271	5
527433	0	8617273	5
527433	0	8617274	3
527433	0	8617276	4
527433	0	8827925	4
527433	0	8827928	2
527433	0	975967	2
573724	0	1165129	4
573724	0	1509940	5
573724	0	1509942	3
573724	0	162151	4
573724	0	1816038	3
573724	0	2133806	2
573724	0	2417985	1
573724	0	2635262	2
573724	0	3146236	1
573724	0	3146238	1
573724	0	3365631	1
573724	0	3365633	0
573724	0	3365636	2
573724	0	3365638	4
573724	0	394136	4
573724	0	394139	2
573724	0	394142	2
573724	0	4017883	0
573724	0	5047796	4
573724	0	5310530	2
573724	0	5339620	2
573724	0	5721829	5
573724	0	6776717	5
573724	0	7104825	2
573724	0	7104826	1
573724	0	7199669	2
573724	0	7199673	5
573724	0	7384325	0
573724	0	7384332	2
573724	0	7609927	0
573724	0	7674859	5
573724	0	8441642	5
573724	0	87405	2
573724	0	8833192	5
573724	0	8833194	4
833860	0	115142	1
833860	0	1400521	1
833860	0	1524402	1
833860	0	1524406	0
833860	0	1579406	1
833860	0	1889863	2
833860	0	2022688	5
833860	0	2188108	2
833860	0	2206194	5
833860	0	2206195	5
833860	0	2206196	5
833860	0	2206197	3
833860	0	2206198	5
833860	0	2206200	2
833860	0	2386361	2
833860	0	2654110	0
833860	0	2702357	4
833860	0	3087481	2
833860	0	3337877	0
833860	0	3421947	2
833860	0	3437281	5
833860	0	3437284	3
833860	0	3437285	2
833860	0	3437286	2
833860	0	3437288	2
833860	0	3437289	3
833860	0	3437290	2
833860	0	3924121	0
833860	0	4086002	0
833860	0	4431446	3
833860	0	4565899	1
833860	0	4881965	4
833860	0	4983652	2
833860	0	5012386	2
833860	0	5167510	5
833860	0	5167512	5
833860	0	5167513	4
833860	0	5167518	4
833860	0	5652528	1
833860	0	5832657	5
833860	0	6209174	1
833860	0	6211801	2
833860	0	6218032	3
833860	0	6230220	4
833860	0	6230221	5
833860	0	6230222	4
833860	0	6230223	5
833860	0	6230225	5
833860	0	6230226	4
833860	0	6230227	4
833860	0	6230228	2
833860	0	6230229	2
833860	0	6297606	0
833860	0	6621549	1
833860	0	6875877	5
833860	0	7038170	2
833860	0	7140183	1
833860	0	7435480	1
833860	0	756921	2
833860	0	7706738	5
833860	0	771855	4
833860	0	8344031	3
833860	0	8683095	0
833860	0	8833502	4
833860	0	8833504	5
833860	0	8833506	3
833860	0	8833509	5
855410	0	103039	5
855410	0	1047903	4
855410	0	1094091	3
855410	0	1147809	1
855410	0	1147810	1
855410	0	1147811	1
855410	0	1186979	5
855410	0	133350	2
855410	0	1394855	5
855410	0	1441918	4
855410	0	1599285	2
855410	0	1685597	0
855410	0	1824277	2
855410	0	1824278	4
855410	0	1947769	5
855410	0	2117094	2
855410	0	212609	1
855410	0	2273664	5
855410	0	2350118	0
855410	0	2402680	1
855410	0	2499355	3
855410	0	2506511	0
855410	0	2890365	4
855410	0	2969826	1
855410	0	3530756	5
855410	0	3530757	5
855410	0	3530758	5
855410	0	3530762	5
855410	0	369516	2
855410	0	3723410	2
855410	0	3723411	2
855410	0	3723413	2
855410	0	3723415	2
855410	0	3920974	5
855410	0	3946561	1
855410	0	4084193	3
855410	0	4406031	0
855410	0	4616842	3
855410	0	4636144	0
855410	0	4708041	5
855410	0	4708042	5
855410	0	4708045	5
855410	0	4708046	5
855410	0	4708047	5
855410	0	4733967	1
855410	0	4980050	4
855410	0	5053555	3
855410	0	5053561	2
855410	0	5095701	1
855410	0	5095702	1
855410	0	5239970	0
855410	0	5465915	2
855410	0	5608554	1
855410	0	5723210	2
855410	0	5799774	3
855410	0	5962462	2
855410	0	6257436	4
855410	0	6385718	5
855410	0	6385724	4
855410	0	6481239	4
855410	0	6481240	2
855410	0	6522121	5
855410	0	6615899	4
855410	0	6647485	0
855410	0	681984	1
855410	0	681987	2
855410	0	681993	2
855410	0	7031506	5
855410	0	7099015	0
855410	0	71807	2
855410	0	7210777	0
855410	0	722968	2
855410	0	7340395	2
855410	0	7380061	5
855410	0	7548527	2
855410	0	7747483	0
855410	0	8157623	2
855410	0	8157624	2
855410	0	8157632	1
855410	0	8271172	1
855410	0	8543392	4
855410	0	862689	3
855410	0	862695	1
855410	0	8645167	4
855410	0	8651770	5
855410	0	8651771	5
855410	0	8651772	4
855410	0	8651773	5
855410	0	8651775	5
855410	0	8651776	3
855410	0	8651778	5
855410	0	8663507	4
855410	0	8671032	4
855410	0	8671033	4
855410	0	8720966	5
855410	0	8776516	2
855410	0	8776519	2
855410	0	8776520	2
855410	0	8792394	1
855410	0	884430	0
855410	0	889438	3
855410	0	902854	3
855410	0	936546	2
855410	0	944479	5
87181	0	1179100	1
87181	0	123547	0
87181	0	1950526	2
87181	0	1950532	4
87181	0	2530227	3
87181	0	2986227	4
87181	0	3216315	3
87181	0	3216319	2
87181	0	4190143	0
87181	0	4689523	5
87181	0	4689525	2
87181	0	47210	0
87181	0	4786305	3
87181	0	5103077	2
87181	0	5197130	0
87181	0	5197135	1
87181	0	5469038	3
87181	0	5497677	2
87181	0	6484575	4
87181	0	6484576	5
87181	0	6484578	1
87181	0	6521366	5
87181	0	6685092	4
87181	0	742425	5
87181	0	7666831	1
87181	0	8151926	2
87181	0	8332546	5
87181	0	8332547	4
87181	0	8332550	2
87181	0	8332555	1
87181	0	8499367	2
87181	0	8534129	5
87181	0	8534130	5
87181	0	8534134	5
87181	0	8565420	2
87181	0	8683178	1
87181	0	8683185	5
87452	0	1395625	0
87452	0	1395631	2
87452	0	1598547	0
87452	0	1749882	2
87452	0	186931	4
87452	0	186939	2
87452	0	2624886	5
87452	0	3242437	5
87452	0	4008486	3
87452	0	4634899	2
87452	0	4866237	0
87452	0	4872055	1
87452	0	4993648	1
87452	0	5180105	1
87452	0	5286924	5
87452	0	5296736	2
87452	0	5751686	2
87452	0	5851090	2
87452	0	5851095	4
87452	0	6018160	5
87452	0	6018162	3
87452	0	6018163	0
87452	0	6018164	4
87452	0	6018165	5
87452	0	6018166	1
87452	0	6018168	5
87452	0	7843984	1
87452	0	7965004	4
87452	0	7965005	2
87452	0	7965007	4
87452	0	7965008	1
87452	0	7965010	2
87452	0	8055167	0
87452	0	8152220	2
87452	0	8152222	2
87452	0	8213478	5
87452	0	8333912	5
87452	0	8333916	5
87452	0	8333917	5
87452	0	8333918	3
87452	0	8333919	4
87452	0	8333920	3
87452	0	8333921	5
87452	0	8436571	2
87452	0	8436578	1
87452	0	8436579	0
87452	0	861789	4
87452	0	8680815	5
87452	0	8819111	2
87452	0	8819112	5
87452	0	8819113	3
87452	0	8819116	2
915593	0	1396701	0
915593	0	1772930	1
915593	0	1972028	2
915593	0	2210592	3
915593	0	2210593	2
915593	0	275726	4
915593	0	2923496	2
915593	0	2923497	2
915593	0	3485338	2
915593	0	3523599	0
915593	0	3538160	5
915593	0	3538161	1
915593	0	3538163	3
915593	0	3538164	1
915593	0	3538166	1
915593	0	3538168	4
915593	0	4566816	0
915593	0	4566818	5
915593	0	4566819	0
915593	0	4566822	2
915593	0	4834226	1
915593	0	4998398	4
915593	0	5774009	2
915593	0	5931262	2
915593	0	5931266	5
915593	0	5931268	2
915593	0	5931269	3
915593	0	6181638	4
915593	0	6761341	1
915593	0	6761344	2
915593	0	6923052	5
915593	0	7709320	4
915593	0	7861749	1
915593	0	7861755	5
915593	0	8002855	4
915593	0	8029524	5
915593	0	8029525	2
915593	0	8029527	4
915593	0	8029531	4
915593	0	8029533	3
915593	0	8103065	3
915593	0	8103067	2
915593	0	8178996	5
915593	0	8178998	2
915593	0	82105	0
915593	0	82106	5
915593	0	82107	5
915593	0	82108	5
915593	0	82110	5
915593	0	82113	4
915593	0	8402969	0
915593	0	8402970	1
915593	0	8402971	5
915593	0	8402972	5
915593	0	8455304	2
962179	0	1645080	2
962179	0	1645086	0
962179	0	1645087	2
962179	0	2329697	4
962179	0	2329699	5
962179	0	2329701	2
962179	0	2978864	4
962179	0	2978866	5
962179	0	2978870	2
962179	0	302861	2
962179	0	3705165	5
962179	0	3896632	2
962179	0	4257873	2
962179	0	4309122	1
962179	0	4511499	5
962179	0	4511501	0
962179	0	4511503	3
962179	0	4511504	0
962179	0	4606386	5
962179	0	4606387	5
962179	0	534563	4
962179	0	536176	5
962179	0	5427063	0
962179	0	5653652	1
962179	0	5653659	5
962179	0	5773189	1
962179	0	5919340	3
962179	0	5919342	3
962179	0	6675259	3
962179	0	6898289	4
962179	0	6980697	4
962179	0	8689054	1
962179	0	8689056	1
962179	0	8689057	1
962179	0	8785367	2
962179	0	8785369	4
962179	0	8785371	5
962179	0	8785374	2
