1037798	0	1209094	2
1037798	0	1721695	2
1037798	0	1840397	1
1037798	0	1978023	0
1037798	0	2032698	4
1037798	0	2081844	1
1037798	0	2258763	4
1037798	0	2258765	5
1037798	0	2301338	4
1037798	0	2360245	5
1037798	0	2360247	5
1037798	0	2360248	5
1037798	0	2360251	5
1037798	0	2360252	5
1037798	0	2592345	0
1037798	0	2592348	0
1037798	0	2764063	1
1037798	0	2764065	2
1037798	0	2764068	0
1037798	0	2781966	3
1037798	0	2787508	5
1037798	0	2868737	5
1037798	0	2970890	3
1037798	0	2970891	4
1037798	0	2970892	4
1037798	0	2970894	3
1037798	0	2970895	4
1037798	0	2970896	4
1037798	0	2970897	3
1037798	0	2972024	0
1037798	0	2972025	0
1037798	0	2972030	2
1037798	0	3082786	2
1037798	0	3082795	2
1037798	0	3247266	5
1037798	0	3310854	4
1037798	0	3310855	1
1037798	0	3531480	2
1037798	0	3531483	0
1037798	0	3592912	1
1037798	0	3592919	1
1037798	0	3620983	5
1037798	0	3620986	5
1037798	0	3620991	5
1037798	0	3673849	2
1037798	0	3681010	4
1037798	0	3914692	5
1037798	0	3942397	1
1037798	0	4055260	5
1037798	0	4114288	3
1037798	0	4182093	2
1037798	0	4297404	2
1037798	0	4948770	1
1037798	0	4948777	3
1037798	0	4978060	1
1037798	0	5006527	2
1037798	0	5385710	3
1037798	0	6017285	0
1037798	0	6202756	2
1037798	0	6202758	2
1037798	0	6495169	2
1037798	0	6526047	1
1037798	0	6526054	1
1037798	0	6578678	2
1037798	0	6709844	2
1037798	0	6709849	2
1037798	0	6792680	2
1037798	0	6792681	2
1037798	0	6792682	2
1037798	0	6792683	2
1037798	0	6792685	3
1037798	0	7137653	0
1037798	0	7183038	1
1037798	0	7208739	2
1037798	0	7604811	2
1037798	0	7604812	3
1037798	0	7604814	1
1037798	0	7604815	3
1037798	0	7604818	4
1037798	0	7822415	5
1037798	0	7855580	4
1037798	0	7855583	4
1037798	0	7881055	0
1037798	0	7961603	4
1037798	0	811305	4
1037798	0	8248629	1
1037798	0	8611968	2
1037798	0	8760864	5
1037798	0	8760865	5
1037798	0	8760866	5
1037798	0	8760867	5
1037798	0	8760868	5
1037798	0	8760870	5
1037798	0	8760871	5
1037798	0	8760873	5
1037798	0	8780801	1
1037798	0	8780808	5
1037798	0	8780809	5
1037798	0	938344	2
1037798	0	938351	4
104861	0	1017092	4
104861	0	1046334	5
104861	0	1046339	5
104861	0	1188307	0
104861	0	1313687	2
104861	0	1442348	5
104861	0	1453544	1
104861	0	146169	2
104861	0	146170	5
104861	0	146171	4
104861	0	146172	2
104861	0	146174	5
104861	0	1567102	5
104861	0	171927	4
104861	0	1773805	4
104861	0	1773807	2
104861	0	1948963	2
104861	0	2158194	1
104861	0	2278231	1
104861	0	2294849	4
104861	0	236954	0
104861	0	2377050	2
104861	0	3443173	5
104861	0	3443176	3
104861	0	3567536	4
104861	0	3567537	1
104861	0	3925933	2
104861	0	4017854	3
104861	0	4017856	3
104861	0	4017858	4
104861	0	4199743	5
104861	0	4315436	1
104861	0	4350439	2
104861	0	4583548	2
104861	0	459676	1
104861	0	5091798	1
104861	0	5138467	4
104861	0	5138468	4
104861	0	5138469	0
104861	0	5138470	2
104861	0	5138472	4
104861	0	5138473	5
104861	0	5138474	1
104861	0	5150431	3
104861	0	5248341	5
104861	0	5652262	2
104861	0	5652266	2
104861	0	5667475	5
104861	0	5677644	0
104861	0	5688415	5
104861	0	5688416	5
104861	0	5688417	5
104861	0	5688418	2
104861	0	5688421	4
104861	0	5703400	1
104861	0	5703401	4
104861	0	5801822	5
104861	0	5836442	4
104861	0	5855223	0
104861	0	5855224	1
104861	0	5855225	2
104861	0	5855226	1
104861	0	5855227	0
104861	0	599604	5
104861	0	6023329	3
104861	0	6023331	1
104861	0	6068433	0
104861	0	6187055	5
104861	0	6187057	2
104861	0	6187058	3
104861	0	629270	2
104861	0	629273	2
104861	0	629274	5
104861	0	629276	5
104861	0	629277	5
104861	0	629278	4
104861	0	6351571	3
104861	0	6467577	2
104861	0	6467578	2
104861	0	6467580	2
104861	0	6467581	3
104861	0	6585554	2
104861	0	6653674	5
104861	0	6653675	3
104861	0	6653676	3
104861	0	6653677	5
104861	0	6653678	5
104861	0	6653679	2
104861	0	6704672	5
104861	0	6851724	0
104861	0	6904999	1
104861	0	7034375	4
104861	0	7185282	0
104861	0	7186725	1
104861	0	7486800	0
104861	0	7506029	2
104861	0	8260035	2
104861	0	8495099	1
104861	0	8546158	5
104861	0	8546160	2
1063750	0	1074552	5
1063750	0	1098175	1
1063750	0	118643	4
1063750	0	1523265	1
1063750	0	1580964	0
1063750	0	1866482	2
1063750	0	1866486	5
1063750	0	1922590	0
1063750	0	1923500	5
1063750	0	1923506	5
1063750	0	2185613	1
1063750	0	2230089	5
1063750	0	2230090	4
1063750	0	2230091	2
1063750	0	2391456	5
1063750	0	2391457	0
1063750	0	2391460	2
1063750	0	2470328	5
1063750	0	2569816	5
1063750	0	2768117	5
1063750	0	2768123	5
1063750	0	2947512	0
1063750	0	3063827	1
1063750	0	3076179	0
1063750	0	309313	1
1063750	0	3259884	5
1063750	0	3259885	2
1063750	0	3259889	5
1063750	0	3259891	2
1063750	0	330159	5
1063750	0	3327045	1
1063750	0	3327049	4
1063750	0	3327050	0
1063750	0	3327052	4
1063750	0	3327053	4
1063750	0	3327054	4
1063750	0	3477418	3
1063750	0	3654231	2
1063750	0	3654234	2
1063750	0	3965096	1
1063750	0	3973418	4
1063750	0	3973423	3
1063750	0	3994446	2
1063750	0	4158202	2
1063750	0	4158205	1
1063750	0	4337526	5
1063750	0	4337527	5
1063750	0	4337528	3
1063750	0	4337529	5
1063750	0	4337532	5
1063750	0	4487113	3
1063750	0	4487118	2
1063750	0	4542127	2
1063750	0	4759819	1
1063750	0	4802036	0
1063750	0	4834969	2
1063750	0	4844348	2
1063750	0	5062363	2
1063750	0	5237507	1
1063750	0	5256198	2
1063750	0	5269958	4
1063750	0	5360360	2
1063750	0	5412858	1
1063750	0	5442711	3
1063750	0	5501489	2
1063750	0	5590573	3
1063750	0	5590575	2
1063750	0	5956099	4
1063750	0	5956102	5
1063750	0	5956104	2
1063750	0	5956106	2
1063750	0	6127385	1
1063750	0	6127389	5
1063750	0	6347205	4
1063750	0	7247264	4
1063750	0	7247268	0
1063750	0	7304887	4
1063750	0	7571423	5
1063750	0	7571428	2
1063750	0	7571429	1
1063750	0	7717144	1
1063750	0	775089	0
1063750	0	7778351	2
1063750	0	7837938	5
1063750	0	7952965	3
1063750	0	7952966	5
1063750	0	7952967	3
1063750	0	7952971	5
1063750	0	8170636	0
1063750	0	8170640	4
1063750	0	819283	2
1063750	0	819284	3
1063750	0	8239876	5
1063750	0	8239877	5
1063750	0	8239878	1
1063750	0	8384971	3
1063750	0	8640242	2
1063750	0	8722081	4
1063750	0	8821734	4
1063750	0	8821735	2
1103812	0	1419875	1
1103812	0	1602354	1
1103812	0	1614303	5
1103812	0	1659850	5
1103812	0	1659852	5
1103812	0	1783580	1
1103812	0	190061	4
1103812	0	2273556	0
1103812	0	231647	2
1103812	0	2394563	0
1103812	0	2541847	2
1103812	0	2544058	2
1103812	0	2586283	4
1103812	0	2703108	5
1103812	0	2703109	3
1103812	0	2703110	4
1103812	0	2703111	5
1103812	0	2703114	5
1103812	0	2725227	0
1103812	0	2794321	0
1103812	0	2945095	5
1103812	0	3431717	2
1103812	0	3591090	5
1103812	0	3591091	3
1103812	0	3591092	5
1103812	0	3591093	4
1103812	0	3591094	5
1103812	0	3591098	4
1103812	0	3591099	5
1103812	0	3672737	5
1103812	0	3672738	4
1103812	0	3672744	3
1103812	0	3843267	5
1103812	0	3940091	5
1103812	0	4102302	0
1103812	0	4108511	0
1103812	0	4194870	2
1103812	0	4322058	2
1103812	0	4679037	1
1103812	0	4679038	0
1103812	0	4726837	4
1103812	0	4726838	1
1103812	0	476179	2
1103812	0	476183	3
1103812	0	4824830	1
1103812	0	4824831	5
1103812	0	4824833	4
1103812	0	4824834	4
1103812	0	4824836	2
1103812	0	484648	1
1103812	0	4860798	2
1103812	0	4879957	4
1103812	0	4879959	3
1103812	0	4885128	3
1103812	0	4937953	1
1103812	0	5190505	3
1103812	0	5725710	0
1103812	0	5950140	1
1103812	0	5974245	4
1103812	0	5976811	2
1103812	0	6103245	4
1103812	0	6187272	0
1103812	0	6289840	5
1103812	0	6294457	1
1103812	0	645467	1
1103812	0	6569474	2
1103812	0	6842213	2
1103812	0	6924733	1
1103812	0	720110	2
1103812	0	7209201	2
1103812	0	7231343	1
1103812	0	7234273	2
1103812	0	7246728	2
1103812	0	737457	2
1103812	0	7430769	4
1103812	0	7430771	4
1103812	0	7491609	3
1103812	0	7491610	2
1103812	0	7775402	1
1103812	0	7844921	0
1103812	0	7860450	3
1103812	0	8084238	2
1103812	0	8157968	5
1103812	0	8190381	1
1103812	0	8220080	5
1103812	0	8220085	5
1103812	0	8220086	5
1103812	0	8220087	5
1103812	0	8220089	5
1103812	0	8224175	4
1103812	0	8224181	2
1103812	0	8224183	5
1103812	0	8293805	5
1103812	0	8388942	3
1103812	0	8402961	2
1103812	0	8755009	2
1103812	0	8789820	2
1103812	0	8822007	2
1103812	0	955560	5
1103812	0	961775	2
1106007	0	1294320	5
1106007	0	1334328	5
1106007	0	1334330	5
1106007	0	1334331	5
1106007	0	1334332	2
1106007	0	1334333	3
1106007	0	1334334	5
1106007	0	1334335	5
1106007	0	1334336	5
1106007	0	1334337	4
1106007	0	1560243	2
1106007	0	1560245	1
1106007	0	1628791	2
1106007	0	1700769	2
1106007	0	1892454	1
1106007	0	1918089	2
1106007	0	2186171	2
1106007	0	2240978	1
1106007	0	2384065	2
1106007	0	2384068	0
1106007	0	2464373	3
1106007	0	2464374	0
1106007	0	2464375	5
1106007	0	2464376	2
1106007	0	2464377	1
1106007	0	2464378	3
1106007	0	2464379	2
1106007	0	2464382	2
1106007	0	2513608	2
1106007	0	2513609	2
1106007	0	2621976	2
1106007	0	2672601	5
1106007	0	2672608	5
1106007	0	2777111	5
1106007	0	285891	1
1106007	0	2866630	4
1106007	0	2866634	5
1106007	0	2960558	5
1106007	0	2960563	5
1106007	0	2960564	4
1106007	0	2960566	5
1106007	0	3537611	0
1106007	0	4004166	2
1106007	0	4004167	3
1106007	0	4004169	4
1106007	0	4004170	2
1106007	0	4004173	4
1106007	0	4089153	1
1106007	0	4102293	2
1106007	0	4120342	1
1106007	0	4173707	1
1106007	0	4173709	5
1106007	0	4173712	5
1106007	0	420111	3
1106007	0	4781863	0
1106007	0	4781867	2
1106007	0	4921576	1
1106007	0	5174765	2
1106007	0	5204536	5
1106007	0	5204537	5
1106007	0	5204538	4
1106007	0	5204539	4
1106007	0	5204540	4
1106007	0	5204544	4
1106007	0	5279699	4
1106007	0	5279701	1
1106007	0	5279702	3
1106007	0	5279704	3
1106007	0	5429391	1
1106007	0	550999	1
1106007	0	551007	4
1106007	0	5774818	3
1106007	0	5780388	5
1106007	0	6126193	0
1106007	0	6209484	0
1106007	0	6303269	2
1106007	0	6582343	2
1106007	0	701605	1
1106007	0	7158637	2
1106007	0	7211746	0
1106007	0	746358	4
1106007	0	7500586	0
1106007	0	7685380	3
1106007	0	7685382	2
1106007	0	7685383	4
1106007	0	7685384	2
1106007	0	7685385	5
1106007	0	7685388	5
1106007	0	8141089	0
1106007	0	8199519	5
1106007	0	8199521	3
1106007	0	8199523	4
1106007	0	8204457	5
1106007	0	8204464	1
1106007	0	8348781	2
1106007	0	8521668	4
1106007	0	8521673	5
1106007	0	8787870	1
1106007	0	899465	2
1106007	0	899467	0
1110199	0	100114	2
1110199	0	1123090	5
1110199	0	1144987	2
1110199	0	1324194	2
1110199	0	1592477	2
1110199	0	1778449	3
1110199	0	1901876	5
1110199	0	1901877	5
1110199	0	1901878	5
1110199	0	1901879	5
1110199	0	1901881	5
1110199	0	1901882	5
1110199	0	2080928	0
1110199	0	227145	4
1110199	0	2301115	3
1110199	0	2301119	1
1110199	0	2316524	3
1110199	0	2379864	0
1110199	0	239444	5
1110199	0	2474406	4
1110199	0	2655848	1
1110199	0	2657987	1
1110199	0	2657991	2
1110199	0	2854609	2
1110199	0	2923632	2
1110199	0	2923633	3
1110199	0	3238116	2
1110199	0	3523642	2
1110199	0	3524270	2
1110199	0	3588624	0
1110199	0	362174	5
1110199	0	3647394	4
1110199	0	3838638	5
1110199	0	3838645	5
1110199	0	3865139	1
1110199	0	3873119	2
1110199	0	4027239	2
1110199	0	4053652	5
1110199	0	4057232	4
1110199	0	421	4
1110199	0	4489656	3
1110199	0	4504233	5
1110199	0	4511137	5
1110199	0	4511144	5
1110199	0	4624021	0
1110199	0	4674430	4
1110199	0	468870	0
1110199	0	4800732	2
1110199	0	5060486	1
1110199	0	5060492	4
1110199	0	5198207	3
1110199	0	5218014	0
1110199	0	5387211	0
1110199	0	5387212	2
1110199	0	5396612	3
1110199	0	5479	1
1110199	0	5516092	4
1110199	0	557956	3
1110199	0	5701621	1
1110199	0	5824926	4
1110199	0	5824927	4
1110199	0	5857919	2
1110199	0	5857921	5
1110199	0	5857925	2
1110199	0	627298	0
1110199	0	6368887	5
1110199	0	6368891	4
1110199	0	6392463	5
1110199	0	6392469	2
1110199	0	68578	3
1110199	0	68586	1
1110199	0	6993901	2
1110199	0	7085489	4
1110199	0	7085492	1
1110199	0	712236	2
1110199	0	7143611	3
1110199	0	7163268	2
1110199	0	7221366	5
1110199	0	7409320	2
1110199	0	7439380	1
1110199	0	7842393	1
1110199	0	789712	2
1110199	0	8157172	1
1110199	0	8157174	5
1110199	0	8160518	5
1110199	0	8160519	5
1110199	0	8160520	5
1110199	0	8160522	4
1110199	0	8160523	5
1110199	0	8160524	4
1110199	0	8160526	2
1110199	0	8160527	5
1110199	0	836529	1
1110199	0	8404306	1
1110199	0	847930	2
1110199	0	847931	4
1110199	0	8549936	0
1110199	0	8625338	1
1110199	0	8625340	0
1110199	0	975292	2
1112341	0	1087925	2
1112341	0	1087926	2
1112341	0	1087928	4
1112341	0	1174734	0
1112341	0	1373648	4
1112341	0	1422694	3
1112341	0	1450347	3
1112341	0	1450349	1
1112341	0	1450351	1
1112341	0	192644	0
1112341	0	2095998	1
1112341	0	2096427	0
1112341	0	2173818	3
1112341	0	2173819	2
1112341	0	2173822	2
1112341	0	2209055	1
1112341	0	2253155	5
1112341	0	2596431	3
1112341	0	2596432	4
1112341	0	2626927	3
1112341	0	2663365	5
1112341	0	2694630	4
1112341	0	2694632	4
1112341	0	2694635	4
1112341	0	2694636	4
1112341	0	2694637	5
1112341	0	2735215	2
1112341	0	2735220	1
1112341	0	2835596	1
1112341	0	3025458	2
1112341	0	3030497	0
1112341	0	3252208	2
1112341	0	3291145	4
1112341	0	3291151	2
1112341	0	3524227	3
1112341	0	3795887	5
1112341	0	3795896	5
1112341	0	3922197	2
1112341	0	3961587	0
1112341	0	4022846	5
1112341	0	4022849	5
1112341	0	4254335	1
1112341	0	4400233	2
1112341	0	4416075	2
1112341	0	4663306	2
1112341	0	4703755	2
1112341	0	4704992	2
1112341	0	478772	0
1112341	0	4833308	2
1112341	0	4833311	1
1112341	0	4977768	5
1112341	0	5043405	5
1112341	0	5043407	3
1112341	0	5043408	0
1112341	0	5043410	1
1112341	0	508019	2
1112341	0	550571	0
1112341	0	5934807	1
1112341	0	6164791	5
1112341	0	6311795	5
1112341	0	6311799	2
1112341	0	6342847	5
1112341	0	6422795	1
1112341	0	6459596	2
1112341	0	6681382	5
1112341	0	6681384	4
1112341	0	6726337	4
1112341	0	6726340	5
1112341	0	6726341	5
1112341	0	6726342	4
1112341	0	6726344	5
1112341	0	6726346	4
1112341	0	6903059	3
1112341	0	6973589	2
1112341	0	7079774	1
1112341	0	7079776	5
1112341	0	7194370	1
1112341	0	7194371	3
1112341	0	7194374	3
1112341	0	7242813	2
1112341	0	7324913	0
1112341	0	7615749	2
1112341	0	7708623	2
1112341	0	7708629	0
1112341	0	7880073	1
1112341	0	8134792	4
1112341	0	8139257	5
1112341	0	8139258	5
1112341	0	8326584	1
1112341	0	8326588	4
1112341	0	8337125	5
1112341	0	8442174	4
1112341	0	8442176	5
1112341	0	8442177	2
1112341	0	8442178	5
1112341	0	8442180	5
1112341	0	8606160	5
1112341	0	8606161	5
1112341	0	8700909	2
1112341	0	875123	2
1113437	0	1066531	1
1113437	0	1066538	3
1113437	0	1280568	5
1113437	0	1280569	5
1113437	0	1280570	4
1113437	0	1681785	3
1113437	0	1768727	5
1113437	0	1768729	0
1113437	0	1896939	3
1113437	0	2001933	0
1113437	0	2001934	5
1113437	0	2226349	5
1113437	0	2354940	3
1113437	0	2354947	4
1113437	0	2884191	5
1113437	0	3026984	0
1113437	0	3125154	5
1113437	0	3125155	1
1113437	0	3687620	5
1113437	0	3880944	5
1113437	0	4016930	4
1113437	0	4016931	1
1113437	0	4016933	1
1113437	0	4016934	2
1113437	0	4016937	1
1113437	0	4216336	4
1113437	0	4367832	4
1113437	0	4412230	4
1113437	0	4473156	4
1113437	0	4473157	5
1113437	0	4498867	5
1113437	0	4628484	0
1113437	0	4751834	2
1113437	0	4751835	5
1113437	0	4751839	5
1113437	0	5188746	1
1113437	0	5188747	2
1113437	0	5188751	2
1113437	0	5328098	3
1113437	0	5346399	0
1113437	0	5514586	4
1113437	0	5514589	2
1113437	0	5514592	2
1113437	0	5546286	2
1113437	0	5546288	5
1113437	0	5546289	2
1113437	0	5591644	1
1113437	0	5938418	4
1113437	0	5938420	4
1113437	0	5938421	2
1113437	0	5938425	2
1113437	0	5938426	0
1113437	0	594251	1
1113437	0	6017939	2
1113437	0	6017945	0
1113437	0	6021902	5
1113437	0	6021905	4
1113437	0	6174327	2
1113437	0	6174328	5
1113437	0	6174329	3
1113437	0	631949	5
1113437	0	6455610	2
1113437	0	6593841	3
1113437	0	6593842	0
1113437	0	6688843	1
1113437	0	7263162	0
1113437	0	7377270	2
1113437	0	7377272	3
1113437	0	7377274	2
1113437	0	7377276	1
1113437	0	7377277	5
1113437	0	7377278	0
1113437	0	7385215	1
1113437	0	7385216	2
1113437	0	7385217	2
1113437	0	7385219	5
1113437	0	7385221	2
1113437	0	7385222	5
1113437	0	742037	5
1113437	0	742042	4
1113437	0	742044	5
1113437	0	742045	4
1113437	0	7497495	2
1113437	0	7890527	1
1113437	0	8128790	2
1113437	0	8128793	3
1113437	0	8128794	5
1113437	0	8128796	4
1113437	0	8128798	2
1113437	0	8162984	2
1113437	0	8503446	5
1113437	0	8503447	2
1113437	0	8503449	1
1113437	0	8503450	2
1113437	0	8503453	1
1113437	0	8503455	5
1113437	0	8729212	3
1113437	0	8729216	2
1113437	0	8729218	1
1113437	0	8729219	4
1114646	0	1014934	0
1114646	0	1069580	2
1114646	0	1437685	2
1114646	0	1533512	3
1114646	0	1533513	3
1114646	0	1533515	2
1114646	0	1533517	0
1114646	0	1811711	1
1114646	0	190438	1
1114646	0	2201127	5
1114646	0	2450728	3
1114646	0	2524143	2
1114646	0	2596910	0
1114646	0	2647994	5
1114646	0	266552	4
1114646	0	266555	2
1114646	0	2695353	5
1114646	0	2695583	2
1114646	0	2695584	2
1114646	0	2911035	5
1114646	0	2931848	4
1114646	0	2931851	1
1114646	0	3036935	2
1114646	0	3184850	4
1114646	0	3184851	4
1114646	0	3221858	1
1114646	0	3439626	0
1114646	0	3467665	4
1114646	0	3480743	2
1114646	0	3480744	1
1114646	0	3480745	4
1114646	0	3633307	1
1114646	0	3712097	2
1114646	0	3712098	3
1114646	0	3828281	2
1114646	0	4332918	5
1114646	0	444374	5
1114646	0	444375	5
1114646	0	444376	3
1114646	0	444377	5
1114646	0	444379	4
1114646	0	444380	5
1114646	0	444382	5
1114646	0	4533626	3
1114646	0	4573290	1
1114646	0	4969104	1
1114646	0	5041692	5
1114646	0	5127883	2
1114646	0	5127884	2
1114646	0	5133385	2
1114646	0	5217702	5
1114646	0	5279567	5
1114646	0	5337015	2
1114646	0	5417954	5
1114646	0	5531625	0
1114646	0	5637550	2
1114646	0	5640856	3
1114646	0	5640859	5
1114646	0	5729529	2
1114646	0	6247571	2
1114646	0	6484457	2
1114646	0	6704400	5
1114646	0	6704401	5
1114646	0	6868858	2
1114646	0	6996839	0
1114646	0	7078019	1
1114646	0	7078020	1
1114646	0	708455	1
1114646	0	7098750	1
1114646	0	7163815	0
1114646	0	7173756	2
1114646	0	7196961	4
1114646	0	7665520	0
1114646	0	7675379	3
1114646	0	7931424	1
1114646	0	7961851	1
1114646	0	7961857	1
1114646	0	8117087	4
1114646	0	8117088	4
1114646	0	8117089	5
1114646	0	8117090	5
1114646	0	8117091	5
1114646	0	8117092	4
1114646	0	8117093	4
1114646	0	8117095	4
1114646	0	8117096	5
1114646	0	8148968	0
1114646	0	8185549	4
1114646	0	831444	2
1114646	0	8327123	3
1114646	0	8327128	0
1114646	0	8327369	5
1114646	0	83451	3
1114646	0	857788	5
1114646	0	857789	5
1114646	0	8624973	4
1114646	0	8665820	5
1114646	0	8691521	2
1114646	0	8697543	2
1114646	0	981782	2
1114819	0	1009500	3
1114819	0	1245298	0
1114819	0	1248112	5
1114819	0	1302004	4
1114819	0	1302007	3
1114819	0	1315993	5
1114819	0	1315994	5
1114819	0	1315995	3
1114819	0	1315996	5
1114819	0	1315998	4
1114819	0	1419798	2
1114819	0	1419801	2
1114819	0	1625836	2
1114819	0	1724519	1
1114819	0	1724520	5
1114819	0	1724521	2
1114819	0	1724523	2
1114819	0	1724525	3
1114819	0	1724526	3
1114819	0	1724528	3
1114819	0	1735443	2
1114819	0	1738242	5
1114819	0	1738250	5
1114819	0	1816958	1
1114819	0	1852066	1
1114819	0	2185129	2
1114819	0	2212059	4
1114819	0	2477692	4
1114819	0	2590451	1
1114819	0	2590453	2
1114819	0	2590454	2
1114819	0	2694515	0
1114819	0	2831393	2
1114819	0	344350	5
1114819	0	344351	2
1114819	0	3484458	4
1114819	0	3781418	5
1114819	0	3906952	0
1114819	0	3906954	2
1114819	0	3906959	4
1114819	0	4890560	5
1114819	0	5019830	0
1114819	0	5165249	4
1114819	0	534362	4
1114819	0	5521371	5
1114819	0	5521373	4
1114819	0	5628952	5
1114819	0	5628955	1
1114819	0	5628956	0
1114819	0	5718417	1
1114819	0	6202319	1
1114819	0	6202321	2
1114819	0	6564169	1
1114819	0	6900766	5
1114819	0	6900767	2
1114819	0	6900769	2
1114819	0	6900773	0
1114819	0	6900774	5
1114819	0	6941478	5
1114819	0	694735	2
1114819	0	694737	5
1114819	0	7132894	0
1114819	0	7132899	1
1114819	0	750446	1
1114819	0	7588045	2
1114819	0	7803429	1
1114819	0	7803435	4
1114819	0	7803436	0
1114819	0	785027	5
1114819	0	785028	2
1114819	0	8022276	5
1114819	0	8022279	1
1114819	0	8022280	5
1114819	0	8027206	2
1114819	0	8088109	0
1114819	0	8096817	3
1114819	0	8096824	4
1114819	0	8115435	5
1114819	0	8115439	5
1114819	0	8115440	5
1114819	0	8115700	2
1114819	0	8115701	1
1114819	0	8115705	1
1114819	0	8336225	2
1114819	0	8336229	3
1114819	0	8336230	4
1114819	0	8336232	4
1114819	0	8480574	4
1114819	0	8508255	2
1114819	0	8508259	2
1114819	0	8508263	3
1114819	0	8625086	5
1114819	0	8736056	4
1114819	0	8754397	2
1114819	0	8754398	1
1114819	0	988369	0
1114819	0	988370	5
1114819	0	988373	5
1114819	0	988376	3
1114819	0	988378	2
1115776	0	1036904	5
1115776	0	1124084	0
1115776	0	1185823	2
1115776	0	132248	3
1115776	0	1403193	2
1115776	0	1440028	1
1115776	0	1440032	4
1115776	0	1729576	5
1115776	0	1729578	5
1115776	0	1801365	2
1115776	0	1841229	2
1115776	0	1954745	0
1115776	0	2274143	0
1115776	0	2514464	1
1115776	0	258694	0
1115776	0	286324	2
1115776	0	2903178	3
1115776	0	3052538	3
1115776	0	3203281	5
1115776	0	3208044	2
1115776	0	3208048	2
1115776	0	3469357	5
1115776	0	3607500	2
1115776	0	3797905	1
1115776	0	3894150	0
1115776	0	3958789	2
1115776	0	4131485	4
1115776	0	4314169	5
1115776	0	4314170	5
1115776	0	4314171	4
1115776	0	4314172	5
1115776	0	4314173	5
1115776	0	4314174	5
1115776	0	4314175	5
1115776	0	4314176	5
1115776	0	4314178	5
1115776	0	4719028	1
1115776	0	480793	5
1115776	0	480800	4
1115776	0	5075548	4
1115776	0	5075549	1
1115776	0	5264931	4
1115776	0	5296057	1
1115776	0	5377134	2
1115776	0	5430503	2
1115776	0	5599687	3
1115776	0	5599692	5
1115776	0	5605159	3
1115776	0	5605160	3
1115776	0	5728138	2
1115776	0	5739711	2
1115776	0	5756367	3
1115776	0	5906403	2
1115776	0	6055286	1
1115776	0	6120353	1
1115776	0	6354957	2
1115776	0	642039	2
1115776	0	6564291	2
1115776	0	660826	1
1115776	0	6616846	1
1115776	0	6747926	2
1115776	0	691189	2
1115776	0	691191	2
1115776	0	691192	1
1115776	0	691193	4
1115776	0	6973128	3
1115776	0	6989198	5
1115776	0	7129179	5
1115776	0	7183516	3
1115776	0	7218333	1
1115776	0	7609847	2
1115776	0	7779192	0
1115776	0	7996312	0
1115776	0	8099694	4
1115776	0	8099695	4
1115776	0	8106317	5
1115776	0	8106318	5
1115776	0	8106320	5
1115776	0	8106321	5
1115776	0	8106322	5
1115776	0	8106324	5
1115776	0	8108815	3
1115776	0	8108818	2
1115776	0	8124741	0
1115776	0	8172080	0
1115776	0	8172089	2
1115776	0	8241264	5
1115776	0	8495250	5
1115776	0	8495256	4
1115776	0	8616787	4
1115776	0	8616791	1
1115776	0	8621772	1
1115776	0	8632360	2
1115776	0	8632364	0
1115776	0	8673352	4
1115776	0	8757348	4
1115776	0	8769950	1
1115776	0	900808	4
1115776	0	900809	2
1115776	0	941057	4
1117099	0	1013796	4
1117099	0	1013797	2
1117099	0	103429	4
1117099	0	1123494	5
1117099	0	1123496	5
1117099	0	1196648	1
1117099	0	1252737	1
1117099	0	1371220	3
1117099	0	1445087	5
1117099	0	1505895	1
1117099	0	1542026	2
1117099	0	1542027	0
1117099	0	1544425	1
1117099	0	1586363	1
1117099	0	1620739	4
1117099	0	171427	1
1117099	0	171431	1
1117099	0	1718725	2
1117099	0	1798612	5
1117099	0	1798620	5
1117099	0	2022009	3
1117099	0	2109696	5
1117099	0	2109699	2
1117099	0	2413643	2
1117099	0	290076	0
1117099	0	297115	2
1117099	0	3104260	5
1117099	0	3104262	4
1117099	0	3104266	4
1117099	0	3222379	3
1117099	0	334615	5
1117099	0	3427787	4
1117099	0	3522902	5
1117099	0	3543106	5
1117099	0	365442	1
1117099	0	379387	2
1117099	0	3921953	4
1117099	0	4256788	1
1117099	0	4407002	1
1117099	0	4428779	0
1117099	0	4441325	5
1117099	0	4457444	0
1117099	0	4627808	2
1117099	0	4695635	3
1117099	0	4759495	2
1117099	0	4759497	2
1117099	0	4805755	2
1117099	0	4815809	3
1117099	0	49923	3
1117099	0	514309	3
1117099	0	514314	5
1117099	0	5278136	3
1117099	0	5286539	5
1117099	0	5462111	1
1117099	0	5462177	1
1117099	0	5699286	2
1117099	0	5752877	4
1117099	0	5784445	1
1117099	0	5817498	0
1117099	0	5874015	2
1117099	0	5874017	2
1117099	0	5941242	4
1117099	0	5979211	4
1117099	0	6122720	5
1117099	0	6122721	5
1117099	0	6122722	5
1117099	0	6122723	5
1117099	0	613685	4
1117099	0	6428916	3
1117099	0	6579664	2
1117099	0	6735875	3
1117099	0	6858988	0
1117099	0	6858989	2
1117099	0	6858992	0
1117099	0	6858996	2
1117099	0	6917898	4
1117099	0	6940552	2
1117099	0	6940555	2
1117099	0	6940557	4
1117099	0	6940558	0
1117099	0	6993942	5
1117099	0	7104723	4
1117099	0	7163733	5
1117099	0	7446984	1
1117099	0	74528	0
1117099	0	7495383	4
1117099	0	7514072	0
1117099	0	7663165	1
1117099	0	7828034	2
1117099	0	8019446	5
1117099	0	8093931	5
1117099	0	8093932	5
1117099	0	810081	2
1117099	0	8144478	5
1117099	0	8322336	2
1117099	0	8446501	5
1117099	0	8446505	5
1117099	0	878215	2
1117099	0	96635	2
1117099	0	989011	2
1121402	0	1042911	1
1121402	0	1249684	2
1121402	0	1249687	4
1121402	0	1249689	2
1121402	0	1276590	2
1121402	0	1323047	1
1121402	0	1323048	1
1121402	0	1429447	3
1121402	0	1429448	0
1121402	0	182364	4
1121402	0	182365	4
1121402	0	182366	5
1121402	0	182367	5
1121402	0	182368	4
1121402	0	182369	5
1121402	0	182370	4
1121402	0	182371	4
1121402	0	182372	5
1121402	0	182373	4
1121402	0	18275	1
1121402	0	18281	2
1121402	0	188209	3
1121402	0	188210	3
1121402	0	188211	5
1121402	0	188213	5
1121402	0	188214	5
1121402	0	188215	4
1121402	0	188216	5
1121402	0	188217	5
1121402	0	188218	5
1121402	0	1902386	0
1121402	0	1902387	2
1121402	0	1902388	3
1121402	0	1902392	2
1121402	0	1917419	2
1121402	0	2042119	1
1121402	0	2191941	2
1121402	0	2279040	0
1121402	0	2681041	1
1121402	0	2681045	2
1121402	0	2681046	1
1121402	0	2681048	1
1121402	0	3368448	2
1121402	0	3412904	3
1121402	0	3412909	3
1121402	0	3511789	4
1121402	0	3511795	2
1121402	0	3674183	1
1121402	0	3674187	4
1121402	0	3785307	3
1121402	0	3785308	5
1121402	0	3785309	5
1121402	0	3785310	5
1121402	0	4140833	2
1121402	0	43770	3
1121402	0	4620823	2
1121402	0	4620824	2
1121402	0	4620825	1
1121402	0	465109	0
1121402	0	5034217	2
1121402	0	5075673	0
1121402	0	5189911	1
1121402	0	5189913	5
1121402	0	5189914	1
1121402	0	55107	0
1121402	0	5587406	0
1121402	0	6001847	4
1121402	0	6392403	2
1121402	0	6900252	0
1121402	0	7017644	2
1121402	0	7059621	0
1121402	0	7098133	2
1121402	0	7125978	3
1121402	0	7125980	5
1121402	0	7125981	5
1121402	0	7125982	4
1121402	0	7125983	5
1121402	0	7125985	5
1121402	0	7125987	5
1121402	0	7134098	2
1121402	0	7142994	4
1121402	0	719124	2
1121402	0	7489485	2
1121402	0	7489486	2
1121402	0	7489487	4
1121402	0	7489488	3
1121402	0	7922814	1
1121402	0	8052617	5
1121402	0	8052619	5
1121402	0	8052620	5
1121402	0	8052621	5
1121402	0	8052622	5
1121402	0	8052623	4
1121402	0	8052624	5
1121402	0	879269	1
1121402	0	879273	1
1121402	0	879274	2
1121402	0	879278	0
1121402	0	8832490	2
1121402	0	993571	2
1121709	0	1003169	2
1121709	0	1095839	2
1121709	0	1095840	4
1121709	0	1095843	2
1121709	0	1282649	0
1121709	0	1282650	2
1121709	0	1332616	2
1121709	0	1332619	4
1121709	0	1752809	5
1121709	0	1752813	5
1121709	0	1995720	1
1121709	0	2051808	3
1121709	0	2051809	3
1121709	0	2051813	3
1121709	0	2167471	5
1121709	0	2438570	2
1121709	0	2537336	1
1121709	0	2537338	1
1121709	0	2537342	2
1121709	0	2706640	4
1121709	0	2706641	2
1121709	0	2706644	5
1121709	0	2706645	4
1121709	0	2706646	3
1121709	0	2735690	1
1121709	0	2735693	3
1121709	0	2742340	2
1121709	0	2940488	5
1121709	0	3030903	1
1121709	0	3158259	2
1121709	0	3165920	1
1121709	0	3165925	1
1121709	0	3334736	1
1121709	0	3423059	5
1121709	0	3423061	5
1121709	0	3423062	5
1121709	0	3423063	5
1121709	0	3423064	5
1121709	0	3423065	5
1121709	0	3423066	5
1121709	0	3423067	5
1121709	0	3762335	3
1121709	0	402054	0
1121709	0	425277	0
1121709	0	4438922	2
1121709	0	4463685	5
1121709	0	4668637	0
1121709	0	4697993	3
1121709	0	4883830	1
1121709	0	4935799	4
1121709	0	5014376	4
1121709	0	5014377	2
1121709	0	5014379	2
1121709	0	5014381	1
1121709	0	5014383	2
1121709	0	5092299	2
1121709	0	5231773	1
1121709	0	5346935	1
1121709	0	5463186	4
1121709	0	5707731	1
1121709	0	5938791	0
1121709	0	6026592	0
1121709	0	606074	2
1121709	0	606077	2
1121709	0	607064	2
1121709	0	6184887	0
1121709	0	6267737	2
1121709	0	6413363	5
1121709	0	6430192	3
1121709	0	6526914	2
1121709	0	6526915	2
1121709	0	6655453	1
1121709	0	6889434	0
1121709	0	6956259	4
1121709	0	700135	2
1121709	0	7313132	2
1121709	0	736611	4
1121709	0	7473134	4
1121709	0	7473136	3
1121709	0	7473137	4
1121709	0	7473140	4
1121709	0	8049577	5
1121709	0	8049578	5
1121709	0	8049579	5
1121709	0	8049580	5
1121709	0	8049582	5
1121709	0	8049583	5
1121709	0	8049584	5
1121709	0	8049585	5
1121709	0	8049586	5
1121709	0	8075352	2
1121709	0	8086376	1
1121709	0	8621375	4
1121709	0	8621380	4
1121709	0	868985	4
1121709	0	8722214	2
1121709	0	8722217	3
1121709	0	904704	0
1121709	0	904705	0
1121709	0	918204	5
1124210	0	11188	0
1124210	0	131190	5
1124210	0	1663644	2
1124210	0	1689639	4
1124210	0	1689640	4
1124210	0	176311	0
1124210	0	181175	4
1124210	0	181177	5
1124210	0	2085193	1
1124210	0	2089544	5
1124210	0	2258591	5
1124210	0	2258592	5
1124210	0	2258593	5
1124210	0	2258594	5
1124210	0	2258595	5
1124210	0	2258596	5
1124210	0	2258597	4
1124210	0	2258598	5
1124210	0	2274316	1
1124210	0	2399822	2
1124210	0	2433601	3
1124210	0	2433603	4
1124210	0	2433604	2
1124210	0	2461683	3
1124210	0	2494574	5
1124210	0	2494577	5
1124210	0	2500613	0
1124210	0	2553372	2
1124210	0	2650269	5
1124210	0	2728447	1
1124210	0	2728448	5
1124210	0	2753154	2
1124210	0	2806527	4
1124210	0	2859501	2
1124210	0	2958024	1
1124210	0	3031380	0
1124210	0	3162331	5
1124210	0	3263731	2
1124210	0	3289568	3
1124210	0	3466956	4
1124210	0	3587916	1
1124210	0	3657632	1
1124210	0	3750819	0
1124210	0	3848316	2
1124210	0	3848320	2
1124210	0	4002456	4
1124210	0	4303129	2
1124210	0	4553374	2
1124210	0	4648414	4
1124210	0	4651924	1
1124210	0	5032711	5
1124210	0	5056100	1
1124210	0	5098936	2
1124210	0	5098941	3
1124210	0	5281851	0
1124210	0	5401029	0
1124210	0	5463029	1
1124210	0	555792	1
1124210	0	5587711	3
1124210	0	5941717	2
1124210	0	6233255	2
1124210	0	6278958	1
1124210	0	6507996	2
1124210	0	6541864	4
1124210	0	6541866	5
1124210	0	6620551	4
1124210	0	6636929	1
1124210	0	6636931	4
1124210	0	6689006	1
1124210	0	6689009	2
1124210	0	6697410	2
1124210	0	6697412	4
1124210	0	7208694	1
1124210	0	7275367	2
1124210	0	7443583	2
1124210	0	7443586	5
1124210	0	7492993	1
1124210	0	7695217	5
1124210	0	7695224	2
1124210	0	7806221	5
1124210	0	7942807	2
1124210	0	8007295	0
1124210	0	8026735	5
1124210	0	8026737	5
1124210	0	8026739	2
1124210	0	8026740	3
1124210	0	8026743	5
1124210	0	8068727	3
1124210	0	8087696	2
1124210	0	8355477	4
1124210	0	8355483	3
1124210	0	8492305	5
1124210	0	8547690	3
1124210	0	8650641	2
1124210	0	8650642	3
1124210	0	8838005	0
1124210	0	926158	0
1124210	0	931162	4
1124210	0	931165	5
1124210	0	97689	2
1129237	0	1020793	1
1129237	0	120308	1
1129237	0	128982	5
1129237	0	128984	5
1129237	0	128986	4
1129237	0	128989	5
1129237	0	1296733	0
1129237	0	1676091	1
1129237	0	1850247	0
1129237	0	1904265	2
1129237	0	2152821	5
1129237	0	2152828	4
1129237	0	2522498	3
1129237	0	2580204	3
1129237	0	262487	1
1129237	0	2696926	4
1129237	0	2697745	2
1129237	0	2697746	5
1129237	0	2697752	5
1129237	0	2913079	2
1129237	0	2955243	1
1129237	0	3016192	2
1129237	0	302210	4
1129237	0	3153068	3
1129237	0	3227129	3
1129237	0	3279719	2
1129237	0	3636928	2
1129237	0	3641168	4
1129237	0	3683093	1
1129237	0	3683096	4
1129237	0	3808540	1
1129237	0	3900321	2
1129237	0	3905055	5
1129237	0	3905057	5
1129237	0	3905799	1
1129237	0	3905800	2
1129237	0	3905802	5
1129237	0	3905804	2
1129237	0	3979165	0
1129237	0	4141012	4
1129237	0	4254811	5
1129237	0	4254815	5
1129237	0	4254816	5
1129237	0	4486837	2
1129237	0	4569648	2
1129237	0	4801130	2
1129237	0	4884964	5
1129237	0	4915547	3
1129237	0	4946421	2
1129237	0	5187914	1
1129237	0	5310842	0
1129237	0	5310848	2
1129237	0	5619502	4
1129237	0	5644809	0
1129237	0	5644811	2
1129237	0	5831781	4
1129237	0	5831788	5
1129237	0	5906128	2
1129237	0	5906130	5
1129237	0	5906131	3
1129237	0	5906135	2
1129237	0	6080460	5
1129237	0	6343520	4
1129237	0	6343521	4
1129237	0	6447015	0
1129237	0	6640165	1
1129237	0	6903787	2
1129237	0	6956014	4
1129237	0	6969789	0
1129237	0	7050921	3
1129237	0	710733	4
1129237	0	7397082	2
1129237	0	7482392	2
1129237	0	7770526	0
1129237	0	7788682	2
1129237	0	7911557	4
1129237	0	806652	4
1129237	0	806653	0
1129237	0	8165055	1
1129237	0	8179084	1
1129237	0	8180273	0
1129237	0	824966	2
1129237	0	8431277	1
1129237	0	8431281	1
1129237	0	8450766	5
1129237	0	8469257	5
1129237	0	8588122	5
1129237	0	8588219	5
1129237	0	8588222	5
1129237	0	8588223	2
1129237	0	8588226	5
1129237	0	8588227	3
1129237	0	8596875	2
1129237	0	8630512	1
1129237	0	8658472	3
1129237	0	8682824	5
1129237	0	8710041	2
1129237	0	931707	3
1129237	0	998748	5
1129237	0	998751	5
1133167	0	1824479	5
1133167	0	1824480	5
1133167	0	1824481	2
1133167	0	1824483	4
1133167	0	1824484	5
1133167	0	1824485	5
1133167	0	1824486	2
1133167	0	1824487	2
1133167	0	1824488	5
1133167	0	1883272	0
1133167	0	1883273	5
1133167	0	1883276	1
1133167	0	1883281	3
1133167	0	190802	4
1133167	0	190803	5
1133167	0	190804	5
1133167	0	190805	3
1133167	0	190806	5
1133167	0	190809	3
1133167	0	190810	4
1133167	0	190811	2
1133167	0	2070087	2
1133167	0	2276678	5
1133167	0	2613291	4
1133167	0	2613296	2
1133167	0	3023120	4
1133167	0	3023121	2
1133167	0	3023123	4
1133167	0	3074598	4
1133167	0	3074599	5
1133167	0	3391439	1
1133167	0	3421898	1
1133167	0	3421899	2
1133167	0	3421900	0
1133167	0	3421906	1
1133167	0	3953805	3
1133167	0	434119	4
1133167	0	434120	5
1133167	0	434121	5
1133167	0	434125	5
1133167	0	4443371	1
1133167	0	4498473	2
1133167	0	4498474	5
1133167	0	4498475	2
1133167	0	4498476	2
1133167	0	4498478	0
1133167	0	4498479	5
1133167	0	4550240	5
1133167	0	4550243	3
1133167	0	4550244	4
1133167	0	4712273	0
1133167	0	4712275	0
1133167	0	4922619	5
1133167	0	4926197	5
1133167	0	4926201	0
1133167	0	4926202	2
1133167	0	4973626	5
1133167	0	5674623	3
1133167	0	5787117	4
1133167	0	6103289	2
1133167	0	6103291	3
1133167	0	6112586	4
1133167	0	6112587	5
1133167	0	6112590	5
1133167	0	6142	3
1133167	0	6467517	2
1133167	0	6467518	5
1133167	0	6467523	1
1133167	0	6467524	2
1133167	0	7093509	4
1133167	0	7093510	1
1133167	0	7093511	4
1133167	0	7093513	1
1133167	0	7217705	1
1133167	0	7217706	0
1133167	0	7218012	1
1133167	0	7218015	1
1133167	0	7486599	2
1133167	0	7486600	3
1133167	0	7486602	0
1133167	0	7762240	2
1133167	0	7793408	2
1133167	0	7793411	2
1133167	0	8003301	1
1133167	0	8033644	2
1133167	0	8033645	2
1133167	0	8033646	2
1133167	0	8033650	5
1133167	0	8160224	1
1133167	0	8160241	4
1133167	0	8160243	0
1133167	0	823272	4
1133167	0	823274	2
1133167	0	823275	2
1133167	0	823276	0
1133167	0	823277	2
1133167	0	8255705	3
1133167	0	8255706	5
1133167	0	8415743	1
1133167	0	8415744	1
130510	0	1105286	1
130510	0	1105290	3
130510	0	1244228	5
130510	0	1262132	2
130510	0	1262133	5
130510	0	1494930	5
130510	0	1494931	5
130510	0	1494932	4
130510	0	1494933	4
130510	0	1494934	5
130510	0	1494935	5
130510	0	1494936	5
130510	0	1494937	4
130510	0	1494938	5
130510	0	1494939	5
130510	0	1672906	1
130510	0	1766823	2
130510	0	1766826	2
130510	0	1864987	1
130510	0	1881833	4
130510	0	1881837	4
130510	0	1881838	1
130510	0	203714	5
130510	0	203718	5
130510	0	203721	3
130510	0	2407055	4
130510	0	2407058	2
130510	0	2407059	2
130510	0	2420310	2
130510	0	2796250	3
130510	0	2867680	0
130510	0	2881568	2
130510	0	2961567	2
130510	0	2982053	5
130510	0	3155834	2
130510	0	3155835	3
130510	0	3155837	3
130510	0	3155838	3
130510	0	3155839	0
130510	0	3155840	3
130510	0	3360244	2
130510	0	3913776	2
130510	0	4110458	0
130510	0	4110466	2
130510	0	4237516	1
130510	0	435588	2
130510	0	440976	2
130510	0	440978	2
130510	0	440983	1
130510	0	4528807	4
130510	0	4722583	0
130510	0	4748168	4
130510	0	474935	2
130510	0	5563751	2
130510	0	5622536	1
130510	0	5668640	1
130510	0	5668642	2
130510	0	5685707	2
130510	0	5732822	0
130510	0	5930013	4
130510	0	5984058	2
130510	0	6061506	0
130510	0	6061509	3
130510	0	6172269	1
130510	0	6229733	4
130510	0	6542824	4
130510	0	6614912	2
130510	0	6614916	1
130510	0	6703266	2
130510	0	6763277	4
130510	0	6780516	1
130510	0	6780520	2
130510	0	7125238	0
130510	0	7125239	5
130510	0	7125241	2
130510	0	7127694	3
130510	0	7129386	0
130510	0	7226977	4
130510	0	7501557	5
130510	0	7501558	5
130510	0	7501563	5
130510	0	768251	5
130510	0	7717233	3
130510	0	7840605	1
130510	0	799647	5
130510	0	80569	0
130510	0	8180119	4
130510	0	8287348	0
130510	0	8354778	1
130510	0	8384389	2
130510	0	8545281	1
130510	0	8612902	5
130510	0	8612903	5
130510	0	8612904	5
130510	0	8612905	5
130510	0	8612906	5
130510	0	8612909	5
130510	0	8612910	5
130510	0	956561	1
130510	0	996732	4
131843	0	1208161	3
131843	0	1222365	0
131843	0	1236267	1
131843	0	1288377	4
131843	0	1412225	2
131843	0	1429616	2
131843	0	1505736	5
131843	0	1594343	1
131843	0	1802988	0
131843	0	2056477	1
131843	0	2162844	4
131843	0	2241185	1
131843	0	2287018	2
131843	0	2458106	0
131843	0	2459046	1
131843	0	2795042	0
131843	0	2801714	2
131843	0	29030	4
131843	0	3047939	2
131843	0	3047940	3
131843	0	3092525	2
131843	0	3434695	3
131843	0	348759	2
131843	0	348760	5
131843	0	3527399	2
131843	0	3537787	4
131843	0	3553324	0
131843	0	3748231	2
131843	0	3841396	5
131843	0	3967164	2
131843	0	3967168	4
131843	0	4091094	1
131843	0	427728	5
131843	0	4440571	2
131843	0	4634395	4
131843	0	4634396	2
131843	0	4634397	2
131843	0	4634399	4
131843	0	4634400	1
131843	0	4634403	4
131843	0	4765732	1
131843	0	4765734	1
131843	0	4806979	2
131843	0	5103706	3
131843	0	5145702	1
131843	0	5145703	2
131843	0	5212622	5
131843	0	5212625	4
131843	0	5380690	4
131843	0	5423790	2
131843	0	5548319	4
131843	0	5548322	2
131843	0	5548323	4
131843	0	5548326	2
131843	0	5548327	4
131843	0	557332	0
131843	0	5715075	5
131843	0	5715079	3
131843	0	598554	0
131843	0	6121785	5
131843	0	6121787	5
131843	0	6143366	3
131843	0	6148486	3
131843	0	6195680	0
131843	0	6629203	5
131843	0	6629204	2
131843	0	6629206	5
131843	0	6667009	3
131843	0	6715415	4
131843	0	6803494	2
131843	0	6823129	2
131843	0	6863388	5
131843	0	6863389	5
131843	0	7141299	2
131843	0	7617276	0
131843	0	7635161	5
131843	0	8023784	3
131843	0	8069412	1
131843	0	8083953	4
131843	0	8102759	1
131843	0	8187665	2
131843	0	8187667	1
131843	0	8288868	1
131843	0	8305152	5
131843	0	8305153	5
131843	0	8305154	5
131843	0	8305155	5
131843	0	8305156	5
131843	0	8305158	5
131843	0	8327609	1
131843	0	8541969	2
131843	0	8731141	5
131843	0	8780259	2
131843	0	8780262	3
131843	0	8814234	0
131843	0	985988	5
131843	0	985990	5
131843	0	985991	5
131843	0	985992	5
131843	0	985994	5
146187	0	1028972	3
146187	0	1077549	3
146187	0	1110459	2
146187	0	1110463	1
146187	0	1144277	0
146187	0	1230566	5
146187	0	1312853	1
146187	0	1367167	2
146187	0	1367176	2
146187	0	1804746	2
146187	0	1841192	4
146187	0	1841195	4
146187	0	1841196	4
146187	0	1841197	5
146187	0	1869476	1
146187	0	1869481	0
146187	0	1972078	2
146187	0	1995994	3
146187	0	2009635	3
146187	0	2226093	5
146187	0	2246719	4
146187	0	2246721	3
146187	0	2257806	4
146187	0	2257810	0
146187	0	2365484	0
146187	0	3129298	1
146187	0	3129304	2
146187	0	315525	5
146187	0	3203261	2
146187	0	3615731	4
146187	0	3963187	5
146187	0	3963189	1
146187	0	4214923	4
146187	0	4214924	2
146187	0	4214925	4
146187	0	4216902	1
146187	0	4604562	0
146187	0	4777144	5
146187	0	4777148	2
146187	0	4921740	3
146187	0	4921741	2
146187	0	5050456	1
146187	0	5050464	2
146187	0	5238589	4
146187	0	5746033	2
146187	0	5746034	0
146187	0	5746036	1
146187	0	5836454	5
146187	0	5929433	2
146187	0	5999108	0
146187	0	6015025	4
146187	0	6015026	5
146187	0	6015027	4
146187	0	6073802	2
146187	0	6430257	4
146187	0	6430258	5
146187	0	6430259	5
146187	0	6430260	3
146187	0	6447377	2
146187	0	6483698	0
146187	0	6483701	0
146187	0	6483703	1
146187	0	6623314	1
146187	0	6929047	2
146187	0	7093332	2
146187	0	7093334	1
146187	0	7126360	2
146187	0	7405002	5
146187	0	744163	1
146187	0	744165	5
146187	0	744166	2
146187	0	744167	5
146187	0	744171	4
146187	0	76342	2
146187	0	76343	2
146187	0	76344	5
146187	0	76346	1
146187	0	76348	5
146187	0	76349	2
146187	0	76350	2
146187	0	76351	5
146187	0	7704674	4
146187	0	7704676	2
146187	0	7704677	1
146187	0	7772761	4
146187	0	7772762	3
146187	0	7836297	2
146187	0	7956019	3
146187	0	8113798	1
146187	0	8350557	0
146187	0	8434617	3
146187	0	8434618	5
146187	0	8434619	5
146187	0	8434620	5
146187	0	8434621	5
146187	0	8434622	5
146187	0	8434623	5
146187	0	8434624	5
146187	0	8434625	5
146187	0	8434626	5
148538	0	1147044	4
148538	0	1299824	3
148538	0	1311206	5
148538	0	1314489	3
148538	0	1384448	2
148538	0	1449786	2
148538	0	153920	2
148538	0	1568620	2
148538	0	1573498	1
148538	0	1828165	1
148538	0	1828171	2
148538	0	1950978	2
148538	0	1950983	3
148538	0	1967433	2
148538	0	1969519	2
148538	0	1969520	2
148538	0	1969521	4
148538	0	1985490	3
148538	0	1985491	5
148538	0	2033795	1
148538	0	208314	4
148538	0	2177849	1
148538	0	231453	5
148538	0	231455	5
148538	0	2368186	0
148538	0	2368189	5
148538	0	2455774	3
148538	0	2643562	4
148538	0	2731875	1
148538	0	2915322	3
148538	0	2915323	4
148538	0	2993239	0
148538	0	332400	4
148538	0	332401	4
148538	0	332402	4
148538	0	332406	2
148538	0	332407	1
148538	0	3353306	4
148538	0	3545040	2
148538	0	3693074	0
148538	0	3918785	5
148538	0	3997733	0
148538	0	4185812	5
148538	0	4185814	3
148538	0	4264121	2
148538	0	4264123	2
148538	0	4264124	2
148538	0	4264128	1
148538	0	4264129	4
148538	0	4447598	5
148538	0	4447601	5
148538	0	451558	0
148538	0	4539654	5
148538	0	4539657	3
148538	0	4539659	5
148538	0	4607262	1
148538	0	4607263	5
148538	0	4959633	1
148538	0	4959638	4
148538	0	5077704	3
148538	0	5077707	5
148538	0	5171603	2
148538	0	5171605	4
148538	0	5588133	1
148538	0	581145	4
148538	0	6037737	1
148538	0	615402	4
148538	0	615407	5
148538	0	6377909	1
148538	0	6543862	5
148538	0	6600519	2
148538	0	6697435	2
148538	0	6697437	2
148538	0	6846338	1
148538	0	6846340	2
148538	0	6846343	2
148538	0	6853480	2
148538	0	6873981	0
148538	0	6894608	5
148538	0	6894610	2
148538	0	7407803	5
148538	0	7407811	1
148538	0	7407812	5
148538	0	748721	0
148538	0	7529434	1
148538	0	7696389	0
148538	0	7796765	0
148538	0	8283527	4
148538	0	8283530	5
148538	0	8283531	5
148538	0	8283532	5
148538	0	929016	0
148538	0	985487	2
148538	0	985488	5
148538	0	985489	2
148538	0	985490	5
148538	0	985491	5
148538	0	985492	2
148538	0	985494	5
148538	0	986845	3
156493	0	1034435	0
156493	0	1101607	1
156493	0	1277720	2
156493	0	1277723	3
156493	0	1277725	3
156493	0	1277726	4
156493	0	1277727	5
156493	0	1347267	1
156493	0	1960254	1
156493	0	1960255	5
156493	0	1960257	5
156493	0	1960259	5
156493	0	1960260	5
156493	0	1960261	2
156493	0	2259179	2
156493	0	2259180	2
156493	0	2259182	2
156493	0	2259183	3
156493	0	2317807	3
156493	0	2411918	3
156493	0	2598786	5
156493	0	2598787	4
156493	0	2612486	2
156493	0	2612490	4
156493	0	2612491	5
156493	0	2612492	1
156493	0	2612493	4
156493	0	2616509	0
156493	0	2616512	1
156493	0	2717163	5
156493	0	2928700	1
156493	0	2928702	5
156493	0	2928704	1
156493	0	2928705	4
156493	0	2928707	5
156493	0	2949801	3
156493	0	2949802	3
156493	0	316872	2
156493	0	3258872	0
156493	0	3288595	2
156493	0	3288596	5
156493	0	3288597	4
156493	0	3288598	2
156493	0	3288599	2
156493	0	3288600	5
156493	0	3288601	2
156493	0	3288603	4
156493	0	349638	4
156493	0	349641	1
156493	0	349643	4
156493	0	349645	0
156493	0	3603920	5
156493	0	3603922	3
156493	0	3603923	0
156493	0	4542584	1
156493	0	4583221	5
156493	0	4648575	0
156493	0	4940228	1
156493	0	5346660	2
156493	0	5479183	0
156493	0	5530082	4
156493	0	5555919	2
156493	0	6139382	2
156493	0	6139383	4
156493	0	6139386	5
156493	0	6139387	2
156493	0	6524746	4
156493	0	6775071	2
156493	0	7371077	3
156493	0	7371078	2
156493	0	7371079	2
156493	0	7431316	2
156493	0	750111	2
156493	0	7529421	0
156493	0	7663269	0
156493	0	8029433	1
156493	0	8182159	4
156493	0	8182160	5
156493	0	8182161	5
156493	0	8182162	5
156493	0	8182163	4
156493	0	8182165	5
156493	0	8182166	2
156493	0	8245444	1
156493	0	8266017	2
156493	0	8273011	1
156493	0	8273017	5
156493	0	8273019	5
156493	0	8300113	1
156493	0	8820526	2
156493	0	885944	3
156493	0	911790	0
156493	0	95512	5
156493	0	95513	5
156493	0	95514	5
156493	0	95515	2
156493	0	95517	1
156493	0	95518	5
156493	0	95519	2
156493	0	95521	4
168216	0	1090089	1
168216	0	1090095	0
168216	0	1183706	1
168216	0	1301465	5
168216	0	1301466	3
168216	0	1301467	5
168216	0	1301468	1
168216	0	1301469	5
168216	0	1301471	5
168216	0	1301472	4
168216	0	1301473	2
168216	0	1301474	5
168216	0	13499	2
168216	0	1381477	5
168216	0	1735360	5
168216	0	2036279	4
168216	0	2210774	3
168216	0	2210775	1
168216	0	2210780	4
168216	0	2265769	2
168216	0	2790904	3
168216	0	3198680	2
168216	0	3198682	0
168216	0	3198684	2
168216	0	3198687	5
168216	0	3198689	2
168216	0	3344828	5
168216	0	3344832	0
168216	0	3344837	5
168216	0	3399712	3
168216	0	3399713	2
168216	0	3399715	5
168216	0	3399716	1
168216	0	3463556	2
168216	0	3681094	1
168216	0	3681095	2
168216	0	3681100	2
168216	0	3830857	5
168216	0	3908773	5
168216	0	3908774	5
168216	0	3908775	2
168216	0	3908776	5
168216	0	3908777	2
168216	0	3908778	1
168216	0	3908779	0
168216	0	4191395	2
168216	0	4245218	1
168216	0	4245223	2
168216	0	4324487	2
168216	0	4324491	3
168216	0	4324492	5
168216	0	4600607	4
168216	0	4600610	0
168216	0	5024307	2
168216	0	5024311	4
168216	0	5114458	0
168216	0	5935474	2
168216	0	5935476	5
168216	0	6012600	1
168216	0	6061718	4
168216	0	6061721	3
168216	0	6061722	4
168216	0	6061726	3
168216	0	6213322	4
168216	0	6213323	1
168216	0	6213324	1
168216	0	6213325	4
168216	0	6219118	4
168216	0	6264731	5
168216	0	6264732	3
168216	0	6264733	3
168216	0	6264734	2
168216	0	6264735	2
168216	0	6329932	0
168216	0	6426630	2
168216	0	6426631	4
168216	0	6426632	5
168216	0	6426633	2
168216	0	6426634	5
168216	0	6426637	2
168216	0	6426638	4
168216	0	6555034	1
168216	0	661750	3
168216	0	7337516	1
168216	0	7492753	1
168216	0	7492754	0
168216	0	7492755	4
168216	0	7595682	0
168216	0	8185131	2
168216	0	8185134	2
168216	0	8185135	4
168216	0	8185137	5
168216	0	8252763	1
168216	0	8731617	5
168216	0	8731620	0
168216	0	8731621	4
168216	0	8731622	5
168216	0	8731623	5
168216	0	8731624	5
168216	0	8731625	2
182539	0	1307232	4
182539	0	1307234	4
182539	0	1307235	5
182539	0	1504285	2
182539	0	1638687	4
182539	0	1638689	4
182539	0	1638690	4
182539	0	1664294	1
182539	0	1870363	2
182539	0	1879109	2
182539	0	2009617	2
182539	0	2009629	0
182539	0	2384731	2
182539	0	2384735	1
182539	0	2431122	1
182539	0	2674442	0
182539	0	2787602	2
182539	0	2823144	1
182539	0	2909954	4
182539	0	2909957	4
182539	0	2909959	3
182539	0	2909960	5
182539	0	2909961	5
182539	0	3293878	3
182539	0	3412555	2
182539	0	3760955	0
182539	0	3760957	3
182539	0	3760964	2
182539	0	3883077	5
182539	0	3883081	5
182539	0	423215	0
182539	0	4448399	5
182539	0	4468608	1
182539	0	4537743	0
182539	0	4730803	2
182539	0	4746166	1
182539	0	5020094	1
182539	0	5072935	1
182539	0	5317950	2
182539	0	5567729	5
182539	0	5567732	4
182539	0	57443	5
182539	0	57444	5
182539	0	57447	5
182539	0	57448	5
182539	0	57449	5
182539	0	57450	2
182539	0	57452	2
182539	0	6037973	4
182539	0	6081115	1
182539	0	6135907	2
182539	0	6413049	2
182539	0	6564983	0
182539	0	6596440	1
182539	0	6807899	1
182539	0	6807900	2
182539	0	6816571	3
182539	0	6816572	3
182539	0	6816573	4
182539	0	6816574	4
182539	0	6816576	3
182539	0	6816577	1
182539	0	6816579	4
182539	0	6933529	2
182539	0	697572	0
182539	0	6995118	1
182539	0	7050579	5
182539	0	7085057	2
182539	0	7153689	1
182539	0	7371253	2
182539	0	7371255	5
182539	0	7371257	5
182539	0	7371259	5
182539	0	7371261	4
182539	0	7371262	5
182539	0	7408022	2
182539	0	7527837	2
182539	0	7579347	2
182539	0	7579351	3
182539	0	7583024	5
182539	0	762792	4
182539	0	762795	2
182539	0	7686297	0
182539	0	7690609	3
182539	0	7807063	0
182539	0	8008661	0
182539	0	80372	1
182539	0	8112551	2
182539	0	8180622	2
182539	0	8299659	5
182539	0	8299660	5
182539	0	8299661	3
182539	0	8299665	3
182539	0	8299668	5
182539	0	8515182	5
182539	0	8757178	5
182539	0	8757179	4
182539	0	8757180	5
182539	0	8757181	5
182539	0	8757183	2
183378	0	1050571	0
183378	0	1289489	5
183378	0	1289490	5
183378	0	1289493	3
183378	0	1289495	3
183378	0	1289496	5
183378	0	1289497	5
183378	0	1730042	4
183378	0	1730858	1
183378	0	1960310	2
183378	0	2234245	1
183378	0	2352713	4
183378	0	2352716	3
183378	0	2874543	1
183378	0	3093214	4
183378	0	3093215	2
183378	0	3093217	2
183378	0	3185607	2
183378	0	3185611	3
183378	0	327908	2
183378	0	3389578	5
183378	0	3389579	5
183378	0	3389581	4
183378	0	3389584	2
183378	0	3605404	0
183378	0	3719069	1
183378	0	3719076	0
183378	0	376576	1
183378	0	3854428	0
183378	0	3928768	1
183378	0	4134897	1
183378	0	4134899	1
183378	0	4134902	1
183378	0	4493913	5
183378	0	4493914	4
183378	0	4493915	5
183378	0	4493916	5
183378	0	4493917	2
183378	0	4493918	2
183378	0	4493919	2
183378	0	4493920	3
183378	0	4493921	2
183378	0	4493922	2
183378	0	4727412	2
183378	0	4727417	4
183378	0	4727418	2
183378	0	4803847	5
183378	0	4803848	5
183378	0	4803850	1
183378	0	4803853	0
183378	0	4803855	1
183378	0	5391354	2
183378	0	5460936	0
183378	0	5460939	5
183378	0	5460941	4
183378	0	5534703	4
183378	0	5534707	5
183378	0	5534710	3
183378	0	5534711	4
183378	0	5817927	4
183378	0	6109461	5
183378	0	6247404	0
183378	0	6247405	3
183378	0	6291380	1
183378	0	6533300	5
183378	0	6548233	4
183378	0	6548235	1
183378	0	7398706	4
183378	0	7448291	2
183378	0	7449744	5
183378	0	7449747	2
183378	0	7449748	5
183378	0	7449750	5
183378	0	7449751	5
183378	0	7449752	5
183378	0	749540	1
183378	0	749542	5
183378	0	7593941	0
183378	0	7677975	5
183378	0	7678696	2
183378	0	7703397	2
183378	0	7811888	1
183378	0	7952868	0
183378	0	8121375	2
183378	0	8121380	2
183378	0	823211	2
183378	0	8570257	5
183378	0	8570258	5
183378	0	8570260	4
183378	0	8577213	3
183378	0	8577215	4
183378	0	8767239	0
183378	0	8767240	3
183378	0	8767241	2
183378	0	8794302	2
183378	0	8794303	2
183378	0	8794304	2
183378	0	8794306	3
183378	0	8794307	5
183378	0	8794308	4
19335	0	1054278	0
19335	0	1077788	4
19335	0	1160863	2
19335	0	1160871	2
19335	0	129765	2
19335	0	1316347	2
19335	0	1396142	3
19335	0	1396143	0
19335	0	1469573	2
19335	0	1568083	2
19335	0	161606	2
19335	0	1717015	2
19335	0	1717439	2
19335	0	1720387	5
19335	0	1720388	5
19335	0	1720389	5
19335	0	1720393	3
19335	0	1720395	4
19335	0	1905037	0
19335	0	1915754	3
19335	0	2020519	5
19335	0	2250973	4
19335	0	2304004	4
19335	0	2304005	5
19335	0	2437769	2
19335	0	2449497	1
19335	0	2459779	4
19335	0	2699379	1
19335	0	2874503	2
19335	0	3026405	1
19335	0	3026408	2
19335	0	3045565	5
19335	0	3045567	5
19335	0	3175481	5
19335	0	3175484	5
19335	0	342431	5
19335	0	3436236	2
19335	0	354219	4
19335	0	3559593	4
19335	0	3559596	4
19335	0	3587439	1
19335	0	3615077	2
19335	0	3706023	1
19335	0	429851	2
19335	0	4843828	1
19335	0	503739	1
19335	0	5051739	1
19335	0	5078863	2
19335	0	5081061	0
19335	0	527689	0
19335	0	527690	5
19335	0	527692	5
19335	0	527694	1
19335	0	527695	0
19335	0	527697	5
19335	0	527698	4
19335	0	5351351	1
19335	0	5508122	3
19335	0	5508123	0
19335	0	554950	2
19335	0	5711211	2
19335	0	5711213	1
19335	0	5711216	4
19335	0	5806604	2
19335	0	584350	5
19335	0	5870000	1
19335	0	6124004	5
19335	0	6184951	2
19335	0	6238007	3
19335	0	6294314	5
19335	0	6407998	3
19335	0	6452949	5
19335	0	6512137	5
19335	0	6512144	5
19335	0	6568700	1
19335	0	677305	3
19335	0	6902384	4
19335	0	7050803	3
19335	0	7122355	4
19335	0	7267246	0
19335	0	7267248	4
19335	0	7367410	0
19335	0	7367411	3
19335	0	7454464	2
19335	0	7460273	2
19335	0	7681710	1
19335	0	772234	4
19335	0	7763208	2
19335	0	8061829	5
19335	0	8184296	1
19335	0	8412681	5
19335	0	8412682	5
19335	0	8412683	5
19335	0	8412684	5
19335	0	8495708	0
19335	0	8495710	3
19335	0	8635984	5
19335	0	8786632	2
19335	0	8798994	2
19335	0	93557	4
207786	0	1081011	0
207786	0	1081014	1
207786	0	1392585	5
207786	0	1667536	2
207786	0	1667540	1
207786	0	2051016	4
207786	0	2051019	2
207786	0	2051020	5
207786	0	2051021	0
207786	0	2207751	2
207786	0	2430036	0
207786	0	2440415	2
207786	0	2440421	2
207786	0	2670733	4
207786	0	2763917	5
207786	0	2763922	5
207786	0	2763923	5
207786	0	2775833	2
207786	0	2775834	1
207786	0	2775835	2
207786	0	2775836	2
207786	0	2969228	0
207786	0	2969229	2
207786	0	2969232	2
207786	0	2969234	1
207786	0	3322527	2
207786	0	3322530	3
207786	0	3656958	3
207786	0	3855670	4
207786	0	3896738	4
207786	0	3896739	4
207786	0	3896742	3
207786	0	3896743	4
207786	0	3945573	1
207786	0	4016148	1
207786	0	4016149	1
207786	0	4218707	5
207786	0	4278001	1
207786	0	4342505	4
207786	0	4393128	3
207786	0	4465046	2
207786	0	4465050	2
207786	0	4613063	2
207786	0	4613065	5
207786	0	4672265	1
207786	0	4672268	0
207786	0	4695807	1
207786	0	4759179	2
207786	0	4759180	2
207786	0	4900223	2
207786	0	4900224	3
207786	0	493415	3
207786	0	493416	2
207786	0	5160451	0
207786	0	5175108	5
207786	0	5175109	4
207786	0	5184952	0
207786	0	524450	3
207786	0	5288615	2
207786	0	5297038	3
207786	0	5365939	1
207786	0	5365946	2
207786	0	5624831	2
207786	0	5845834	4
207786	0	5989435	0
207786	0	5989436	5
207786	0	5989442	0
207786	0	6023733	2
207786	0	6031623	4
207786	0	6031630	5
207786	0	6261311	2
207786	0	6526575	4
207786	0	6526580	1
207786	0	6822431	3
207786	0	7124121	5
207786	0	7331154	2
207786	0	7510476	4
207786	0	7622406	5
207786	0	7643812	4
207786	0	7643814	3
207786	0	7746367	1
207786	0	7777864	0
207786	0	7941579	5
207786	0	7963300	4
207786	0	8051707	1
207786	0	8053029	4
207786	0	8185061	5
207786	0	8185064	5
207786	0	8211377	5
207786	0	8273754	5
207786	0	8273755	5
207786	0	8273757	5
207786	0	8273758	5
207786	0	8273759	5
207786	0	8273760	5
207786	0	8273761	5
207786	0	8273762	5
207786	0	8273763	5
207786	0	8461486	1
207786	0	8651150	2
264014	0	1444286	2
264014	0	1610706	4
264014	0	1610707	4
264014	0	1610710	1
264014	0	1610711	2
264014	0	1610712	0
264014	0	1610714	1
264014	0	1804644	5
264014	0	2223171	2
264014	0	2420367	3
264014	0	2474340	1
264014	0	2474341	0
264014	0	2474342	4
264014	0	2474346	5
264014	0	2498169	3
264014	0	2572557	2
264014	0	2689662	3
264014	0	331929	1
264014	0	331931	4
264014	0	331932	4
264014	0	331934	4
264014	0	331936	1
264014	0	3338821	1
264014	0	3338825	5
264014	0	3338827	5
264014	0	3338828	4
264014	0	3372501	4
264014	0	3396076	5
264014	0	3577341	2
264014	0	3577342	3
264014	0	3577344	2
264014	0	3577345	2
264014	0	3577347	4
264014	0	3601328	0
264014	0	3666584	0
264014	0	3841908	2
264014	0	4367667	0
264014	0	447992	5
264014	0	4647186	2
264014	0	4687213	5
264014	0	4834545	0
264014	0	4834547	5
264014	0	4834548	2
264014	0	528372	5
264014	0	528375	1
264014	0	528379	2
264014	0	528380	2
264014	0	5328095	5
264014	0	5611210	5
264014	0	5611211	3
264014	0	5611212	2
264014	0	5611214	4
264014	0	5611216	0
264014	0	5611217	2
264014	0	5611218	4
264014	0	5611219	5
264014	0	5635519	1
264014	0	5635521	2
264014	0	5635522	1
264014	0	5819142	0
264014	0	5819145	2
264014	0	58386	4
264014	0	5849268	2
264014	0	5849270	2
264014	0	5849711	0
264014	0	5950718	5
264014	0	5950719	5
264014	0	5950721	5
264014	0	5950722	5
264014	0	5950723	5
264014	0	5950724	2
264014	0	5950726	5
264014	0	6105569	4
264014	0	6105571	2
264014	0	6105572	5
264014	0	6333839	4
264014	0	6334964	1
264014	0	6413951	3
264014	0	6555321	0
264014	0	6555322	3
264014	0	6641238	5
264014	0	6791760	5
264014	0	684616	3
264014	0	684618	1
264014	0	7323467	3
264014	0	7323468	2
264014	0	7323471	2
264014	0	7326932	1
264014	0	7326934	4
264014	0	7326936	3
264014	0	8502491	2
264014	0	8801661	1
264014	0	935825	2
264014	0	96851	5
264014	0	96852	1
264014	0	96854	2
264014	0	96855	5
264014	0	96857	5
264014	0	96858	5
264014	0	96859	1
359349	0	1306224	1
359349	0	1383279	2
359349	0	1394087	5
359349	0	1456209	2
359349	0	1456211	2
359349	0	1456212	0
359349	0	1521749	4
359349	0	1540097	0
359349	0	1830509	2
359349	0	1830512	5
359349	0	1830516	5
359349	0	1830517	5
359349	0	1892864	1
359349	0	205472	0
359349	0	2134318	3
359349	0	2134320	2
359349	0	2293820	5
359349	0	2444689	2
359349	0	2490389	2
359349	0	2490390	1
359349	0	2490392	1
359349	0	2490397	2
359349	0	2826510	5
359349	0	2826512	5
359349	0	3126802	1
359349	0	3176541	4
359349	0	3176542	2
359349	0	3193824	5
359349	0	3223831	5
359349	0	3223833	5
359349	0	3265497	1
359349	0	3645754	1
359349	0	3645761	1
359349	0	3900185	5
359349	0	4013723	5
359349	0	4020470	5
359349	0	4020471	2
359349	0	4020472	3
359349	0	4020474	4
359349	0	4020475	4
359349	0	4020476	3
359349	0	4020477	5
359349	0	4020478	3
359349	0	4020479	3
359349	0	4269559	2
359349	0	4474866	2
359349	0	457673	5
359349	0	4624153	4
359349	0	4646870	0
359349	0	5219976	2
359349	0	5345720	4
359349	0	5414623	2
359349	0	5414631	1
359349	0	5547389	2
359349	0	5547394	2
359349	0	5579653	1
359349	0	5615181	5
359349	0	5622886	1
359349	0	5686588	3
359349	0	576627	4
359349	0	576628	5
359349	0	576629	5
359349	0	576631	0
359349	0	576632	4
359349	0	576634	3
359349	0	576635	4
359349	0	6031050	0
359349	0	6031053	1
359349	0	6045519	1
359349	0	6081008	3
359349	0	6108721	5
359349	0	6412425	3
359349	0	6654071	0
359349	0	6817406	2
359349	0	68647	5
359349	0	68648	5
359349	0	68649	5
359349	0	68650	4
359349	0	68653	4
359349	0	68656	4
359349	0	6945211	0
359349	0	7062671	4
359349	0	725438	2
359349	0	7277971	2
359349	0	7544501	2
359349	0	7544503	2
359349	0	7544505	2
359349	0	7579883	4
359349	0	7651993	3
359349	0	7732667	0
359349	0	792264	2
359349	0	8058867	4
359349	0	8058873	5
359349	0	8125299	2
359349	0	8125300	0
359349	0	8167113	2
359349	0	8167114	5
359349	0	8456698	1
359349	0	927198	1
359349	0	943229	5
405717	0	1849743	2
405717	0	1976406	0
405717	0	1984962	5
405717	0	2125641	2
405717	0	2365659	1
405717	0	2365660	2
405717	0	2365661	5
405717	0	2365663	4
405717	0	2365665	2
405717	0	2514106	1
405717	0	2514107	5
405717	0	2642838	5
405717	0	2702419	5
405717	0	2702423	3
405717	0	2747484	3
405717	0	2747485	4
405717	0	2747486	2
405717	0	2747488	2
405717	0	2747489	3
405717	0	2747491	3
405717	0	2768521	0
405717	0	28368	2
405717	0	28372	2
405717	0	2879959	2
405717	0	2879960	5
405717	0	2879964	2
405717	0	3033900	4
405717	0	3033903	2
405717	0	3033904	5
405717	0	3033905	3
405717	0	3040883	0
405717	0	3274918	2
405717	0	3514259	2
405717	0	3606046	0
405717	0	3743460	0
405717	0	3743462	1
405717	0	3986303	4
405717	0	3986305	3
405717	0	3986306	3
405717	0	3986307	3
405717	0	3986308	4
405717	0	3986309	4
405717	0	4489661	3
405717	0	4489666	4
405717	0	4704973	3
405717	0	4704975	5
405717	0	4704978	5
405717	0	4704980	2
405717	0	4776926	1
405717	0	4776928	5
405717	0	4828118	5
405717	0	5079482	5
405717	0	5428443	5
405717	0	5638740	1
405717	0	5668741	1
405717	0	576346	1
405717	0	5857562	1
405717	0	6419725	1
405717	0	6426479	0
405717	0	6426483	0
405717	0	6442862	0
405717	0	6654652	2
405717	0	6654653	5
405717	0	6654655	5
405717	0	6654656	1
405717	0	6654658	2
405717	0	6654660	4
405717	0	6678050	5
405717	0	6741362	1
405717	0	6786304	0
405717	0	702383	2
405717	0	702386	4
405717	0	702391	5
405717	0	7170624	1
405717	0	7170625	1
405717	0	7170626	5
405717	0	7170630	5
405717	0	7170631	2
405717	0	7201359	4
405717	0	7201361	4
405717	0	7288990	5
405717	0	7288991	2
405717	0	7288996	5
405717	0	7447941	4
405717	0	7447942	4
405717	0	7447943	2
405717	0	758581	2
405717	0	758582	2
405717	0	758585	2
405717	0	758586	5
405717	0	7589975	2
405717	0	7728831	5
405717	0	7896211	4
405717	0	7896212	2
405717	0	8156519	4
405717	0	8433852	0
405717	0	8433854	5
405717	0	8433856	1
405717	0	8433858	5
405717	0	8610271	1
443396	0	1043988	0
443396	0	1091614	2
443396	0	1135750	2
443396	0	1135751	2
443396	0	1135757	5
443396	0	119472	1
443396	0	1262720	1
443396	0	1515376	3
443396	0	1843486	5
443396	0	2364911	0
443396	0	2638076	4
443396	0	2638078	2
443396	0	2638080	4
443396	0	2638081	4
443396	0	2638083	2
443396	0	2716450	2
443396	0	2716454	4
443396	0	2716455	1
443396	0	2767485	3
443396	0	2767487	1
443396	0	2819105	0
443396	0	3103995	0
443396	0	3256971	3
443396	0	3256974	5
443396	0	3323246	5
443396	0	3511993	4
443396	0	3599520	4
443396	0	360229	2
443396	0	360232	3
443396	0	3811857	1
443396	0	3915597	2
443396	0	3924405	1
443396	0	4041358	4
443396	0	4041361	3
443396	0	4205264	5
443396	0	4271441	0
443396	0	4511531	2
443396	0	4526739	1
443396	0	4526741	1
443396	0	4526744	5
443396	0	4526747	5
443396	0	456708	5
443396	0	456710	5
443396	0	4699186	2
443396	0	4774806	4
443396	0	4792649	5
443396	0	4792650	5
443396	0	4792653	5
443396	0	4792654	1
443396	0	4792655	5
443396	0	4825928	2
443396	0	4896251	3
443396	0	4935430	1
443396	0	5065439	5
443396	0	5158745	3
443396	0	5158746	2
443396	0	519923	2
443396	0	5224171	2
443396	0	5224173	0
443396	0	523589	0
443396	0	5311404	4
443396	0	5404318	0
443396	0	5404320	0
443396	0	5404322	2
443396	0	5902981	2
443396	0	6041945	1
443396	0	6085987	1
443396	0	6168532	4
443396	0	6168539	2
443396	0	6361505	3
443396	0	6361506	3
443396	0	6361507	3
443396	0	6486139	1
443396	0	6863144	1
443396	0	6881583	2
443396	0	7221395	2
443396	0	7620278	5
443396	0	7620279	5
443396	0	7703618	1
443396	0	7856435	4
443396	0	7856436	4
443396	0	7890878	4
443396	0	7890881	2
443396	0	7890882	2
443396	0	7911766	4
443396	0	7928757	2
443396	0	8079039	5
443396	0	8079040	5
443396	0	8079043	5
443396	0	8079046	5
443396	0	8079047	0
443396	0	8128960	4
443396	0	8416862	2
443396	0	8536118	5
443396	0	8536122	5
443396	0	8536123	5
443396	0	8575351	2
443396	0	8769481	2
443396	0	8769490	5
443396	0	8793491	5
451602	0	1078133	1
451602	0	1078134	5
451602	0	1078138	4
451602	0	1094138	2
451602	0	1277286	2
451602	0	1277287	0
451602	0	1277289	4
451602	0	1277290	5
451602	0	1277293	2
451602	0	1277294	3
451602	0	1626653	5
451602	0	2084909	4
451602	0	2176455	5
451602	0	2176458	5
451602	0	2312864	5
451602	0	2329895	2
451602	0	2414919	2
451602	0	2486935	4
451602	0	2922145	4
451602	0	2922147	2
451602	0	3052112	1
451602	0	3052115	0
451602	0	3090666	4
451602	0	3090667	4
451602	0	3090670	3
451602	0	3177691	5
451602	0	3177692	3
451602	0	3177694	5
451602	0	3177696	2
451602	0	3493825	3
451602	0	3790251	2
451602	0	3994779	2
451602	0	4264167	2
451602	0	4345752	5
451602	0	4453605	5
451602	0	4453608	4
451602	0	4487185	4
451602	0	4495080	1
451602	0	4559055	2
451602	0	4865759	1
451602	0	4874640	5
451602	0	4874641	2
451602	0	4874645	2
451602	0	5018391	2
451602	0	5053852	4
451602	0	5179251	5
451602	0	5211036	3
451602	0	5475308	5
451602	0	5475312	2
451602	0	5538937	1
451602	0	5538938	5
451602	0	5538945	0
451602	0	5655693	4
451602	0	6132119	4
451602	0	6286973	2
451602	0	6286975	5
451602	0	6286976	1
451602	0	6286977	5
451602	0	6286978	4
451602	0	6286980	2
451602	0	6286981	4
451602	0	6286982	5
451602	0	6618756	5
451602	0	6618763	2
451602	0	7179473	3
451602	0	7403454	0
451602	0	7800959	2
451602	0	7800962	3
451602	0	7804170	4
451602	0	8019873	1
451602	0	8025740	0
451602	0	8033471	1
451602	0	8033472	2
451602	0	8124687	0
451602	0	8214451	0
451602	0	8214452	5
451602	0	8383461	5
451602	0	8383462	3
451602	0	8383463	2
451602	0	8383465	5
451602	0	8390518	5
451602	0	8390519	1
451602	0	8390523	3
451602	0	8390525	5
451602	0	8390526	1
451602	0	847213	0
451602	0	8485130	1
451602	0	8485131	0
451602	0	8485133	1
451602	0	8485136	1
451602	0	8540468	2
451602	0	8540473	3
451602	0	8621776	5
451602	0	8621779	1
451602	0	8621781	1
451602	0	8621784	2
451602	0	8787234	2
451602	0	96222	5
451602	0	96229	2
451602	0	998695	0
47923	0	1161940	0
47923	0	129218	2
47923	0	1346412	2
47923	0	1508659	2
47923	0	1681331	4
47923	0	1681332	5
47923	0	1681333	4
47923	0	1681334	5
47923	0	1681336	5
47923	0	1681337	4
47923	0	1681339	5
47923	0	1681340	4
47923	0	1868437	4
47923	0	1960681	3
47923	0	2043791	1
47923	0	2135499	3
47923	0	2508227	2
47923	0	2670112	3
47923	0	2699736	3
47923	0	2699737	2
47923	0	2831042	2
47923	0	2838662	3
47923	0	291219	2
47923	0	3306871	0
47923	0	3348831	1
47923	0	3348834	3
47923	0	3348838	3
47923	0	3395317	0
47923	0	3630933	2
47923	0	3744477	1
47923	0	3853973	0
47923	0	385687	0
47923	0	4064329	1
47923	0	4119528	0
47923	0	4202492	1
47923	0	4257344	1
47923	0	4297620	5
47923	0	4525877	3
47923	0	4652795	4
47923	0	472111	1
47923	0	473807	4
47923	0	473809	5
47923	0	4778734	2
47923	0	5032362	5
47923	0	5032364	2
47923	0	5032365	1
47923	0	5137400	2
47923	0	5147526	3
47923	0	5147527	3
47923	0	5147528	1
47923	0	5147529	2
47923	0	5147530	1
47923	0	525511	2
47923	0	5282403	2
47923	0	5289336	1
47923	0	5417578	2
47923	0	5417579	1
47923	0	5417581	2
47923	0	5417582	5
47923	0	5417584	2
47923	0	5878048	0
47923	0	5936350	2
47923	0	5949693	0
47923	0	618556	5
47923	0	6191	5
47923	0	6241147	5
47923	0	6241148	5
47923	0	6241150	5
47923	0	6241151	5
47923	0	6241152	5
47923	0	6241153	5
47923	0	6241154	5
47923	0	6272906	1
47923	0	6643066	5
47923	0	6919836	5
47923	0	6919841	2
47923	0	7086728	0
47923	0	7417276	2
47923	0	7430505	0
47923	0	7685162	4
47923	0	7747055	2
47923	0	7936847	4
47923	0	8110288	2
47923	0	8110289	2
47923	0	8216702	4
47923	0	8327407	5
47923	0	8348762	4
47923	0	8418678	4
47923	0	8418681	5
47923	0	8418683	5
47923	0	8418684	1
47923	0	8418686	4
47923	0	8421421	2
47923	0	8641101	2
47923	0	8641104	4
47923	0	8641106	4
47923	0	8641107	5
47923	0	913042	5
47923	0	913049	1
47923	0	986177	5
489204	0	1051492	5
489204	0	1051494	2
489204	0	1051498	3
489204	0	1225589	5
489204	0	1225591	3
489204	0	1231677	3
489204	0	1310103	4
489204	0	136257	2
489204	0	1418931	5
489204	0	1418933	1
489204	0	1479542	5
489204	0	152948	5
489204	0	152951	1
489204	0	152954	5
489204	0	1664643	2
489204	0	1688165	2
489204	0	1759354	1
489204	0	1759357	2
489204	0	1759359	1
489204	0	1778458	3
489204	0	1778462	1
489204	0	185678	2
489204	0	2016623	0
489204	0	2163701	0
489204	0	216490	2
489204	0	216492	5
489204	0	2268651	5
489204	0	2268652	1
489204	0	2268654	0
489204	0	2268655	0
489204	0	2959687	2
489204	0	2996548	2
489204	0	3053140	5
489204	0	3623668	3
489204	0	3665912	1
489204	0	3665914	0
489204	0	3728441	2
489204	0	3728444	4
489204	0	3728445	5
489204	0	3744940	4
489204	0	3980122	1
489204	0	3980126	0
489204	0	3981857	4
489204	0	4029846	2
489204	0	4142348	0
489204	0	4387756	4
489204	0	4586570	5
489204	0	4669688	0
489204	0	4669690	0
489204	0	4917998	4
489204	0	533017	5
489204	0	5705356	2
489204	0	5815957	4
489204	0	5815958	1
489204	0	5842850	3
489204	0	5895917	5
489204	0	6087663	2
489204	0	6087666	4
489204	0	6087671	5
489204	0	6327174	5
489204	0	6327175	4
489204	0	6327176	3
489204	0	6327177	5
489204	0	6327181	5
489204	0	6327182	2
489204	0	6536367	2
489204	0	6542578	5
489204	0	6581771	1
489204	0	66437	2
489204	0	6652051	3
489204	0	6652052	5
489204	0	6652053	4
489204	0	678245	5
489204	0	7113153	4
489204	0	7522962	1
489204	0	753265	2
489204	0	759510	2
489204	0	7696283	2
489204	0	7734612	4
489204	0	8376905	2
489204	0	8376906	2
489204	0	8376909	0
489204	0	8376910	2
489204	0	8463820	5
489204	0	8463823	3
489204	0	852257	2
489204	0	855963	4
489204	0	855964	2
489204	0	855967	1
489204	0	855969	2
489204	0	855972	5
489204	0	8594271	4
489204	0	8594272	5
489204	0	8594273	3
489204	0	8594277	1
489204	0	8737051	5
489204	0	8781574	5
489204	0	8781577	1
489204	0	942473	1
489204	0	973923	4
490595	0	1044147	1
490595	0	1160847	4
490595	0	1194060	1
490595	0	1288938	2
490595	0	1288942	2
490595	0	1370801	0
490595	0	1473259	4
490595	0	1620438	2
490595	0	1652460	5
490595	0	1929910	5
490595	0	1929911	5
490595	0	2661183	0
490595	0	2850740	2
490595	0	3572695	3
490595	0	3572698	1
490595	0	3572701	1
490595	0	3780923	0
490595	0	3833407	4
490595	0	3833409	4
490595	0	3833413	4
490595	0	3833414	1
490595	0	3937196	3
490595	0	3937197	5
490595	0	3937200	5
490595	0	3937201	4
490595	0	3937202	2
490595	0	3937203	2
490595	0	3937204	2
490595	0	4082319	1
490595	0	4082324	2
490595	0	4292443	2
490595	0	4737059	5
490595	0	4737060	5
490595	0	4737061	5
490595	0	4737062	4
490595	0	4737063	5
490595	0	4737064	2
490595	0	4737065	2
490595	0	4737066	2
490595	0	4737067	4
490595	0	4737068	4
490595	0	4763066	5
490595	0	4763067	2
490595	0	4763070	1
490595	0	4776583	3
490595	0	4842889	5
490595	0	4842890	5
490595	0	4842891	5
490595	0	4842894	4
490595	0	4842895	2
490595	0	4842896	4
490595	0	4842897	5
490595	0	5112294	5
490595	0	5128293	3
490595	0	5247992	5
490595	0	5247999	5
490595	0	5248000	2
490595	0	526093	4
490595	0	5349566	1
490595	0	5359212	1
490595	0	549465	5
490595	0	559485	3
490595	0	5612095	0
490595	0	5612099	2
490595	0	5633627	1
490595	0	5633631	2
490595	0	6066626	1
490595	0	6455761	0
490595	0	6686784	3
490595	0	6742119	5
490595	0	6971303	2
490595	0	6976956	0
490595	0	7065739	2
490595	0	7340532	2
490595	0	7364608	0
490595	0	7422680	4
490595	0	7600745	1
490595	0	7704029	2
490595	0	777201	1
490595	0	7839904	3
490595	0	7839905	4
490595	0	7839906	3
490595	0	7839907	1
490595	0	7839908	1
490595	0	7839911	2
490595	0	7968900	3
490595	0	7994361	0
490595	0	805046	5
490595	0	805047	5
490595	0	805048	5
490595	0	805049	2
490595	0	805050	5
490595	0	805051	5
490595	0	8095032	3
490595	0	8485139	5
490595	0	8485140	4
490595	0	8485141	2
490595	0	8709994	2
490595	0	8716499	0
490595	0	903932	0
527433	0	1212783	1
527433	0	1212784	4
527433	0	1212787	4
527433	0	1217016	5
527433	0	1379236	5
527433	0	1379237	5
527433	0	1379238	4
527433	0	1379239	1
527433	0	1379240	5
527433	0	1379242	1
527433	0	1379245	5
527433	0	1404580	3
527433	0	1511548	2
527433	0	1511556	2
527433	0	1664518	5
527433	0	1753604	2
527433	0	2045580	5
527433	0	2496222	1
527433	0	2496227	2
527433	0	2649533	1
527433	0	269422	2
527433	0	269424	2
527433	0	269425	2
527433	0	269426	2
527433	0	269428	4
527433	0	269430	4
527433	0	2722036	2
527433	0	286674	0
527433	0	3224400	1
527433	0	3294599	2
527433	0	3339572	3
527433	0	3425595	1
527433	0	3430045	1
527433	0	3774355	1
527433	0	3774357	3
527433	0	3774358	0
527433	0	3774360	3
527433	0	3835729	5
527433	0	3835730	4
527433	0	3835731	5
527433	0	3835732	4
527433	0	3835735	3
527433	0	3835736	5
527433	0	3973282	1
527433	0	3973284	5
527433	0	3973285	1
527433	0	3973286	3
527433	0	4046876	2
527433	0	4064457	0
527433	0	4064459	0
527433	0	4261630	3
527433	0	4402992	2
527433	0	452715	3
527433	0	467601	5
527433	0	4958698	2
527433	0	4990159	0
527433	0	5154358	1
527433	0	5154365	0
527433	0	5295980	2
527433	0	5466807	5
527433	0	5466810	5
527433	0	5466811	1
527433	0	5466812	4
527433	0	5479497	2
527433	0	5603298	1
527433	0	5672164	2
527433	0	5672166	2
527433	0	5690938	4
527433	0	5690943	5
527433	0	5690947	3
527433	0	5908498	0
527433	0	6015377	5
527433	0	6038397	2
527433	0	6038404	2
527433	0	6065675	5
527433	0	6065681	0
527433	0	6065683	1
527433	0	6186391	2
527433	0	6186393	2
527433	0	6214995	3
527433	0	6215001	5
527433	0	6215002	5
527433	0	6398041	5
527433	0	6398043	5
527433	0	6398045	4
527433	0	6398047	0
527433	0	6928819	2
527433	0	7105530	2
527433	0	7357591	5
527433	0	7607669	5
527433	0	7799466	2
527433	0	8306449	4
527433	0	8306451	4
527433	0	8617267	2
527433	0	8617271	5
527433	0	8617273	4
527433	0	8617274	4
527433	0	8827925	0
527433	0	8827928	4
527433	0	975967	5
573724	0	1005338	2
573724	0	104856	1
573724	0	1113579	1
573724	0	1165124	0
573724	0	1165128	2
573724	0	1165129	5
573724	0	1509940	4
573724	0	1509942	5
573724	0	1509944	1
573724	0	162151	4
573724	0	1816038	5
573724	0	2133806	5
573724	0	2186124	1
573724	0	2417985	4
573724	0	2635262	5
573724	0	2910045	1
573724	0	305009	1
573724	0	3059589	0
573724	0	3146236	5
573724	0	3146238	5
573724	0	3146240	2
573724	0	3365631	4
573724	0	3365632	2
573724	0	3365633	4
573724	0	3365635	2
573724	0	3365636	5
573724	0	3365637	0
573724	0	3365638	5
573724	0	3365639	2
573724	0	3412325	1
573724	0	3492364	1
573724	0	3546092	0
573724	0	3617636	4
573724	0	394136	5
573724	0	394138	5
573724	0	394139	5
573724	0	394141	5
573724	0	394142	5
573724	0	4017883	1
573724	0	4360246	2
573724	0	4853172	0
573724	0	5047796	5
573724	0	5185664	2
573724	0	5185671	2
573724	0	5310530	4
573724	0	5339620	5
573724	0	5384308	2
573724	0	5721829	5
573724	0	5721831	4
573724	0	5962420	2
573724	0	5962423	4
573724	0	5962424	2
573724	0	5962425	3
573724	0	5962426	4
573724	0	5962427	1
573724	0	5962428	3
573724	0	6304877	0
573724	0	6496777	1
573724	0	6776717	5
573724	0	7104825	4
573724	0	7104826	3
573724	0	7104827	2
573724	0	7199667	2
573724	0	7199669	5
573724	0	7199672	3
573724	0	7199673	5
573724	0	7199674	2
573724	0	7199675	3
573724	0	7275118	1
573724	0	7384329	0
573724	0	7384331	2
573724	0	7384332	3
573724	0	7384333	0
573724	0	7530702	2
573724	0	7609926	2
573724	0	7609927	5
573724	0	7609928	3
573724	0	7609929	2
573724	0	7609930	3
573724	0	7609932	0
573724	0	7609933	1
573724	0	7674858	3
573724	0	7674859	5
573724	0	7674861	0
573724	0	7964601	2
573724	0	8047166	4
573724	0	8047172	1
573724	0	8441637	4
573724	0	8441642	4
573724	0	8444727	2
573724	0	8444728	4
573724	0	8573967	1
573724	0	87400	2
573724	0	87402	2
573724	0	87404	2
573724	0	87405	5
573724	0	87409	3
573724	0	8833192	5
573724	0	8833194	5
573724	0	8833199	2
833860	0	115142	2
833860	0	1187661	4
833860	0	1229019	2
833860	0	1733841	3
833860	0	1889863	5
833860	0	2206194	5
833860	0	2206195	5
833860	0	2206196	5
833860	0	2206197	4
833860	0	2206198	3
833860	0	2206199	2
833860	0	2579885	0
833860	0	2579892	1
833860	0	2654110	0
833860	0	2702357	5
833860	0	2829180	2
833860	0	2829181	3
833860	0	2990817	0
833860	0	2990820	3
833860	0	3087477	3
833860	0	3087481	5
833860	0	3087483	2
833860	0	3337874	0
833860	0	3337877	0
833860	0	3421947	3
833860	0	3437281	5
833860	0	3437283	5
833860	0	3437284	5
833860	0	3437285	5
833860	0	3437286	4
833860	0	3437288	5
833860	0	3437289	4
833860	0	3437290	4
833860	0	3494802	2
833860	0	3494809	2
833860	0	3798217	2
833860	0	3924121	1
833860	0	4046123	2
833860	0	4046125	0
833860	0	4046129	2
833860	0	4086000	1
833860	0	4086001	1
833860	0	4086002	1
833860	0	4086003	2
833860	0	4086006	1
833860	0	4121472	1
833860	0	4166209	1
833860	0	4166210	2
833860	0	4539590	1
833860	0	4544257	2
833860	0	46390	0
833860	0	4881965	5
833860	0	5167510	5
833860	0	5167512	3
833860	0	5167513	5
833860	0	5167514	2
833860	0	5167518	5
833860	0	5832657	4
833860	0	5897836	2
833860	0	5897839	2
833860	0	6083481	2
833860	0	6083487	2
833860	0	6211800	4
833860	0	6218032	5
833860	0	6230220	5
833860	0	6230221	5
833860	0	6230222	5
833860	0	6230223	4
833860	0	6230224	4
833860	0	6230225	4
833860	0	6230226	5
833860	0	6230227	5
833860	0	6230228	5
833860	0	6230229	5
833860	0	6292957	4
833860	0	6683659	1
833860	0	6804392	0
833860	0	6875877	2
833860	0	7061642	3
833860	0	7125488	1
833860	0	7435480	0
833860	0	7506146	2
833860	0	7548083	2
833860	0	7706738	4
833860	0	7944293	3
833860	0	8344031	5
833860	0	8400003	1
833860	0	8400005	2
833860	0	858687	1
833860	0	858688	1
833860	0	8697642	3
833860	0	8705868	1
833860	0	871334	2
833860	0	8767220	2
833860	0	8770262	2
833860	0	8833502	4
833860	0	8833504	5
833860	0	8833506	4
833860	0	8833509	4
833860	0	921798	0
855410	0	103039	5
855410	0	1147343	4
855410	0	1273115	3
855410	0	133350	4
855410	0	133357	1
855410	0	1441918	0
855410	0	149560	1
855410	0	1568738	3
855410	0	1599285	5
855410	0	1849825	1
855410	0	1981079	4
855410	0	1981080	0
855410	0	2089151	2
855410	0	2634476	4
855410	0	2700915	2
855410	0	2790292	2
855410	0	2882395	2
855410	0	2882396	2
855410	0	2969826	3
855410	0	317640	1
855410	0	330752	4
855410	0	3313818	2
855410	0	3319653	4
855410	0	3351348	1
855410	0	3394509	0
855410	0	3394513	2
855410	0	3395167	2
855410	0	3530757	2
855410	0	3530758	2
855410	0	3530762	5
855410	0	3544499	3
855410	0	3544501	1
855410	0	3614344	0
855410	0	3614350	2
855410	0	3723410	2
855410	0	3723411	5
855410	0	3723413	5
855410	0	3723415	5
855410	0	3723417	3
855410	0	3723418	3
855410	0	3798301	1
855410	0	3920974	1
855410	0	4100597	1
855410	0	4434033	1
855410	0	455368	2
855410	0	464946	0
855410	0	4876761	3
855410	0	4876764	4
855410	0	5321528	2
855410	0	5451277	1
855410	0	5630945	0
855410	0	5723208	4
855410	0	5723210	5
855410	0	5799767	2
855410	0	5799774	5
855410	0	5940976	2
855410	0	5962462	2
855410	0	5965635	4
855410	0	5979006	2
855410	0	6013113	1
855410	0	6013115	4
855410	0	6167255	4
855410	0	6167257	4
855410	0	627744	1
855410	0	6464782	0
855410	0	6481237	5
855410	0	6481240	5
855410	0	6481241	3
855410	0	6497404	4
855410	0	6615899	0
855410	0	6781351	4
855410	0	6781357	1
855410	0	6781360	4
855410	0	681985	2
855410	0	681987	5
855410	0	681988	2
855410	0	722968	0
855410	0	7340395	2
855410	0	7523586	0
855410	0	8157624	2
855410	0	8288124	2
855410	0	8622627	3
855410	0	862689	5
855410	0	862690	3
855410	0	862695	5
855410	0	8651770	5
855410	0	8651771	5
855410	0	8651772	5
855410	0	8651773	5
855410	0	8651775	5
855410	0	8651776	5
855410	0	8651778	5
855410	0	8663507	5
855410	0	8720966	5
855410	0	8776511	2
855410	0	8776516	5
855410	0	8776517	2
855410	0	8776519	5
855410	0	8776520	5
855410	0	944479	1
87181	0	1059517	4
87181	0	1129072	2
87181	0	123547	5
87181	0	1700168	2
87181	0	1766470	3
87181	0	1902826	4
87181	0	1902827	0
87181	0	1950532	5
87181	0	1992881	3
87181	0	2307979	2
87181	0	2528292	2
87181	0	2530252	4
87181	0	2530257	4
87181	0	2556144	4
87181	0	2556147	0
87181	0	2556150	3
87181	0	2556151	5
87181	0	2556152	0
87181	0	2556153	4
87181	0	2714169	1
87181	0	2922857	1
87181	0	2986227	5
87181	0	2986231	0
87181	0	2986234	0
87181	0	2993464	0
87181	0	3216315	5
87181	0	3216319	5
87181	0	3363613	2
87181	0	3363614	1
87181	0	3445699	2
87181	0	4190143	0
87181	0	4632251	2
87181	0	4639455	1
87181	0	4689523	5
87181	0	4689524	2
87181	0	4689525	5
87181	0	471769	0
87181	0	47203	4
87181	0	47205	1
87181	0	47206	2
87181	0	47207	1
87181	0	47210	2
87181	0	47211	2
87181	0	47212	2
87181	0	4786305	5
87181	0	4786306	1
87181	0	5197130	1
87181	0	5197133	2
87181	0	5197135	3
87181	0	5197138	1
87181	0	5469038	5
87181	0	5497677	5
87181	0	5531010	1
87181	0	5899049	2
87181	0	6129695	2
87181	0	6262327	0
87181	0	6429125	2
87181	0	6484575	5
87181	0	6484576	5
87181	0	6484577	2
87181	0	6484578	2
87181	0	6521360	2
87181	0	6521363	1
87181	0	6521366	5
87181	0	6685092	5
87181	0	6896088	2
87181	0	6969187	1
87181	0	7057928	2
87181	0	742425	4
87181	0	7504775	3
87181	0	7666828	3
87181	0	7666831	2
87181	0	7898244	3
87181	0	8037179	3
87181	0	8151921	3
87181	0	8151922	3
87181	0	8151926	2
87181	0	8165398	1
87181	0	8165401	5
87181	0	8165403	1
87181	0	8165404	2
87181	0	8183982	0
87181	0	8332546	5
87181	0	8332547	5
87181	0	8332551	1
87181	0	8332555	5
87181	0	8522403	2
87181	0	8534129	5
87181	0	8534130	5
87181	0	8534133	4
87181	0	8534134	5
87181	0	8534135	4
87181	0	8534136	4
87181	0	8565420	5
87181	0	8664069	4
87181	0	8683178	5
87181	0	8683181	4
87181	0	8683183	4
87181	0	8683185	5
87181	0	8738510	4
87452	0	1395625	2
87452	0	1395631	4
87452	0	1395633	3
87452	0	1528487	2
87452	0	1598547	1
87452	0	1689964	0
87452	0	1749882	2
87452	0	186931	5
87452	0	186939	5
87452	0	1890452	2
87452	0	2205470	5
87452	0	2205474	3
87452	0	2205477	1
87452	0	2624886	5
87452	0	3086589	0
87452	0	3161806	1
87452	0	3161807	1
87452	0	3161812	0
87452	0	3242437	4
87452	0	3505336	0
87452	0	4008486	1
87452	0	4008487	2
87452	0	4008488	1
87452	0	4008489	2
87452	0	4008491	2
87452	0	4008492	3
87452	0	4008494	2
87452	0	4307936	1
87452	0	4634896	4
87452	0	4634899	4
87452	0	4634900	3
87452	0	4634903	4
87452	0	4634904	2
87452	0	4846197	1
87452	0	4872050	0
87452	0	4872055	5
87452	0	5286924	5
87452	0	5502955	2
87452	0	5751686	2
87452	0	5851090	2
87452	0	5851095	3
87452	0	5851096	2
87452	0	5851098	4
87452	0	5878827	1
87452	0	6018160	5
87452	0	6018161	3
87452	0	6018162	5
87452	0	6018163	5
87452	0	6018164	5
87452	0	6018165	5
87452	0	6018166	4
87452	0	6018167	3
87452	0	6018168	5
87452	0	6018169	5
87452	0	612267	1
87452	0	7304545	1
87452	0	7388835	0
87452	0	7426326	0
87452	0	7444007	4
87452	0	7843982	4
87452	0	7843984	4
87452	0	7860960	0
87452	0	7965004	2
87452	0	7965005	2
87452	0	7965008	1
87452	0	7965011	3
87452	0	8152220	5
87452	0	8152222	4
87452	0	8152223	3
87452	0	8152225	2
87452	0	8152226	2
87452	0	8152227	2
87452	0	8333912	5
87452	0	8333913	2
87452	0	8333916	5
87452	0	8333917	5
87452	0	8333919	5
87452	0	8333920	5
87452	0	8333921	5
87452	0	8344640	2
87452	0	8436571	5
87452	0	8436572	3
87452	0	8436573	2
87452	0	8436574	2
87452	0	8436575	4
87452	0	8436576	4
87452	0	8436577	0
87452	0	8436578	4
87452	0	8436579	4
87452	0	8436580	0
87452	0	8453299	1
87452	0	8453304	1
87452	0	8680815	2
87452	0	8729943	1
87452	0	8819111	5
87452	0	8819112	5
87452	0	8819113	5
87452	0	8819114	2
87452	0	8819116	5
87452	0	994547	2
915593	0	1033076	1
915593	0	1396701	4
915593	0	1396706	0
915593	0	1396707	3
915593	0	1772930	2
915593	0	1772932	1
915593	0	1907207	2
915593	0	2210590	4
915593	0	2210591	4
915593	0	2210592	5
915593	0	2210593	5
915593	0	2210594	2
915593	0	2210595	4
915593	0	2210596	2
915593	0	2210597	2
915593	0	2210598	0
915593	0	2210599	2
915593	0	2637186	1
915593	0	2755128	0
915593	0	275726	3
915593	0	2923494	5
915593	0	3037805	1
915593	0	3037814	1
915593	0	3143377	4
915593	0	3375966	3
915593	0	3485338	5
915593	0	3523599	1
915593	0	3523602	0
915593	0	3538159	4
915593	0	3538160	5
915593	0	3538161	5
915593	0	3538162	4
915593	0	3538163	5
915593	0	3538164	5
915593	0	3538165	0
915593	0	3538166	3
915593	0	3538167	1
915593	0	3573473	2
915593	0	3573477	1
915593	0	3573479	4
915593	0	3991910	4
915593	0	4566815	2
915593	0	4566816	2
915593	0	4566817	4
915593	0	4566818	5
915593	0	4566819	3
915593	0	4566822	2
915593	0	4566823	3
915593	0	4605072	1
915593	0	4691129	2
915593	0	4834226	2
915593	0	5931262	5
915593	0	5931553	3
915593	0	6761341	4
915593	0	6761344	5
915593	0	6761345	0
915593	0	6761346	0
915593	0	6761348	4
915593	0	6923050	1
915593	0	6923052	2
915593	0	6923053	0
915593	0	6923057	0
915593	0	7742098	4
915593	0	7837084	2
915593	0	7837086	4
915593	0	7861755	5
915593	0	8002852	1
915593	0	8029524	5
915593	0	8029525	2
915593	0	8029527	5
915593	0	8029531	5
915593	0	8029532	1
915593	0	8103064	0
915593	0	8103068	2
915593	0	8178996	5
915593	0	8178998	5
915593	0	8178999	3
915593	0	8179003	3
915593	0	82105	4
915593	0	82106	2
915593	0	82107	5
915593	0	82108	5
915593	0	82109	1
915593	0	82110	2
915593	0	82111	2
915593	0	82113	3
915593	0	8275207	1
915593	0	8402967	2
915593	0	8402968	5
915593	0	8402969	5
915593	0	8402970	5
915593	0	8402971	5
915593	0	8402972	5
915593	0	8402973	2
915593	0	8455301	2
915593	0	8455302	1
915593	0	8455303	2
915593	0	8455304	5
915593	0	8455306	2
915593	0	924855	2
962179	0	1006861	3
962179	0	1006865	4
962179	0	137246	0
962179	0	1645080	5
962179	0	1645084	1
962179	0	1645086	5
962179	0	1645088	0
962179	0	1645089	1
962179	0	2131895	4
962179	0	2186433	1
962179	0	220191	2
962179	0	2329692	5
962179	0	2329693	5
962179	0	2329695	2
962179	0	2329696	5
962179	0	2329697	5
962179	0	2329699	5
962179	0	2329701	5
962179	0	2632688	0
962179	0	2697161	1
962179	0	2978862	3
962179	0	2978864	5
962179	0	2978866	5
962179	0	2978867	4
962179	0	2978869	3
962179	0	2978870	5
962179	0	2978871	3
962179	0	302861	2
962179	0	302864	0
962179	0	302867	2
962179	0	3046928	4
962179	0	3139219	0
962179	0	3156132	0
962179	0	3173623	1
962179	0	3173625	4
962179	0	3422319	4
962179	0	3705165	4
962179	0	4168112	2
962179	0	4257872	4
962179	0	4511499	5
962179	0	4511502	1
962179	0	4511503	4
962179	0	4606384	4
962179	0	4606386	5
962179	0	4606387	5
962179	0	4606388	2
962179	0	4606389	0
962179	0	4717424	2
962179	0	534563	5
962179	0	536176	5
962179	0	536177	4
962179	0	536178	4
962179	0	551127	1
962179	0	5642481	1
962179	0	5653652	2
962179	0	5653653	4
962179	0	5653655	1
962179	0	5653656	5
962179	0	5653657	2
962179	0	5653659	5
962179	0	5773184	0
962179	0	5919340	5
962179	0	5919342	5
962179	0	6635496	2
962179	0	6675257	1
962179	0	6675259	2
962179	0	6675260	2
962179	0	6675262	2
962179	0	6675264	2
962179	0	6898289	5
962179	0	6898292	1
962179	0	6898293	1
962179	0	6904859	2
962179	0	6904860	3
962179	0	6904861	3
962179	0	6904862	4
962179	0	6904863	4
962179	0	6980697	5
962179	0	7126017	2
962179	0	7126025	2
962179	0	7428149	3
962179	0	7733810	3
962179	0	7957547	2
962179	0	8032264	2
962179	0	8689054	1
962179	0	8689057	0
962179	0	8689059	3
962179	0	8746010	0
962179	0	8785369	5
962179	0	8785371	5
962179	0	8785373	3
962179	0	8785374	5
962179	0	8785375	2
962179	0	907607	2
962179	0	931118	2
962179	0	931120	1
962179	0	931123	2
962179	0	931124	1
962179	0	931126	2
962179	0	931127	2
