1037798	0	1513331	1
1037798	0	1721695	0
1037798	0	2032698	1
1037798	0	2140944	0
1037798	0	2157450	4
1037798	0	2258762	4
1037798	0	2258763	2
1037798	0	2258765	2
1037798	0	2360245	4
1037798	0	2360247	4
1037798	0	2360251	2
1037798	0	2360252	4
1037798	0	2371320	5
1037798	0	2475414	1
1037798	0	2589019	5
1037798	0	2608688	4
1037798	0	2698086	5
1037798	0	2781960	2
1037798	0	2781962	2
1037798	0	2781965	4
1037798	0	2781966	2
1037798	0	2787508	5
1037798	0	2868737	2
1037798	0	2914156	1
1037798	0	2970891	3
1037798	0	2970892	2
1037798	0	2970895	2
1037798	0	2970896	2
1037798	0	2970897	2
1037798	0	3055262	3
1037798	0	3187018	1
1037798	0	3247266	4
1037798	0	3310851	0
1037798	0	3310854	2
1037798	0	3310855	2
1037798	0	3520700	4
1037798	0	3620983	5
1037798	0	3620986	5
1037798	0	3620991	5
1037798	0	3641634	5
1037798	0	3679721	0
1037798	0	3805294	2
1037798	0	3881172	1
1037798	0	3914692	4
1037798	0	3926211	1
1037798	0	4055260	1
1037798	0	4114353	3
1037798	0	4227882	3
1037798	0	4452513	2
1037798	0	4468467	5
1037798	0	46336	5
1037798	0	4763648	2
1037798	0	4788864	3
1037798	0	4818124	3
1037798	0	4818129	3
1037798	0	4948777	0
1037798	0	4974552	5
1037798	0	5006521	3
1037798	0	5099520	4
1037798	0	5338404	4
1037798	0	5385710	2
1037798	0	6202756	1
1037798	0	6202758	1
1037798	0	6709846	0
1037798	0	6792680	1
1037798	0	6792681	2
1037798	0	6792682	5
1037798	0	6792683	4
1037798	0	6792684	2
1037798	0	6792687	2
1037798	0	6966724	1
1037798	0	7208741	3
1037798	0	7505181	0
1037798	0	7604812	4
1037798	0	7822415	5
1037798	0	7827292	2
1037798	0	7827293	2
1037798	0	7943228	2
1037798	0	7961603	5
1037798	0	8208397	5
1037798	0	8224670	5
1037798	0	8362738	0
1037798	0	8398820	0
1037798	0	8537479	5
1037798	0	8735281	0
1037798	0	8760864	5
1037798	0	8760866	5
1037798	0	8760867	5
1037798	0	8760868	5
1037798	0	8760870	5
1037798	0	8760871	5
1037798	0	8760873	5
1037798	0	8780801	4
1037798	0	8780802	1
1037798	0	8780804	1
1037798	0	8780806	2
1037798	0	8780808	1
1037798	0	8780809	2
1037798	0	8780810	3
1037798	0	994978	5
104861	0	1017092	3
104861	0	1046334	5
104861	0	1046339	5
104861	0	1055594	0
104861	0	1304632	4
104861	0	1313687	3
104861	0	146170	5
104861	0	146174	2
104861	0	1567102	4
104861	0	1675509	1
104861	0	1767224	1
104861	0	1773805	5
104861	0	1773807	5
104861	0	1811410	4
104861	0	1948963	3
104861	0	2202682	2
104861	0	2285415	1
104861	0	2294849	4
104861	0	2377050	4
104861	0	2916631	2
104861	0	3009632	2
104861	0	335342	0
104861	0	3443173	5
104861	0	3443176	3
104861	0	3471756	2
104861	0	3925933	3
104861	0	4017854	4
104861	0	4017855	0
104861	0	4017856	4
104861	0	4017858	4
104861	0	4199743	2
104861	0	4223386	1
104861	0	4230213	0
104861	0	4350439	2
104861	0	459675	2
104861	0	459676	5
104861	0	5138467	5
104861	0	5138468	3
104861	0	5138469	3
104861	0	5138471	5
104861	0	5138472	5
104861	0	5138473	5
104861	0	5138474	3
104861	0	5138476	2
104861	0	5150431	2
104861	0	5248341	5
104861	0	5248342	4
104861	0	5340890	1
104861	0	5340891	1
104861	0	5347273	0
104861	0	5394110	2
104861	0	5394112	1
104861	0	5438821	0
104861	0	5483490	1
104861	0	5667475	5
104861	0	5688415	3
104861	0	5688416	5
104861	0	5688417	5
104861	0	5688418	2
104861	0	5688421	2
104861	0	5703400	4
104861	0	5703401	5
104861	0	5776561	0
104861	0	5801822	5
104861	0	5836442	4
104861	0	599604	5
104861	0	6056676	2
104861	0	6187055	5
104861	0	6187057	2
104861	0	6187058	4
104861	0	6241793	1
104861	0	629270	5
104861	0	629273	2
104861	0	629274	5
104861	0	629276	4
104861	0	629277	2
104861	0	629278	2
104861	0	6351571	2
104861	0	6467577	4
104861	0	6467578	2
104861	0	6467579	1
104861	0	6467580	2
104861	0	6467581	2
104861	0	6585554	5
104861	0	6653674	5
104861	0	6653675	2
104861	0	6653677	1
104861	0	6653678	5
104861	0	6653679	2
104861	0	6658615	1
104861	0	6704672	4
104861	0	6904992	1
104861	0	6904999	1
104861	0	7034375	2
104861	0	715676	1
104861	0	7204477	3
104861	0	7462393	0
104861	0	8069848	0
104861	0	8297146	0
104861	0	8495099	5
1063750	0	1074552	5
1063750	0	1098173	1
1063750	0	1098174	0
1063750	0	1098175	2
1063750	0	118643	3
1063750	0	12266	2
1063750	0	1580962	1
1063750	0	1580964	2
1063750	0	1866482	2
1063750	0	1866486	5
1063750	0	1923499	4
1063750	0	1923500	4
1063750	0	1923506	2
1063750	0	2220585	5
1063750	0	2230089	5
1063750	0	2230090	4
1063750	0	2230091	2
1063750	0	2230095	4
1063750	0	2391460	1
1063750	0	2470328	4
1063750	0	2569813	3
1063750	0	2569816	4
1063750	0	2768117	5
1063750	0	2768123	5
1063750	0	2784782	2
1063750	0	2784784	1
1063750	0	2997842	1
1063750	0	309313	3
1063750	0	3259889	5
1063750	0	3259892	3
1063750	0	330159	5
1063750	0	330165	3
1063750	0	3327045	2
1063750	0	3327046	2
1063750	0	3327047	2
1063750	0	3327048	1
1063750	0	3327050	2
1063750	0	3327052	4
1063750	0	3477418	3
1063750	0	3633198	0
1063750	0	3654234	1
1063750	0	3965092	2
1063750	0	3973418	5
1063750	0	3973423	3
1063750	0	4158202	1
1063750	0	4158205	2
1063750	0	4337526	5
1063750	0	4337527	5
1063750	0	4337528	4
1063750	0	4337530	2
1063750	0	4337532	5
1063750	0	4487118	2
1063750	0	4559130	4
1063750	0	4588654	0
1063750	0	4718161	2
1063750	0	4788295	1
1063750	0	4795722	0
1063750	0	4795723	0
1063750	0	4802036	1
1063750	0	4834969	4
1063750	0	4834974	4
1063750	0	4844348	2
1063750	0	5237507	1
1063750	0	5412858	0
1063750	0	5442711	4
1063750	0	5590581	0
1063750	0	5956099	5
1063750	0	5956102	2
1063750	0	5956106	2
1063750	0	6127389	5
1063750	0	6347205	2
1063750	0	7146781	1
1063750	0	7247264	3
1063750	0	7304887	0
1063750	0	7571423	5
1063750	0	7571424	2
1063750	0	7571428	1
1063750	0	7778354	5
1063750	0	7781459	1
1063750	0	7781460	0
1063750	0	7837936	5
1063750	0	7837937	0
1063750	0	7837938	5
1063750	0	7952964	4
1063750	0	7952965	5
1063750	0	7952966	3
1063750	0	7952967	4
1063750	0	7952971	5
1063750	0	8170640	4
1063750	0	819283	2
1063750	0	819284	2
1063750	0	8239876	5
1063750	0	8239877	5
1063750	0	8384971	2
1063750	0	8384979	1
1063750	0	8640242	3
1063750	0	8722081	2
1063750	0	8821734	5
1063750	0	8821735	5
1063750	0	8821736	5
1103812	0	1214791	4
1103812	0	1294072	4
1103812	0	1434482	1
1103812	0	1614303	5
1103812	0	2060346	0
1103812	0	2332189	5
1103812	0	2473598	4
1103812	0	2535841	5
1103812	0	2541847	2
1103812	0	2581166	0
1103812	0	2586283	2
1103812	0	2703108	2
1103812	0	2703114	4
1103812	0	2720842	2
1103812	0	2730105	2
1103812	0	2750961	5
1103812	0	2750965	5
1103812	0	2790080	5
1103812	0	292716	2
1103812	0	3122425	1
1103812	0	3131753	4
1103812	0	3529443	0
1103812	0	3564774	1
1103812	0	3591090	5
1103812	0	3591092	2
1103812	0	3591094	5
1103812	0	36163	0
1103812	0	3650015	0
1103812	0	3672737	5
1103812	0	3672738	1
1103812	0	3672744	1
1103812	0	3843263	4
1103812	0	3843266	5
1103812	0	3843267	5
1103812	0	3843270	5
1103812	0	3843271	5
1103812	0	3940091	5
1103812	0	3990418	3
1103812	0	4044288	4
1103812	0	4044289	4
1103812	0	4191304	1
1103812	0	4322057	3
1103812	0	4322058	3
1103812	0	4331707	4
1103812	0	4444626	4
1103812	0	4492200	3
1103812	0	4584679	2
1103812	0	4657154	4
1103812	0	4824831	5
1103812	0	4824833	1
1103812	0	4963038	1
1103812	0	4991318	2
1103812	0	5062706	2
1103812	0	5190505	5
1103812	0	5201198	3
1103812	0	5372063	2
1103812	0	5372066	2
1103812	0	5372067	3
1103812	0	5449649	0
1103812	0	5823139	2
1103812	0	5974245	4
1103812	0	5976811	2
1103812	0	6103245	2
1103812	0	6127923	1
1103812	0	6141957	4
1103812	0	621213	1
1103812	0	645467	2
1103812	0	6569474	2
1103812	0	6604321	3
1103812	0	6604326	2
1103812	0	6799729	0
1103812	0	6924733	1
1103812	0	6939499	0
1103812	0	711271	0
1103812	0	7231343	2
1103812	0	7242599	4
1103812	0	7280671	2
1103812	0	7280672	4
1103812	0	7293191	0
1103812	0	7491609	1
1103812	0	7753287	5
1103812	0	7760621	2
1103812	0	7965773	2
1103812	0	8084238	1
1103812	0	8157968	5
1103812	0	8220081	5
1103812	0	8220085	5
1103812	0	8220086	5
1103812	0	8220087	5
1103812	0	8220088	5
1103812	0	8220089	5
1103812	0	8224175	3
1103812	0	8224183	5
1103812	0	8402961	2
1103812	0	865879	1
1103812	0	868008	2
1103812	0	8755009	3
1103812	0	8789820	2
1103812	0	896505	1
1103812	0	961775	3
1106007	0	1266234	1
1106007	0	1294320	4
1106007	0	1334328	5
1106007	0	1334330	5
1106007	0	1334331	5
1106007	0	1334334	5
1106007	0	1334335	5
1106007	0	1334336	5
1106007	0	1560243	3
1106007	0	1700769	1
1106007	0	1892454	2
1106007	0	2186171	2
1106007	0	2384065	1
1106007	0	2464373	4
1106007	0	2464374	1
1106007	0	2464375	5
1106007	0	2464376	2
1106007	0	2464378	1
1106007	0	2464379	0
1106007	0	2513606	4
1106007	0	2513608	0
1106007	0	2513609	2
1106007	0	2672601	5
1106007	0	2672608	5
1106007	0	2777111	4
1106007	0	2798876	3
1106007	0	2866627	2
1106007	0	2866630	2
1106007	0	2866634	5
1106007	0	2960558	5
1106007	0	2960561	2
1106007	0	2960563	5
1106007	0	2960564	2
1106007	0	2960566	5
1106007	0	3058529	2
1106007	0	3058967	1
1106007	0	3184240	2
1106007	0	3390428	2
1106007	0	3530025	0
1106007	0	3537611	0
1106007	0	3759894	2
1106007	0	3859263	2
1106007	0	4004169	4
1106007	0	4004170	3
1106007	0	4004173	4
1106007	0	4173707	2
1106007	0	4173709	5
1106007	0	4173712	5
1106007	0	420111	0
1106007	0	4781863	0
1106007	0	4781867	0
1106007	0	4912192	1
1106007	0	5204536	5
1106007	0	5204537	4
1106007	0	5204538	2
1106007	0	5204539	4
1106007	0	5204540	4
1106007	0	5204544	4
1106007	0	5279697	1
1106007	0	5279699	2
1106007	0	5279702	2
1106007	0	5279704	2
1106007	0	5311662	2
1106007	0	550999	4
1106007	0	551007	4
1106007	0	5571602	1
1106007	0	5571606	2
1106007	0	5774818	5
1106007	0	5780388	5
1106007	0	600704	1
1106007	0	6182968	2
1106007	0	6282108	2
1106007	0	6282110	3
1106007	0	6963994	2
1106007	0	701605	1
1106007	0	7211746	0
1106007	0	746358	4
1106007	0	7685380	5
1106007	0	7685381	3
1106007	0	7685382	4
1106007	0	7685383	5
1106007	0	7685384	2
1106007	0	7685385	5
1106007	0	7685386	3
1106007	0	7685387	0
1106007	0	7685388	5
1106007	0	8141089	3
1106007	0	8199519	4
1106007	0	8199521	5
1106007	0	8204457	5
1106007	0	832999	1
1106007	0	8398353	0
1106007	0	8521668	2
1106007	0	8521673	5
1106007	0	8521674	1
1106007	0	899461	1
1106007	0	899465	3
1106007	0	899467	3
1106007	0	899468	3
1106007	0	904504	1
1110199	0	1123090	2
1110199	0	1144986	0
1110199	0	1144987	5
1110199	0	1321205	2
1110199	0	1592475	2
1110199	0	1592477	4
1110199	0	1809288	2
1110199	0	1890810	1
1110199	0	1901876	5
1110199	0	1901877	5
1110199	0	1901878	5
1110199	0	1901879	5
1110199	0	1901881	5
1110199	0	1901882	5
1110199	0	2301113	2
1110199	0	2301115	4
1110199	0	2301117	2
1110199	0	2301118	2
1110199	0	239443	3
1110199	0	239444	5
1110199	0	2474406	2
1110199	0	2655843	1
1110199	0	2655848	4
1110199	0	2655849	4
1110199	0	2796204	1
1110199	0	2854609	2
1110199	0	2958762	0
1110199	0	3110637	4
1110199	0	313193	2
1110199	0	3135733	5
1110199	0	3230845	0
1110199	0	3270582	2
1110199	0	3270584	2
1110199	0	3272911	2
1110199	0	3272914	2
1110199	0	3515650	2
1110199	0	3519482	2
1110199	0	3838638	5
1110199	0	3838645	5
1110199	0	4057232	4
1110199	0	4489656	4
1110199	0	4496260	0
1110199	0	4504233	5
1110199	0	4511137	5
1110199	0	4511144	5
1110199	0	4558057	0
1110199	0	4588784	4
1110199	0	4624021	2
1110199	0	4674430	1
1110199	0	4800726	2
1110199	0	4800727	1
1110199	0	4800728	4
1110199	0	4800732	5
1110199	0	5049363	5
1110199	0	5074861	1
1110199	0	5172684	0
1110199	0	5387204	1
1110199	0	5387205	2
1110199	0	5479	3
1110199	0	5516092	4
1110199	0	5627957	1
1110199	0	5641717	3
1110199	0	5641718	3
1110199	0	5701621	2
1110199	0	5857920	2
1110199	0	5857921	5
1110199	0	5857923	2
1110199	0	5857924	2
1110199	0	5857925	2
1110199	0	5857927	1
1110199	0	6056861	3
1110199	0	618109	3
1110199	0	627298	1
1110199	0	6368887	5
1110199	0	6368891	5
1110199	0	6382102	1
1110199	0	6392463	4
1110199	0	6573362	1
1110199	0	6594551	0
1110199	0	6594555	2
1110199	0	712232	1
1110199	0	712235	1
1110199	0	7344200	0
1110199	0	7344201	3
1110199	0	7628033	1
1110199	0	7628037	0
1110199	0	7840255	0
1110199	0	789712	4
1110199	0	8160518	5
1110199	0	8160519	5
1110199	0	8160520	5
1110199	0	8160521	5
1110199	0	8160522	5
1110199	0	8160524	4
1110199	0	8160526	4
1110199	0	8160527	5
1110199	0	8404306	3
1110199	0	8404307	4
1110199	0	955120	3
1110199	0	986780	3
1112341	0	1087925	1
1112341	0	1087926	2
1112341	0	1087928	5
1112341	0	1253949	2
1112341	0	1288918	1
1112341	0	1373648	2
1112341	0	1450347	5
1112341	0	2095998	4
1112341	0	2173822	0
1112341	0	2517481	1
1112341	0	2596431	2
1112341	0	2596432	1
1112341	0	2694630	5
1112341	0	2694631	3
1112341	0	2694632	3
1112341	0	2694633	2
1112341	0	2694635	3
1112341	0	2694636	5
1112341	0	2735219	2
1112341	0	2835596	2
1112341	0	3118339	2
1112341	0	3118342	2
1112341	0	3252208	2
1112341	0	3274664	0
1112341	0	3291145	5
1112341	0	3291146	2
1112341	0	3291151	2
1112341	0	3408230	1
1112341	0	3493341	5
1112341	0	3519877	0
1112341	0	3524227	3
1112341	0	3666606	1
1112341	0	3795887	2
1112341	0	3795889	2
1112341	0	4022849	4
1112341	0	4390804	0
1112341	0	4461904	3
1112341	0	4703755	5
1112341	0	4704992	1
1112341	0	4833308	1
1112341	0	4833309	4
1112341	0	4833311	4
1112341	0	4833312	0
1112341	0	4977768	2
1112341	0	5043405	4
1112341	0	508019	2
1112341	0	508020	0
1112341	0	5133283	4
1112341	0	5133287	2
1112341	0	524251	5
1112341	0	5491786	1
1112341	0	550571	4
1112341	0	6164791	5
1112341	0	6227266	1
1112341	0	6303183	0
1112341	0	6311794	0
1112341	0	6311795	5
1112341	0	6311799	2
1112341	0	6311801	4
1112341	0	6339381	1
1112341	0	6459590	5
1112341	0	6478665	5
1112341	0	6715183	1
1112341	0	6715187	3
1112341	0	6726337	4
1112341	0	6726338	1
1112341	0	6726340	5
1112341	0	6726341	5
1112341	0	6726342	2
1112341	0	6726344	5
1112341	0	6726346	3
1112341	0	6873574	2
1112341	0	6947368	1
1112341	0	7079776	5
1112341	0	7615749	4
1112341	0	7708623	3
1112341	0	8134792	2
1112341	0	8139250	5
1112341	0	8139255	5
1112341	0	8139256	5
1112341	0	8139257	5
1112341	0	8139258	5
1112341	0	8326587	4
1112341	0	8326588	2
1112341	0	8337125	5
1112341	0	8337129	5
1112341	0	8442173	1
1112341	0	8442174	4
1112341	0	8442176	4
1112341	0	8442177	2
1112341	0	8442178	4
1112341	0	8442180	4
1112341	0	8606160	5
1112341	0	8606161	5
1112341	0	8651336	0
1112341	0	8700906	2
1112341	0	875123	2
1112341	0	8764445	0
1112341	0	90432	3
1112341	0	90433	3
1113437	0	1066538	3
1113437	0	1280567	3
1113437	0	1280568	5
1113437	0	1280569	5
1113437	0	1280571	2
1113437	0	1454814	2
1113437	0	1681785	4
1113437	0	1768727	5
1113437	0	1896939	1
1113437	0	1896943	1
1113437	0	2001933	4
1113437	0	2001934	5
1113437	0	2001936	4
1113437	0	2226349	5
1113437	0	2354941	5
1113437	0	2354947	5
1113437	0	2595622	1
1113437	0	2595628	0
1113437	0	3026984	2
1113437	0	3089474	2
1113437	0	3125154	5
1113437	0	3125155	2
1113437	0	3325381	0
1113437	0	3687620	2
1113437	0	3880944	4
1113437	0	4016930	4
1113437	0	4016933	4
1113437	0	4016934	2
1113437	0	4016937	5
1113437	0	4016938	4
1113437	0	4216336	3
1113437	0	4367832	2
1113437	0	4412234	2
1113437	0	4473156	5
1113437	0	4473157	5
1113437	0	4498867	5
1113437	0	4751835	5
1113437	0	4751839	5
1113437	0	4981632	1
1113437	0	5188747	5
1113437	0	520325	1
1113437	0	5514586	5
1113437	0	5514592	5
1113437	0	5514594	1
1113437	0	5546288	5
1113437	0	5591647	2
1113437	0	5863434	2
1113437	0	5938418	5
1113437	0	5938419	0
1113437	0	5938421	4
1113437	0	5938425	5
1113437	0	5996691	3
1113437	0	6021902	3
1113437	0	6148219	2
1113437	0	6174328	5
1113437	0	6174329	2
1113437	0	631946	0
1113437	0	631949	5
1113437	0	6593841	1
1113437	0	6593846	1
1113437	0	6597538	0
1113437	0	6688843	2
1113437	0	6688848	3
1113437	0	6792385	0
1113437	0	7263162	2
1113437	0	7263163	0
1113437	0	7377278	2
1113437	0	7385215	2
1113437	0	7385217	2
1113437	0	7385219	5
1113437	0	7385221	2
1113437	0	7385222	4
1113437	0	742037	5
1113437	0	742039	0
1113437	0	742044	5
1113437	0	7890527	3
1113437	0	8128790	3
1113437	0	8128792	2
1113437	0	8128793	2
1113437	0	8128794	4
1113437	0	8128795	0
1113437	0	8128796	4
1113437	0	8128798	2
1113437	0	8162984	1
1113437	0	8361680	1
1113437	0	8503446	3
1113437	0	8503447	4
1113437	0	8503449	1
1113437	0	8503450	4
1113437	0	8503451	3
1113437	0	8503452	2
1113437	0	8503453	4
1113437	0	8503455	4
1113437	0	8729210	1
1113437	0	8729212	0
1113437	0	8729214	1
1113437	0	8729215	1
1113437	0	8729216	2
1113437	0	8729218	2
1113437	0	8729219	1
1114646	0	1203975	1
1114646	0	1320853	1
1114646	0	1320856	2
1114646	0	1713662	2
1114646	0	1884059	3
1114646	0	1919864	1
1114646	0	2003060	0
1114646	0	2201127	5
1114646	0	2245935	2
1114646	0	2245938	1
1114646	0	2312898	1
1114646	0	238332	2
1114646	0	2524143	3
1114646	0	2647994	5
1114646	0	266552	5
1114646	0	2676807	4
1114646	0	2695584	4
1114646	0	288448	0
1114646	0	2911035	5
1114646	0	2911039	5
1114646	0	2911040	3
1114646	0	3056368	3
1114646	0	3184850	2
1114646	0	3184851	4
1114646	0	3249944	0
1114646	0	3467665	4
1114646	0	3480746	1
1114646	0	3480748	1
1114646	0	3996005	0
1114646	0	4145526	2
1114646	0	4329469	2
1114646	0	4332918	5
1114646	0	444374	5
1114646	0	444375	5
1114646	0	444377	5
1114646	0	444380	5
1114646	0	444382	4
1114646	0	4512955	0
1114646	0	4512958	2
1114646	0	4541939	1
1114646	0	4762665	1
1114646	0	4771285	2
1114646	0	4774522	1
1114646	0	482778	3
1114646	0	4919404	1
1114646	0	492400	0
1114646	0	4969553	1
1114646	0	5041692	3
1114646	0	5126393	2
1114646	0	5127880	0
1114646	0	5127884	2
1114646	0	5217702	4
1114646	0	5229617	2
1114646	0	5279567	5
1114646	0	529083	2
1114646	0	5376819	0
1114646	0	5417949	4
1114646	0	5417952	4
1114646	0	5417953	4
1114646	0	5417954	5
1114646	0	54346	2
1114646	0	5533216	0
1114646	0	5640856	3
1114646	0	5640859	5
1114646	0	5661838	2
1114646	0	579554	5
1114646	0	5836029	3
1114646	0	6124144	2
1114646	0	6124145	2
1114646	0	6124147	1
1114646	0	6348309	3
1114646	0	6704400	5
1114646	0	6704401	5
1114646	0	6711103	5
1114646	0	687064	5
1114646	0	6886644	2
1114646	0	7065010	2
1114646	0	7196956	4
1114646	0	7196961	2
1114646	0	771368	3
1114646	0	7726514	0
1114646	0	7762609	1
1114646	0	8117087	4
1114646	0	8117088	4
1114646	0	8117089	5
1114646	0	8117090	5
1114646	0	8117091	5
1114646	0	8117092	5
1114646	0	8117094	5
1114646	0	8117095	4
1114646	0	8117096	5
1114646	0	8327369	4
1114646	0	8329774	2
1114646	0	8363267	2
1114646	0	8363271	2
1114646	0	8385147	1
1114646	0	857788	4
1114646	0	857789	2
1114646	0	857796	2
1114646	0	8665820	5
1114819	0	1009500	2
1114819	0	1248112	5
1114819	0	1302004	2
1114819	0	1302007	2
1114819	0	1315993	5
1114819	0	1315994	5
1114819	0	1315995	3
1114819	0	1315996	4
1114819	0	1315998	5
1114819	0	1316000	2
1114819	0	1419798	4
1114819	0	1419801	2
1114819	0	1625836	2
1114819	0	1724520	5
1114819	0	1724525	3
1114819	0	1724526	2
1114819	0	1735443	2
1114819	0	1738242	4
1114819	0	1738243	2
1114819	0	1738250	5
1114819	0	1816958	2
1114819	0	1852066	1
1114819	0	2008577	0
1114819	0	2136434	2
1114819	0	2212059	2
1114819	0	2477692	5
1114819	0	2590453	1
1114819	0	2590454	2
1114819	0	2590455	2
1114819	0	2831393	3
1114819	0	2879085	1
1114819	0	344350	5
1114819	0	344351	4
1114819	0	3484458	5
1114819	0	3781418	5
1114819	0	3781422	1
1114819	0	3906952	2
1114819	0	3906954	2
1114819	0	3906959	4
1114819	0	4890560	5
1114819	0	5019832	0
1114819	0	5019839	0
1114819	0	5156171	1
1114819	0	5165249	4
1114819	0	534362	5
1114819	0	5521371	5
1114819	0	5521373	5
1114819	0	5628950	1
1114819	0	5628952	5
1114819	0	5628955	0
1114819	0	5718417	0
1114819	0	6202321	2
1114819	0	6820823	1
1114819	0	6900766	5
1114819	0	6900767	2
1114819	0	6900769	1
1114819	0	6900773	1
1114819	0	6900774	5
1114819	0	6941478	5
1114819	0	694735	1
1114819	0	694737	4
1114819	0	7132894	1
1114819	0	7132895	0
1114819	0	750446	1
1114819	0	7588045	2
1114819	0	7803435	5
1114819	0	785027	5
1114819	0	8022276	5
1114819	0	8022280	5
1114819	0	8024890	1
1114819	0	8027206	2
1114819	0	8088111	1
1114819	0	8096817	3
1114819	0	8096824	4
1114819	0	8115435	4
1114819	0	8115439	4
1114819	0	8115440	3
1114819	0	8115700	2
1114819	0	8115701	0
1114819	0	8115705	0
1114819	0	8336225	3
1114819	0	8336229	3
1114819	0	8336230	5
1114819	0	8336232	4
1114819	0	8480574	4
1114819	0	8508255	2
1114819	0	8508259	3
1114819	0	8508263	3
1114819	0	8579835	0
1114819	0	8625086	4
1114819	0	8736056	5
1114819	0	8754397	2
1114819	0	8754398	2
1114819	0	8754404	2
1114819	0	8768742	1
1114819	0	988370	4
1114819	0	988373	5
1114819	0	988374	0
1114819	0	988376	3
1114819	0	988378	4
1115776	0	1024554	4
1115776	0	1036904	5
1115776	0	1131734	2
1115776	0	1470410	1
1115776	0	1551024	1
1115776	0	1583930	2
1115776	0	1593001	3
1115776	0	1593006	2
1115776	0	1729572	5
1115776	0	1729576	5
1115776	0	1931035	2
1115776	0	2052727	3
1115776	0	2052728	4
1115776	0	2052730	4
1115776	0	2054815	1
1115776	0	2054819	1
1115776	0	2364285	5
1115776	0	2379497	2
1115776	0	2463576	0
1115776	0	2514462	3
1115776	0	266655	2
1115776	0	266658	3
1115776	0	266660	3
1115776	0	3344075	2
1115776	0	3411245	4
1115776	0	3469357	5
1115776	0	3626857	2
1115776	0	3626866	1
1115776	0	388122	2
1115776	0	3972605	1
1115776	0	3972606	0
1115776	0	4051141	2
1115776	0	4051145	2
1115776	0	4131485	5
1115776	0	4314169	5
1115776	0	4314171	5
1115776	0	4314172	5
1115776	0	4314174	5
1115776	0	4314175	5
1115776	0	4314176	5
1115776	0	4314178	5
1115776	0	4487937	5
1115776	0	4673198	2
1115776	0	4875857	2
1115776	0	4875858	4
1115776	0	492332	2
1115776	0	499309	1
1115776	0	5264931	5
1115776	0	5366585	2
1115776	0	5442399	3
1115776	0	5605159	5
1115776	0	5605160	4
1115776	0	5741317	2
1115776	0	5741321	0
1115776	0	5741322	0
1115776	0	5756364	1
1115776	0	5756367	1
1115776	0	5817439	4
1115776	0	5950738	5
1115776	0	5992104	2
1115776	0	6064471	2
1115776	0	622467	0
1115776	0	6318781	2
1115776	0	6326329	4
1115776	0	6564290	3
1115776	0	6564291	3
1115776	0	6692795	1
1115776	0	6718802	4
1115776	0	6934010	1
1115776	0	6973128	0
1115776	0	6973131	4
1115776	0	6989198	5
1115776	0	7015926	2
1115776	0	7140932	4
1115776	0	7183516	3
1115776	0	7271776	2
1115776	0	8099693	0
1115776	0	8099694	1
1115776	0	8099695	3
1115776	0	8099698	2
1115776	0	8106317	5
1115776	0	8106318	5
1115776	0	8106320	5
1115776	0	8106321	5
1115776	0	8106322	5
1115776	0	8106323	4
1115776	0	8106324	5
1115776	0	8108813	1
1115776	0	8177307	4
1115776	0	8177308	0
1115776	0	8177309	2
1115776	0	8177313	0
1115776	0	8382248	2
1115776	0	8417615	1
1115776	0	843572	1
1115776	0	8495250	5
1115776	0	8496317	0
1115776	0	8621766	4
1115776	0	8621772	4
1115776	0	900808	2
1117099	0	1123494	3
1117099	0	1123496	2
1117099	0	1252737	0
1117099	0	1389420	5
1117099	0	1445087	4
1117099	0	1542026	2
1117099	0	1798612	5
1117099	0	1798619	4
1117099	0	1798620	5
1117099	0	1986011	0
1117099	0	2109699	1
1117099	0	2128238	0
1117099	0	2128240	2
1117099	0	2157566	2
1117099	0	2867222	0
1117099	0	3019325	2
1117099	0	3104260	3
1117099	0	3104262	4
1117099	0	3104266	1
1117099	0	3128108	0
1117099	0	3128111	0
1117099	0	3128114	0
1117099	0	334615	4
1117099	0	3349612	5
1117099	0	3522902	2
1117099	0	3543106	5
1117099	0	3633442	2
1117099	0	375965	2
1117099	0	3921953	2
1117099	0	3973311	1
1117099	0	3973315	0
1117099	0	4268796	2
1117099	0	4268798	2
1117099	0	4441325	5
1117099	0	4458509	5
1117099	0	4458510	5
1117099	0	4458512	5
1117099	0	4759491	2
1117099	0	4759493	3
1117099	0	4759494	2
1117099	0	4759495	2
1117099	0	4759497	2
1117099	0	514309	4
1117099	0	514314	3
1117099	0	5149273	2
1117099	0	5258462	4
1117099	0	5286535	5
1117099	0	5286538	5
1117099	0	5286539	5
1117099	0	5377585	2
1117099	0	5699286	3
1117099	0	5752877	0
1117099	0	5795852	1
1117099	0	5817484	1
1117099	0	5874016	0
1117099	0	5874017	3
1117099	0	59312	1
1117099	0	5950904	1
1117099	0	5950907	2
1117099	0	5950908	3
1117099	0	5979210	1
1117099	0	5979211	3
1117099	0	6122720	5
1117099	0	6122721	4
1117099	0	6122722	5
1117099	0	6122723	5
1117099	0	6122724	5
1117099	0	6534818	5
1117099	0	6579664	2
1117099	0	6776508	2
1117099	0	6936935	1
1117099	0	6940557	2
1117099	0	6940558	1
1117099	0	6993942	4
1117099	0	700495	1
1117099	0	700497	1
1117099	0	7135561	1
1117099	0	714808	5
1117099	0	7313639	2
1117099	0	7313643	1
1117099	0	7408505	3
1117099	0	74528	2
1117099	0	7610604	2
1117099	0	8019446	3
1117099	0	8072928	1
1117099	0	8072932	2
1117099	0	8093927	4
1117099	0	8093931	5
1117099	0	8093932	5
1117099	0	8093933	4
1117099	0	8093934	5
1117099	0	8144478	4
1117099	0	8208315	4
1117099	0	8446501	5
1117099	0	8446502	5
1117099	0	8446504	4
1117099	0	8446505	5
1117099	0	8446506	5
1117099	0	8714082	4
1117099	0	8838111	4
1121402	0	1249687	2
1121402	0	1323047	2
1121402	0	1323048	2
1121402	0	1429447	2
1121402	0	1429448	1
1121402	0	182364	4
1121402	0	182365	3
1121402	0	182366	5
1121402	0	182367	4
1121402	0	182368	5
1121402	0	182369	5
1121402	0	182370	2
1121402	0	182371	5
1121402	0	182372	5
1121402	0	182373	3
1121402	0	188209	5
1121402	0	188210	3
1121402	0	188211	4
1121402	0	188213	5
1121402	0	188214	4
1121402	0	188215	4
1121402	0	188216	4
1121402	0	188217	4
1121402	0	188218	4
1121402	0	2042119	3
1121402	0	2070714	1
1121402	0	2070717	0
1121402	0	2191941	2
1121402	0	252277	1
1121402	0	2633464	3
1121402	0	2681041	2
1121402	0	2681042	2
1121402	0	2681043	2
1121402	0	2681045	3
1121402	0	2681046	2
1121402	0	2681048	2
1121402	0	3412904	3
1121402	0	3412909	3
1121402	0	3511789	3
1121402	0	3511795	3
1121402	0	3674181	1
1121402	0	3674187	2
1121402	0	3785307	4
1121402	0	3785308	5
1121402	0	3785309	5
1121402	0	3785310	4
1121402	0	4098073	1
1121402	0	4293064	0
1121402	0	43770	2
1121402	0	4449258	2
1121402	0	4449267	5
1121402	0	4486893	2
1121402	0	4616915	1
1121402	0	4620827	2
1121402	0	465101	2
1121402	0	465103	2
1121402	0	4893517	1
1121402	0	4893520	2
1121402	0	5048803	2
1121402	0	5103865	0
1121402	0	5189913	5
1121402	0	5189915	1
1121402	0	5189916	2
1121402	0	53696	1
1121402	0	5662150	2
1121402	0	6001847	5
1121402	0	7011506	5
1121402	0	7059621	1
1121402	0	7125978	4
1121402	0	7125980	5
1121402	0	7125981	5
1121402	0	7125982	4
1121402	0	7125983	5
1121402	0	7125985	4
1121402	0	7125987	5
1121402	0	7142994	5
1121402	0	7144703	0
1121402	0	7144705	0
1121402	0	7144708	0
1121402	0	7144709	0
1121402	0	7244820	0
1121402	0	7350653	1
1121402	0	7489485	2
1121402	0	7489487	2
1121402	0	7489488	1
1121402	0	7489490	0
1121402	0	7922814	2
1121402	0	8052617	5
1121402	0	8052619	4
1121402	0	8052620	5
1121402	0	8052621	5
1121402	0	8052622	5
1121402	0	8052623	4
1121402	0	8052624	5
1121402	0	8089444	5
1121402	0	8235730	5
1121402	0	8301689	1
1121402	0	8710743	0
1121402	0	8710746	1
1121402	0	8710749	1
1121709	0	1019579	0
1121709	0	1130925	2
1121709	0	1282652	1
1121709	0	1337300	2
1121709	0	1392335	0
1121709	0	1428558	0
1121709	0	1544063	4
1121709	0	1752809	5
1121709	0	1752813	5
1121709	0	181615	3
1121709	0	1937668	4
1121709	0	2051808	5
1121709	0	2254681	2
1121709	0	2450177	5
1121709	0	2678200	4
1121709	0	2706639	5
1121709	0	2706640	2
1121709	0	2706641	5
1121709	0	2706644	2
1121709	0	2706645	2
1121709	0	2706646	2
1121709	0	2736650	1
1121709	0	2862716	4
1121709	0	2862721	4
1121709	0	2909240	4
1121709	0	3093171	3
1121709	0	3151648	1
1121709	0	3158258	2
1121709	0	3165925	4
1121709	0	3239097	0
1121709	0	3310721	1
1121709	0	3423059	5
1121709	0	3423060	5
1121709	0	3423061	5
1121709	0	3423062	5
1121709	0	3423063	5
1121709	0	3423066	5
1121709	0	3423067	5
1121709	0	3445593	1
1121709	0	3593845	3
1121709	0	3631771	4
1121709	0	3632519	2
1121709	0	3734255	2
1121709	0	3861963	2
1121709	0	3891393	2
1121709	0	4156464	2
1121709	0	4205676	0
1121709	0	4463685	5
1121709	0	4507184	4
1121709	0	4566164	4
1121709	0	4832967	2
1121709	0	4884996	2
1121709	0	4928911	1
1121709	0	5101496	2
1121709	0	5198518	4
1121709	0	5266215	1
1121709	0	5719061	3
1121709	0	5719086	1
1121709	0	5777842	4
1121709	0	5781689	2
1121709	0	5829861	0
1121709	0	602393	4
1121709	0	6025896	3
1121709	0	6238758	4
1121709	0	6336517	2
1121709	0	6359259	2
1121709	0	6442070	3
1121709	0	6506760	0
1121709	0	6630430	1
1121709	0	700135	5
1121709	0	7050867	0
1121709	0	7313132	1
1121709	0	7397910	0
1121709	0	7473134	3
1121709	0	7473136	1
1121709	0	7473137	1
1121709	0	7473140	3
1121709	0	7656406	2
1121709	0	7741960	2
1121709	0	7783796	2
1121709	0	7996835	2
1121709	0	7996837	3
1121709	0	8024819	1
1121709	0	8049577	5
1121709	0	8049578	5
1121709	0	8049579	5
1121709	0	8049580	5
1121709	0	8049582	5
1121709	0	8049583	5
1121709	0	8049584	5
1121709	0	8049585	5
1121709	0	8049586	5
1121709	0	8392389	1
1121709	0	8621380	2
1121709	0	8655465	3
1121709	0	8655470	2
1121709	0	8784093	0
1121709	0	8798729	1
1121709	0	8811020	4
1121709	0	918204	5
1124210	0	1194682	3
1124210	0	131190	5
1124210	0	1362721	2
1124210	0	1383615	0
1124210	0	1383617	5
1124210	0	1383618	2
1124210	0	1383624	4
1124210	0	148318	2
1124210	0	1689639	5
1124210	0	1701417	2
1124210	0	1702008	2
1124210	0	181177	5
1124210	0	2070279	3
1124210	0	2200000	1
1124210	0	2200002	1
1124210	0	2258591	5
1124210	0	2258592	5
1124210	0	2258595	5
1124210	0	2258596	5
1124210	0	2303835	2
1124210	0	2303836	0
1124210	0	2303838	1
1124210	0	2494577	5
1124210	0	2632284	1
1124210	0	2728448	5
1124210	0	273566	1
1124210	0	3031380	1
1124210	0	3162331	5
1124210	0	3446170	3
1124210	0	3520552	2
1124210	0	3520553	5
1124210	0	3680798	5
1124210	0	3680799	5
1124210	0	3680800	4
1124210	0	3680801	5
1124210	0	3680802	2
1124210	0	3680805	4
1124210	0	371352	2
1124210	0	371357	4
1124210	0	3750823	2
1124210	0	3750824	4
1124210	0	3907021	0
1124210	0	4057442	4
1124210	0	4074148	3
1124210	0	4074149	4
1124210	0	4191083	4
1124210	0	4232134	5
1124210	0	4232139	2
1124210	0	4241350	0
1124210	0	4425464	5
1124210	0	475041	5
1124210	0	4794725	4
1124210	0	4794729	1
1124210	0	4840515	3
1124210	0	4957842	2
1124210	0	4958356	4
1124210	0	502337	1
1124210	0	5056100	0
1124210	0	5125015	1
1124210	0	5281849	2
1124210	0	5303910	3
1124210	0	5366909	2
1124210	0	5366913	2
1124210	0	546154	0
1124210	0	546155	2
1124210	0	546157	5
1124210	0	546158	5
1124210	0	5512675	1
1124210	0	5940130	4
1124210	0	5940134	5
1124210	0	607910	4
1124210	0	6172881	3
1124210	0	6213217	2
1124210	0	6263923	1
1124210	0	6552719	1
1124210	0	6704887	2
1124210	0	6992534	4
1124210	0	7205586	2
1124210	0	7205919	2
1124210	0	7205920	2
1124210	0	7205923	5
1124210	0	7208694	4
1124210	0	7229021	0
1124210	0	7234569	0
1124210	0	7278459	4
1124210	0	7278463	5
1124210	0	729893	1
1124210	0	7443586	5
1124210	0	7526587	3
1124210	0	7566672	1
1124210	0	7566674	2
1124210	0	7566675	3
1124210	0	7581155	3
1124210	0	7746535	0
1124210	0	7756780	1
1124210	0	7756781	2
1124210	0	7832730	2
1124210	0	7851118	0
1124210	0	8026737	5
1124210	0	841738	2
1129237	0	1080294	4
1129237	0	1160807	4
1129237	0	1169297	1
1129237	0	1169301	2
1129237	0	128982	5
1129237	0	128984	5
1129237	0	128989	5
1129237	0	1770027	4
1129237	0	1896189	2
1129237	0	1959030	4
1129237	0	2152821	4
1129237	0	2152828	2
1129237	0	2176863	3
1129237	0	2202086	2
1129237	0	2453794	0
1129237	0	2580204	2
1129237	0	2696926	5
1129237	0	2697746	5
1129237	0	2697752	5
1129237	0	2972916	2
1129237	0	3097761	3
1129237	0	3131122	4
1129237	0	3156016	2
1129237	0	321226	1
1129237	0	3247727	2
1129237	0	3285056	1
1129237	0	3352740	2
1129237	0	3456618	2
1129237	0	3641168	4
1129237	0	3683096	3
1129237	0	3905055	5
1129237	0	3905057	5
1129237	0	3905799	3
1129237	0	3905802	5
1129237	0	3932424	0
1129237	0	3950048	2
1129237	0	4141012	5
1129237	0	4254811	5
1129237	0	4254813	4
1129237	0	4254815	5
1129237	0	4254816	5
1129237	0	4449295	2
1129237	0	4569648	2
1129237	0	461835	3
1129237	0	4773351	2
1129237	0	4787274	2
1129237	0	483367	2
1129237	0	4915547	1
1129237	0	4924434	0
1129237	0	5032115	1
1129237	0	5619502	5
1129237	0	5627214	4
1129237	0	568162	0
1129237	0	5831781	4
1129237	0	5831788	3
1129237	0	5894033	2
1129237	0	5906130	5
1129237	0	5916672	1
1129237	0	6080460	5
1129237	0	6165827	2
1129237	0	6194649	1
1129237	0	6343520	3
1129237	0	6343521	4
1129237	0	6366866	0
1129237	0	6575091	2
1129237	0	6640165	4
1129237	0	6646337	2
1129237	0	6771711	3
1129237	0	6956014	3
1129237	0	7050921	3
1129237	0	7092638	0
1129237	0	7132886	2
1129237	0	7208025	1
1129237	0	7273363	2
1129237	0	7337950	2
1129237	0	7350325	1
1129237	0	7673289	0
1129237	0	767822	1
1129237	0	7688471	1
1129237	0	7874563	2
1129237	0	7874566	4
1129237	0	7911557	5
1129237	0	8033081	1
1129237	0	806652	4
1129237	0	824966	1
1129237	0	8450766	5
1129237	0	8469257	5
1129237	0	8588219	5
1129237	0	8588222	5
1129237	0	8588226	5
1129237	0	8588227	4
1129237	0	8596875	1
1129237	0	8658472	0
1129237	0	8682824	5
1129237	0	8712732	0
1129237	0	895802	1
1129237	0	931707	2
1129237	0	998747	0
1129237	0	998748	5
1129237	0	998751	5
1133167	0	1379370	1
1133167	0	1824479	5
1133167	0	1824480	5
1133167	0	1824481	0
1133167	0	1824484	3
1133167	0	1824485	4
1133167	0	1824486	5
1133167	0	1824487	2
1133167	0	1824488	5
1133167	0	1883272	4
1133167	0	1883273	5
1133167	0	1883276	2
1133167	0	1883280	1
1133167	0	1883281	0
1133167	0	190802	4
1133167	0	190803	5
1133167	0	190804	5
1133167	0	190805	2
1133167	0	190806	5
1133167	0	190808	2
1133167	0	190810	1
1133167	0	190811	2
1133167	0	2070087	2
1133167	0	2276678	5
1133167	0	2419498	1
1133167	0	2613291	3
1133167	0	2613296	4
1133167	0	3023120	5
1133167	0	3023123	5
1133167	0	3074599	5
1133167	0	3355083	2
1133167	0	3391439	4
1133167	0	3944276	1
1133167	0	3944277	0
1133167	0	3953805	0
1133167	0	3953807	1
1133167	0	434119	4
1133167	0	434120	4
1133167	0	434121	5
1133167	0	434123	1
1133167	0	434124	0
1133167	0	434125	5
1133167	0	434126	2
1133167	0	4443375	0
1133167	0	4498473	2
1133167	0	4498474	5
1133167	0	4498476	4
1133167	0	4498477	2
1133167	0	4498478	0
1133167	0	4498479	5
1133167	0	4550240	5
1133167	0	4550243	3
1133167	0	4550244	4
1133167	0	4712279	2
1133167	0	4922619	5
1133167	0	4926197	5
1133167	0	4973626	5
1133167	0	5674623	2
1133167	0	5787117	5
1133167	0	6112586	4
1133167	0	6112587	3
1133167	0	6112590	4
1133167	0	6142	3
1133167	0	6257034	2
1133167	0	6299572	2
1133167	0	6299576	1
1133167	0	6467517	2
1133167	0	6467518	5
1133167	0	6467523	1
1133167	0	6467524	0
1133167	0	7093509	3
1133167	0	7093510	2
1133167	0	7093511	2
1133167	0	7217705	4
1133167	0	7218012	0
1133167	0	7218015	2
1133167	0	7486594	1
1133167	0	7486602	3
1133167	0	7762240	2
1133167	0	7793408	2
1133167	0	7793411	2
1133167	0	8003301	1
1133167	0	8033644	5
1133167	0	8033645	3
1133167	0	8033647	1
1133167	0	8033648	2
1133167	0	8033650	5
1133167	0	8160224	2
1133167	0	8160241	3
1133167	0	8160243	4
1133167	0	823272	4
1133167	0	823274	1
1133167	0	823275	1
1133167	0	823277	2
1133167	0	823280	2
1133167	0	8250498	1
1133167	0	8255704	3
1133167	0	8255705	0
1133167	0	8255706	5
1133167	0	8415743	4
130510	0	1110766	5
130510	0	1159414	4
130510	0	1494930	5
130510	0	1494931	5
130510	0	1494932	5
130510	0	1494933	4
130510	0	1494935	5
130510	0	1494936	5
130510	0	1494938	5
130510	0	1494939	5
130510	0	179622	0
130510	0	179623	1
130510	0	1799013	3
130510	0	1972340	0
130510	0	2079377	3
130510	0	2346969	1
130510	0	2490145	1
130510	0	2490146	2
130510	0	2490150	3
130510	0	2490154	2
130510	0	2839082	0
130510	0	2862515	2
130510	0	2862518	4
130510	0	2862522	4
130510	0	2982053	5
130510	0	3163980	2
130510	0	3525026	2
130510	0	3913770	2
130510	0	3913772	1
130510	0	3913773	1
130510	0	3913774	2
130510	0	3913775	2
130510	0	3913776	4
130510	0	3913778	1
130510	0	3913779	0
130510	0	3995677	4
130510	0	4022904	4
130510	0	417583	0
130510	0	4189500	5
130510	0	4528804	3
130510	0	4528806	4
130510	0	4528807	2
130510	0	4528808	2
130510	0	4528809	4
130510	0	4528810	1
130510	0	4528811	1
130510	0	4528812	1
130510	0	4528813	4
130510	0	4804307	2
130510	0	5685704	1
130510	0	5685705	2
130510	0	5685706	2
130510	0	5685707	2
130510	0	5685708	2
130510	0	5685711	2
130510	0	5930009	1
130510	0	5930010	2
130510	0	5930011	2
130510	0	5930012	3
130510	0	5930013	4
130510	0	5930014	2
130510	0	5930018	1
130510	0	6035035	2
130510	0	6183638	4
130510	0	6229727	2
130510	0	6229732	3
130510	0	6229733	3
130510	0	6486232	4
130510	0	6575500	0
130510	0	6621100	4
130510	0	6677359	0
130510	0	6763277	4
130510	0	6815300	5
130510	0	6881818	1
130510	0	6881820	1
130510	0	7125239	5
130510	0	7203252	3
130510	0	7479905	2
130510	0	7501557	5
130510	0	7501558	5
130510	0	7501563	5
130510	0	7779650	0
130510	0	783657	0
130510	0	783658	0
130510	0	783662	3
130510	0	783664	2
130510	0	783665	1
130510	0	799647	5
130510	0	8083814	2
130510	0	8094068	2
130510	0	8514425	3
130510	0	8612902	5
130510	0	8612903	5
130510	0	8612904	5
130510	0	8612905	5
130510	0	8612906	5
130510	0	8612909	5
130510	0	8612910	5
130510	0	996732	5
130510	0	996740	5
131843	0	1019934	1
131843	0	1019935	0
131843	0	1019936	2
131843	0	1019938	1
131843	0	1101587	1
131843	0	1133058	3
131843	0	1222339	0
131843	0	1429616	5
131843	0	1597975	2
131843	0	1600913	1
131843	0	1621724	2
131843	0	1781040	4
131843	0	1830509	0
131843	0	1895120	1
131843	0	2103970	1
131843	0	2104933	4
131843	0	2126682	0
131843	0	2170725	2
131843	0	2286036	2
131843	0	2378491	4
131843	0	2526491	3
131843	0	2623607	1
131843	0	2623616	3
131843	0	2683747	5
131843	0	2914687	4
131843	0	31718	4
131843	0	3368900	0
131843	0	3432705	4
131843	0	352863	3
131843	0	3564032	2
131843	0	3841396	5
131843	0	3937054	4
131843	0	3937056	2
131843	0	4036688	2
131843	0	4036689	1
131843	0	4036690	3
131843	0	4036695	1
131843	0	4235202	2
131843	0	4235204	2
131843	0	4440568	4
131843	0	4440571	5
131843	0	4461384	2
131843	0	4695186	2
131843	0	5074688	1
131843	0	5124823	2
131843	0	5297238	4
131843	0	5319115	1
131843	0	5324710	4
131843	0	5325671	3
131843	0	5325672	2
131843	0	5325675	2
131843	0	5325677	3
131843	0	5685851	0
131843	0	6028399	4
131843	0	6028403	2
131843	0	6086584	1
131843	0	6086587	2
131843	0	6121785	3
131843	0	6121787	3
131843	0	6335670	2
131843	0	6487859	2
131843	0	6533880	2
131843	0	6779775	3
131843	0	7269086	4
131843	0	7269088	2
131843	0	7269089	5
131843	0	7269092	4
131843	0	7269095	5
131843	0	7759230	2
131843	0	7880471	4
131843	0	8305151	5
131843	0	8305152	5
131843	0	8305153	5
131843	0	8305154	5
131843	0	8305155	5
131843	0	8305156	5
131843	0	8305158	5
131843	0	8382296	1
131843	0	8456963	2
131843	0	8456964	5
131843	0	8456965	5
131843	0	8456966	4
131843	0	8456967	5
131843	0	8456970	5
131843	0	8573227	0
131843	0	8598786	1
131843	0	8598788	2
131843	0	8600961	1
131843	0	8690086	0
131843	0	8710813	5
131843	0	884231	0
131843	0	884234	0
131843	0	895362	2
131843	0	985988	5
131843	0	985989	5
131843	0	985990	5
131843	0	985991	5
131843	0	985992	5
131843	0	985994	5
131843	0	985995	5
146187	0	1077549	0
146187	0	1138801	2
146187	0	1230566	5
146187	0	1254157	3
146187	0	1367167	3
146187	0	1369239	1
146187	0	1493345	0
146187	0	1493352	0
146187	0	1972078	3
146187	0	1995994	1
146187	0	2040185	3
146187	0	2226090	1
146187	0	2226093	5
146187	0	2226094	1
146187	0	2257806	4
146187	0	315525	5
146187	0	3523051	2
146187	0	3615731	4
146187	0	3758956	3
146187	0	3963187	5
146187	0	3963189	2
146187	0	4026486	1
146187	0	4214923	2
146187	0	4214925	5
146187	0	4216895	2
146187	0	4216897	2
146187	0	4216901	2
146187	0	4216902	2
146187	0	4306847	2
146187	0	4631167	3
146187	0	4741857	5
146187	0	4777144	5
146187	0	4921740	3
146187	0	4921741	4
146187	0	5217815	1
146187	0	5238589	4
146187	0	5251981	1
146187	0	5548652	1
146187	0	5548655	2
146187	0	5566562	2
146187	0	5590506	4
146187	0	5746033	0
146187	0	5836454	4
146187	0	5844996	3
146187	0	5929430	2
146187	0	5999108	3
146187	0	6015024	4
146187	0	6015026	5
146187	0	6015027	4
146187	0	6417741	1
146187	0	6430257	5
146187	0	6430258	5
146187	0	6430259	5
146187	0	6430260	4
146187	0	6483699	0
146187	0	6620285	2
146187	0	6929047	0
146187	0	7093332	2
146187	0	7093334	4
146187	0	7096817	2
146187	0	7096819	3
146187	0	7096823	0
146187	0	7126360	0
146187	0	7405002	5
146187	0	744165	5
146187	0	744167	5
146187	0	744171	2
146187	0	7601871	0
146187	0	76342	2
146187	0	76344	5
146187	0	76348	5
146187	0	7704674	1
146187	0	7704676	1
146187	0	7704679	2
146187	0	7772761	1
146187	0	7782525	2
146187	0	7782529	2
146187	0	7836294	4
146187	0	7836296	4
146187	0	7836297	4
146187	0	7956019	2
146187	0	8042965	1
146187	0	8042968	1
146187	0	8042969	2
146187	0	8113798	1
146187	0	8361899	2
146187	0	8361901	0
146187	0	8361902	2
146187	0	8361905	2
146187	0	8434617	4
146187	0	8434618	5
146187	0	8434619	5
146187	0	8434620	5
146187	0	8434621	5
146187	0	8434622	5
146187	0	8434623	5
146187	0	8434624	5
146187	0	8434625	5
146187	0	8434626	5
146187	0	8795490	4
148538	0	1147038	3
148538	0	1147044	2
148538	0	1147046	4
148538	0	1299823	2
148538	0	1299824	3
148538	0	1299830	2
148538	0	1311206	1
148538	0	1311209	4
148538	0	1314489	5
148538	0	1384447	4
148538	0	1384448	5
148538	0	1736918	3
148538	0	1828171	1
148538	0	1950974	1
148538	0	1950976	1
148538	0	1950983	1
148538	0	1969519	4
148538	0	1969521	4
148538	0	1985490	0
148538	0	1985491	5
148538	0	2033795	3
148538	0	2033800	3
148538	0	2177849	3
148538	0	231453	4
148538	0	231455	5
148538	0	23586	0
148538	0	2368188	1
148538	0	2368189	4
148538	0	245016	0
148538	0	2455774	5
148538	0	2455779	4
148538	0	2564821	0
148538	0	2643562	1
148538	0	2915322	4
148538	0	2915323	4
148538	0	332398	0
148538	0	332400	5
148538	0	332401	5
148538	0	332406	2
148538	0	332407	0
148538	0	3353306	5
148538	0	3393970	0
148538	0	3557943	2
148538	0	3588269	2
148538	0	3631449	2
148538	0	3918785	5
148538	0	3918789	0
148538	0	4185812	2
148538	0	4225978	2
148538	0	4264121	2
148538	0	4264123	3
148538	0	4264124	0
148538	0	4447598	4
148538	0	4447601	4
148538	0	4539654	5
148538	0	4539657	2
148538	0	4539663	0
148538	0	4607262	2
148538	0	4607263	4
148538	0	4660637	3
148538	0	4959633	5
148538	0	4959637	2
148538	0	4959638	5
148538	0	5077704	1
148538	0	5077709	5
148538	0	5171599	2
148538	0	5171603	5
148538	0	5171605	2
148538	0	5606202	1
148538	0	581145	2
148538	0	615402	2
148538	0	615407	5
148538	0	6234125	3
148538	0	6377902	2
148538	0	6543862	5
148538	0	6600519	2
148538	0	6697437	4
148538	0	6704661	2
148538	0	6846343	1
148538	0	6894608	4
148538	0	7407803	5
148538	0	7407811	1
148538	0	7407812	5
148538	0	7496116	3
148538	0	753805	2
148538	0	7543015	1
148538	0	784460	1
148538	0	7858769	2
148538	0	8283530	1
148538	0	8283531	5
148538	0	8283532	5
148538	0	8283533	2
148538	0	8388795	2
148538	0	8618875	2
148538	0	985488	5
148538	0	985489	5
148538	0	985490	5
148538	0	985491	5
148538	0	985494	5
148538	0	986845	1
156493	0	1101607	2
156493	0	1277723	2
156493	0	1277725	5
156493	0	1277726	2
156493	0	1277727	4
156493	0	1347266	2
156493	0	1643747	1
156493	0	1939298	1
156493	0	1960255	5
156493	0	1960257	5
156493	0	1960259	4
156493	0	1960260	5
156493	0	1960261	4
156493	0	2123395	4
156493	0	2259179	2
156493	0	2259182	2
156493	0	2259183	5
156493	0	2317807	2
156493	0	2378078	1
156493	0	2378079	0
156493	0	2411918	2
156493	0	2598786	3
156493	0	2598787	3
156493	0	2612486	1
156493	0	2612488	0
156493	0	2612490	4
156493	0	2612491	3
156493	0	2612492	4
156493	0	2612493	5
156493	0	2717163	2
156493	0	2928700	1
156493	0	2928702	5
156493	0	2928704	1
156493	0	2928705	4
156493	0	2928707	5
156493	0	2949801	3
156493	0	2949802	3
156493	0	3218251	1
156493	0	3288595	5
156493	0	3288596	5
156493	0	3288597	5
156493	0	3288598	5
156493	0	3288599	5
156493	0	3288600	5
156493	0	3288601	5
156493	0	3288603	4
156493	0	349638	4
156493	0	349643	2
156493	0	3603920	2
156493	0	3603922	1
156493	0	3603923	3
156493	0	4219345	0
156493	0	4396054	1
156493	0	4400814	0
156493	0	4465044	2
156493	0	4527706	2
156493	0	4542584	2
156493	0	4583221	5
156493	0	4940228	2
156493	0	4940232	0
156493	0	5122747	0
156493	0	5326286	1
156493	0	5346660	4
156493	0	5530082	2
156493	0	6129968	0
156493	0	6139382	2
156493	0	6139386	5
156493	0	6267258	0
156493	0	6524746	2
156493	0	6775071	3
156493	0	6983821	2
156493	0	7371077	3
156493	0	7371078	1
156493	0	7371079	2
156493	0	750111	2
156493	0	8182159	5
156493	0	8182160	4
156493	0	8182161	5
156493	0	8182162	5
156493	0	8182163	2
156493	0	8182165	5
156493	0	8182166	1
156493	0	8245444	1
156493	0	8273011	5
156493	0	8273017	5
156493	0	8273018	4
156493	0	8273019	4
156493	0	8725864	1
156493	0	8820526	5
156493	0	8820527	1
156493	0	8820531	0
156493	0	885944	2
156493	0	892007	0
156493	0	95512	5
156493	0	95514	3
156493	0	95515	4
156493	0	95517	2
156493	0	95518	4
156493	0	95521	3
156493	0	994486	2
168216	0	1090089	2
168216	0	1301465	5
168216	0	1301467	5
168216	0	1301469	5
168216	0	1301472	5
168216	0	1301473	1
168216	0	1301474	5
168216	0	13499	5
168216	0	1381477	5
168216	0	1735358	1
168216	0	1735360	5
168216	0	1860843	0
168216	0	1924796	4
168216	0	1924800	1
168216	0	2036279	5
168216	0	2069992	4
168216	0	2069995	1
168216	0	2210775	5
168216	0	2210780	5
168216	0	2265769	2
168216	0	2659074	0
168216	0	2790904	4
168216	0	2806307	5
168216	0	290826	0
168216	0	3033359	2
168216	0	3174840	1
168216	0	3198687	2
168216	0	3198689	2
168216	0	3344828	4
168216	0	3344834	0
168216	0	3399712	4
168216	0	3399713	4
168216	0	3399715	2
168216	0	3399718	1
168216	0	3463556	3
168216	0	3681095	5
168216	0	3681097	2
168216	0	3830857	5
168216	0	3908773	4
168216	0	3908774	2
168216	0	3908776	3
168216	0	3908777	3
168216	0	4119829	2
168216	0	4191395	4
168216	0	4245218	2
168216	0	4324490	2
168216	0	4324491	3
168216	0	4324492	4
168216	0	4600607	1
168216	0	4600610	0
168216	0	4741403	1
168216	0	4741406	1
168216	0	4792582	3
168216	0	4792583	4
168216	0	5024307	5
168216	0	5024311	5
168216	0	5024313	2
168216	0	5114458	2
168216	0	5293614	1
168216	0	5771045	0
168216	0	5935474	2
168216	0	5935476	5
168216	0	6012600	0
168216	0	6061718	2
168216	0	6061722	2
168216	0	6213322	2
168216	0	6213325	2
168216	0	6219118	2
168216	0	6249512	4
168216	0	6264731	4
168216	0	6264732	2
168216	0	6264734	0
168216	0	6264735	1
168216	0	6282560	2
168216	0	6282561	4
168216	0	6282562	3
168216	0	6282567	4
168216	0	6329932	1
168216	0	6426632	5
168216	0	6426634	2
168216	0	6426638	3
168216	0	6584042	5
168216	0	7337513	2
168216	0	7492755	3
168216	0	7595684	2
168216	0	8048968	0
168216	0	8185131	5
168216	0	8185135	5
168216	0	8185137	5
168216	0	8252763	3
168216	0	8319213	0
168216	0	8639627	1
168216	0	8639630	1
168216	0	8723467	3
168216	0	8731617	5
168216	0	8731618	2
168216	0	8731621	5
168216	0	8731622	4
168216	0	8731623	5
168216	0	8731625	1
182539	0	1094157	0
182539	0	1229197	1
182539	0	1307232	2
182539	0	1307234	3
182539	0	1307235	5
182539	0	146695	1
182539	0	1497952	0
182539	0	1512198	0
182539	0	1638687	5
182539	0	1638689	5
182539	0	1638690	4
182539	0	1638691	3
182539	0	1638694	2
182539	0	1664297	2
182539	0	176563	2
182539	0	1798203	2
182539	0	1956775	2
182539	0	1996675	1
182539	0	1996680	0
182539	0	2009617	2
182539	0	2041085	1
182539	0	2092202	4
182539	0	2165968	4
182539	0	2234015	1
182539	0	2273384	1
182539	0	2787602	2
182539	0	2801795	0
182539	0	2909954	4
182539	0	2909960	5
182539	0	2909961	5
182539	0	3009872	1
182539	0	3009878	1
182539	0	330179	2
182539	0	3760957	4
182539	0	3760964	2
182539	0	3777193	1
182539	0	3858310	2
182539	0	3883077	5
182539	0	3883081	4
182539	0	4370020	3
182539	0	4438902	2
182539	0	4468612	2
182539	0	4730803	3
182539	0	4776378	0
182539	0	4985182	2
182539	0	503147	1
182539	0	5567729	5
182539	0	5567732	4
182539	0	57443	5
182539	0	57444	5
182539	0	57447	5
182539	0	57448	5
182539	0	57449	5
182539	0	57450	4
182539	0	57452	3
182539	0	5756776	0
182539	0	6037973	4
182539	0	6097108	2
182539	0	6135907	3
182539	0	6282906	2
182539	0	6283812	2
182539	0	646260	2
182539	0	6596440	2
182539	0	6783449	4
182539	0	6816574	3
182539	0	6965540	2
182539	0	6980965	5
182539	0	6995118	2
182539	0	7034196	1
182539	0	7085056	1
182539	0	7085057	1
182539	0	7088372	2
182539	0	7291427	0
182539	0	7371255	5
182539	0	7371257	5
182539	0	7371259	5
182539	0	7371261	5
182539	0	7371262	5
182539	0	7439970	2
182539	0	7527837	5
182539	0	7579347	3
182539	0	7583024	5
182539	0	7730613	1
182539	0	7745556	1
182539	0	8299659	5
182539	0	8299661	4
182539	0	8299665	4
182539	0	8299668	4
182539	0	830471	2
182539	0	8349147	0
182539	0	8470381	2
182539	0	8515182	5
182539	0	8636665	0
182539	0	8757178	5
182539	0	8757179	5
182539	0	8757180	4
182539	0	8757181	5
182539	0	8757182	4
182539	0	8757183	3
182539	0	8757184	3
183378	0	1050571	0
183378	0	1239964	2
183378	0	1289489	5
183378	0	1289490	5
183378	0	1289492	5
183378	0	1289493	3
183378	0	1289494	1
183378	0	1289495	4
183378	0	1289496	5
183378	0	1289497	5
183378	0	1666386	0
183378	0	1678836	1
183378	0	2040104	1
183378	0	2040106	1
183378	0	2040111	2
183378	0	2352713	2
183378	0	2352716	2
183378	0	2533259	1
183378	0	2533260	2
183378	0	2533262	2
183378	0	2874543	4
183378	0	3009378	1
183378	0	3093214	5
183378	0	3093217	2
183378	0	3093218	2
183378	0	3185607	3
183378	0	3185611	5
183378	0	327908	3
183378	0	3389578	5
183378	0	3389579	4
183378	0	3389581	5
183378	0	3389582	2
183378	0	3389584	3
183378	0	3867604	1
183378	0	3928768	1
183378	0	3987911	2
183378	0	4493913	4
183378	0	4493914	4
183378	0	4493915	5
183378	0	4493916	2
183378	0	4493917	4
183378	0	4493918	2
183378	0	4493919	2
183378	0	4493920	3
183378	0	4493921	1
183378	0	4493922	2
183378	0	4727412	1
183378	0	4727417	5
183378	0	4727418	3
183378	0	4803847	5
183378	0	4803848	5
183378	0	5391354	4
183378	0	5460939	2
183378	0	5460941	2
183378	0	5534703	2
183378	0	5534707	5
183378	0	5534710	4
183378	0	5534711	5
183378	0	5817927	5
183378	0	6109461	5
183378	0	6150907	0
183378	0	6182925	0
183378	0	6182927	0
183378	0	6548233	0
183378	0	6548235	0
183378	0	7014328	0
183378	0	7398706	3
183378	0	7448291	1
183378	0	7449744	5
183378	0	7449747	4
183378	0	7449748	5
183378	0	7449750	5
183378	0	7449751	5
183378	0	7449752	5
183378	0	749542	2
183378	0	7677975	3
183378	0	7678696	2
183378	0	7718047	2
183378	0	7952868	2
183378	0	8121375	4
183378	0	8121377	2
183378	0	8121380	2
183378	0	823211	1
183378	0	8507874	0
183378	0	8570255	1
183378	0	8570257	5
183378	0	8570258	5
183378	0	8570260	3
183378	0	8570261	2
183378	0	8577213	0
183378	0	8577215	4
183378	0	8767239	1
183378	0	8767240	2
183378	0	8767241	1
183378	0	8794302	4
183378	0	8794303	4
183378	0	8794304	5
183378	0	8794306	4
183378	0	8794307	3
183378	0	8794308	4
19335	0	1143050	5
19335	0	1434829	1
19335	0	1504746	3
19335	0	1504747	3
19335	0	1504748	4
19335	0	161606	5
19335	0	161608	1
19335	0	1717015	2
19335	0	1720387	5
19335	0	1720388	3
19335	0	1720389	5
19335	0	1720391	0
19335	0	1720394	5
19335	0	1720395	5
19335	0	1905037	1
19335	0	2046505	3
19335	0	211275	5
19335	0	2250973	2
19335	0	2303999	2
19335	0	2304004	4
19335	0	2304005	4
19335	0	2459779	4
19335	0	2459780	4
19335	0	2459784	3
19335	0	2594902	0
19335	0	284841	2
19335	0	2874496	0
19335	0	2874497	3
19335	0	2874503	2
19335	0	3045565	5
19335	0	3045567	5
19335	0	3064703	2
19335	0	342431	5
19335	0	3559593	3
19335	0	3559596	4
19335	0	359174	1
19335	0	3615074	2
19335	0	3615077	1
19335	0	3615078	3
19335	0	3615079	4
19335	0	3615080	3
19335	0	3615083	4
19335	0	3709463	1
19335	0	429851	1
19335	0	4480943	0
19335	0	4480945	2
19335	0	4480948	2
19335	0	4937589	1
19335	0	503739	2
19335	0	5078863	4
19335	0	527690	5
19335	0	527692	5
19335	0	527695	1
19335	0	527697	5
19335	0	5508122	5
19335	0	5711211	2
19335	0	5732401	0
19335	0	5732406	1
19335	0	5806604	0
19335	0	5870000	2
19335	0	5920775	2
19335	0	6069804	0
19335	0	6069805	0
19335	0	6452949	5
19335	0	6512137	5
19335	0	6512138	2
19335	0	6512144	5
19335	0	6568704	1
19335	0	6773977	2
19335	0	6902384	4
19335	0	6902386	4
19335	0	6902389	4
19335	0	7050803	4
19335	0	7122355	5
19335	0	7122361	4
19335	0	7267248	5
19335	0	7367410	1
19335	0	7367411	5
19335	0	7454464	1
19335	0	7460276	2
19335	0	7464793	0
19335	0	763108	2
19335	0	763110	2
19335	0	763113	2
19335	0	763117	1
19335	0	7644151	0
19335	0	772227	4
19335	0	772234	5
19335	0	7856992	2
19335	0	7961905	1
19335	0	7961908	2
19335	0	8231218	2
19335	0	8412681	5
19335	0	8412682	5
19335	0	8412683	5
19335	0	8412684	5
19335	0	8633126	2
19335	0	8828697	2
19335	0	8828698	2
19335	0	93557	3
207786	0	1025057	0
207786	0	1029962	5
207786	0	1071464	4
207786	0	1085406	1
207786	0	1335084	2
207786	0	1392579	5
207786	0	1392585	5
207786	0	1432530	1
207786	0	1667536	1
207786	0	1667544	4
207786	0	1731873	0
207786	0	1759929	5
207786	0	201711	4
207786	0	2051015	4
207786	0	2051020	5
207786	0	2051023	0
207786	0	2174683	2
207786	0	2457540	2
207786	0	2457541	2
207786	0	2457542	2
207786	0	2557234	2
207786	0	2658594	0
207786	0	2763917	5
207786	0	2763922	3
207786	0	2775837	0
207786	0	2877168	2
207786	0	2998723	4
207786	0	3103885	2
207786	0	3322527	1
207786	0	3322529	0
207786	0	3352521	2
207786	0	3522830	2
207786	0	3600016	4
207786	0	3632499	4
207786	0	3773663	4
207786	0	3914510	1
207786	0	3931757	2
207786	0	3945573	2
207786	0	4042362	2
207786	0	4218707	5
207786	0	4257473	1
207786	0	4342505	3
207786	0	4393128	1
207786	0	4613065	5
207786	0	4754014	2
207786	0	4759180	3
207786	0	4759183	2
207786	0	4823377	2
207786	0	4900224	3
207786	0	493413	1
207786	0	5170147	2
207786	0	5175108	3
207786	0	5175113	4
207786	0	524445	0
207786	0	524450	2
207786	0	5266140	2
207786	0	5297035	1
207786	0	5297036	4
207786	0	5321444	2
207786	0	5365946	3
207786	0	6031630	5
207786	0	6060398	1
207786	0	6133373	3
207786	0	6145822	0
207786	0	6226369	2
207786	0	6474685	5
207786	0	6584630	0
207786	0	6822431	4
207786	0	6964232	0
207786	0	7016165	2
207786	0	7124120	4
207786	0	7229816	3
207786	0	7229822	3
207786	0	737802	1
207786	0	7510472	5
207786	0	7599318	5
207786	0	7639366	5
207786	0	7643812	1
207786	0	7643819	3
207786	0	7777862	1
207786	0	7777867	4
207786	0	7941579	5
207786	0	7969232	2
207786	0	8053029	4
207786	0	8185061	4
207786	0	8185063	2
207786	0	8185064	5
207786	0	8265334	2
207786	0	8273754	5
207786	0	8273755	5
207786	0	8273756	5
207786	0	8273757	5
207786	0	8273758	5
207786	0	8273759	5
207786	0	8273760	5
207786	0	8273761	5
207786	0	8273762	5
207786	0	8273763	5
207786	0	8316281	1
207786	0	8785524	1
264014	0	1610706	5
264014	0	1610707	2
264014	0	1610711	2
264014	0	1804644	2
264014	0	2223171	5
264014	0	2420367	4
264014	0	2474340	2
264014	0	2474341	3
264014	0	2474342	3
264014	0	2474346	5
264014	0	2498165	2
264014	0	2498169	2
264014	0	331929	2
264014	0	331931	4
264014	0	331932	2
264014	0	331934	4
264014	0	3338821	1
264014	0	3338825	5
264014	0	3338827	5
264014	0	3338828	2
264014	0	3396076	5
264014	0	3577338	1
264014	0	3577341	2
264014	0	3577342	3
264014	0	3577343	4
264014	0	3577344	3
264014	0	3577345	2
264014	0	3577347	4
264014	0	3835935	1
264014	0	3841908	4
264014	0	4259227	2
264014	0	447992	5
264014	0	4647186	4
264014	0	4687213	5
264014	0	4790255	0
264014	0	4834543	2
264014	0	4834547	5
264014	0	4834548	5
264014	0	5151339	4
264014	0	5269173	1
264014	0	528372	2
264014	0	528375	0
264014	0	528379	4
264014	0	528380	4
264014	0	5328095	5
264014	0	5506564	0
264014	0	5611210	2
264014	0	5611211	0
264014	0	5611212	4
264014	0	5611214	1
264014	0	5611218	3
264014	0	5611219	4
264014	0	5635515	4
264014	0	5635519	2
264014	0	5635521	2
264014	0	5816473	0
264014	0	5819142	1
264014	0	5819145	0
264014	0	58386	4
264014	0	5849268	2
264014	0	5849270	3
264014	0	5849711	1
264014	0	5950718	5
264014	0	5950719	5
264014	0	5950720	1
264014	0	5950721	5
264014	0	5950722	5
264014	0	5950723	3
264014	0	5950725	1
264014	0	5950726	5
264014	0	6105566	5
264014	0	6105569	4
264014	0	6105571	1
264014	0	6105572	5
264014	0	6333839	1
264014	0	6334964	2
264014	0	6337909	0
264014	0	6555321	0
264014	0	6555322	2
264014	0	6641238	5
264014	0	667686	1
264014	0	6791755	1
264014	0	6791757	1
264014	0	6791760	5
264014	0	684616	2
264014	0	684618	2
264014	0	7323467	3
264014	0	7326932	0
264014	0	7326934	2
264014	0	7326936	2
264014	0	8012101	5
264014	0	8801661	0
264014	0	935825	5
264014	0	96851	5
264014	0	96852	3
264014	0	96855	5
264014	0	96856	1
264014	0	96857	2
264014	0	96858	5
264014	0	96859	3
359349	0	1394087	5
359349	0	15799	0
359349	0	15800	0
359349	0	15801	2
359349	0	15802	3
359349	0	15803	3
359349	0	15804	3
359349	0	15805	1
359349	0	15806	2
359349	0	15808	2
359349	0	1622452	1
359349	0	1830509	3
359349	0	1830512	5
359349	0	1830516	5
359349	0	1830517	5
359349	0	1979833	0
359349	0	2293820	5
359349	0	2434861	2
359349	0	2444689	1
359349	0	2826510	5
359349	0	2826512	5
359349	0	3126802	2
359349	0	3176539	2
359349	0	3176540	2
359349	0	3176548	2
359349	0	3193824	5
359349	0	3223831	5
359349	0	3223833	5
359349	0	3739664	2
359349	0	3739666	2
359349	0	3900185	5
359349	0	4013723	5
359349	0	4020470	5
359349	0	4020471	2
359349	0	4020472	4
359349	0	4020474	4
359349	0	4020475	4
359349	0	4020477	5
359349	0	4020478	4
359349	0	4020479	1
359349	0	4087265	0
359349	0	4344093	2
359349	0	4344099	2
359349	0	4344100	1
359349	0	4344101	2
359349	0	4474866	1
359349	0	4474870	2
359349	0	4474872	2
359349	0	457673	5
359349	0	4624153	4
359349	0	5155586	1
359349	0	5219970	1
359349	0	5219971	2
359349	0	5219976	1
359349	0	5219977	0
359349	0	5248756	0
359349	0	5345720	4
359349	0	5414623	2
359349	0	5414625	2
359349	0	5615181	5
359349	0	576627	4
359349	0	576628	5
359349	0	576629	5
359349	0	576632	4
359349	0	576635	4
359349	0	5773713	3
359349	0	5773714	0
359349	0	5773715	2
359349	0	5773716	2
359349	0	5773717	2
359349	0	5773719	3
359349	0	5806113	1
359349	0	6108721	5
359349	0	6113313	3
359349	0	6213658	3
359349	0	6226412	1
359349	0	6226414	2
359349	0	6412425	4
359349	0	6440028	3
359349	0	6440029	1
359349	0	6779501	0
359349	0	68647	5
359349	0	68648	5
359349	0	68649	5
359349	0	68650	3
359349	0	68653	4
359349	0	68656	4
359349	0	7062671	4
359349	0	7277971	4
359349	0	7544504	1
359349	0	7579883	4
359349	0	7857633	0
359349	0	7857634	1
359349	0	7857635	0
359349	0	8058867	5
359349	0	8058868	2
359349	0	8058873	5
359349	0	8167113	1
359349	0	8584521	2
359349	0	943229	5
405717	0	1619423	0
405717	0	1849743	5
405717	0	1976406	0
405717	0	2125641	4
405717	0	234955	0
405717	0	2365659	4
405717	0	2365660	3
405717	0	2365661	5
405717	0	2365662	3
405717	0	2365663	2
405717	0	2365664	1
405717	0	2365665	3
405717	0	2616168	2
405717	0	2642838	5
405717	0	2702419	5
405717	0	2702423	5
405717	0	273851	0
405717	0	2747484	5
405717	0	2747485	5
405717	0	2747486	5
405717	0	2747488	5
405717	0	2747489	2
405717	0	2747491	3
405717	0	2747492	5
405717	0	2768521	1
405717	0	28368	5
405717	0	28372	2
405717	0	2879960	4
405717	0	3033900	5
405717	0	3033903	2
405717	0	3033904	4
405717	0	3033905	0
405717	0	3040883	2
405717	0	3274915	1
405717	0	3274918	1
405717	0	3514259	2
405717	0	3986303	4
405717	0	3986305	4
405717	0	3986306	2
405717	0	3986307	4
405717	0	3986308	4
405717	0	3986309	4
405717	0	4232833	2
405717	0	4489661	2
405717	0	4489666	4
405717	0	4577231	1
405717	0	4704973	5
405717	0	4704975	5
405717	0	4704978	5
405717	0	4776928	3
405717	0	4828118	5
405717	0	5079482	5
405717	0	5274649	1
405717	0	5615458	1
405717	0	5638740	3
405717	0	5668741	2
405717	0	5690233	1
405717	0	5690234	1
405717	0	5690237	1
405717	0	576346	0
405717	0	5857570	2
405717	0	6419725	2
405717	0	6426483	0
405717	0	6442862	2
405717	0	6654652	2
405717	0	6654655	4
405717	0	6654658	4
405717	0	6654660	2
405717	0	6741362	1
405717	0	6786304	2
405717	0	702383	3
405717	0	702386	4
405717	0	7170624	2
405717	0	7170625	0
405717	0	7170626	5
405717	0	7170629	1
405717	0	7170630	5
405717	0	7170631	1
405717	0	7201359	0
405717	0	7201361	1
405717	0	7288991	1
405717	0	7288996	5
405717	0	7447941	4
405717	0	7447942	2
405717	0	7447943	3
405717	0	758581	2
405717	0	758582	3
405717	0	758585	2
405717	0	758586	5
405717	0	7589975	3
405717	0	7728831	5
405717	0	7896211	4
405717	0	7896212	2
405717	0	8156519	5
405717	0	8433852	2
405717	0	8433854	5
405717	0	8433856	2
405717	0	8433858	5
405717	0	846414	0
405717	0	931517	2
443396	0	1062726	1
443396	0	1089146	3
443396	0	1091614	4
443396	0	1133058	2
443396	0	119472	3
443396	0	1269427	2
443396	0	1360104	5
443396	0	1525423	0
443396	0	1533746	2
443396	0	1552106	0
443396	0	1608504	1
443396	0	1645100	2
443396	0	1660562	5
443396	0	1913399	1
443396	0	2007121	2
443396	0	2138579	5
443396	0	2316507	3
443396	0	2320326	3
443396	0	2490486	3
443396	0	2498237	1
443396	0	2528057	4
443396	0	257389	4
443396	0	2745552	2
443396	0	2976738	3
443396	0	2976740	2
443396	0	2976741	2
443396	0	3118073	5
443396	0	3131746	3
443396	0	3231289	1
443396	0	3323246	5
443396	0	3440850	5
443396	0	355277	1
443396	0	3617225	5
443396	0	3712489	2
443396	0	3721948	5
443396	0	3834027	4
443396	0	4025397	4
443396	0	4052112	5
443396	0	4060727	2
443396	0	415545	5
443396	0	415552	2
443396	0	4205264	5
443396	0	4271045	5
443396	0	4281721	2
443396	0	4415869	1
443396	0	4433173	0
443396	0	4526747	5
443396	0	453706	1
443396	0	4544490	4
443396	0	456710	4
443396	0	458179	5
443396	0	4792653	0
443396	0	4830647	0
443396	0	4851110	0
443396	0	5048837	4
443396	0	5053511	5
443396	0	5065439	4
443396	0	5073515	2
443396	0	510377	4
443396	0	5202178	4
443396	0	5315644	1
443396	0	5644797	5
443396	0	5836687	2
443396	0	5890955	1
443396	0	5922987	0
443396	0	6411588	2
443396	0	6471278	2
443396	0	6471285	2
443396	0	6863144	2
443396	0	6863145	3
443396	0	691944	0
443396	0	6998055	2
443396	0	7143882	4
443396	0	7188675	5
443396	0	7230688	4
443396	0	7489164	2
443396	0	7722259	5
443396	0	7734655	1
443396	0	7749375	5
443396	0	7810275	2
443396	0	7824761	1
443396	0	7844096	2
443396	0	788091	1
443396	0	7890878	3
443396	0	7890882	4
443396	0	8079039	5
443396	0	8079040	4
443396	0	8083065	3
443396	0	8219243	0
443396	0	8337676	2
443396	0	8383775	0
443396	0	8421784	2
443396	0	843370	1
443396	0	8536118	5
443396	0	8536121	5
443396	0	8536122	5
443396	0	8536123	5
443396	0	8578323	2
443396	0	8613216	1
443396	0	8793491	5
451602	0	1078132	2
451602	0	1078134	2
451602	0	1078138	2
451602	0	1094131	2
451602	0	1094139	4
451602	0	127537	1
451602	0	1277286	2
451602	0	1277290	5
451602	0	1277293	2
451602	0	1277294	4
451602	0	1314129	1
451602	0	1715030	0
451602	0	2084909	3
451602	0	2154597	0
451602	0	2176450	5
451602	0	2176453	5
451602	0	2176455	5
451602	0	2176458	5
451602	0	2176459	5
451602	0	2244874	0
451602	0	2244875	0
451602	0	2244882	0
451602	0	2618829	3
451602	0	2756872	2
451602	0	2922145	1
451602	0	3090664	3
451602	0	3090665	0
451602	0	3090666	4
451602	0	3090667	2
451602	0	3090670	2
451602	0	3090671	0
451602	0	3090672	0
451602	0	3119124	1
451602	0	3177691	5
451602	0	3177694	3
451602	0	3177696	2
451602	0	3177699	2
451602	0	3177700	4
451602	0	3214501	0
451602	0	3371386	1
451602	0	3493825	2
451602	0	370081	1
451602	0	3746406	1
451602	0	4345752	5
451602	0	4453605	5
451602	0	4453606	2
451602	0	4487179	3
451602	0	4874640	5
451602	0	4874641	2
451602	0	4874644	1
451602	0	4874645	2
451602	0	5000376	2
451602	0	5008865	2
451602	0	5053852	2
451602	0	5179245	2
451602	0	5179250	2
451602	0	5179251	5
451602	0	5211036	1
451602	0	5475308	5
451602	0	5475312	1
451602	0	5538936	4
451602	0	5538937	4
451602	0	5538938	5
451602	0	5538942	5
451602	0	5916874	0
451602	0	6132119	1
451602	0	6286973	3
451602	0	6286974	3
451602	0	6286975	5
451602	0	6286976	2
451602	0	6286977	5
451602	0	6286978	5
451602	0	6286979	4
451602	0	6286980	4
451602	0	6286981	2
451602	0	6286982	5
451602	0	6618756	3
451602	0	6775287	1
451602	0	7792100	2
451602	0	7800959	4
451602	0	7800962	3
451602	0	8019873	4
451602	0	8033471	1
451602	0	8214451	4
451602	0	8214452	5
451602	0	8383461	5
451602	0	8383462	4
451602	0	8383463	2
451602	0	8383465	4
451602	0	8390518	5
451602	0	8390525	5
451602	0	8485136	3
451602	0	8540470	5
451602	0	8540473	5
451602	0	8621776	5
451602	0	8742537	2
451602	0	8786896	1
451602	0	930490	1
451602	0	96222	4
451602	0	96229	4
47923	0	129219	2
47923	0	1346412	2
47923	0	1488918	2
47923	0	1488919	1
47923	0	1681331	3
47923	0	1681332	5
47923	0	1681333	4
47923	0	1681334	5
47923	0	1681336	5
47923	0	1681337	3
47923	0	1681338	2
47923	0	1681339	5
47923	0	1681340	4
47923	0	1827449	3
47923	0	1827452	4
47923	0	1868437	4
47923	0	1868438	0
47923	0	1868442	0
47923	0	2044900	3
47923	0	2135499	2
47923	0	2284128	1
47923	0	2284134	1
47923	0	2408264	2
47923	0	2508227	0
47923	0	2699736	0
47923	0	2831042	2
47923	0	291219	0
47923	0	3348834	2
47923	0	3348838	3
47923	0	3630935	2
47923	0	3688361	2
47923	0	4064327	1
47923	0	4064328	2
47923	0	4119528	2
47923	0	4257344	1
47923	0	4257345	0
47923	0	4297620	5
47923	0	4523464	1
47923	0	4652795	5
47923	0	473807	4
47923	0	473809	5
47923	0	5032362	5
47923	0	5032364	2
47923	0	5147526	4
47923	0	5147527	4
47923	0	5147529	1
47923	0	525507	2
47923	0	525511	3
47923	0	525513	2
47923	0	5282403	2
47923	0	5310902	3
47923	0	5417578	2
47923	0	5417580	4
47923	0	5417581	0
47923	0	5417582	5
47923	0	5417584	1
47923	0	5595916	1
47923	0	5898845	1
47923	0	5898846	2
47923	0	5936354	2
47923	0	5966643	1
47923	0	6111296	1
47923	0	618556	5
47923	0	6191	5
47923	0	6210760	0
47923	0	6222131	2
47923	0	6241147	5
47923	0	6241148	5
47923	0	6241150	5
47923	0	6241151	5
47923	0	6241152	5
47923	0	6241153	4
47923	0	6241154	5
47923	0	6272906	2
47923	0	6643066	5
47923	0	6919836	4
47923	0	6919841	1
47923	0	7038128	3
47923	0	7071695	0
47923	0	7137895	1
47923	0	7417276	2
47923	0	7747055	2
47923	0	7902936	3
47923	0	7936847	0
47923	0	8110288	2
47923	0	8110289	2
47923	0	8216702	4
47923	0	829484	1
47923	0	8327407	4
47923	0	8348762	5
47923	0	8418678	4
47923	0	8418681	5
47923	0	8418683	5
47923	0	8418686	5
47923	0	8421421	3
47923	0	8641104	4
47923	0	8641106	4
47923	0	8641107	5
47923	0	913042	5
47923	0	986177	5
489204	0	114148	1
489204	0	1167659	0
489204	0	1225589	5
489204	0	1225591	3
489204	0	1228655	2
489204	0	1231677	3
489204	0	1276947	3
489204	0	1319513	2
489204	0	1418931	1
489204	0	1418933	2
489204	0	1418935	1
489204	0	1418937	2
489204	0	1430550	3
489204	0	152948	5
489204	0	152954	5
489204	0	1538587	1
489204	0	173119	1
489204	0	1759354	4
489204	0	1759357	0
489204	0	1759360	0
489204	0	1778458	3
489204	0	185678	4
489204	0	185679	2
489204	0	1950273	2
489204	0	216490	2
489204	0	216492	4
489204	0	2268651	5
489204	0	2268652	4
489204	0	2268656	2
489204	0	2268657	3
489204	0	3053137	1
489204	0	3053140	4
489204	0	3608627	1
489204	0	3728441	0
489204	0	3728445	5
489204	0	4029846	1
489204	0	4142348	2
489204	0	416864	2
489204	0	4279451	2
489204	0	4387756	2
489204	0	4586570	5
489204	0	4890939	2
489204	0	4917998	4
489204	0	5005765	5
489204	0	5107817	1
489204	0	5107824	2
489204	0	533017	3
489204	0	5541650	5
489204	0	5629373	1
489204	0	5815957	5
489204	0	5842847	5
489204	0	5842850	5
489204	0	5895917	5
489204	0	6087663	3
489204	0	6087666	5
489204	0	6087671	2
489204	0	6327174	5
489204	0	6327175	5
489204	0	6327177	5
489204	0	6327181	4
489204	0	6327182	0
489204	0	6343845	3
489204	0	6362205	4
489204	0	6542578	5
489204	0	66437	2
489204	0	6652051	4
489204	0	6652052	5
489204	0	6661536	0
489204	0	6665318	2
489204	0	6665319	2
489204	0	6665321	2
489204	0	678245	2
489204	0	6894988	1
489204	0	6952550	1
489204	0	6964307	0
489204	0	7113153	4
489204	0	7116533	1
489204	0	753265	4
489204	0	7734612	0
489204	0	8376905	2
489204	0	8376907	1
489204	0	8376910	2
489204	0	8463820	5
489204	0	8463823	3
489204	0	855963	4
489204	0	855967	1
489204	0	855969	0
489204	0	855972	5
489204	0	8594271	5
489204	0	8594272	5
489204	0	8594273	4
489204	0	8594276	0
489204	0	8594277	2
489204	0	8594280	4
489204	0	8737051	5
489204	0	8737053	2
489204	0	8781574	5
489204	0	8781575	2
489204	0	890797	5
489204	0	973923	4
490595	0	1044147	1
490595	0	1160847	5
490595	0	1194055	1
490595	0	1194060	1
490595	0	1288938	3
490595	0	1288942	3
490595	0	1288943	2
490595	0	1288946	2
490595	0	1473259	4
490595	0	1554695	1
490595	0	1620438	2
490595	0	1652460	5
490595	0	1814180	2
490595	0	1929910	5
490595	0	1929911	5
490595	0	2433509	1
490595	0	2668007	0
490595	0	3497870	0
490595	0	3833407	4
490595	0	3833409	2
490595	0	3833413	2
490595	0	3833414	2
490595	0	3937195	4
490595	0	3937196	5
490595	0	3937197	5
490595	0	3937199	1
490595	0	3937200	4
490595	0	3937201	3
490595	0	3937202	2
490595	0	3937203	5
490595	0	3937204	2
490595	0	4082315	1
490595	0	4082319	0
490595	0	4292443	2
490595	0	4737059	5
490595	0	4737060	5
490595	0	4737061	5
490595	0	4737062	4
490595	0	4737063	5
490595	0	4737064	4
490595	0	4737065	4
490595	0	4737066	5
490595	0	4737067	2
490595	0	4737068	4
490595	0	4763066	3
490595	0	4763068	2
490595	0	4763070	1
490595	0	4771671	1
490595	0	4842889	5
490595	0	4842890	5
490595	0	4842891	5
490595	0	4842894	3
490595	0	4842895	2
490595	0	4842896	4
490595	0	4842897	5
490595	0	4865130	0
490595	0	5112294	3
490595	0	5128293	3
490595	0	5247992	5
490595	0	5247999	5
490595	0	5248000	3
490595	0	526093	3
490595	0	5359208	0
490595	0	5359212	4
490595	0	5359213	4
490595	0	549465	5
490595	0	549466	4
490595	0	5633627	2
490595	0	5633631	2
490595	0	6045591	2
490595	0	6045596	2
490595	0	6066623	0
490595	0	6412650	2
490595	0	6686784	2
490595	0	6742119	5
490595	0	6971306	0
490595	0	6976956	0
490595	0	6976960	0
490595	0	7045861	0
490595	0	7065739	1
490595	0	7340532	4
490595	0	7422680	2
490595	0	7698191	1
490595	0	777201	1
490595	0	7839903	2
490595	0	7839904	1
490595	0	7839906	1
490595	0	7968900	2
490595	0	805046	5
490595	0	805047	4
490595	0	805048	5
490595	0	805050	4
490595	0	805051	5
490595	0	805052	2
490595	0	8485139	5
490595	0	8485140	3
490595	0	8485141	5
490595	0	8485142	2
490595	0	8709994	2
490595	0	903932	1
527433	0	1000485	5
527433	0	1101466	1
527433	0	1125933	1
527433	0	1187918	5
527433	0	1212783	0
527433	0	1251475	0
527433	0	1251480	2
527433	0	126710	4
527433	0	1379237	5
527433	0	1379238	5
527433	0	1379239	2
527433	0	1379240	5
527433	0	1379245	5
527433	0	1511548	3
527433	0	1511549	2
527433	0	1511551	4
527433	0	1511553	2
527433	0	1511556	3
527433	0	1664523	5
527433	0	1753604	0
527433	0	1753981	2
527433	0	2496224	1
527433	0	2496227	3
527433	0	2565413	5
527433	0	269422	4
527433	0	269423	4
527433	0	269424	2
527433	0	269425	4
527433	0	269426	4
527433	0	269428	5
527433	0	269430	3
527433	0	2722036	4
527433	0	286501	1
527433	0	291606	2
527433	0	3093197	3
527433	0	3124961	0
527433	0	3136618	0
527433	0	3224400	2
527433	0	3294599	5
527433	0	3294600	2
527433	0	3774360	2
527433	0	3786813	4
527433	0	3835729	5
527433	0	3835731	5
527433	0	3835736	5
527433	0	4046875	1
527433	0	4046876	2
527433	0	4351170	3
527433	0	4351179	0
527433	0	4402992	5
527433	0	4402995	4
527433	0	467601	5
527433	0	4958697	0
527433	0	5466807	5
527433	0	5466809	4
527433	0	5466810	5
527433	0	5479497	1
527433	0	5479502	2
527433	0	5603305	3
527433	0	5672164	1
527433	0	5690943	1
527433	0	6038397	4
527433	0	6038403	0
527433	0	6038404	1
527433	0	6038411	1
527433	0	6065683	1
527433	0	6186391	5
527433	0	6186393	5
527433	0	6186394	3
527433	0	6186395	2
527433	0	6214994	1
527433	0	6214995	4
527433	0	6215001	5
527433	0	6394981	1
527433	0	6398041	5
527433	0	6498113	0
527433	0	653101	2
527433	0	6595634	2
527433	0	6735245	1
527433	0	7514088	4
527433	0	7514090	0
527433	0	7607669	5
527433	0	7748145	1
527433	0	7748146	2
527433	0	8306449	3
527433	0	8306450	2
527433	0	8306451	5
527433	0	8371764	2
527433	0	8617267	4
527433	0	8617269	2
527433	0	8617270	2
527433	0	8617271	5
527433	0	8617272	2
527433	0	8617273	4
527433	0	8617274	5
527433	0	8617276	2
527433	0	8761458	2
527433	0	8827925	2
527433	0	8827928	3
527433	0	953162	2
573724	0	1005335	2
573724	0	1005338	2
573724	0	1005341	1
573724	0	104856	1
573724	0	1165128	2
573724	0	1165129	5
573724	0	1293333	2
573724	0	1509939	0
573724	0	1509940	5
573724	0	1509942	5
573724	0	1509943	1
573724	0	1509944	4
573724	0	162145	2
573724	0	162151	5
573724	0	1816038	5
573724	0	2133806	4
573724	0	2417985	1
573724	0	2635262	5
573724	0	3059590	3
573724	0	3059593	3
573724	0	3146236	4
573724	0	3146238	5
573724	0	3146240	2
573724	0	3365631	3
573724	0	3365632	4
573724	0	3365633	4
573724	0	3365635	2
573724	0	3365636	5
573724	0	3365637	1
573724	0	3365638	5
573724	0	3365639	1
573724	0	340830	1
573724	0	3412325	1
573724	0	3492364	2
573724	0	3617636	3
573724	0	394136	5
573724	0	394138	5
573724	0	394139	4
573724	0	394141	4
573724	0	394142	5
573724	0	4017883	2
573724	0	4041520	1
573724	0	4360246	2
573724	0	5047796	5
573724	0	5185664	1
573724	0	5185671	1
573724	0	5310530	5
573724	0	5339620	5
573724	0	5384308	1
573724	0	5721829	5
573724	0	5721831	3
573724	0	5962420	2
573724	0	5962423	4
573724	0	5962424	2
573724	0	5962425	0
573724	0	5962426	2
573724	0	5962427	0
573724	0	5962428	4
573724	0	6113247	0
573724	0	6496777	2
573724	0	6776717	5
573724	0	7104825	5
573724	0	7104826	2
573724	0	7104827	3
573724	0	7199667	2
573724	0	7199669	5
573724	0	7199672	2
573724	0	7199673	5
573724	0	7199674	0
573724	0	7199675	3
573724	0	7275118	1
573724	0	7384329	1
573724	0	7384331	3
573724	0	7384332	4
573724	0	7384333	0
573724	0	7530702	0
573724	0	7609926	2
573724	0	7609927	4
573724	0	7609928	4
573724	0	7609929	0
573724	0	7609930	2
573724	0	7609932	1
573724	0	7609933	0
573724	0	7674858	2
573724	0	7674859	5
573724	0	7964601	4
573724	0	8047166	2
573724	0	8318905	2
573724	0	8441637	4
573724	0	8441642	5
573724	0	8444726	0
573724	0	8444727	2
573724	0	8444728	4
573724	0	87400	3
573724	0	87404	2
573724	0	87405	5
573724	0	87409	2
573724	0	8833192	5
573724	0	8833194	5
573724	0	8833199	3
833860	0	1187661	3
833860	0	1327051	1
833860	0	1361867	2
833860	0	1501736	4
833860	0	1524399	0
833860	0	1799624	1
833860	0	1889863	5
833860	0	2022685	3
833860	0	2022688	4
833860	0	2022689	2
833860	0	2037474	1
833860	0	2206194	5
833860	0	2206195	5
833860	0	2206196	5
833860	0	2206197	5
833860	0	2206198	2
833860	0	2206200	2
833860	0	223308	2
833860	0	2672510	0
833860	0	2702357	4
833860	0	2792242	2
833860	0	3087477	1
833860	0	3087479	4
833860	0	3087481	5
833860	0	3087483	1
833860	0	3320119	1
833860	0	3394881	0
833860	0	3394884	1
833860	0	3437281	5
833860	0	3437283	3
833860	0	3437284	5
833860	0	3437285	3
833860	0	3437286	5
833860	0	3437288	5
833860	0	3437289	4
833860	0	3437290	4
833860	0	3767859	3
833860	0	4046122	1
833860	0	4431446	4
833860	0	4461904	1
833860	0	474455	0
833860	0	4881965	5
833860	0	4983652	2
833860	0	5167510	5
833860	0	5167512	2
833860	0	5167513	5
833860	0	5167518	5
833860	0	5196182	0
833860	0	5268870	2
833860	0	5268871	1
833860	0	5407712	4
833860	0	5417403	1
833860	0	5652528	0
833860	0	5832657	4
833860	0	5832662	2
833860	0	5832665	1
833860	0	596153	3
833860	0	6083481	2
833860	0	6182014	0
833860	0	6211800	2
833860	0	6211801	2
833860	0	6218032	5
833860	0	6218035	2
833860	0	6218036	2
833860	0	6218040	2
833860	0	6230220	5
833860	0	6230221	5
833860	0	6230222	5
833860	0	6230223	4
833860	0	6230224	4
833860	0	6230225	3
833860	0	6230226	5
833860	0	6230227	5
833860	0	6230228	4
833860	0	6230229	5
833860	0	6301693	2
833860	0	6672273	3
833860	0	6812180	3
833860	0	6875877	1
833860	0	6943598	2
833860	0	6943600	2
833860	0	6943602	0
833860	0	7038170	2
833860	0	7061642	2
833860	0	7140183	0
833860	0	7526106	1
833860	0	767542	2
833860	0	7706738	4
833860	0	771855	2
833860	0	7831470	0
833860	0	7944293	4
833860	0	8344031	5
833860	0	8697642	3
833860	0	8813242	2
833860	0	8833502	5
833860	0	8833504	4
833860	0	8833506	5
833860	0	8833507	2
833860	0	8833509	5
833860	0	918663	1
855410	0	1047903	4
855410	0	107007	4
855410	0	1094085	4
855410	0	1147838	2
855410	0	1186979	2
855410	0	1265640	1
855410	0	1375118	4
855410	0	1601632	4
855410	0	1601633	5
855410	0	1819434	2
855410	0	1823202	1
855410	0	1865662	0
855410	0	1943019	2
855410	0	2077825	5
855410	0	2273664	4
855410	0	2320432	2
855410	0	235313	5
855410	0	2499353	1
855410	0	2531712	2
855410	0	2699630	2
855410	0	2699633	2
855410	0	2890365	5
855410	0	290393	2
855410	0	290399	3
855410	0	2956083	2
855410	0	2956088	4
855410	0	3029131	3
855410	0	3395167	3
855410	0	3616245	0
855410	0	3723413	5
855410	0	3723415	5
855410	0	3899594	3
855410	0	3946565	5
855410	0	3950388	0
855410	0	4280787	2
855410	0	4280789	1
855410	0	4492814	4
855410	0	4492820	1
855410	0	4544524	4
855410	0	4550443	2
855410	0	4550444	2
855410	0	4554616	3
855410	0	4806059	5
855410	0	4806060	2
855410	0	4806061	2
855410	0	4905096	1
855410	0	4949888	0
855410	0	4949892	0
855410	0	5053555	5
855410	0	5053561	4
855410	0	5054952	1
855410	0	5054953	3
855410	0	5170091	2
855410	0	5227585	2
855410	0	5238596	1
855410	0	5501406	1
855410	0	5501411	1
855410	0	5886095	4
855410	0	5980107	4
855410	0	6206276	3
855410	0	6257436	1
855410	0	6385718	1
855410	0	6385723	2
855410	0	6385724	5
855410	0	6438956	1
855410	0	6468667	1
855410	0	6522121	4
855410	0	6658891	4
855410	0	6792307	0
855410	0	681984	5
855410	0	681993	5
855410	0	6897274	2
855410	0	6933293	4
855410	0	7380061	0
855410	0	7835607	2
855410	0	8157623	5
855410	0	8157631	5
855410	0	8157632	5
855410	0	8442441	2
855410	0	8442446	3
855410	0	8458402	2
855410	0	8543388	5
855410	0	8543392	5
855410	0	8543394	3
855410	0	8596531	3
855410	0	8645167	0
855410	0	8647049	2
855410	0	8647051	2
855410	0	8651770	5
855410	0	8651771	5
855410	0	8651772	5
855410	0	8651773	5
855410	0	8651775	5
855410	0	8651776	5
855410	0	8711527	2
855410	0	8792394	5
855410	0	902854	5
855410	0	944479	0
855410	0	995377	1
855410	0	995381	0
87181	0	1059517	2
87181	0	123547	4
87181	0	1700168	2
87181	0	1766470	2
87181	0	1950526	5
87181	0	1950532	5
87181	0	1961300	0
87181	0	1992881	2
87181	0	2024860	2
87181	0	2307974	2
87181	0	2307979	4
87181	0	2530227	5
87181	0	2530252	4
87181	0	2530257	4
87181	0	2556144	2
87181	0	2556149	1
87181	0	2556150	2
87181	0	2556151	4
87181	0	2556153	3
87181	0	2986227	5
87181	0	3216315	5
87181	0	3216319	5
87181	0	3914970	5
87181	0	4632251	2
87181	0	4639455	5
87181	0	4689523	5
87181	0	4689524	1
87181	0	4689525	5
87181	0	47203	2
87181	0	47204	1
87181	0	47206	1
87181	0	47207	3
87181	0	47210	3
87181	0	47211	2
87181	0	47212	1
87181	0	4786305	5
87181	0	5103077	1
87181	0	5103082	0
87181	0	5103083	4
87181	0	5197130	2
87181	0	5197133	4
87181	0	5197135	4
87181	0	5197138	0
87181	0	5469038	5
87181	0	5497677	4
87181	0	5503697	0
87181	0	5753301	2
87181	0	5758954	3
87181	0	5899049	2
87181	0	6129695	1
87181	0	6482229	0
87181	0	6484575	5
87181	0	6484576	5
87181	0	6484577	2
87181	0	6484578	1
87181	0	6521360	2
87181	0	6521365	1
87181	0	6521366	5
87181	0	6521367	3
87181	0	6685092	5
87181	0	6747685	0
87181	0	6774305	3
87181	0	6969187	4
87181	0	7057928	3
87181	0	742425	5
87181	0	7504775	2
87181	0	753721	2
87181	0	7586365	3
87181	0	7666828	2
87181	0	7666831	1
87181	0	8037179	1
87181	0	8049855	2
87181	0	8151921	3
87181	0	8151922	2
87181	0	8151926	5
87181	0	8165400	0
87181	0	8165401	4
87181	0	8165403	1
87181	0	8165404	1
87181	0	8332546	5
87181	0	8332547	5
87181	0	8332551	1
87181	0	8332555	4
87181	0	8356380	1
87181	0	8499367	0
87181	0	8522403	3
87181	0	8534130	4
87181	0	8534133	2
87181	0	8534134	5
87181	0	8534135	5
87181	0	8534136	4
87181	0	8565420	5
87181	0	8614359	0
87181	0	8614360	0
87181	0	8664069	4
87181	0	8683178	2
87181	0	8683181	2
87181	0	8683183	5
87181	0	8683185	5
87181	0	8738510	2
87452	0	110898	1
87452	0	119524	0
87452	0	119526	0
87452	0	1395625	5
87452	0	1395631	2
87452	0	1395633	2
87452	0	1518500	1
87452	0	1533416	1
87452	0	1598547	0
87452	0	1749882	0
87452	0	186931	5
87452	0	186939	5
87452	0	1890452	5
87452	0	2026774	0
87452	0	2026777	0
87452	0	2127122	0
87452	0	2205470	4
87452	0	2624886	5
87452	0	2771908	0
87452	0	3732121	3
87452	0	3809020	1
87452	0	4008486	5
87452	0	4307932	4
87452	0	4307935	2
87452	0	4307936	5
87452	0	4307938	2
87452	0	4307941	2
87452	0	4496461	1
87452	0	4557554	0
87452	0	4634899	3
87452	0	4846191	2
87452	0	4846192	2
87452	0	4846194	2
87452	0	4846197	2
87452	0	4846198	2
87452	0	4866237	1
87452	0	4866238	1
87452	0	4872055	4
87452	0	4993648	2
87452	0	5180105	1
87452	0	5219890	2
87452	0	5286924	5
87452	0	5500606	1
87452	0	5746165	1
87452	0	5746167	2
87452	0	5751686	4
87452	0	5851090	2
87452	0	5851095	2
87452	0	6018160	5
87452	0	6018161	3
87452	0	6018162	5
87452	0	6018163	5
87452	0	6018164	5
87452	0	6018165	5
87452	0	6018166	3
87452	0	6018167	3
87452	0	6018168	5
87452	0	6018169	4
87452	0	6159692	1
87452	0	7166743	2
87452	0	7166746	2
87452	0	7166749	1
87452	0	7166751	2
87452	0	7261521	1
87452	0	7261524	1
87452	0	7304545	0
87452	0	7641652	2
87452	0	7843982	4
87452	0	7843984	5
87452	0	7965004	3
87452	0	7965011	4
87452	0	8055174	2
87452	0	8081930	3
87452	0	8081937	4
87452	0	8126315	2
87452	0	8152220	3
87452	0	8152222	3
87452	0	8152225	1
87452	0	8213478	5
87452	0	8213486	2
87452	0	8333912	4
87452	0	8333913	2
87452	0	8333917	5
87452	0	8333919	5
87452	0	8333920	5
87452	0	8333921	5
87452	0	8436571	4
87452	0	8436572	4
87452	0	8436573	2
87452	0	8436574	4
87452	0	8436575	5
87452	0	8436576	3
87452	0	8436578	4
87452	0	8436579	5
87452	0	8436580	2
87452	0	8819111	5
87452	0	8819112	5
87452	0	8819113	4
87452	0	8819114	4
87452	0	8819116	5
915593	0	1396701	1
915593	0	1396705	2
915593	0	1396708	3
915593	0	1772930	3
915593	0	1972028	5
915593	0	2210590	4
915593	0	2210591	4
915593	0	2210592	4
915593	0	2210593	5
915593	0	2210594	2
915593	0	2210595	3
915593	0	2210596	2
915593	0	2210597	2
915593	0	2588143	2
915593	0	2744909	2
915593	0	2915475	0
915593	0	3069424	1
915593	0	3143377	3
915593	0	3375966	2
915593	0	3485338	5
915593	0	3523602	0
915593	0	3538160	5
915593	0	3538161	5
915593	0	3538163	5
915593	0	3538164	4
915593	0	3538166	3
915593	0	3538168	5
915593	0	3573473	1
915593	0	3573477	1
915593	0	3573478	5
915593	0	3573479	1
915593	0	3890492	0
915593	0	3930156	5
915593	0	3991910	4
915593	0	4566815	3
915593	0	4566816	4
915593	0	4566817	3
915593	0	4566818	4
915593	0	4566819	2
915593	0	4566822	2
915593	0	4566823	2
915593	0	4691129	2
915593	0	4834226	3
915593	0	4998398	5
915593	0	5931262	5
915593	0	5931553	2
915593	0	649106	0
915593	0	6546464	0
915593	0	6761340	2
915593	0	6761341	5
915593	0	6761344	5
915593	0	6761346	0
915593	0	6761348	2
915593	0	6849965	1
915593	0	6923052	1
915593	0	6923054	2
915593	0	698385	2
915593	0	7709320	5
915593	0	7715653	2
915593	0	7715657	0
915593	0	7742098	3
915593	0	7837084	1
915593	0	7837086	1
915593	0	7861751	4
915593	0	8002852	3
915593	0	8029524	5
915593	0	8029525	2
915593	0	8029527	5
915593	0	8029532	0
915593	0	8029533	2
915593	0	8103065	5
915593	0	8103067	5
915593	0	8103068	0
915593	0	8178996	1
915593	0	8178998	4
915593	0	8178999	4
915593	0	8179005	1
915593	0	82105	2
915593	0	82106	5
915593	0	82107	5
915593	0	82108	5
915593	0	82109	4
915593	0	82110	4
915593	0	82111	1
915593	0	82113	5
915593	0	82114	1
915593	0	8275207	2
915593	0	8402968	4
915593	0	8402969	4
915593	0	8402970	5
915593	0	8402971	5
915593	0	8402972	5
915593	0	8402973	4
915593	0	8402974	2
915593	0	8420020	2
915593	0	8455303	1
915593	0	8455304	1
915593	0	8455306	0
915593	0	8681775	2
915593	0	8835904	2
962179	0	1645080	5
962179	0	1882903	4
962179	0	2017001	2
962179	0	2017003	2
962179	0	2131895	1
962179	0	2131896	0
962179	0	2186434	0
962179	0	220191	2
962179	0	2329692	4
962179	0	2329693	4
962179	0	2329694	3
962179	0	2329695	4
962179	0	2329696	4
962179	0	2329697	5
962179	0	2329699	5
962179	0	2329700	4
962179	0	2329701	5
962179	0	2589902	2
962179	0	2589904	2
962179	0	2589905	2
962179	0	2632688	0
962179	0	2697161	3
962179	0	2697162	1
962179	0	2781435	1
962179	0	2978863	3
962179	0	2978864	5
962179	0	2978865	5
962179	0	2978866	5
962179	0	2978867	1
962179	0	2978868	3
962179	0	2978869	5
962179	0	2978870	4
962179	0	2978871	5
962179	0	302861	2
962179	0	302867	1
962179	0	3033200	1
962179	0	3046926	2
962179	0	3111420	0
962179	0	3173623	0
962179	0	3173625	1
962179	0	3422319	2
962179	0	3705165	4
962179	0	3896629	3
962179	0	3896632	5
962179	0	4209397	2
962179	0	4257871	3
962179	0	4257872	4
962179	0	4257873	3
962179	0	4511499	5
962179	0	4511503	5
962179	0	4606386	5
962179	0	4606387	5
962179	0	4606388	4
962179	0	4610583	0
962179	0	5105844	1
962179	0	5268432	2
962179	0	529450	1
962179	0	5329867	3
962179	0	534563	5
962179	0	536176	5
962179	0	536177	2
962179	0	536178	2
962179	0	5653655	1
962179	0	5653656	2
962179	0	5653657	1
962179	0	5653659	5
962179	0	5919340	5
962179	0	5919342	5
962179	0	5931179	1
962179	0	6186348	2
962179	0	6675259	3
962179	0	6675260	2
962179	0	6675262	2
962179	0	6675264	2
962179	0	6898289	5
962179	0	6898293	4
962179	0	6901240	2
962179	0	6904860	2
962179	0	6904861	1
962179	0	6904862	0
962179	0	6904863	1
962179	0	6980697	5
962179	0	7126025	2
962179	0	7428149	2
962179	0	7733807	5
962179	0	7733810	4
962179	0	8032264	2
962179	0	8739706	0
962179	0	8768354	1
962179	0	8785367	5
962179	0	8785368	3
962179	0	8785369	5
962179	0	8785370	0
962179	0	8785371	5
962179	0	8785372	2
962179	0	8785373	4
962179	0	8785374	4
962179	0	8785375	4
962179	0	8811422	0
962179	0	963708	2
