1037798	0	1057605	0
1037798	0	1137775	0
1037798	0	1149704	0
1037798	0	1232011	0
1037798	0	1232012	0
1037798	0	1308037	0
1037798	0	1499298	0
1037798	0	1520771	1
1037798	0	1520773	1
1037798	0	1715850	0
1037798	0	1780966	0
1037798	0	2157450	0
1037798	0	2157456	0
1037798	0	2232394	0
1037798	0	2256138	0
1037798	0	2266020	0
1037798	0	2354063	0
1037798	0	2403951	0
1037798	0	2403955	0
1037798	0	2572535	0
1037798	0	2608688	1
1037798	0	2634475	0
1037798	0	2787508	0
1037798	0	2863296	0
1037798	0	2868741	0
1037798	0	2914156	0
1037798	0	2970896	0
1037798	0	3030654	0
1037798	0	3030655	0
1037798	0	3167284	1
1037798	0	3295328	0
1037798	0	3387556	1
1037798	0	3620983	1
1037798	0	3641442	0
1037798	0	3641634	1
1037798	0	3641640	1
1037798	0	3673022	0
1037798	0	3681010	0
1037798	0	4083926	0
1037798	0	4095286	1
1037798	0	4114353	0
1037798	0	4227882	0
1037798	0	4273497	0
1037798	0	4291373	0
1037798	0	4296396	0
1037798	0	4297400	0
1037798	0	4297405	0
1037798	0	4439951	0
1037798	0	4482918	0
1037798	0	4714121	0
1037798	0	4788864	0
1037798	0	4877594	0
1037798	0	4936037	0
1037798	0	4974552	1
1037798	0	5099520	0
1037798	0	5171588	0
1037798	0	5438881	1
1037798	0	5538667	0
1037798	0	5702713	1
1037798	0	5732889	1
1037798	0	5748541	0
1037798	0	5753978	0
1037798	0	5904351	0
1037798	0	6060285	0
1037798	0	6155141	1
1037798	0	6421952	0
1037798	0	6511237	0
1037798	0	6511240	0
1037798	0	6605198	0
1037798	0	6605199	0
1037798	0	6765783	0
1037798	0	6912814	0
1037798	0	720665	1
1037798	0	7253357	0
1037798	0	7466652	1
1037798	0	7780938	0
1037798	0	7822415	1
1037798	0	7827293	0
1037798	0	7943228	0
1037798	0	7950016	0
1037798	0	7967207	1
1037798	0	7995048	0
1037798	0	8010124	0
1037798	0	8087396	0
1037798	0	811306	0
1037798	0	8223340	0
1037798	0	8230221	0
1037798	0	8355398	0
1037798	0	8417086	0
1037798	0	8537479	1
1037798	0	8717816	0
1037798	0	8760864	0
1037798	0	8760866	1
1037798	0	8760867	1
1037798	0	8760868	1
1037798	0	8760870	1
1037798	0	8760871	1
1037798	0	8760873	0
1037798	0	8820474	0
1037798	0	994978	1
104861	0	1017085	0
104861	0	1017092	1
104861	0	1046334	1
104861	0	125332	0
104861	0	1304632	1
104861	0	1313687	1
104861	0	1313691	1
104861	0	1365744	0
104861	0	1424216	0
104861	0	146170	1
104861	0	146178	0
104861	0	1811410	1
104861	0	1948963	1
104861	0	1995989	0
104861	0	2158194	0
104861	0	2377050	1
104861	0	2471336	0
104861	0	2600385	0
104861	0	2916636	1
104861	0	2958127	0
104861	0	2958131	0
104861	0	2958133	0
104861	0	314919	0
104861	0	3915516	0
104861	0	3925933	1
104861	0	3928196	0
104861	0	4019224	0
104861	0	409268	1
104861	0	4197096	0
104861	0	4350441	0
104861	0	4563275	0
104861	0	459675	0
104861	0	459676	0
104861	0	4717134	0
104861	0	4930174	0
104861	0	4961345	0
104861	0	5073463	0
104861	0	5101716	0
104861	0	5110656	0
104861	0	5150431	0
104861	0	5150438	1
104861	0	5248340	1
104861	0	5248341	1
104861	0	5379458	0
104861	0	5405670	0
104861	0	5598961	0
104861	0	5607729	0
104861	0	5667474	1
104861	0	5670527	0
104861	0	5688415	1
104861	0	5688416	1
104861	0	5688417	1
104861	0	5688420	1
104861	0	5703400	1
104861	0	5703401	1
104861	0	5778133	0
104861	0	5801822	1
104861	0	5836442	1
104861	0	5864689	0
104861	0	5864693	0
104861	0	6056677	1
104861	0	6156641	0
104861	0	6187055	1
104861	0	6200735	0
104861	0	6200737	0
104861	0	6202527	0
104861	0	6241793	0
104861	0	629274	1
104861	0	629278	1
104861	0	6351571	1
104861	0	6391586	0
104861	0	6436838	0
104861	0	6518057	0
104861	0	6566321	0
104861	0	6585554	1
104861	0	6653676	1
104861	0	6658615	0
104861	0	6704672	1
104861	0	672931	0
104861	0	6788423	0
104861	0	715676	0
104861	0	7186729	0
104861	0	7204477	0
104861	0	7462393	0
104861	0	7506026	0
104861	0	7506028	0
104861	0	7666364	0
104861	0	7817767	0
104861	0	8131235	0
104861	0	8138536	0
104861	0	8141081	0
104861	0	8259116	1
104861	0	8260035	1
104861	0	8260037	0
104861	0	8400531	0
104861	0	8495099	1
104861	0	8516149	0
104861	0	8546159	0
104861	0	8546162	1
104861	0	8546679	0
1063750	0	1126299	1
1063750	0	1449750	1
1063750	0	1506582	1
1063750	0	1747827	1
1063750	0	2197526	1
1063750	0	2230090	1
1063750	0	2391457	1
1063750	0	2489562	1
1063750	0	2516	1
1063750	0	2531262	1
1063750	0	2737817	1
1063750	0	2741096	1
1063750	0	2868845	1
1063750	0	2881841	1
1063750	0	292715	1
1063750	0	292720	1
1063750	0	2981566	1
1063750	0	2992036	1
1063750	0	2997653	1
1063750	0	3057055	1
1063750	0	3327051	1
1063750	0	3388270	1
1063750	0	3419021	1
1063750	0	3419024	1
1063750	0	3610446	1
1063750	0	3633193	1
1063750	0	3633196	1
1063750	0	3765643	1
1063750	0	3805477	1
1063750	0	3959834	1
1063750	0	3985729	1
1063750	0	4035182	1
1063750	0	4096516	1
1063750	0	4164404	1
1063750	0	4164408	1
1063750	0	4318010	1
1063750	0	4329899	1
1063750	0	4330928	1
1063750	0	4337526	1
1063750	0	4337527	1
1063750	0	4349323	1
1063750	0	4414266	1
1063750	0	4788295	1
1063750	0	4788296	1
1063750	0	4788297	1
1063750	0	4788299	1
1063750	0	4823168	1
1063750	0	4823169	1
1063750	0	4844353	1
1063750	0	4895432	1
1063750	0	5057642	1
1063750	0	5061526	1
1063750	0	5123011	1
1063750	0	5236487	1
1063750	0	5256198	1
1063750	0	5307035	1
1063750	0	5442717	1
1063750	0	5511493	1
1063750	0	5539843	1
1063750	0	5659951	1
1063750	0	5937604	1
1063750	0	5971113	1
1063750	0	6093904	1
1063750	0	6093907	1
1063750	0	621072	1
1063750	0	6312813	1
1063750	0	6407369	1
1063750	0	6436703	1
1063750	0	6666451	1
1063750	0	6796349	1
1063750	0	6796352	1
1063750	0	6992949	1
1063750	0	7215631	1
1063750	0	7230839	1
1063750	0	7242446	1
1063750	0	7244922	1
1063750	0	7412324	1
1063750	0	7412330	1
1063750	0	7466280	1
1063750	0	7466281	1
1063750	0	7493867	1
1063750	0	7494554	1
1063750	0	7614194	1
1063750	0	7778348	1
1063750	0	7778351	1
1063750	0	7783007	1
1063750	0	7881253	1
1063750	0	7937217	1
1063750	0	7952971	1
1063750	0	8093226	1
1063750	0	8093228	1
1063750	0	8182566	1
1063750	0	8354852	1
1063750	0	8378776	1
1063750	0	8670789	1
1063750	0	8689678	1
1063750	0	8689799	1
1063750	0	8778700	1
1063750	0	8809837	1
1063750	0	8809842	1
1103812	0	1059165	1
1103812	0	1059168	1
1103812	0	1241994	0
1103812	0	1527127	1
1103812	0	1583317	1
1103812	0	1659850	1
1103812	0	1659852	1
1103812	0	1736597	0
1103812	0	1783582	1
1103812	0	1783588	1
1103812	0	1785498	1
1103812	0	2250580	0
1103812	0	2332189	1
1103812	0	2379406	0
1103812	0	2379408	1
1103812	0	2379409	1
1103812	0	239599	1
1103812	0	2489484	0
1103812	0	2641953	1
1103812	0	2641960	1
1103812	0	2666747	0
1103812	0	2715494	0
1103812	0	2746387	0
1103812	0	2750961	1
1103812	0	2859495	1
1103812	0	2878679	0
1103812	0	2945096	1
1103812	0	2967948	1
1103812	0	2972402	1
1103812	0	3297503	0
1103812	0	3425644	1
1103812	0	3486832	1
1103812	0	3543021	1
1103812	0	3591094	1
1103812	0	3672742	1
1103812	0	3672744	1
1103812	0	3684042	1
1103812	0	3684048	0
1103812	0	3843263	1
1103812	0	3843267	1
1103812	0	3843271	1
1103812	0	3936549	0
1103812	0	3936550	0
1103812	0	3978768	0
1103812	0	4059416	1
1103812	0	4191304	1
1103812	0	4292848	1
1103812	0	4331707	1
1103812	0	4401695	1
1103812	0	4434352	0
1103812	0	4455026	0
1103812	0	4567920	0
1103812	0	4645341	0
1103812	0	4726841	0
1103812	0	4824831	1
1103812	0	4824834	0
1103812	0	4905647	0
1103812	0	4905650	0
1103812	0	4954261	0
1103812	0	4954262	0
1103812	0	5000627	0
1103812	0	5190505	1
1103812	0	5201198	0
1103812	0	5201200	1
1103812	0	5372067	1
1103812	0	5564936	0
1103812	0	5581284	1
1103812	0	59539	1
1103812	0	5974240	0
1103812	0	5974245	0
1103812	0	5976809	0
1103812	0	6054716	0
1103812	0	6103245	0
1103812	0	6289840	1
1103812	0	6619493	0
1103812	0	6790264	0
1103812	0	6927984	0
1103812	0	6927987	0
1103812	0	7076088	0
1103812	0	7206366	0
1103812	0	7242599	1
1103812	0	7285933	0
1103812	0	7507311	0
1103812	0	7551186	0
1103812	0	8062134	0
1103812	0	8097008	0
1103812	0	8220080	1
1103812	0	8220085	1
1103812	0	8220086	1
1103812	0	8220087	1
1103812	0	8220088	1
1103812	0	8220089	1
1103812	0	8224181	1
1103812	0	8224183	1
1103812	0	8237381	1
1103812	0	8293805	1
1103812	0	8435739	1
1103812	0	864598	0
1103812	0	8792133	0
1103812	0	955560	0
1106007	0	1334328	1
1106007	0	1334335	1
1106007	0	1334336	1
1106007	0	1343769	0
1106007	0	13561	1
1106007	0	13564	1
1106007	0	1530299	1
1106007	0	1918089	1
1106007	0	2143418	1
1106007	0	2143420	0
1106007	0	2165342	1
1106007	0	2294712	1
1106007	0	2384069	1
1106007	0	2464377	1
1106007	0	2464378	1
1106007	0	2513608	1
1106007	0	2513610	1
1106007	0	2602346	0
1106007	0	2602354	0
1106007	0	2621974	1
1106007	0	2621981	1
1106007	0	2623990	1
1106007	0	2677529	0
1106007	0	2704004	1
1106007	0	2777112	1
1106007	0	2777113	1
1106007	0	2798884	1
1106007	0	2866628	1
1106007	0	2960561	1
1106007	0	2960563	1
1106007	0	3137010	0
1106007	0	3174638	1
1106007	0	3260376	1
1106007	0	3263361	1
1106007	0	3390428	1
1106007	0	3427763	1
1106007	0	3537614	0
1106007	0	3745155	1
1106007	0	4000699	0
1106007	0	4001949	1
1106007	0	4004166	1
1106007	0	4089153	1
1106007	0	4120343	1
1106007	0	4173709	1
1106007	0	4255223	1
1106007	0	4359726	1
1106007	0	4606749	1
1106007	0	4747656	0
1106007	0	4753818	1
1106007	0	4753821	1
1106007	0	4953437	1
1106007	0	5174765	1
1106007	0	5228015	1
1106007	0	5228016	1
1106007	0	5279699	1
1106007	0	548434	1
1106007	0	5813635	0
1106007	0	5836920	1
1106007	0	5913574	1
1106007	0	5913575	1
1106007	0	5952125	1
1106007	0	5971071	1
1106007	0	5974974	1
1106007	0	5993697	1
1106007	0	6126194	1
1106007	0	6126197	1
1106007	0	6147546	0
1106007	0	6209484	1
1106007	0	6255354	1
1106007	0	6492973	1
1106007	0	6942456	1
1106007	0	7022723	0
1106007	0	7045935	1
1106007	0	7456197	1
1106007	0	7509690	0
1106007	0	7638713	1
1106007	0	7638716	1
1106007	0	7638720	1
1106007	0	765663	1
1106007	0	7685383	1
1106007	0	7685384	1
1106007	0	7726655	1
1106007	0	8141088	1
1106007	0	8141089	1
1106007	0	814414	1
1106007	0	8199521	1
1106007	0	8203964	0
1106007	0	8204457	1
1106007	0	8204460	0
1106007	0	8204461	0
1106007	0	8204463	0
1106007	0	8204464	1
1106007	0	8214505	1
1106007	0	8348781	0
1106007	0	8521958	0
1106007	0	8649212	0
1106007	0	8802281	1
1106007	0	8811073	0
1106007	0	8811080	1
1106007	0	920778	0
1110199	0	1197690	1
1110199	0	1411495	1
1110199	0	1426939	1
1110199	0	167604	1
1110199	0	1795043	1
1110199	0	1901881	1
1110199	0	1957395	0
1110199	0	2080928	1
1110199	0	2218462	1
1110199	0	2279578	1
1110199	0	2312587	1
1110199	0	2594143	1
1110199	0	2612594	0
1110199	0	2713574	1
1110199	0	2777132	0
1110199	0	2777133	0
1110199	0	2796825	1
1110199	0	2796830	1
1110199	0	2811563	1
1110199	0	2925378	1
1110199	0	3107787	1
1110199	0	3270581	1
1110199	0	3342396	1
1110199	0	3447960	1
1110199	0	357932	1
1110199	0	3588619	1
1110199	0	3588624	1
1110199	0	3609843	1
1110199	0	3647394	1
1110199	0	3684454	1
1110199	0	3722531	1
1110199	0	3817715	1
1110199	0	3838645	1
1110199	0	3934419	1
1110199	0	398442	1
1110199	0	4082283	1
1110199	0	425993	1
1110199	0	4411531	1
1110199	0	4438807	1
1110199	0	4438812	1
1110199	0	4489656	1
1110199	0	4511137	1
1110199	0	4511144	1
1110199	0	4680533	0
1110199	0	4750530	1
1110199	0	4949578	1
1110199	0	5007789	1
1110199	0	5049366	1
1110199	0	507875	1
1110199	0	507878	1
1110199	0	5172684	1
1110199	0	5172688	1
1110199	0	5218014	1
1110199	0	5279606	0
1110199	0	5326655	1
1110199	0	5355385	1
1110199	0	554521	0
1110199	0	554522	1
1110199	0	554529	1
1110199	0	5555051	0
1110199	0	557603	1
1110199	0	557605	1
1110199	0	558317	1
1110199	0	5600214	1
1110199	0	5716613	1
1110199	0	5719120	0
1110199	0	5846443	1
1110199	0	5857921	1
1110199	0	6161010	0
1110199	0	6161016	0
1110199	0	637099	1
1110199	0	6392463	1
1110199	0	6392469	1
1110199	0	6430361	1
1110199	0	6430362	1
1110199	0	6475269	0
1110199	0	6503962	0
1110199	0	6509853	0
1110199	0	6645893	1
1110199	0	6822586	0
1110199	0	6923050	1
1110199	0	6923057	1
1110199	0	7174098	1
1110199	0	7267932	0
1110199	0	735472	1
1110199	0	7369955	1
1110199	0	7628031	1
1110199	0	7680811	1
1110199	0	7821191	1
1110199	0	8113522	1
1110199	0	8160519	1
1110199	0	8160520	1
1110199	0	8160523	1
1110199	0	8160524	1
1110199	0	8160527	1
1110199	0	8267435	0
1110199	0	8301971	1
1110199	0	8301973	1
1110199	0	879019	1
1110199	0	879021	1
1112341	0	1045315	0
1112341	0	1052666	0
1112341	0	1180260	0
1112341	0	1227036	0
1112341	0	1267520	1
1112341	0	1288917	0
1112341	0	1288918	0
1112341	0	1312437	1
1112341	0	1369482	1
1112341	0	1373646	0
1112341	0	1373648	0
1112341	0	1373651	1
1112341	0	1493657	0
1112341	0	1554245	0
1112341	0	1675296	0
1112341	0	2026107	0
1112341	0	2096427	0
1112341	0	2096429	0
1112341	0	2390522	0
1112341	0	2434429	0
1112341	0	2596431	0
1112341	0	2596432	1
1112341	0	2616109	0
1112341	0	2694636	1
1112341	0	2735215	1
1112341	0	2735219	1
1112341	0	2770214	0
1112341	0	2830103	0
1112341	0	2916681	1
1112341	0	3007130	0
1112341	0	3291151	1
1112341	0	3291152	1
1112341	0	3344316	1
1112341	0	3524227	1
1112341	0	3658729	0
1112341	0	3669682	0
1112341	0	3795896	1
1112341	0	400581	0
1112341	0	400582	0
1112341	0	4022846	1
1112341	0	4263743	0
1112341	0	439512	0
1112341	0	4538538	1
1112341	0	4595994	0
1112341	0	4595997	0
1112341	0	4621549	0
1112341	0	4927748	1
1112341	0	4977768	0
1112341	0	5029428	1
1112341	0	508023	1
1112341	0	508024	1
1112341	0	5204825	0
1112341	0	550571	1
1112341	0	5729974	0
1112341	0	5899430	0
1112341	0	5982344	1
1112341	0	6016292	0
1112341	0	6102033	1
1112341	0	6164791	1
1112341	0	6167355	1
1112341	0	6416487	0
1112341	0	6478665	0
1112341	0	6726344	1
1112341	0	6726346	1
1112341	0	6740558	0
1112341	0	6903063	1
1112341	0	6947373	1
1112341	0	7079779	1
1112341	0	7194373	0
1112341	0	7242813	0
1112341	0	733687	0
1112341	0	7349793	0
1112341	0	7597740	1
1112341	0	7635722	0
1112341	0	7718340	0
1112341	0	7747884	0
1112341	0	7915023	0
1112341	0	805834	1
1112341	0	8139249	1
1112341	0	8139251	1
1112341	0	8139255	1
1112341	0	8139256	1
1112341	0	8139258	1
1112341	0	8223035	0
1112341	0	8316213	0
1112341	0	8424594	0
1112341	0	8442174	1
1112341	0	8442177	1
1112341	0	8442178	1
1112341	0	848961	0
1112341	0	8555308	0
1112341	0	8606160	1
1112341	0	8609536	0
1112341	0	8629184	0
1112341	0	8725077	1
1112341	0	8802641	0
1112341	0	883225	0
1112341	0	883227	0
1112341	0	90432	0
1112341	0	90433	0
1113437	0	1066532	1
1113437	0	1280572	1
1113437	0	1287014	1
1113437	0	142150	0
1113437	0	1520227	1
1113437	0	1655114	0
1113437	0	1768729	0
1113437	0	1768734	0
1113437	0	1783459	0
1113437	0	1931169	0
1113437	0	2110583	1
1113437	0	213006	1
1113437	0	213009	1
1113437	0	213011	1
1113437	0	2354940	1
1113437	0	2354941	1
1113437	0	2535148	0
1113437	0	2759673	0
1113437	0	2922427	0
1113437	0	3049193	1
1113437	0	3049194	0
1113437	0	3064610	1
1113437	0	313538	1
1113437	0	313542	1
1113437	0	3325914	0
1113437	0	3329254	0
1113437	0	3436901	0
1113437	0	3436902	0
1113437	0	3518298	1
1113437	0	3518300	1
1113437	0	3990056	0
1113437	0	3997986	1
1113437	0	4016930	1
1113437	0	4016934	1
1113437	0	4016939	1
1113437	0	4111480	0
1113437	0	4186999	0
1113437	0	4193422	0
1113437	0	4216338	1
1113437	0	436902	0
1113437	0	436903	0
1113437	0	4486954	1
1113437	0	4498864	1
1113437	0	4498871	1
1113437	0	4498873	1
1113437	0	4615569	1
1113437	0	4628483	0
1113437	0	4628484	0
1113437	0	4783291	1
1113437	0	4841345	0
1113437	0	4898185	0
1113437	0	4981632	1
1113437	0	5050470	0
1113437	0	5132846	0
1113437	0	5188745	1
1113437	0	5188746	1
1113437	0	520325	1
1113437	0	5215406	0
1113437	0	5215408	0
1113437	0	5313809	1
1113437	0	5545723	1
1113437	0	5546289	1
1113437	0	5720141	0
1113437	0	5748055	0
1113437	0	5938419	1
1113437	0	6017945	1
1113437	0	6021898	1
1113437	0	61756	0
1113437	0	6215772	0
1113437	0	6284746	0
1113437	0	6302495	1
1113437	0	657400	0
1113437	0	657405	0
1113437	0	6597538	1
1113437	0	6601849	1
1113437	0	6992968	1
1113437	0	7126000	0
1113437	0	7277236	1
1113437	0	7306673	0
1113437	0	7385216	1
1113437	0	7385217	1
1113437	0	742037	1
1113437	0	7458700	1
1113437	0	7497491	1
1113437	0	7618558	0
1113437	0	7618564	0
1113437	0	7774459	0
1113437	0	807273	1
1113437	0	807274	1
1113437	0	8128790	1
1113437	0	8128793	1
1113437	0	8128794	1
1113437	0	8128796	1
1113437	0	8128798	1
1113437	0	8133335	0
1113437	0	8162984	1
1113437	0	8299324	0
1113437	0	8336306	1
1113437	0	8363317	1
1113437	0	919328	0
1114646	0	1038132	0
1114646	0	153138	0
1114646	0	1544838	1
1114646	0	1647183	0
1114646	0	1760178	0
1114646	0	1884059	1
1114646	0	2201127	1
1114646	0	2319282	0
1114646	0	2343615	0
1114646	0	2343618	0
1114646	0	2343621	0
1114646	0	2407770	0
1114646	0	2505772	0
1114646	0	2505776	0
1114646	0	2647994	1
1114646	0	266552	1
1114646	0	2676807	1
1114646	0	2911035	1
1114646	0	2911039	1
1114646	0	2911040	1
1114646	0	2995800	0
1114646	0	3056368	1
1114646	0	3092012	0
1114646	0	3123685	0
1114646	0	3184850	1
1114646	0	3184851	1
1114646	0	3467664	1
1114646	0	3467665	1
1114646	0	3470484	1
1114646	0	3741322	0
1114646	0	3828281	0
1114646	0	400352	0
1114646	0	400354	0
1114646	0	4270203	0
1114646	0	4314094	0
1114646	0	4327099	0
1114646	0	4332918	1
1114646	0	4438502	0
1114646	0	444375	0
1114646	0	444382	0
1114646	0	4453440	0
1114646	0	4603841	0
1114646	0	46323	0
1114646	0	4655941	0
1114646	0	4656404	0
1114646	0	4656405	0
1114646	0	4771285	0
1114646	0	4776382	0
1114646	0	4824843	0
1114646	0	4908869	0
1114646	0	4908870	0
1114646	0	5041692	1
1114646	0	5080866	0
1114646	0	5128542	0
1114646	0	5217702	1
1114646	0	5229617	1
1114646	0	5279567	1
1114646	0	5417952	1
1114646	0	5417953	1
1114646	0	5417954	1
1114646	0	5640856	1
1114646	0	5640859	1
1114646	0	5661838	1
1114646	0	5661840	1
1114646	0	579554	1
1114646	0	5829214	0
1114646	0	5836029	1
1114646	0	5959593	1
1114646	0	6120716	0
1114646	0	6157422	0
1114646	0	6214269	0
1114646	0	6348309	1
1114646	0	6455057	0
1114646	0	6501323	0
1114646	0	6589360	0
1114646	0	6704400	1
1114646	0	6704401	1
1114646	0	6711103	1
1114646	0	687064	1
1114646	0	7012106	0
1114646	0	7065010	1
1114646	0	7196956	1
1114646	0	7196961	1
1114646	0	7629822	0
1114646	0	76836	0
1114646	0	7702599	0
1114646	0	771368	1
1114646	0	773300	0
1114646	0	7984234	1
1114646	0	8074924	0
1114646	0	8117087	1
1114646	0	8117088	1
1114646	0	8117092	1
1114646	0	8117093	0
1114646	0	8117094	1
1114646	0	8117095	1
1114646	0	8327369	1
1114646	0	860901	0
1114646	0	8825558	0
1114646	0	898854	0
1114819	0	1002627	0
1114819	0	1009500	0
1114819	0	126884	0
1114819	0	1315993	1
1114819	0	1315994	1
1114819	0	1315997	0
1114819	0	1315998	1
1114819	0	1419798	0
1114819	0	1419801	0
1114819	0	1625836	1
1114819	0	1724520	1
1114819	0	1724523	0
1114819	0	1724528	0
1114819	0	1735443	0
1114819	0	1738242	1
1114819	0	1816958	0
1114819	0	1851540	0
1114819	0	1852066	0
1114819	0	2192058	0
1114819	0	255279	0
1114819	0	2590453	0
1114819	0	2590455	0
1114819	0	2831393	0
1114819	0	2926432	0
1114819	0	3144706	0
1114819	0	3353671	0
1114819	0	344350	1
1114819	0	3781418	1
1114819	0	3781419	0
1114819	0	3906952	0
1114819	0	3906954	1
1114819	0	4064011	0
1114819	0	461344	0
1114819	0	4890560	1
1114819	0	5019830	0
1114819	0	5019832	0
1114819	0	5156171	0
1114819	0	5165249	1
1114819	0	5342188	0
1114819	0	5363582	0
1114819	0	5521373	1
1114819	0	5628952	1
1114819	0	5703157	0
1114819	0	5718417	0
1114819	0	6202321	0
1114819	0	6578914	0
1114819	0	6900767	1
1114819	0	6900769	0
1114819	0	6900773	0
1114819	0	6900774	1
1114819	0	6941478	1
1114819	0	694735	0
1114819	0	6951105	0
1114819	0	7132894	0
1114819	0	7156443	0
1114819	0	750446	0
1114819	0	752644	0
1114819	0	771719	0
1114819	0	7786792	0
1114819	0	7803429	0
1114819	0	783080	0
1114819	0	785027	1
1114819	0	785028	1
1114819	0	8022277	0
1114819	0	8022279	0
1114819	0	8022280	1
1114819	0	8022281	0
1114819	0	8024894	0
1114819	0	8088109	0
1114819	0	8088111	0
1114819	0	8096824	0
1114819	0	8115434	0
1114819	0	8115435	1
1114819	0	8115439	1
1114819	0	8115440	1
1114819	0	8115703	0
1114819	0	8115706	0
1114819	0	812436	0
1114819	0	8321012	0
1114819	0	8336223	0
1114819	0	8336231	0
1114819	0	8336232	0
1114819	0	8480574	0
1114819	0	8508255	0
1114819	0	8579830	0
1114819	0	8579832	0
1114819	0	8625086	1
1114819	0	862869	0
1114819	0	8754395	0
1114819	0	8754397	1
1114819	0	8754398	1
1114819	0	8754399	0
1114819	0	8754400	0
1114819	0	8754403	0
1114819	0	8754404	0
1114819	0	988369	0
1114819	0	988370	1
1114819	0	988373	1
1114819	0	988375	0
1114819	0	988378	0
1115776	0	1328460	0
1115776	0	1328463	0
1115776	0	143334	1
1115776	0	1440028	1
1115776	0	1440035	0
1115776	0	1540838	1
1115776	0	1565105	0
1115776	0	1593007	1
1115776	0	1593008	1
1115776	0	1621981	1
1115776	0	1826911	0
1115776	0	2017908	0
1115776	0	2017909	1
1115776	0	2196566	0
1115776	0	2230476	0
1115776	0	2230477	0
1115776	0	2230480	0
1115776	0	2230483	0
1115776	0	2337363	1
1115776	0	2471196	0
1115776	0	257268	0
1115776	0	258978	0
1115776	0	2903177	0
1115776	0	3081626	1
1115776	0	3276364	0
1115776	0	3296854	0
1115776	0	3366472	0
1115776	0	3411245	1
1115776	0	3469357	1
1115776	0	3680291	0
1115776	0	3743894	0
1115776	0	3977422	0
1115776	0	4051141	0
1115776	0	4314169	1
1115776	0	4314171	1
1115776	0	4314172	1
1115776	0	4314173	1
1115776	0	4314174	1
1115776	0	4314175	1
1115776	0	4314176	1
1115776	0	4314178	1
1115776	0	4620863	1
1115776	0	480800	1
1115776	0	4984390	0
1115776	0	5232955	1
1115776	0	5232963	0
1115776	0	5264931	1
1115776	0	5295699	1
1115776	0	5305147	1
1115776	0	5555296	0
1115776	0	5599692	1
1115776	0	5605159	1
1115776	0	5605160	1
1115776	0	580737	1
1115776	0	600966	0
1115776	0	6246928	0
1115776	0	6251729	0
1115776	0	6397841	0
1115776	0	6616842	0
1115776	0	6616844	0
1115776	0	6702136	0
1115776	0	6747926	1
1115776	0	6919096	0
1115776	0	6934013	1
1115776	0	6934016	1
1115776	0	6989198	1
1115776	0	6989199	0
1115776	0	7129173	1
1115776	0	7129178	1
1115776	0	7183516	1
1115776	0	7318318	0
1115776	0	7442432	0
1115776	0	758999	0
1115776	0	7618005	1
1115776	0	7618006	0
1115776	0	7618008	0
1115776	0	7840022	0
1115776	0	8046348	0
1115776	0	8078183	0
1115776	0	8106318	1
1115776	0	8106320	1
1115776	0	8106321	1
1115776	0	8106322	1
1115776	0	8106323	0
1115776	0	8106324	1
1115776	0	8108815	0
1115776	0	8108818	0
1115776	0	8180097	1
1115776	0	8345724	0
1115776	0	8355020	0
1115776	0	8355028	0
1115776	0	8388343	1
1115776	0	8447122	0
1115776	0	8495250	1
1115776	0	8706770	0
1115776	0	8710004	0
1115776	0	8757348	0
1115776	0	8828147	1
1115776	0	896003	0
1115776	0	941057	1
1117099	0	1013796	0
1117099	0	1068642	0
1117099	0	1174584	0
1117099	0	1197318	0
1117099	0	1212767	0
1117099	0	1445087	0
1117099	0	1551131	0
1117099	0	1570999	0
1117099	0	1632948	0
1117099	0	1798612	1
1117099	0	1798619	1
1117099	0	1798620	1
1117099	0	1986002	0
1117099	0	225482	0
1117099	0	2292116	0
1117099	0	2398222	1
1117099	0	2398223	0
1117099	0	2567188	0
1117099	0	2715359	0
1117099	0	2715363	0
1117099	0	2754430	0
1117099	0	2789022	0
1117099	0	2826254	0
1117099	0	297115	0
1117099	0	3128113	0
1117099	0	3186367	0
1117099	0	3214921	1
1117099	0	334615	1
1117099	0	3349612	1
1117099	0	3412239	1
1117099	0	3427785	0
1117099	0	3427786	0
1117099	0	3543106	1
1117099	0	3633445	0
1117099	0	3729946	1
1117099	0	389980	0
1117099	0	4001644	0
1117099	0	4131489	0
1117099	0	4131491	0
1117099	0	4131492	0
1117099	0	4441325	1
1117099	0	4458506	0
1117099	0	4458509	1
1117099	0	4458512	1
1117099	0	4493492	0
1117099	0	4631857	0
1117099	0	464305	0
1117099	0	4775947	1
1117099	0	4888196	0
1117099	0	5001703	0
1117099	0	5258462	1
1117099	0	5286538	1
1117099	0	5286539	1
1117099	0	5286540	0
1117099	0	5319158	0
1117099	0	5597127	0
1117099	0	5643723	0
1117099	0	5699286	0
1117099	0	5752877	0
1117099	0	5817484	0
1117099	0	5817491	0
1117099	0	6122720	1
1117099	0	6122721	1
1117099	0	6122723	1
1117099	0	6122724	1
1117099	0	6177939	1
1117099	0	6398911	0
1117099	0	6622235	0
1117099	0	6691413	0
1117099	0	6858988	0
1117099	0	6858994	0
1117099	0	696157	1
1117099	0	6993942	1
1117099	0	7077675	0
1117099	0	7153698	0
1117099	0	7153702	0
1117099	0	7172078	0
1117099	0	7407593	0
1117099	0	7431533	0
1117099	0	7610604	0
1117099	0	7676049	0
1117099	0	7722560	0
1117099	0	7868161	0
1117099	0	7868164	0
1117099	0	8079296	0
1117099	0	8093931	1
1117099	0	8093932	1
1117099	0	8093934	1
1117099	0	810080	0
1117099	0	8152830	0
1117099	0	8152834	0
1117099	0	8446501	1
1117099	0	8446502	1
1117099	0	8446504	1
1117099	0	8708306	0
1117099	0	8709226	0
1117099	0	8709227	0
1117099	0	8714082	1
1117099	0	8714085	1
1117099	0	8714087	0
1121402	0	1249687	1
1121402	0	1402314	0
1121402	0	1471443	0
1121402	0	1608737	0
1121402	0	177807	0
1121402	0	177809	0
1121402	0	177810	0
1121402	0	177813	0
1121402	0	182364	0
1121402	0	182365	1
1121402	0	182368	1
1121402	0	182369	1
1121402	0	182370	0
1121402	0	182372	1
1121402	0	182373	0
1121402	0	1873309	0
1121402	0	188209	1
1121402	0	188210	1
1121402	0	188211	0
1121402	0	188213	1
1121402	0	188214	0
1121402	0	188215	0
1121402	0	188216	0
1121402	0	188217	0
1121402	0	188218	0
1121402	0	2281086	0
1121402	0	333401	0
1121402	0	3412904	0
1121402	0	3494458	0
1121402	0	3511789	1
1121402	0	3511795	0
1121402	0	3674185	0
1121402	0	3785308	1
1121402	0	3785309	0
1121402	0	3785310	0
1121402	0	4214351	0
1121402	0	43770	1
1121402	0	4449258	0
1121402	0	4449267	1
1121402	0	465100	0
1121402	0	4727107	0
1121402	0	4844735	0
1121402	0	4893523	0
1121402	0	4986315	0
1121402	0	5103864	0
1121402	0	5189913	1
1121402	0	5318501	0
1121402	0	53692	0
1121402	0	53696	0
1121402	0	53697	0
1121402	0	53699	0
1121402	0	5614619	0
1121402	0	5614625	0
1121402	0	5662150	0
1121402	0	5966850	0
1121402	0	6157464	0
1121402	0	6324938	0
1121402	0	6371837	0
1121402	0	6371843	0
1121402	0	6392400	0
1121402	0	6392405	0
1121402	0	6717336	0
1121402	0	6717338	0
1121402	0	6717342	0
1121402	0	6918691	0
1121402	0	697136	0
1121402	0	7011506	1
1121402	0	7125978	0
1121402	0	7125980	1
1121402	0	7125981	1
1121402	0	7125982	1
1121402	0	7125983	1
1121402	0	7125985	0
1121402	0	7125987	1
1121402	0	7142994	1
1121402	0	7161979	0
1121402	0	7471825	0
1121402	0	7477362	0
1121402	0	7477363	0
1121402	0	7510847	0
1121402	0	7572311	0
1121402	0	7572312	0
1121402	0	7774688	0
1121402	0	7898701	0
1121402	0	8052617	1
1121402	0	8052619	1
1121402	0	8052620	1
1121402	0	8052621	1
1121402	0	8052622	1
1121402	0	8052623	1
1121402	0	8052624	1
1121402	0	8089444	1
1121402	0	8235730	1
1121402	0	8376430	0
1121402	0	8453588	0
1121402	0	8492342	0
1121402	0	8718639	0
1121402	0	8821496	0
1121402	0	8821498	0
1121402	0	8832487	0
1121709	0	1077530	1
1121709	0	1112487	1
1121709	0	1114393	1
1121709	0	1169279	1
1121709	0	1243178	1
1121709	0	1271795	1
1121709	0	1392360	1
1121709	0	1643334	1
1121709	0	16845	1
1121709	0	1698341	1
1121709	0	1729290	1
1121709	0	1736566	1
1121709	0	1760876	1
1121709	0	1937668	1
1121709	0	208465	1
1121709	0	2302396	1
1121709	0	2317095	1
1121709	0	2432508	1
1121709	0	2440458	1
1121709	0	2517708	1
1121709	0	2615981	1
1121709	0	2851223	1
1121709	0	2874652	1
1121709	0	2879470	1
1121709	0	291564	1
1121709	0	2964602	1
1121709	0	3030903	1
1121709	0	3055199	1
1121709	0	3064096	1
1121709	0	306414	1
1121709	0	3098031	1
1121709	0	3221617	1
1121709	0	3381112	1
1121709	0	3386509	1
1121709	0	3423062	1
1121709	0	3446958	1
1121709	0	3545984	1
1121709	0	3552218	1
1121709	0	3552222	1
1121709	0	3709755	1
1121709	0	3709758	1
1121709	0	3742654	1
1121709	0	3869997	1
1121709	0	3875032	1
1121709	0	4038354	1
1121709	0	419129	1
1121709	0	4575770	1
1121709	0	4580131	1
1121709	0	4580133	1
1121709	0	4644464	1
1121709	0	4707664	1
1121709	0	4769720	1
1121709	0	4836900	1
1121709	0	4861638	1
1121709	0	4896238	1
1121709	0	51033	1
1121709	0	5177794	1
1121709	0	5209523	1
1121709	0	5264299	1
1121709	0	5346546	1
1121709	0	5530626	1
1121709	0	5879625	1
1121709	0	5915729	1
1121709	0	6007524	1
1121709	0	6054702	1
1121709	0	6076433	1
1121709	0	6212343	1
1121709	0	6630430	1
1121709	0	6657504	1
1121709	0	669004	1
1121709	0	6690192	1
1121709	0	6694095	1
1121709	0	6886933	1
1121709	0	701349	1
1121709	0	7209949	1
1121709	0	7229531	1
1121709	0	731070	1
1121709	0	7370525	1
1121709	0	7434522	1
1121709	0	747368	1
1121709	0	7499157	1
1121709	0	7565881	1
1121709	0	7586674	1
1121709	0	7591000	1
1121709	0	7591002	1
1121709	0	7744250	1
1121709	0	7841119	1
1121709	0	7849690	1
1121709	0	8049577	1
1121709	0	8049578	1
1121709	0	8049580	1
1121709	0	812328	1
1121709	0	8283424	1
1121709	0	8327576	1
1121709	0	8492081	1
1121709	0	8500135	1
1121709	0	862855	1
1121709	0	8643664	1
1121709	0	88402	1
1121709	0	950984	1
1124210	0	1244877	0
1124210	0	1280828	0
1124210	0	131190	1
1124210	0	1689639	1
1124210	0	181175	0
1124210	0	181177	0
1124210	0	2070515	1
1124210	0	2089544	0
1124210	0	2258591	1
1124210	0	2258592	1
1124210	0	2258594	1
1124210	0	2258595	0
1124210	0	2258596	0
1124210	0	2258597	1
1124210	0	2258598	0
1124210	0	2258599	0
1124210	0	2399822	0
1124210	0	2433601	0
1124210	0	2433603	0
1124210	0	2433604	0
1124210	0	2433609	1
1124210	0	2461683	0
1124210	0	2494574	1
1124210	0	2494577	0
1124210	0	2608221	0
1124210	0	2650269	0
1124210	0	2685123	1
1124210	0	2728448	1
1124210	0	2753148	1
1124210	0	2825130	0
1124210	0	284020	0
1124210	0	2859501	0
1124210	0	2958020	0
1124210	0	3162331	0
1124210	0	3225197	0
1124210	0	3263727	0
1124210	0	3289568	1
1124210	0	3466956	1
1124210	0	3517427	0
1124210	0	4002454	0
1124210	0	4002456	0
1124210	0	4174699	0
1124210	0	4303129	0
1124210	0	4535489	0
1124210	0	4616435	0
1124210	0	4648414	0
1124210	0	4942992	0
1124210	0	5098936	0
1124210	0	5098941	0
1124210	0	522219	0
1124210	0	522220	0
1124210	0	5587709	1
1124210	0	5587711	0
1124210	0	5664148	1
1124210	0	5941717	1
1124210	0	6146809	1
1124210	0	6233255	0
1124210	0	6255796	1
1124210	0	6498977	0
1124210	0	6507996	0
1124210	0	6541864	0
1124210	0	6541866	0
1124210	0	6541868	1
1124210	0	6620551	0
1124210	0	6636931	0
1124210	0	6636936	0
1124210	0	6720368	0
1124210	0	6737727	0
1124210	0	6737729	0
1124210	0	7146473	0
1124210	0	7146478	0
1124210	0	7203360	1
1124210	0	7224102	1
1124210	0	7443586	1
1124210	0	7443588	0
1124210	0	7695217	0
1124210	0	7715335	0
1124210	0	7806221	1
1124210	0	7806222	1
1124210	0	7942807	0
1124210	0	8026735	0
1124210	0	8026737	1
1124210	0	8026738	0
1124210	0	8026740	0
1124210	0	8026743	1
1124210	0	8087696	0
1124210	0	8087702	1
1124210	0	8355477	0
1124210	0	8355483	0
1124210	0	8406413	0
1124210	0	8492305	0
1124210	0	8547690	1
1124210	0	8558068	0
1124210	0	8650642	0
1124210	0	8802909	1
1124210	0	8828525	1
1124210	0	92049	0
1124210	0	931162	0
1124210	0	931165	1
1124210	0	943794	0
1129237	0	128984	1
1129237	0	1325030	0
1129237	0	1421371	0
1129237	0	1526193	0
1129237	0	162127	0
1129237	0	1721142	1
1129237	0	1770027	0
1129237	0	1779229	1
1129237	0	1959030	0
1129237	0	2015118	0
1129237	0	2176863	0
1129237	0	2188742	1
1129237	0	2351491	0
1129237	0	2364443	0
1129237	0	2384636	0
1129237	0	262492	1
1129237	0	2697746	1
1129237	0	2697752	1
1129237	0	2777623	1
1129237	0	2777625	1
1129237	0	2955239	1
1129237	0	2971620	0
1129237	0	2971621	1
1129237	0	2976015	1
1129237	0	302210	1
1129237	0	305088	1
1129237	0	3097761	1
1129237	0	3153068	1
1129237	0	3279719	1
1129237	0	3409660	1
1129237	0	3588803	0
1129237	0	3588805	1
1129237	0	3641168	0
1129237	0	3649330	0
1129237	0	3683096	1
1129237	0	3826651	0
1129237	0	3826653	0
1129237	0	3826656	0
1129237	0	3826659	0
1129237	0	3832058	0
1129237	0	3832685	0
1129237	0	3858675	1
1129237	0	3858678	1
1129237	0	3905057	1
1129237	0	3905802	1
1129237	0	3905806	0
1129237	0	392579	1
1129237	0	3993743	1
1129237	0	4003056	0
1129237	0	4066969	0
1129237	0	4162487	0
1129237	0	4233383	1
1129237	0	4233385	1
1129237	0	4328625	1
1129237	0	4367170	1
1129237	0	4425405	0
1129237	0	461835	1
1129237	0	461837	0
1129237	0	4723973	0
1129237	0	4773351	1
1129237	0	4779185	1
1129237	0	4915547	1
1129237	0	5094333	1
1129237	0	5122274	1
1129237	0	5831781	1
1129237	0	5906130	1
1129237	0	5916672	0
1129237	0	6080460	1
1129237	0	6166230	0
1129237	0	6194643	0
1129237	0	6194648	1
1129237	0	6225977	1
1129237	0	6325273	1
1129237	0	6343520	1
1129237	0	6343521	1
1129237	0	6386977	0
1129237	0	6585295	0
1129237	0	6705270	0
1129237	0	6868144	0
1129237	0	6884449	0
1129237	0	7350325	0
1129237	0	7688465	1
1129237	0	7688471	1
1129237	0	7769727	1
1129237	0	7769728	0
1129237	0	7874566	1
1129237	0	7911557	1
1129237	0	806652	1
1129237	0	8150178	0
1129237	0	818342	0
1129237	0	8357400	0
1129237	0	8588219	1
1129237	0	8588222	0
1129237	0	8588223	1
1129237	0	8588226	0
1129237	0	8588227	1
1129237	0	8633911	0
1129237	0	8682824	1
1129237	0	8712732	0
1129237	0	998751	1
1133167	0	1379370	1
1133167	0	1790122	0
1133167	0	1824481	0
1133167	0	1824483	1
1133167	0	1824487	1
1133167	0	1824488	1
1133167	0	1883277	0
1133167	0	1883278	0
1133167	0	1883280	0
1133167	0	1883281	1
1133167	0	190805	1
1133167	0	190806	1
1133167	0	190809	1
1133167	0	2010281	1
1133167	0	2276678	1
1133167	0	2439240	1
1133167	0	2491371	0
1133167	0	2613290	1
1133167	0	2613293	0
1133167	0	2623303	1
1133167	0	3074598	1
1133167	0	3074599	1
1133167	0	332787	0
1133167	0	3355083	0
1133167	0	3421898	1
1133167	0	3421900	1
1133167	0	3421904	0
1133167	0	3953805	1
1133167	0	434124	1
1133167	0	434126	0
1133167	0	4443368	0
1133167	0	4443370	0
1133167	0	4443375	1
1133167	0	4494097	0
1133167	0	4494100	0
1133167	0	4498479	1
1133167	0	4550240	1
1133167	0	4557439	0
1133167	0	4625145	0
1133167	0	4712273	1
1133167	0	4926204	1
1133167	0	563738	0
1133167	0	5674622	1
1133167	0	5674623	0
1133167	0	5985458	0
1133167	0	6103289	0
1133167	0	6112586	1
1133167	0	6112588	0
1133167	0	6112589	0
1133167	0	6112590	1
1133167	0	6112592	1
1133167	0	6142	0
1133167	0	6157114	0
1133167	0	6257038	1
1133167	0	6299574	1
1133167	0	6299575	0
1133167	0	6332045	0
1133167	0	6467517	1
1133167	0	6467518	1
1133167	0	6467519	1
1133167	0	6467522	0
1133167	0	6999438	0
1133167	0	7091940	1
1133167	0	7091943	0
1133167	0	7093509	1
1133167	0	7093512	1
1133167	0	7217706	0
1133167	0	7218012	1
1133167	0	7218016	0
1133167	0	7218019	0
1133167	0	7486594	0
1133167	0	7486597	0
1133167	0	7486599	1
1133167	0	7793408	1
1133167	0	7793409	1
1133167	0	7793414	0
1133167	0	7793416	0
1133167	0	8033645	1
1133167	0	8033646	0
1133167	0	8033647	1
1133167	0	8160224	1
1133167	0	8160230	0
1133167	0	8160241	1
1133167	0	8160243	1
1133167	0	823272	1
1133167	0	823273	0
1133167	0	823275	1
1133167	0	823277	1
1133167	0	823279	1
1133167	0	8250498	1
1133167	0	8250500	0
1133167	0	8250501	0
1133167	0	8255701	0
1133167	0	8255705	1
1133167	0	8255706	1
1133167	0	8405623	0
1133167	0	8484845	0
1133167	0	8484849	1
1133167	0	8484851	1
1133167	0	8839920	0
130510	0	1047769	0
130510	0	1110766	1
130510	0	1159414	1
130510	0	1481524	0
130510	0	1494930	1
130510	0	1494931	1
130510	0	1494932	1
130510	0	1494933	1
130510	0	1494935	1
130510	0	1494936	1
130510	0	1494937	1
130510	0	1494938	1
130510	0	1494939	1
130510	0	1799013	0
130510	0	1881840	1
130510	0	2079375	0
130510	0	2079377	0
130510	0	2174992	0
130510	0	2346969	0
130510	0	2407055	0
130510	0	2420310	0
130510	0	2490145	0
130510	0	2490150	0
130510	0	2589317	0
130510	0	2589323	0
130510	0	2862515	1
130510	0	2862518	1
130510	0	2862522	1
130510	0	2881563	0
130510	0	2961568	0
130510	0	3163980	1
130510	0	348429	0
130510	0	3913778	0
130510	0	3923091	0
130510	0	3995677	1
130510	0	4022902	1
130510	0	4022904	1
130510	0	4022905	1
130510	0	4022909	1
130510	0	4089773	0
130510	0	4189500	1
130510	0	440983	0
130510	0	4528805	0
130510	0	4528808	0
130510	0	5415276	0
130510	0	566525	0
130510	0	5685704	0
130510	0	5685706	0
130510	0	5685708	0
130510	0	5685710	0
130510	0	5685711	0
130510	0	5791683	0
130510	0	5930010	0
130510	0	5930011	0
130510	0	5930013	0
130510	0	5930015	0
130510	0	5930018	0
130510	0	6035035	1
130510	0	6172269	0
130510	0	6183638	1
130510	0	6486232	1
130510	0	6542823	0
130510	0	6542827	0
130510	0	6621100	1
130510	0	6763277	1
130510	0	6815300	1
130510	0	6881818	0
130510	0	6881820	0
130510	0	6881821	0
130510	0	7001677	0
130510	0	7001679	0
130510	0	7125239	1
130510	0	7203252	1
130510	0	7298862	0
130510	0	7464751	0
130510	0	7479905	1
130510	0	7501557	1
130510	0	7501558	1
130510	0	7501563	1
130510	0	7529548	0
130510	0	7603931	0
130510	0	7696346	0
130510	0	7708723	0
130510	0	7777478	0
130510	0	7777480	0
130510	0	7792405	1
130510	0	799647	1
130510	0	7997887	0
130510	0	8095118	1
130510	0	815703	0
130510	0	8514425	1
130510	0	8612902	1
130510	0	8612903	1
130510	0	8612904	1
130510	0	8612905	1
130510	0	8612906	1
130510	0	8612909	1
130510	0	8612910	1
130510	0	996732	1
130510	0	996740	1
131843	0	1073193	0
131843	0	1267422	0
131843	0	14055	1
131843	0	1907695	0
131843	0	1941266	0
131843	0	1959309	0
131843	0	1965924	0
131843	0	1993076	0
131843	0	2041693	1
131843	0	208011	0
131843	0	2333348	0
131843	0	2495625	0
131843	0	2669218	0
131843	0	2683747	1
131843	0	278279	0
131843	0	2896791	0
131843	0	3299960	0
131843	0	3400902	0
131843	0	3400903	0
131843	0	373498	0
131843	0	3761239	0
131843	0	3841396	1
131843	0	3844836	0
131843	0	3884881	0
131843	0	3884882	0
131843	0	3919317	0
131843	0	3930069	0
131843	0	4013724	0
131843	0	4099926	0
131843	0	4254836	0
131843	0	4682759	0
131843	0	491120	0
131843	0	4911365	0
131843	0	4931453	0
131843	0	5000167	0
131843	0	5038538	0
131843	0	5056232	0
131843	0	5121126	0
131843	0	5125375	0
131843	0	542347	0
131843	0	5858902	0
131843	0	6187399	0
131843	0	6187402	0
131843	0	6248852	0
131843	0	6249757	0
131843	0	6604053	0
131843	0	6718494	0
131843	0	6782345	0
131843	0	6787809	0
131843	0	6820615	0
131843	0	68421	0
131843	0	68427	0
131843	0	6959233	0
131843	0	7066446	0
131843	0	7073516	1
131843	0	7073518	0
131843	0	7078432	0
131843	0	7078434	0
131843	0	7082304	0
131843	0	7091663	0
131843	0	7208948	0
131843	0	7451206	0
131843	0	7451207	0
131843	0	7589014	0
131843	0	7678189	0
131843	0	7707868	1
131843	0	788586	0
131843	0	8024309	0
131843	0	8073461	0
131843	0	8085708	0
131843	0	8090240	0
131843	0	8102602	1
131843	0	8117361	0
131843	0	8146334	0
131843	0	8191894	0
131843	0	8305151	1
131843	0	8305152	1
131843	0	8305153	1
131843	0	8305154	1
131843	0	8305155	1
131843	0	8305156	1
131843	0	8305158	1
131843	0	8318153	0
131843	0	8519713	0
131843	0	8530759	0
131843	0	8589858	0
131843	0	8685913	0
131843	0	8710810	1
131843	0	8710812	1
131843	0	8710813	1
131843	0	8710814	1
131843	0	8780616	0
131843	0	97739	0
131843	0	985988	1
131843	0	985989	1
131843	0	985990	1
131843	0	985991	1
131843	0	985992	1
131843	0	985994	1
131843	0	985995	1
146187	0	1028969	0
146187	0	1028971	0
146187	0	1043679	0
146187	0	1043683	0
146187	0	1138801	0
146187	0	1230566	1
146187	0	1246346	0
146187	0	1254157	1
146187	0	1841192	0
146187	0	1972078	0
146187	0	2040185	1
146187	0	2087678	0
146187	0	2226093	1
146187	0	2226094	0
146187	0	2257806	1
146187	0	2345126	0
146187	0	2509	0
146187	0	315525	1
146187	0	3241340	0
146187	0	3505470	0
146187	0	3531644	0
146187	0	3860555	0
146187	0	3878277	0
146187	0	3963185	1
146187	0	3963187	1
146187	0	3963189	0
146187	0	4026486	0
146187	0	4111407	0
146187	0	4216894	0
146187	0	4216895	0
146187	0	4216897	0
146187	0	4216899	0
146187	0	4216901	0
146187	0	4216902	0
146187	0	4777144	1
146187	0	4825394	0
146187	0	4908916	0
146187	0	4921740	0
146187	0	4921741	0
146187	0	5226113	0
146187	0	5332230	0
146187	0	5332231	0
146187	0	5548651	1
146187	0	5548652	0
146187	0	5590506	1
146187	0	5836454	1
146187	0	5844996	0
146187	0	5889120	0
146187	0	5929430	0
146187	0	5954584	0
146187	0	6015026	1
146187	0	6241267	1
146187	0	6430258	1
146187	0	6430259	0
146187	0	6430260	1
146187	0	6658185	0
146187	0	7093332	0
146187	0	7093334	0
146187	0	7095976	0
146187	0	7096817	0
146187	0	7096819	0
146187	0	7096823	0
146187	0	7307399	1
146187	0	7405002	1
146187	0	744165	1
146187	0	744167	1
146187	0	744168	0
146187	0	7471713	0
146187	0	76342	1
146187	0	76344	1
146187	0	76348	1
146187	0	76349	1
146187	0	7704677	0
146187	0	7836295	1
146187	0	7836296	0
146187	0	7956019	1
146187	0	8042965	0
146187	0	8042966	0
146187	0	8042967	0
146187	0	8042971	0
146187	0	8042972	0
146187	0	8042974	0
146187	0	8361899	0
146187	0	8361902	0
146187	0	8434618	1
146187	0	8434619	1
146187	0	8434620	1
146187	0	8434622	1
146187	0	8434623	1
146187	0	8434624	1
146187	0	8434625	1
146187	0	8434626	1
146187	0	8481818	0
146187	0	8664004	1
146187	0	8792967	0
146187	0	8795488	0
146187	0	8795489	0
146187	0	8795491	0
146187	0	8795494	0
146187	0	8795495	0
148538	0	1247539	1
148538	0	1311204	1
148538	0	1311206	1
148538	0	1384441	1
148538	0	1384446	1
148538	0	1384447	1
148538	0	1671257	1
148538	0	190794	1
148538	0	1950974	1
148538	0	1950976	1
148538	0	1950977	1
148538	0	1950979	1
148538	0	1950983	1
148538	0	1963585	1
148538	0	1969519	1
148538	0	1985491	1
148538	0	1985495	1
148538	0	231452	1
148538	0	231453	1
148538	0	231455	1
148538	0	2368185	1
148538	0	2368187	1
148538	0	2419541	1
148538	0	2805681	0
148538	0	2915322	1
148538	0	2915323	1
148538	0	2915327	0
148538	0	2951883	1
148538	0	2993237	1
148538	0	3138645	1
148538	0	3165111	1
148538	0	332400	1
148538	0	332401	1
148538	0	3446014	1
148538	0	3557943	1
148538	0	3918785	1
148538	0	4185812	1
148538	0	4185814	1
148538	0	4264129	0
148538	0	436836	1
148538	0	4410448	1
148538	0	4447601	1
148538	0	4447659	1
148538	0	4539657	1
148538	0	4607267	1
148538	0	4959634	1
148538	0	4976407	1
148538	0	5020788	1
148538	0	5077704	1
148538	0	5077707	0
148538	0	512198	1
148538	0	5305311	1
148538	0	5533647	0
148538	0	5533652	1
148538	0	5588133	1
148538	0	5588137	1
148538	0	5592685	1
148538	0	5679985	1
148538	0	5693666	0
148538	0	5809605	0
148538	0	5825400	1
148538	0	5843047	0
148538	0	5844625	0
148538	0	6006382	1
148538	0	6017980	0
148538	0	615401	1
148538	0	615404	0
148538	0	615405	1
148538	0	615406	1
148538	0	615407	1
148538	0	6222119	1
148538	0	6425028	0
148538	0	6438296	1
148538	0	6438297	0
148538	0	6506241	1
148538	0	6567031	0
148538	0	6846343	1
148538	0	6894608	1
148538	0	7318210	1
148538	0	734990	1
148538	0	7407803	1
148538	0	7407804	0
148538	0	7529434	1
148538	0	7696609	1
148538	0	8080460	1
148538	0	8181574	0
148538	0	820304	1
148538	0	820312	1
148538	0	820313	1
148538	0	8283527	0
148538	0	8283531	1
148538	0	8283532	1
148538	0	844360	1
148538	0	8610395	1
148538	0	8730430	1
148538	0	8814767	1
148538	0	985488	1
148538	0	985491	1
148538	0	985492	1
148538	0	985493	0
156493	0	1101607	1
156493	0	1171595	0
156493	0	1171598	0
156493	0	1172287	0
156493	0	1277720	0
156493	0	1277721	1
156493	0	1277722	1
156493	0	1277723	1
156493	0	1277724	0
156493	0	1277725	1
156493	0	1277726	0
156493	0	1277727	1
156493	0	1347264	0
156493	0	1347266	0
156493	0	1960255	1
156493	0	1960257	1
156493	0	1960260	1
156493	0	1960261	1
156493	0	2141931	0
156493	0	2259179	0
156493	0	2259180	0
156493	0	2259182	1
156493	0	2259183	1
156493	0	2317800	0
156493	0	2317802	0
156493	0	2317807	1
156493	0	2411918	1
156493	0	2598786	0
156493	0	2612490	0
156493	0	2612491	1
156493	0	2612492	1
156493	0	2616513	0
156493	0	2616515	0
156493	0	278176	0
156493	0	2928700	1
156493	0	2928702	1
156493	0	2928704	1
156493	0	2928707	1
156493	0	2949801	1
156493	0	2949802	1
156493	0	3288596	1
156493	0	3288597	1
156493	0	3288598	1
156493	0	3288599	1
156493	0	3288600	1
156493	0	3288601	1
156493	0	349637	0
156493	0	349638	1
156493	0	349639	0
156493	0	349643	1
156493	0	4131138	0
156493	0	4527706	0
156493	0	4940228	0
156493	0	4940229	0
156493	0	5022725	0
156493	0	5059020	0
156493	0	5122747	0
156493	0	5346660	0
156493	0	5406908	0
156493	0	5530082	0
156493	0	5549994	0
156493	0	6139382	1
156493	0	6139386	1
156493	0	6267258	0
156493	0	627307	0
156493	0	6343406	0
156493	0	6357270	0
156493	0	6464089	0
156493	0	6524741	0
156493	0	6524745	0
156493	0	6524746	1
156493	0	6859022	0
156493	0	6859031	0
156493	0	7371077	1
156493	0	7371078	0
156493	0	7371079	0
156493	0	750111	0
156493	0	7663272	0
156493	0	7976153	0
156493	0	8029433	0
156493	0	8182159	1
156493	0	8182160	1
156493	0	8182161	1
156493	0	8182165	1
156493	0	8182166	1
156493	0	8245439	0
156493	0	8245444	0
156493	0	8273014	0
156493	0	8273017	1
156493	0	8273018	0
156493	0	8273019	1
156493	0	8393766	0
156493	0	8463133	0
156493	0	8803136	0
156493	0	8811146	0
156493	0	885944	1
156493	0	95514	1
156493	0	95515	1
156493	0	95519	0
156493	0	994488	0
168216	0	1090088	0
168216	0	1183706	1
168216	0	1274194	0
168216	0	1301465	1
168216	0	1301466	0
168216	0	1301467	1
168216	0	1301468	0
168216	0	1301469	1
168216	0	1301471	1
168216	0	1301472	1
168216	0	1301474	1
168216	0	13499	0
168216	0	1381477	1
168216	0	1735358	0
168216	0	1735360	0
168216	0	1924796	1
168216	0	1924800	0
168216	0	2036279	1
168216	0	2069992	1
168216	0	2069995	0
168216	0	2210775	1
168216	0	2265769	0
168216	0	2265772	0
168216	0	2659074	0
168216	0	2790904	1
168216	0	290826	0
168216	0	3033359	1
168216	0	3174840	0
168216	0	3198680	0
168216	0	3198682	1
168216	0	3198687	1
168216	0	3198689	1
168216	0	3344828	1
168216	0	3344832	0
168216	0	3344834	1
168216	0	3399712	1
168216	0	3399713	1
168216	0	3399715	1
168216	0	3681095	1
168216	0	3830857	1
168216	0	3908773	1
168216	0	3908774	1
168216	0	3908776	1
168216	0	3908777	1
168216	0	4119829	0
168216	0	4191395	1
168216	0	4324487	1
168216	0	4324491	0
168216	0	4324492	0
168216	0	4498419	1
168216	0	4792582	1
168216	0	4792583	1
168216	0	5024307	1
168216	0	5293614	0
168216	0	5690224	0
168216	0	5935474	0
168216	0	5935476	1
168216	0	5935477	0
168216	0	6061718	1
168216	0	6061721	1
168216	0	6061722	1
168216	0	6061726	0
168216	0	6213322	1
168216	0	6213325	1
168216	0	6249512	1
168216	0	6264731	1
168216	0	6264732	1
168216	0	6264733	1
168216	0	6282560	0
168216	0	6282561	1
168216	0	6282562	0
168216	0	6282567	1
168216	0	6329932	0
168216	0	6426632	1
168216	0	6426634	1
168216	0	6426638	1
168216	0	661750	1
168216	0	731200	0
168216	0	7337513	1
168216	0	7337519	0
168216	0	7492748	0
168216	0	7492752	0
168216	0	7492753	0
168216	0	7492755	1
168216	0	7745780	0
168216	0	8048968	0
168216	0	8141128	1
168216	0	8185129	0
168216	0	8185131	1
168216	0	8185135	1
168216	0	8185137	1
168216	0	8252763	0
168216	0	8639627	0
168216	0	8639630	0
168216	0	8639633	1
168216	0	8723467	1
168216	0	8731621	1
168216	0	8731623	1
168216	0	8731624	0
168216	0	8731625	0
182539	0	1307232	1
182539	0	1307234	1
182539	0	1307235	1
182539	0	1638687	1
182539	0	1638688	0
182539	0	1638689	1
182539	0	1638690	1
182539	0	1638691	0
182539	0	1638694	1
182539	0	1654895	1
182539	0	171653	0
182539	0	2053701	1
182539	0	2092202	1
182539	0	2165968	1
182539	0	2623668	1
182539	0	2751871	1
182539	0	2839827	0
182539	0	2840563	0
182539	0	2909954	1
182539	0	2909960	1
182539	0	2909961	1
182539	0	3127071	0
182539	0	3198392	0
182539	0	3729714	0
182539	0	3760957	1
182539	0	3760964	0
182539	0	3779895	0
182539	0	3883077	1
182539	0	3883081	1
182539	0	4096478	0
182539	0	4487755	1
182539	0	4730803	1
182539	0	5020094	1
182539	0	518150	1
182539	0	5567729	1
182539	0	5567732	1
182539	0	5618254	0
182539	0	57443	1
182539	0	57444	1
182539	0	57447	1
182539	0	57448	1
182539	0	57449	1
182539	0	57450	0
182539	0	5793580	0
182539	0	6037973	1
182539	0	6135907	0
182539	0	6201541	0
182539	0	6201542	0
182539	0	6355993	0
182539	0	6783449	1
182539	0	6816571	1
182539	0	6816572	1
182539	0	6816573	1
182539	0	6816574	1
182539	0	6816576	1
182539	0	6816577	0
182539	0	6816579	1
182539	0	6957819	1
182539	0	6980965	1
182539	0	6981225	0
182539	0	7148714	0
182539	0	7154102	1
182539	0	7206189	0
182539	0	721170	1
182539	0	7303730	0
182539	0	7371255	1
182539	0	7371257	1
182539	0	7371259	1
182539	0	7371261	1
182539	0	7371262	1
182539	0	738025	1
182539	0	7527837	1
182539	0	7579346	0
182539	0	7579347	1
182539	0	7579349	0
182539	0	7579350	0
182539	0	7579351	0
182539	0	7583024	1
182539	0	7617321	0
182539	0	7637811	0
182539	0	7850108	0
182539	0	7883763	1
182539	0	7919974	0
182539	0	8147663	0
182539	0	8299659	1
182539	0	8299661	1
182539	0	8299665	1
182539	0	8299668	1
182539	0	8337703	0
182539	0	8515182	1
182539	0	8598792	1
182539	0	8752298	0
182539	0	8757178	1
182539	0	8757179	1
182539	0	8757180	1
182539	0	8757181	1
182539	0	8757182	1
182539	0	8757183	0
182539	0	8757184	1
182539	0	941371	0
183378	0	1261035	0
183378	0	1289489	1
183378	0	1289495	0
183378	0	1289496	1
183378	0	1289497	1
183378	0	1603312	0
183378	0	1603314	0
183378	0	1765863	0
183378	0	1773959	0
183378	0	2068968	0
183378	0	2089154	0
183378	0	2095187	0
183378	0	2234245	0
183378	0	229739	0
183378	0	2493332	1
183378	0	2499865	0
183378	0	2533256	1
183378	0	2533260	0
183378	0	2639939	0
183378	0	2796241	0
183378	0	2805325	0
183378	0	3093215	1
183378	0	324175	0
183378	0	324177	0
183378	0	324178	0
183378	0	327908	0
183378	0	3389579	0
183378	0	3389580	1
183378	0	3576220	0
183378	0	3576225	0
183378	0	3605404	0
183378	0	3662782	0
183378	0	376576	0
183378	0	424997	0
183378	0	4371183	0
183378	0	4493913	0
183378	0	4493914	1
183378	0	4493915	1
183378	0	4493916	1
183378	0	4493919	0
183378	0	4493920	1
183378	0	4493921	1
183378	0	4493922	0
183378	0	4530314	0
183378	0	4716324	0
183378	0	4727412	0
183378	0	4727418	1
183378	0	4803847	1
183378	0	4803848	1
183378	0	4803850	0
183378	0	4803851	0
183378	0	4803856	0
183378	0	4810802	0
183378	0	4835769	0
183378	0	4856305	0
183378	0	4862063	0
183378	0	5105265	0
183378	0	5286899	0
183378	0	5391353	0
183378	0	5534703	1
183378	0	5534707	1
183378	0	5534708	0
183378	0	5534711	1
183378	0	5728400	0
183378	0	5798333	0
183378	0	6295431	0
183378	0	6548235	0
183378	0	6569755	0
183378	0	6880045	0
183378	0	6960777	0
183378	0	711450	0
183378	0	7449744	1
183378	0	7449750	1
183378	0	7449751	1
183378	0	7449752	1
183378	0	749548	0
183378	0	7677975	1
183378	0	7703397	1
183378	0	7878227	0
183378	0	7952865	0
183378	0	8079968	0
183378	0	8079970	0
183378	0	8121377	0
183378	0	8121380	0
183378	0	8191188	0
183378	0	828108	0
183378	0	8507877	0
183378	0	8570256	1
183378	0	8570257	1
183378	0	8570258	1
183378	0	8570260	1
183378	0	8570261	1
183378	0	8577215	0
183378	0	8643931	0
183378	0	8756893	0
183378	0	8779628	0
183378	0	8794302	0
183378	0	8794303	0
183378	0	8794304	1
183378	0	8794308	0
19335	0	1280402	1
19335	0	129764	1
19335	0	1359917	0
19335	0	1389478	1
19335	0	1389479	1
19335	0	1555319	0
19335	0	1568084	1
19335	0	1568085	1
19335	0	1568088	0
19335	0	1616883	1
19335	0	1705525	0
19335	0	1722	0
19335	0	1725697	1
19335	0	1726	1
19335	0	1729	1
19335	0	1730	1
19335	0	1746951	1
19335	0	1796647	0
19335	0	1837110	0
19335	0	1994172	0
19335	0	2046341	0
19335	0	2046505	1
19335	0	2108336	0
19335	0	2943087	1
19335	0	3156238	1
19335	0	3175481	1
19335	0	3175484	1
19335	0	3260688	0
19335	0	342431	1
19335	0	342432	0
19335	0	3445058	1
19335	0	3497214	0
19335	0	3539483	1
19335	0	3653053	0
19335	0	4349928	0
19335	0	436828	1
19335	0	4540808	0
19335	0	4540809	0
19335	0	4540816	0
19335	0	4835655	1
19335	0	5051739	1
19335	0	5140471	1
19335	0	527689	1
19335	0	527690	1
19335	0	527694	1
19335	0	527695	0
19335	0	527698	1
19335	0	5379897	1
19335	0	5454280	0
19335	0	5454283	0
19335	0	5629115	0
19335	0	5843331	1
19335	0	5843332	1
19335	0	6010966	1
19335	0	6109209	0
19335	0	6144461	1
19335	0	6179483	0
19335	0	6214701	0
19335	0	630063	1
19335	0	6452949	1
19335	0	6783161	1
19335	0	6867870	1
19335	0	691492	0
19335	0	691497	0
19335	0	691498	0
19335	0	6999135	1
19335	0	6999143	0
19335	0	7042455	1
19335	0	712802	1
19335	0	712806	1
19335	0	7256139	0
19335	0	7267248	1
19335	0	7276206	0
19335	0	7298833	0
19335	0	7298837	0
19335	0	7298840	0
19335	0	7367402	0
19335	0	7367407	0
19335	0	7367411	0
19335	0	7692043	1
19335	0	7727462	1
19335	0	8024611	0
19335	0	8080924	0
19335	0	8151642	1
19335	0	8151650	1
19335	0	819168	1
19335	0	8218756	1
19335	0	8412681	1
19335	0	8412682	1
19335	0	8412683	1
19335	0	8412684	1
19335	0	8412685	1
19335	0	8412687	1
19335	0	8525221	0
19335	0	8612877	1
19335	0	8635981	1
19335	0	8754859	0
19335	0	8798990	1
19335	0	901325	1
19335	0	901329	0
207786	0	1081009	0
207786	0	1081010	0
207786	0	1081011	0
207786	0	1085404	1
207786	0	1085406	1
207786	0	13254	1
207786	0	13262	1
207786	0	197297	1
207786	0	2288091	1
207786	0	2288092	0
207786	0	2315834	0
207786	0	2322024	1
207786	0	2397607	0
207786	0	263210	0
207786	0	2763917	1
207786	0	280082	0
207786	0	2998723	1
207786	0	2998726	0
207786	0	3103885	0
207786	0	3232784	0
207786	0	3352521	0
207786	0	3506136	1
207786	0	3522830	0
207786	0	3597549	0
207786	0	3773663	1
207786	0	3931757	1
207786	0	3931763	1
207786	0	403538	0
207786	0	4257473	1
207786	0	4580648	1
207786	0	4660023	0
207786	0	4660025	1
207786	0	4660027	1
207786	0	4660028	0
207786	0	4672265	0
207786	0	4674262	0
207786	0	4754014	1
207786	0	5114969	1
207786	0	5170143	1
207786	0	5170147	1
207786	0	5175113	1
207786	0	5195205	0
207786	0	5321444	1
207786	0	5365946	1
207786	0	5388259	0
207786	0	5388266	1
207786	0	5624825	0
207786	0	5624828	0
207786	0	5624830	0
207786	0	5624831	1
207786	0	5624832	0
207786	0	5624834	0
207786	0	5745781	0
207786	0	5745786	0
207786	0	5804666	0
207786	0	5990371	0
207786	0	5990374	0
207786	0	6003357	0
207786	0	6003360	0
207786	0	6031630	1
207786	0	6060398	0
207786	0	6133373	1
207786	0	6226372	1
207786	0	6226377	1
207786	0	6309217	0
207786	0	6309220	1
207786	0	6309223	0
207786	0	6474686	0
207786	0	6547477	1
207786	0	655407	0
207786	0	6563690	0
207786	0	673361	1
207786	0	6736451	0
207786	0	688486	0
207786	0	706234	1
207786	0	7449212	0
207786	0	7449213	0
207786	0	7510472	1
207786	0	7599318	1
207786	0	7639366	1
207786	0	7777867	1
207786	0	7780967	1
207786	0	7869794	1
207786	0	7941579	1
207786	0	8185061	1
207786	0	8185063	1
207786	0	8185064	0
207786	0	8265334	1
207786	0	8273754	1
207786	0	8273755	1
207786	0	8273756	1
207786	0	8273757	1
207786	0	8273758	1
207786	0	8273759	1
207786	0	8273760	1
207786	0	8273761	1
207786	0	8273762	1
207786	0	8273763	1
207786	0	8367880	0
207786	0	8622991	0
264014	0	1163962	0
264014	0	1313260	0
264014	0	1444280	0
264014	0	1610706	1
264014	0	1610708	0
264014	0	1610709	0
264014	0	1610710	0
264014	0	1610711	0
264014	0	1610712	0
264014	0	1610713	0
264014	0	1610714	0
264014	0	1697966	0
264014	0	1804644	1
264014	0	2223171	0
264014	0	2420367	1
264014	0	2438164	0
264014	0	2474341	0
264014	0	2498165	0
264014	0	2572557	1
264014	0	2688537	0
264014	0	276903	0
264014	0	2991665	0
264014	0	3120993	0
264014	0	3201487	0
264014	0	3215992	0
264014	0	331933	0
264014	0	331935	0
264014	0	3338823	0
264014	0	3338827	1
264014	0	340485	0
264014	0	340490	0
264014	0	3577342	0
264014	0	3577344	1
264014	0	3585842	0
264014	0	3666583	0
264014	0	3666584	0
264014	0	3683674	0
264014	0	3720137	0
264014	0	3764482	0
264014	0	3780879	0
264014	0	4018134	0
264014	0	4018139	0
264014	0	4021598	0
264014	0	4125993	0
264014	0	4125994	0
264014	0	4239616	0
264014	0	4425760	0
264014	0	447992	1
264014	0	4615176	0
264014	0	4647186	1
264014	0	4687213	1
264014	0	473960	0
264014	0	4834545	0
264014	0	4834547	1
264014	0	5063302	0
264014	0	5063309	0
264014	0	5104401	0
264014	0	528372	1
264014	0	528379	0
264014	0	5328095	1
264014	0	5386309	0
264014	0	5386314	0
264014	0	5583426	0
264014	0	5587285	0
264014	0	5611210	1
264014	0	5635519	0
264014	0	5635521	0
264014	0	5849270	0
264014	0	5896177	0
264014	0	5950719	1
264014	0	5950722	1
264014	0	5950723	1
264014	0	5950724	0
264014	0	5950725	0
264014	0	6105566	1
264014	0	6105572	1
264014	0	6333841	0
264014	0	6337909	0
264014	0	6501719	0
264014	0	6555322	1
264014	0	6641238	1
264014	0	684616	1
264014	0	684618	1
264014	0	7196300	0
264014	0	7317297	0
264014	0	7326934	1
264014	0	8008355	0
264014	0	8193533	0
264014	0	8310921	0
264014	0	8502491	1
264014	0	8531389	0
264014	0	8531391	0
264014	0	8623794	0
264014	0	96851	1
264014	0	96852	0
264014	0	96854	1
264014	0	96855	1
264014	0	96856	0
264014	0	96857	1
264014	0	96859	0
359349	0	15799	1
359349	0	15800	0
359349	0	15801	1
359349	0	15802	0
359349	0	15803	0
359349	0	15804	0
359349	0	15805	0
359349	0	15806	0
359349	0	15807	1
359349	0	15808	1
359349	0	1622451	0
359349	0	1622452	0
359349	0	1622457	0
359349	0	1830517	1
359349	0	2229870	0
359349	0	2259899	1
359349	0	2293820	1
359349	0	2826510	1
359349	0	2826513	1
359349	0	2964479	0
359349	0	3176540	0
359349	0	3176541	1
359349	0	3176542	1
359349	0	3176543	1
359349	0	3176548	0
359349	0	3193824	1
359349	0	3215625	0
359349	0	3223831	1
359349	0	3223833	1
359349	0	3900185	1
359349	0	4013719	1
359349	0	4013720	0
359349	0	4013723	1
359349	0	4013724	1
359349	0	4013725	0
359349	0	4020470	1
359349	0	4020471	1
359349	0	4020472	0
359349	0	4020476	0
359349	0	4020478	1
359349	0	4020479	1
359349	0	4087265	0
359349	0	4087268	0
359349	0	4344098	0
359349	0	4344099	1
359349	0	4344100	1
359349	0	4463572	0
359349	0	4463573	0
359349	0	4463574	0
359349	0	4474866	1
359349	0	4474872	0
359349	0	4551556	1
359349	0	4551557	1
359349	0	457673	1
359349	0	4881617	1
359349	0	5151802	0
359349	0	5219970	0
359349	0	5219971	0
359349	0	5219976	0
359349	0	5322530	0
359349	0	5322532	0
359349	0	5345720	1
359349	0	5615181	1
359349	0	5615187	1
359349	0	576627	1
359349	0	576628	1
359349	0	576629	1
359349	0	576632	0
359349	0	576635	0
359349	0	5773713	1
359349	0	5773714	1
359349	0	5773715	0
359349	0	5773716	0
359349	0	5773717	1
359349	0	5773718	0
359349	0	5773719	0
359349	0	5806106	1
359349	0	5806110	1
359349	0	607024	1
359349	0	6108721	1
359349	0	6113313	0
359349	0	6113314	1
359349	0	6440028	1
359349	0	68647	1
359349	0	68648	1
359349	0	68649	1
359349	0	68650	1
359349	0	68653	1
359349	0	7277971	1
359349	0	7329397	0
359349	0	7579885	0
359349	0	7857628	0
359349	0	7857629	0
359349	0	7857632	0
359349	0	7857634	0
359349	0	8058869	1
359349	0	8398223	0
359349	0	8748954	1
359349	0	8811558	0
359349	0	943229	1
405717	0	1589738	1
405717	0	1619423	0
405717	0	1849743	1
405717	0	2125641	1
405717	0	234955	1
405717	0	2365659	1
405717	0	2365660	0
405717	0	2365661	1
405717	0	2365662	1
405717	0	2365663	0
405717	0	2365665	1
405717	0	2413458	0
405717	0	2413461	0
405717	0	2616168	0
405717	0	2642838	1
405717	0	2702419	1
405717	0	2702423	1
405717	0	273851	0
405717	0	2747484	1
405717	0	2747485	1
405717	0	2747486	1
405717	0	2747488	1
405717	0	2747489	1
405717	0	2747491	1
405717	0	2747492	1
405717	0	2768521	1
405717	0	28368	1
405717	0	28372	1
405717	0	2879960	1
405717	0	3033900	1
405717	0	3033904	1
405717	0	3274915	1
405717	0	3274918	1
405717	0	3514259	1
405717	0	3803378	1
405717	0	3986303	1
405717	0	3986305	1
405717	0	3986307	1
405717	0	3986308	1
405717	0	3986309	1
405717	0	4326699	0
405717	0	4406585	0
405717	0	4432155	1
405717	0	4489661	1
405717	0	4489666	1
405717	0	4577231	0
405717	0	4704973	1
405717	0	4704975	1
405717	0	4704978	1
405717	0	4711654	0
405717	0	4776926	1
405717	0	4776928	1
405717	0	4828118	1
405717	0	4987955	0
405717	0	505912	0
405717	0	5079482	1
405717	0	5079486	0
405717	0	5274649	1
405717	0	5638740	1
405717	0	5668741	1
405717	0	5690233	1
405717	0	5690234	0
405717	0	5690237	0
405717	0	576346	0
405717	0	5857562	0
405717	0	6419725	0
405717	0	6442862	1
405717	0	6654655	1
405717	0	6741362	1
405717	0	6786304	1
405717	0	702383	1
405717	0	702386	1
405717	0	7170624	0
405717	0	7170625	0
405717	0	7170626	1
405717	0	7170629	0
405717	0	7170630	1
405717	0	7201361	0
405717	0	7288996	1
405717	0	7447941	1
405717	0	7447942	0
405717	0	7447943	1
405717	0	7458371	1
405717	0	758581	1
405717	0	758582	1
405717	0	758585	1
405717	0	758586	1
405717	0	7589975	1
405717	0	7728831	1
405717	0	7896211	1
405717	0	7896212	1
405717	0	7965240	1
405717	0	8156519	1
405717	0	8433852	1
405717	0	8433854	1
405717	0	8433856	0
405717	0	8433858	1
405717	0	846414	0
405717	0	8610271	0
405717	0	931517	1
443396	0	1091609	0
443396	0	1211156	0
443396	0	1367149	0
443396	0	1367150	0
443396	0	1367154	0
443396	0	1465664	1
443396	0	1465667	1
443396	0	1469068	1
443396	0	1587663	0
443396	0	1826142	0
443396	0	2038000	0
443396	0	2082395	0
443396	0	2143845	1
443396	0	2143847	1
443396	0	2144852	0
443396	0	2188880	0
443396	0	227255	0
443396	0	2349193	0
443396	0	2434039	0
443396	0	2434043	0
443396	0	2438904	0
443396	0	2448872	0
443396	0	2490482	1
443396	0	2654914	0
443396	0	2654918	0
443396	0	2654920	0
443396	0	2654922	0
443396	0	279294	0
443396	0	3007982	1
443396	0	3007987	0
443396	0	3008668	0
443396	0	3222557	0
443396	0	339130	1
443396	0	3438593	0
443396	0	3519033	1
443396	0	3526407	0
443396	0	3526411	0
443396	0	3648921	0
443396	0	368001	0
443396	0	3703289	0
443396	0	3750163	0
443396	0	3861791	0
443396	0	3961940	0
443396	0	3961947	0
443396	0	4052112	1
443396	0	4208445	0
443396	0	4452727	0
443396	0	4526744	1
443396	0	453706	1
443396	0	456708	1
443396	0	456710	1
443396	0	4774806	1
443396	0	4792649	0
443396	0	4792650	1
443396	0	4792655	0
443396	0	483935	0
443396	0	4896251	0
443396	0	5048840	0
443396	0	5053511	1
443396	0	5285667	1
443396	0	5468743	0
443396	0	5653999	0
443396	0	5932403	0
443396	0	6056355	0
443396	0	6349608	0
443396	0	6397543	1
443396	0	6568383	0
443396	0	6587149	0
443396	0	6590997	0
443396	0	6704846	0
443396	0	6776524	0
443396	0	6781701	0
443396	0	7242384	0
443396	0	7242390	0
443396	0	7422742	1
443396	0	755968	0
443396	0	759261	0
443396	0	7617065	0
443396	0	7620276	0
443396	0	7730354	0
443396	0	789926	0
443396	0	7922077	1
443396	0	8079039	1
443396	0	8079040	0
443396	0	8079046	1
443396	0	8117806	0
443396	0	8171402	1
443396	0	8204431	0
443396	0	822432	0
443396	0	822437	0
443396	0	8266065	0
443396	0	8348187	0
443396	0	844323	0
443396	0	8536118	1
443396	0	8542630	0
443396	0	8599548	0
443396	0	8687371	0
443396	0	8699743	0
443396	0	8769481	0
443396	0	8769489	1
451602	0	1078133	1
451602	0	1078134	1
451602	0	1078139	0
451602	0	1094138	1
451602	0	124065	0
451602	0	1277287	0
451602	0	1277289	1
451602	0	1277290	1
451602	0	1277293	1
451602	0	1575781	0
451602	0	1626653	0
451602	0	1640289	1
451602	0	1715030	0
451602	0	2084905	1
451602	0	2084909	1
451602	0	2154597	0
451602	0	2176450	1
451602	0	2176453	1
451602	0	2176454	1
451602	0	2176455	1
451602	0	2176459	1
451602	0	2244882	0
451602	0	2284888	0
451602	0	2329889	1
451602	0	2482418	0
451602	0	2922141	1
451602	0	2922142	1
451602	0	2922145	0
451602	0	2922147	1
451602	0	3052112	1
451602	0	3090663	0
451602	0	3090666	0
451602	0	3090668	0
451602	0	3090670	0
451602	0	3090671	0
451602	0	3090672	0
451602	0	3177691	1
451602	0	3177692	0
451602	0	3177700	1
451602	0	3347274	1
451602	0	3347278	0
451602	0	3746411	1
451602	0	4176454	1
451602	0	4345752	1
451602	0	4358117	1
451602	0	4453605	1
451602	0	4453608	1
451602	0	4487185	0
451602	0	4874640	1
451602	0	4874641	1
451602	0	5018391	1
451602	0	5018392	1
451602	0	5018394	0
451602	0	5053853	1
451602	0	5179251	1
451602	0	5211036	1
451602	0	5371416	0
451602	0	5475308	1
451602	0	5534586	1
451602	0	5538936	1
451602	0	5538937	1
451602	0	5538938	1
451602	0	5538940	1
451602	0	5538945	0
451602	0	5741073	1
451602	0	5902818	0
451602	0	5913111	0
451602	0	6225558	0
451602	0	6242935	0
451602	0	6250347	0
451602	0	6286974	1
451602	0	6286977	1
451602	0	6286981	1
451602	0	6286982	1
451602	0	6618756	1
451602	0	6994774	0
451602	0	705851	0
451602	0	7315074	0
451602	0	7326276	0
451602	0	7403454	0
451602	0	7510020	0
451602	0	7510025	1
451602	0	7792099	1
451602	0	7800959	1
451602	0	7804169	1
451602	0	7859334	1
451602	0	7864188	1
451602	0	8025740	1
451602	0	8033474	1
451602	0	8214452	1
451602	0	8383461	1
451602	0	8383465	1
451602	0	8390518	1
451602	0	8485132	1
451602	0	8485136	0
451602	0	8540468	1
451602	0	8621776	1
451602	0	8787234	1
451602	0	949152	0
451602	0	96224	0
47923	0	1161940	0
47923	0	146706	0
47923	0	1488916	0
47923	0	1488918	0
47923	0	1488919	0
47923	0	1496426	0
47923	0	1506786	0
47923	0	1565060	0
47923	0	1681331	1
47923	0	1681332	1
47923	0	1681334	1
47923	0	1681336	1
47923	0	1681337	1
47923	0	1827449	0
47923	0	1868437	0
47923	0	1868438	0
47923	0	1960681	0
47923	0	2044900	1
47923	0	2135499	0
47923	0	2284132	0
47923	0	2402776	0
47923	0	2408264	0
47923	0	2508230	0
47923	0	2699736	0
47923	0	2699737	0
47923	0	2704000	0
47923	0	2838662	0
47923	0	3348834	0
47923	0	3348838	0
47923	0	3589347	0
47923	0	3703415	0
47923	0	3785497	0
47923	0	3883233	0
47923	0	4257345	0
47923	0	4297620	1
47923	0	4523464	0
47923	0	4587558	0
47923	0	4652799	0
47923	0	4684893	0
47923	0	4684895	0
47923	0	473807	1
47923	0	473809	1
47923	0	4818815	0
47923	0	4991357	0
47923	0	5032362	1
47923	0	5032364	0
47923	0	5147526	0
47923	0	5147527	0
47923	0	5147528	0
47923	0	5147529	0
47923	0	5147530	0
47923	0	525511	0
47923	0	5417580	0
47923	0	5417582	1
47923	0	5417583	0
47923	0	5417584	0
47923	0	5586331	0
47923	0	5911790	0
47923	0	6089359	0
47923	0	618556	0
47923	0	6191	1
47923	0	6210760	0
47923	0	6241147	1
47923	0	6241150	1
47923	0	6241151	1
47923	0	6241152	1
47923	0	6241153	1
47923	0	6267282	0
47923	0	6626703	0
47923	0	6626705	0
47923	0	6643066	1
47923	0	6696631	0
47923	0	6919836	1
47923	0	6919841	0
47923	0	6935784	0
47923	0	7038128	0
47923	0	7071694	0
47923	0	7071695	0
47923	0	7137895	0
47923	0	7417276	0
47923	0	766019	0
47923	0	7747055	0
47923	0	7774316	0
47923	0	7774318	0
47923	0	7914498	0
47923	0	8110288	0
47923	0	8284608	0
47923	0	8348762	1
47923	0	8418678	1
47923	0	8418679	0
47923	0	8418681	1
47923	0	8418683	1
47923	0	8418684	0
47923	0	8619126	0
47923	0	8619129	0
47923	0	8619130	0
47923	0	8641104	1
47923	0	8641106	1
47923	0	8641107	1
47923	0	99926	0
489204	0	1051498	1
489204	0	1070807	1
489204	0	113238	1
489204	0	114148	1
489204	0	1225589	1
489204	0	1276947	1
489204	0	1310101	0
489204	0	1310103	1
489204	0	1310106	0
489204	0	1310107	0
489204	0	1310108	0
489204	0	1319513	1
489204	0	1410249	1
489204	0	1410255	1
489204	0	1418931	1
489204	0	1418935	1
489204	0	1479542	1
489204	0	1538587	1
489204	0	1736553	1
489204	0	1759354	1
489204	0	1759357	1
489204	0	1759360	1
489204	0	1778458	1
489204	0	1950269	1
489204	0	1950273	1
489204	0	2016623	0
489204	0	2053095	1
489204	0	2163701	1
489204	0	216490	1
489204	0	216492	1
489204	0	2218038	1
489204	0	2268657	1
489204	0	2959687	1
489204	0	3012141	1
489204	0	3049941	1
489204	0	3075337	1
489204	0	3075338	1
489204	0	3608627	1
489204	0	3744940	1
489204	0	3778489	1
489204	0	3980122	1
489204	0	3980126	1
489204	0	4029846	1
489204	0	4088951	1
489204	0	4279451	1
489204	0	4387756	1
489204	0	4430765	1
489204	0	465742	1
489204	0	4917998	1
489204	0	4917999	1
489204	0	4918001	0
489204	0	4918005	1
489204	0	4929952	1
489204	0	528348	0
489204	0	528349	0
489204	0	535375	1
489204	0	5519177	1
489204	0	5583224	0
489204	0	5629373	1
489204	0	5815950	1
489204	0	5815958	1
489204	0	5895917	1
489204	0	6087671	1
489204	0	6237427	1
489204	0	6237429	1
489204	0	6237430	1
489204	0	6301568	1
489204	0	6327176	1
489204	0	6327178	1
489204	0	6327179	1
489204	0	6327182	1
489204	0	6397957	1
489204	0	66437	1
489204	0	6661536	1
489204	0	6665319	1
489204	0	6753502	1
489204	0	6753503	1
489204	0	678245	1
489204	0	7113153	1
489204	0	7116533	1
489204	0	7432758	1
489204	0	753265	1
489204	0	7564977	1
489204	0	7564980	1
489204	0	7660249	1
489204	0	7718090	1
489204	0	7734612	1
489204	0	8054792	1
489204	0	8055356	1
489204	0	8083618	1
489204	0	8376906	0
489204	0	8376910	1
489204	0	8395205	1
489204	0	8420374	1
489204	0	855967	1
489204	0	855969	1
489204	0	8594276	1
489204	0	8737051	1
489204	0	8737053	1
489204	0	973923	1
490595	0	1160847	1
490595	0	1194055	0
490595	0	1194060	0
490595	0	1288938	0
490595	0	1288940	0
490595	0	1288943	0
490595	0	1391477	0
490595	0	1473259	1
490595	0	1530274	0
490595	0	1620438	0
490595	0	1652460	1
490595	0	1754202	0
490595	0	1894652	0
490595	0	1894653	0
490595	0	1894656	0
490595	0	1929910	1
490595	0	1929911	0
490595	0	2197786	0
490595	0	2507917	0
490595	0	2661183	0
490595	0	2788470	0
490595	0	2850740	0
490595	0	3175975	0
490595	0	3403265	0
490595	0	3403268	0
490595	0	3497876	0
490595	0	3572694	0
490595	0	3572695	0
490595	0	3572698	0
490595	0	3572701	0
490595	0	3595606	0
490595	0	3833408	0
490595	0	3833409	0
490595	0	3833413	0
490595	0	3845163	0
490595	0	3937197	1
490595	0	3937200	0
490595	0	3937204	0
490595	0	4292443	0
490595	0	4420107	0
490595	0	4737059	1
490595	0	4737060	1
490595	0	4737061	1
490595	0	4737063	1
490595	0	4737064	1
490595	0	4737065	1
490595	0	4737066	1
490595	0	4737067	0
490595	0	4737068	0
490595	0	4763065	0
490595	0	4763066	1
490595	0	4763070	0
490595	0	4842889	1
490595	0	4842890	1
490595	0	4842891	1
490595	0	4842894	0
490595	0	4842896	0
490595	0	4842897	0
490595	0	5112294	0
490595	0	5128293	0
490595	0	5247992	1
490595	0	5247999	1
490595	0	5248000	0
490595	0	526093	0
490595	0	5359212	0
490595	0	5359213	1
490595	0	5488538	0
490595	0	549465	1
490595	0	549466	1
490595	0	5612095	0
490595	0	5612099	0
490595	0	5633627	0
490595	0	5633631	0
490595	0	6206562	0
490595	0	6412650	0
490595	0	6742115	0
490595	0	6742119	1
490595	0	6845345	0
490595	0	6976956	0
490595	0	6976960	0
490595	0	7045863	0
490595	0	7340532	0
490595	0	7385093	0
490595	0	7598980	0
490595	0	7698193	0
490595	0	7839903	1
490595	0	7839904	0
490595	0	7839906	1
490595	0	7839907	0
490595	0	7839908	0
490595	0	7839910	0
490595	0	7839911	0
490595	0	805046	1
490595	0	805048	1
490595	0	805049	0
490595	0	805051	1
490595	0	8485138	0
490595	0	8485139	1
490595	0	8544459	0
490595	0	8709994	0
527433	0	1101457	1
527433	0	1101460	0
527433	0	1101462	1
527433	0	1251475	1
527433	0	1251477	1
527433	0	1251478	1
527433	0	1251480	1
527433	0	1251481	1
527433	0	1317222	1
527433	0	1317224	0
527433	0	1317225	1
527433	0	1379240	1
527433	0	1379245	1
527433	0	1511554	1
527433	0	1542069	0
527433	0	1664523	1
527433	0	1721940	0
527433	0	1753605	0
527433	0	1753608	0
527433	0	1753610	0
527433	0	1993691	1
527433	0	1993699	1
527433	0	2004910	1
527433	0	2018341	1
527433	0	2235421	1
527433	0	2331981	1
527433	0	2331982	1
527433	0	2331984	1
527433	0	2496224	1
527433	0	2496227	1
527433	0	269423	1
527433	0	269424	1
527433	0	269425	1
527433	0	269426	1
527433	0	269428	1
527433	0	269429	1
527433	0	269430	1
527433	0	278402	1
527433	0	2981253	0
527433	0	2981256	0
527433	0	301243	1
527433	0	3136613	1
527433	0	3139056	1
527433	0	319844	1
527433	0	3294600	1
527433	0	3786813	1
527433	0	4046876	1
527433	0	422228	1
527433	0	422236	0
527433	0	4351170	1
527433	0	4351171	1
527433	0	4351175	1
527433	0	4402992	1
527433	0	4402994	0
527433	0	4402995	1
527433	0	4903729	1
527433	0	4903731	1
527433	0	4903736	1
527433	0	4958693	1
527433	0	4958696	1
527433	0	4958697	1
527433	0	5331576	1
527433	0	5466807	1
527433	0	5466810	1
527433	0	547444	1
527433	0	5479497	1
527433	0	5479502	1
527433	0	5501454	1
527433	0	5603299	1
527433	0	5603300	1
527433	0	5603301	1
527433	0	5603305	1
527433	0	5603306	1
527433	0	5629888	1
527433	0	5878263	0
527433	0	6038397	1
527433	0	6038398	1
527433	0	6045939	1
527433	0	6186391	1
527433	0	6186394	1
527433	0	653097	1
527433	0	653103	0
527433	0	653104	1
527433	0	6667279	1
527433	0	6708088	1
527433	0	6743092	1
527433	0	6743093	1
527433	0	6897131	0
527433	0	6928819	1
527433	0	7514088	1
527433	0	7514089	1
527433	0	7514090	1
527433	0	7607669	1
527433	0	8306449	1
527433	0	8306451	1
527433	0	8322920	1
527433	0	8371764	1
527433	0	8617271	1
527433	0	8617274	1
527433	0	8617275	1
573724	0	1033756	0
573724	0	1113579	0
573724	0	1165128	0
573724	0	1165129	1
573724	0	1183178	0
573724	0	1183181	0
573724	0	1293333	0
573724	0	1376204	0
573724	0	1376205	0
573724	0	141998	0
573724	0	148751	0
573724	0	148753	0
573724	0	1509937	0
573724	0	1509939	0
573724	0	1509940	1
573724	0	1509942	1
573724	0	1509944	0
573724	0	1816038	1
573724	0	1817741	0
573724	0	2002445	0
573724	0	2002448	0
573724	0	2021252	0
573724	0	2084571	0
573724	0	2133806	1
573724	0	2186124	0
573724	0	2417985	0
573724	0	2910045	0
573724	0	3146236	1
573724	0	3146238	0
573724	0	3146240	1
573724	0	3365631	1
573724	0	3365632	1
573724	0	3365633	0
573724	0	3365635	0
573724	0	3365636	1
573724	0	3365638	1
573724	0	3365639	0
573724	0	3365640	0
573724	0	3546092	0
573724	0	3617636	0
573724	0	3644944	0
573724	0	394136	1
573724	0	394138	1
573724	0	394139	1
573724	0	394142	1
573724	0	4017883	0
573724	0	41433	0
573724	0	4360246	0
573724	0	4457787	0
573724	0	4966874	0
573724	0	5047796	1
573724	0	5185664	0
573724	0	5185671	0
573724	0	525215	0
573724	0	5306910	0
573724	0	5310530	1
573724	0	5339620	1
573724	0	5384308	0
573724	0	5721833	0
573724	0	5962419	0
573724	0	5962423	1
573724	0	5962424	0
573724	0	5962426	0
573724	0	5962428	0
573724	0	6121093	0
573724	0	6462957	0
573724	0	6911370	0
573724	0	7104825	1
573724	0	7104826	1
573724	0	7134411	0
573724	0	7199667	0
573724	0	7199669	1
573724	0	7199672	0
573724	0	7199673	1
573724	0	7199674	0
573724	0	7199675	0
573724	0	7275118	0
573724	0	7384325	0
573724	0	7384332	0
573724	0	7609926	0
573724	0	7609927	1
573724	0	7609928	0
573724	0	7609929	0
573724	0	7609930	0
573724	0	7609932	0
573724	0	7609933	0
573724	0	7674858	1
573724	0	8047166	0
573724	0	8404002	0
573724	0	8436350	0
573724	0	8441642	1
573724	0	8444727	0
573724	0	8444730	0
573724	0	8450864	0
573724	0	8492171	0
573724	0	8540429	0
573724	0	87405	1
573724	0	87409	0
573724	0	8833192	1
573724	0	8833199	0
833860	0	1016915	1
833860	0	115142	1
833860	0	1400521	1
833860	0	1448548	1
833860	0	1524399	1
833860	0	1524401	1
833860	0	1524402	1
833860	0	1524403	1
833860	0	1524406	1
833860	0	1524644	1
833860	0	1524648	1
833860	0	1579406	1
833860	0	1694695	1
833860	0	1751577	1
833860	0	1799623	1
833860	0	1859403	1
833860	0	1900577	1
833860	0	1969741	1
833860	0	1971028	1
833860	0	2036934	1
833860	0	2188108	1
833860	0	2192805	1
833860	0	2386361	1
833860	0	2488236	1
833860	0	2488241	1
833860	0	2597196	1
833860	0	2702357	1
833860	0	2702358	1
833860	0	2727126	1
833860	0	280004	1
833860	0	280008	1
833860	0	2829180	1
833860	0	2829181	1
833860	0	3026174	1
833860	0	3087477	1
833860	0	3107240	1
833860	0	3107242	1
833860	0	3437285	1
833860	0	3437288	1
833860	0	3437289	1
833860	0	3544301	1
833860	0	3729262	1
833860	0	3798217	1
833860	0	4046129	1
833860	0	4460348	1
833860	0	456068	1
833860	0	4565141	1
833860	0	4565899	1
833860	0	4736124	1
833860	0	4967639	1
833860	0	5167513	1
833860	0	5178289	1
833860	0	5229080	1
833860	0	541470	1
833860	0	5500892	1
833860	0	557588	1
833860	0	5639026	1
833860	0	5759683	1
833860	0	5967462	1
833860	0	5988243	1
833860	0	611992	1
833860	0	6209174	1
833860	0	6230220	1
833860	0	6230221	1
833860	0	6230222	1
833860	0	6230226	1
833860	0	6230227	1
833860	0	6230229	1
833860	0	6277473	1
833860	0	6297606	1
833860	0	6406714	1
833860	0	6406715	1
833860	0	6510230	1
833860	0	6541901	1
833860	0	6610436	1
833860	0	6654798	1
833860	0	6738736	1
833860	0	6829804	1
833860	0	6886846	1
833860	0	7007433	1
833860	0	7023585	1
833860	0	7153349	1
833860	0	7153355	1
833860	0	7184644	1
833860	0	7184650	1
833860	0	7192576	1
833860	0	7508039	1
833860	0	7548089	1
833860	0	7826521	1
833860	0	7973006	1
833860	0	8112006	1
833860	0	8119467	1
833860	0	8160728	1
833860	0	8189156	1
833860	0	8344031	1
833860	0	8469913	1
833860	0	8584923	1
833860	0	8683095	1
833860	0	8697642	1
833860	0	8742336	1
855410	0	1041939	1
855410	0	1051865	1
855410	0	1147809	1
855410	0	1147810	1
855410	0	1147811	1
855410	0	1294305	1
855410	0	1294308	1
855410	0	1561018	1
855410	0	159665	1
855410	0	1685597	1
855410	0	1719692	1
855410	0	1795261	1
855410	0	1874884	1
855410	0	1929957	1
855410	0	1970390	1
855410	0	229903	1
855410	0	232305	1
855410	0	2350118	1
855410	0	2418458	1
855410	0	2418890	1
855410	0	2418893	1
855410	0	2506511	1
855410	0	2519077	1
855410	0	2737046	1
855410	0	3006601	1
855410	0	3110654	1
855410	0	3113274	1
855410	0	3200693	1
855410	0	326818	1
855410	0	3340202	1
855410	0	3340204	1
855410	0	352146	1
855410	0	3527605	1
855410	0	3724700	1
855410	0	3724701	1
855410	0	3948069	1
855410	0	4275296	1
855410	0	4406031	1
855410	0	4503925	1
855410	0	4518587	1
855410	0	4636144	1
855410	0	4685777	1
855410	0	5095701	1
855410	0	5095702	1
855410	0	5130380	1
855410	0	5232523	1
855410	0	5232525	1
855410	0	5239970	1
855410	0	5478153	1
855410	0	5550193	1
855410	0	5558891	1
855410	0	5594994	1
855410	0	5629792	1
855410	0	576583	1
855410	0	6098860	1
855410	0	6133647	1
855410	0	6152822	1
855410	0	6197317	1
855410	0	6218319	1
855410	0	6301992	1
855410	0	6301995	1
855410	0	6301996	1
855410	0	6338974	1
855410	0	6647485	1
855410	0	6674058	1
855410	0	6688284	1
855410	0	6706455	1
855410	0	6759238	1
855410	0	6760182	1
855410	0	6796749	1
855410	0	6859899	1
855410	0	6893643	1
855410	0	6936948	1
855410	0	6936951	1
855410	0	6941139	1
855410	0	7066409	1
855410	0	7066410	1
855410	0	7099015	1
855410	0	7140868	1
855410	0	7151082	1
855410	0	7210777	1
855410	0	7240299	1
855410	0	7456767	1
855410	0	7747483	1
855410	0	788830	1
855410	0	8140208	1
855410	0	8144663	1
855410	0	8145658	1
855410	0	8165085	1
855410	0	8407524	1
855410	0	8448246	1
855410	0	8533683	1
855410	0	8651770	1
855410	0	8651771	1
855410	0	8651772	1
855410	0	8651775	1
855410	0	8651776	1
855410	0	884430	1
855410	0	884436	1
855410	0	984177	1
87181	0	1179100	1
87181	0	123547	0
87181	0	123548	1
87181	0	1519996	1
87181	0	1692902	1
87181	0	1700168	1
87181	0	1766470	0
87181	0	1856241	1
87181	0	1902826	1
87181	0	1902827	0
87181	0	1950525	1
87181	0	1961300	1
87181	0	2024860	1
87181	0	2307979	1
87181	0	2345225	1
87181	0	2374850	1
87181	0	2530227	1
87181	0	2530252	0
87181	0	2530257	1
87181	0	2556144	0
87181	0	2556146	0
87181	0	2556149	0
87181	0	2556150	0
87181	0	2556151	1
87181	0	2763490	1
87181	0	2986227	1
87181	0	3198047	1
87181	0	3216315	1
87181	0	3354162	1
87181	0	3423884	0
87181	0	3914970	1
87181	0	4632251	1
87181	0	4632256	1
87181	0	4689523	1
87181	0	4689524	1
87181	0	4689525	1
87181	0	47203	0
87181	0	47206	0
87181	0	47207	1
87181	0	47208	0
87181	0	47210	0
87181	0	47211	1
87181	0	47212	1
87181	0	4786305	1
87181	0	5197130	0
87181	0	5197133	0
87181	0	5197135	1
87181	0	5197136	0
87181	0	5197138	0
87181	0	5469038	1
87181	0	6029788	1
87181	0	6055562	1
87181	0	6262331	1
87181	0	6484575	1
87181	0	6484576	1
87181	0	6484578	1
87181	0	6521360	1
87181	0	6521366	1
87181	0	6685092	1
87181	0	6774305	1
87181	0	6928212	1
87181	0	6969187	1
87181	0	7057928	1
87181	0	7112964	1
87181	0	7112968	1
87181	0	7139898	0
87181	0	742425	1
87181	0	7666828	0
87181	0	7666831	0
87181	0	803955	0
87181	0	8082516	0
87181	0	8151919	1
87181	0	8151921	1
87181	0	8151922	1
87181	0	8151926	1
87181	0	8165398	1
87181	0	8165403	0
87181	0	8183977	1
87181	0	8183981	1
87181	0	8183982	1
87181	0	8246410	1
87181	0	8332546	1
87181	0	8332547	1
87181	0	8332548	0
87181	0	8332551	0
87181	0	8332555	1
87181	0	8476330	0
87181	0	8522403	1
87181	0	8534134	1
87181	0	8534135	1
87181	0	8565420	1
87181	0	8614359	1
87181	0	8614360	1
87181	0	8664069	1
87181	0	8683178	1
87181	0	8683181	0
87181	0	8683185	1
87181	0	8738512	1
87181	0	921633	1
87181	0	935164	1
87452	0	1118401	0
87452	0	1150485	0
87452	0	1185292	0
87452	0	119522	0
87452	0	1395625	1
87452	0	1642159	0
87452	0	1749882	1
87452	0	186931	1
87452	0	186939	1
87452	0	1890450	0
87452	0	1971830	0
87452	0	2026775	0
87452	0	2026777	0
87452	0	2035306	0
87452	0	2127122	0
87452	0	2571220	0
87452	0	2571221	0
87452	0	2571223	0
87452	0	2951800	0
87452	0	3347347	0
87452	0	3347348	0
87452	0	3540111	0
87452	0	3732121	0
87452	0	3732895	0
87452	0	3808783	0
87452	0	3809016	0
87452	0	3809017	0
87452	0	3809018	0
87452	0	3919937	0
87452	0	4157764	0
87452	0	4248450	0
87452	0	4312660	0
87452	0	4496459	0
87452	0	4496461	1
87452	0	4502603	0
87452	0	4557555	0
87452	0	4634899	1
87452	0	4872055	1
87452	0	5048394	0
87452	0	5052034	0
87452	0	5286924	1
87452	0	5296736	1
87452	0	5338945	0
87452	0	5500606	0
87452	0	5694214	0
87452	0	5746165	0
87452	0	5751686	1
87452	0	5836705	0
87452	0	5851090	1
87452	0	6018160	1
87452	0	6018161	1
87452	0	6018163	1
87452	0	6018164	1
87452	0	6018166	1
87452	0	6018167	1
87452	0	6018168	1
87452	0	6018169	1
87452	0	6042747	0
87452	0	6096580	0
87452	0	6159694	0
87452	0	6621971	0
87452	0	6679972	0
87452	0	6679974	0
87452	0	6931702	0
87452	0	7499674	0
87452	0	7499676	0
87452	0	7499678	0
87452	0	7542008	0
87452	0	7588883	0
87452	0	7843982	1
87452	0	7843984	1
87452	0	7897960	0
87452	0	7897962	0
87452	0	7965004	1
87452	0	7965007	1
87452	0	7965011	1
87452	0	8055167	1
87452	0	8055172	0
87452	0	8079127	0
87452	0	8081937	0
87452	0	8152222	1
87452	0	8333912	1
87452	0	8333919	1
87452	0	8333920	1
87452	0	8436571	1
87452	0	8436572	0
87452	0	8436575	1
87452	0	8436576	1
87452	0	8436577	1
87452	0	8436578	1
87452	0	8436579	1
87452	0	8496921	0
87452	0	8496922	0
87452	0	861789	1
87452	0	8819111	1
87452	0	8819112	1
87452	0	8819113	1
87452	0	8819114	1
87452	0	8819115	0
87452	0	8819116	1
915593	0	1396701	1
915593	0	1396704	0
915593	0	1396706	0
915593	0	1396707	0
915593	0	1772930	1
915593	0	1815965	1
915593	0	210379	0
915593	0	2210591	1
915593	0	2210593	1
915593	0	2210594	1
915593	0	2210595	1
915593	0	2210597	1
915593	0	2588143	1
915593	0	2744909	1
915593	0	275732	1
915593	0	2923494	1
915593	0	2923496	1
915593	0	2923497	1
915593	0	2923498	1
915593	0	2923501	1
915593	0	3143377	0
915593	0	3357360	0
915593	0	3375966	0
915593	0	3385971	1
915593	0	3485338	1
915593	0	3523599	0
915593	0	3523602	0
915593	0	3538160	1
915593	0	3538162	0
915593	0	3538163	1
915593	0	3538164	1
915593	0	3538165	0
915593	0	3538166	1
915593	0	3538167	1
915593	0	3573479	0
915593	0	3890492	0
915593	0	3991910	1
915593	0	4566815	0
915593	0	4566816	1
915593	0	4566818	1
915593	0	4566819	1
915593	0	4566822	1
915593	0	4566823	0
915593	0	4691129	1
915593	0	4818067	1
915593	0	4834226	1
915593	0	4910037	1
915593	0	5931264	1
915593	0	5931265	1
915593	0	5931266	1
915593	0	5931268	1
915593	0	5931269	1
915593	0	5931270	1
915593	0	5931271	1
915593	0	6181638	1
915593	0	6761346	0
915593	0	6923050	0
915593	0	6923052	1
915593	0	6923055	0
915593	0	6923057	0
915593	0	7742098	1
915593	0	7816726	1
915593	0	7837084	0
915593	0	7837086	0
915593	0	7861747	1
915593	0	7861749	1
915593	0	7861751	1
915593	0	7861753	1
915593	0	7861756	1
915593	0	8002855	1
915593	0	8029525	1
915593	0	8029532	0
915593	0	8029533	1
915593	0	8103063	0
915593	0	8103065	1
915593	0	8103067	1
915593	0	8103068	0
915593	0	8178996	1
915593	0	8178998	1
915593	0	8178999	0
915593	0	8179000	0
915593	0	8179001	1
915593	0	8179003	0
915593	0	8179005	0
915593	0	82105	0
915593	0	82107	1
915593	0	82109	0
915593	0	82110	1
915593	0	82111	0
915593	0	82113	1
915593	0	82114	1
915593	0	8402970	1
915593	0	8402972	1
915593	0	8402973	1
915593	0	8402974	0
915593	0	8420020	0
915593	0	8455301	0
915593	0	8455302	0
915593	0	8455304	1
915593	0	8455306	1
962179	0	1006859	0
962179	0	1006860	0
962179	0	1006861	0
962179	0	1006865	1
962179	0	1006866	0
962179	0	1006867	0
962179	0	1006868	0
962179	0	1015976	0
962179	0	1645080	1
962179	0	1645087	1
962179	0	181089	0
962179	0	2017001	0
962179	0	2017003	1
962179	0	2131893	1
962179	0	2329697	1
962179	0	2329699	1
962179	0	2632688	0
962179	0	2925975	0
962179	0	2929465	0
962179	0	2929469	1
962179	0	2978866	1
962179	0	2978870	1
962179	0	302861	1
962179	0	302865	0
962179	0	302866	1
962179	0	302868	0
962179	0	3173623	1
962179	0	3422317	0
962179	0	3422318	0
962179	0	3422321	0
962179	0	3661633	0
962179	0	3705165	1
962179	0	3982060	0
962179	0	4209392	0
962179	0	4257873	1
962179	0	4309122	0
962179	0	4511497	1
962179	0	4511498	0
962179	0	4511501	0
962179	0	4511504	0
962179	0	4606387	1
962179	0	4606388	1
962179	0	4606389	0
962179	0	4606390	0
962179	0	4717424	0
962179	0	4717426	1
962179	0	5320368	0
962179	0	536178	1
962179	0	536180	0
962179	0	5427063	1
962179	0	5427064	0
962179	0	5427065	0
962179	0	5427070	1
962179	0	5642479	1
962179	0	5642481	0
962179	0	5653652	0
962179	0	5653655	0
962179	0	5653657	0
962179	0	5773184	0
962179	0	5773189	0
962179	0	5886688	1
962179	0	5919341	0
962179	0	6575560	0
962179	0	6575567	0
962179	0	6675257	0
962179	0	6675258	1
962179	0	6675259	1
962179	0	6675261	0
962179	0	6675262	1
962179	0	6675265	1
962179	0	6898290	0
962179	0	6898292	0
962179	0	6898295	1
962179	0	6904865	0
962179	0	6980697	1
962179	0	6980701	0
962179	0	7126025	1
962179	0	7428143	1
962179	0	7428146	1
962179	0	7588230	0
962179	0	8032264	1
962179	0	8032269	0
962179	0	8689053	0
962179	0	8689054	0
962179	0	8689055	0
962179	0	8689056	0
962179	0	8689057	0
962179	0	8689058	0
962179	0	8746010	1
962179	0	8768974	0
962179	0	8785368	1
962179	0	8785370	1
962179	0	8785371	1
962179	0	8785372	1
962179	0	8785373	1
962179	0	8785374	1
962179	0	8811426	0
962179	0	902372	0
962179	0	902373	0
962179	0	931124	0
