1037798	0	1079773	1
1037798	0	1356119	2
1037798	0	1356120	1
1037798	0	1371155	1
1037798	0	1371161	2
1037798	0	158363	3
1037798	0	1612693	1
1037798	0	1863223	1
1037798	0	2021895	4
1037798	0	2021899	2
1037798	0	2157450	5
1037798	0	2273333	3
1037798	0	2381026	4
1037798	0	2608688	5
1037798	0	2632787	2
1037798	0	2634475	5
1037798	0	2698318	2
1037798	0	2698324	1
1037798	0	2743168	3
1037798	0	2787508	4
1037798	0	2863296	4
1037798	0	3082786	4
1037798	0	3082787	4
1037798	0	3082788	4
1037798	0	3082792	3
1037798	0	3082794	3
1037798	0	3082795	5
1037798	0	3150375	4
1037798	0	3150376	2
1037798	0	3247266	5
1037798	0	3310847	2
1037798	0	3387556	5
1037798	0	3520700	4
1037798	0	3620983	5
1037798	0	3620986	5
1037798	0	3620991	5
1037798	0	3641634	5
1037798	0	3679721	2
1037798	0	3798094	2
1037798	0	4085213	2
1037798	0	4227882	5
1037798	0	4245501	2
1037798	0	4387161	2
1037798	0	4387163	1
1037798	0	4436245	0
1037798	0	4468755	0
1037798	0	4534644	2
1037798	0	4620659	0
1037798	0	4786200	0
1037798	0	4788864	5
1037798	0	479275	1
1037798	0	4833476	2
1037798	0	4833637	3
1037798	0	4835233	2
1037798	0	4835237	2
1037798	0	4924331	0
1037798	0	5038273	2
1037798	0	5099520	5
1037798	0	5333542	5
1037798	0	5585227	4
1037798	0	5649573	2
1037798	0	5889925	4
1037798	0	5943159	4
1037798	0	6115930	3
1037798	0	6526047	3
1037798	0	6526054	4
1037798	0	6880291	0
1037798	0	6965274	0
1037798	0	7253357	4
1037798	0	7284301	2
1037798	0	7284303	1
1037798	0	741658	1
1037798	0	74261	2
1037798	0	7610103	1
1037798	0	7619076	2
1037798	0	7687706	0
1037798	0	770859	2
1037798	0	7822415	5
1037798	0	7967207	5
1037798	0	811777	0
1037798	0	811779	0
1037798	0	8157340	0
1037798	0	8402853	1
1037798	0	8402855	2
1037798	0	8537479	5
1037798	0	8701550	0
1037798	0	8760864	5
1037798	0	8760866	5
1037798	0	8760867	5
1037798	0	8760868	5
1037798	0	8760870	5
1037798	0	8760871	5
1037798	0	8760873	5
1037798	0	8780809	2
1037798	0	8780810	2
1037798	0	967280	1
1037798	0	967287	1
1037798	0	972903	2
1037798	0	972907	3
1037798	0	994978	5
104861	0	1017092	2
104861	0	1046334	5
104861	0	1046339	5
104861	0	1304632	2
104861	0	1313687	3
104861	0	1357961	2
104861	0	146170	4
104861	0	1567102	5
104861	0	1767226	1
104861	0	1773805	4
104861	0	1773807	5
104861	0	1811410	2
104861	0	1814642	2
104861	0	1948963	2
104861	0	1977801	2
104861	0	2377050	4
104861	0	2497738	0
104861	0	2916631	4
104861	0	3174878	1
104861	0	3443173	5
104861	0	3443176	5
104861	0	3783016	0
104861	0	3925933	2
104861	0	4017854	4
104861	0	4017856	3
104861	0	4017858	3
104861	0	4199743	5
104861	0	4223386	1
104861	0	4230210	1
104861	0	4230213	1
104861	0	459675	2
104861	0	459676	2
104861	0	4784551	0
104861	0	5073457	1
104861	0	5138467	5
104861	0	5138468	2
104861	0	5138469	2
104861	0	5138471	5
104861	0	5138472	5
104861	0	5138473	5
104861	0	5138474	1
104861	0	5138476	5
104861	0	5248340	4
104861	0	5248341	5
104861	0	5248342	3
104861	0	5340890	1
104861	0	5340891	1
104861	0	5394110	2
104861	0	5394112	1
104861	0	5405670	0
104861	0	5438821	0
104861	0	5483490	2
104861	0	5667475	3
104861	0	5688415	3
104861	0	5688416	4
104861	0	5688417	5
104861	0	5688420	3
104861	0	5703400	2
104861	0	5703401	2
104861	0	5776561	0
104861	0	5778135	0
104861	0	5801822	4
104861	0	5836442	3
104861	0	5864693	2
104861	0	599604	2
104861	0	6008066	0
104861	0	6187055	4
104861	0	6187057	1
104861	0	6187058	3
104861	0	6241791	1
104861	0	629270	2
104861	0	629273	4
104861	0	629274	5
104861	0	629276	5
104861	0	629277	2
104861	0	629278	5
104861	0	6302828	1
104861	0	6351571	2
104861	0	6467577	5
104861	0	6467578	5
104861	0	6467579	3
104861	0	6467580	5
104861	0	6584358	1
104861	0	6585554	3
104861	0	6653674	5
104861	0	6653675	3
104861	0	6653678	4
104861	0	6653679	3
104861	0	6658615	2
104861	0	6704672	5
104861	0	6904992	5
104861	0	6904999	2
104861	0	7034375	1
104861	0	7204477	2
104861	0	7506029	3
104861	0	796246	2
104861	0	8286089	0
104861	0	8495099	2
104861	0	8546162	4
104861	0	8733854	0
1063750	0	1074552	4
1063750	0	1098173	2
1063750	0	1098174	1
1063750	0	1580962	1
1063750	0	1580964	1
1063750	0	1866486	3
1063750	0	1923499	4
1063750	0	1923500	5
1063750	0	1923506	3
1063750	0	2156005	2
1063750	0	2220585	2
1063750	0	2230089	4
1063750	0	2230090	2
1063750	0	2230091	3
1063750	0	2230095	5
1063750	0	2391458	1
1063750	0	2391460	2
1063750	0	2470328	2
1063750	0	2496767	5
1063750	0	2569816	2
1063750	0	2768123	2
1063750	0	3056	0
1063750	0	3134986	2
1063750	0	3259885	3
1063750	0	3259889	3
1063750	0	3259892	4
1063750	0	330159	3
1063750	0	330165	4
1063750	0	3327045	2
1063750	0	3327046	2
1063750	0	3327047	4
1063750	0	3327048	1
1063750	0	3327050	1
1063750	0	3327051	4
1063750	0	3327052	1
1063750	0	3477418	5
1063750	0	3477419	5
1063750	0	3477421	1
1063750	0	3610446	2
1063750	0	3633198	0
1063750	0	3654231	2
1063750	0	3973418	5
1063750	0	4099992	2
1063750	0	4158202	1
1063750	0	4158205	2
1063750	0	4337526	5
1063750	0	4337527	5
1063750	0	4337528	5
1063750	0	4337532	5
1063750	0	4487113	2
1063750	0	4487115	4
1063750	0	4542127	2
1063750	0	4559130	5
1063750	0	4559131	2
1063750	0	4559132	1
1063750	0	4718161	5
1063750	0	4788295	4
1063750	0	4802036	2
1063750	0	4834969	4
1063750	0	4834974	3
1063750	0	4844348	0
1063750	0	5062363	0
1063750	0	5442711	5
1063750	0	5442717	2
1063750	0	5956099	5
1063750	0	5956106	3
1063750	0	6093904	0
1063750	0	6093907	0
1063750	0	6127382	1
1063750	0	6127389	4
1063750	0	6666451	1
1063750	0	7146781	5
1063750	0	7247264	4
1063750	0	7304887	1
1063750	0	7571423	5
1063750	0	7571428	2
1063750	0	7778348	0
1063750	0	7778351	0
1063750	0	7778354	4
1063750	0	7781459	1
1063750	0	7781460	0
1063750	0	7837936	5
1063750	0	7837937	1
1063750	0	7837938	5
1063750	0	7952964	3
1063750	0	7952965	4
1063750	0	7952966	5
1063750	0	7952967	3
1063750	0	7952971	5
1063750	0	7959117	4
1063750	0	8183810	1
1063750	0	819283	2
1063750	0	819284	2
1063750	0	8239876	5
1063750	0	8239877	5
1063750	0	8384971	2
1063750	0	8739167	0
1063750	0	8821734	5
1063750	0	8821735	5
1063750	0	8821736	5
1103812	0	1214791	5
1103812	0	1419875	4
1103812	0	1462916	2
1103812	0	1614303	5
1103812	0	1659850	5
1103812	0	1659852	3
1103812	0	1984917	2
1103812	0	2060347	3
1103812	0	2147179	1
1103812	0	2235495	2
1103812	0	2332189	5
1103812	0	2371485	5
1103812	0	250692	2
1103812	0	2535841	3
1103812	0	2586283	4
1103812	0	2666747	1
1103812	0	2703108	4
1103812	0	2703114	1
1103812	0	2720842	3
1103812	0	2750961	5
1103812	0	2750965	5
1103812	0	2878297	2
1103812	0	2945096	2
1103812	0	3122424	1
1103812	0	3122425	1
1103812	0	3255158	5
1103812	0	3427222	4
1103812	0	3512936	5
1103812	0	3591090	0
1103812	0	3591092	2
1103812	0	3591094	1
1103812	0	3708772	3
1103812	0	3773618	2
1103812	0	3843263	0
1103812	0	3843267	5
1103812	0	3843270	0
1103812	0	3940091	5
1103812	0	3990418	2
1103812	0	4130119	3
1103812	0	4191304	2
1103812	0	4192902	2
1103812	0	427270	3
1103812	0	4292848	4
1103812	0	4322058	5
1103812	0	4401695	5
1103812	0	4478524	0
1103812	0	4598218	0
1103812	0	4791698	2
1103812	0	4795944	1
1103812	0	4824831	2
1103812	0	4937953	5
1103812	0	4967774	1
1103812	0	5190505	4
1103812	0	5209256	1
1103812	0	5372066	2
1103812	0	5372067	1
1103812	0	5416250	3
1103812	0	5850266	0
1103812	0	5974245	2
1103812	0	5976811	2
1103812	0	6103245	2
1103812	0	6128049	5
1103812	0	621213	5
1103812	0	6289840	5
1103812	0	6330511	0
1103812	0	645467	2
1103812	0	6569474	2
1103812	0	6619490	0
1103812	0	6621	4
1103812	0	6799729	4
1103812	0	6842210	5
1103812	0	6936248	1
1103812	0	7231343	2
1103812	0	7242599	4
1103812	0	7259761	2
1103812	0	7280672	4
1103812	0	7430769	0
1103812	0	7491609	4
1103812	0	7491610	3
1103812	0	7676360	0
1103812	0	7755205	1
1103812	0	8084238	4
1103812	0	8220080	4
1103812	0	8220081	5
1103812	0	8220085	5
1103812	0	8220086	5
1103812	0	8220087	5
1103812	0	8220088	5
1103812	0	8220089	5
1103812	0	8220093	2
1103812	0	8224175	3
1103812	0	8224183	4
1103812	0	8293805	2
1103812	0	8521423	3
1103812	0	8525190	2
1103812	0	865879	5
1103812	0	868008	1
1103812	0	8822007	1
1103812	0	893854	2
1103812	0	955565	1
1106007	0	1334328	5
1106007	0	1334330	5
1106007	0	1334331	5
1106007	0	1334334	5
1106007	0	1334335	5
1106007	0	1334336	5
1106007	0	1334337	2
1106007	0	1560237	2
1106007	0	1560243	4
1106007	0	1628793	2
1106007	0	1918089	2
1106007	0	2148473	0
1106007	0	2186171	2
1106007	0	2325835	1
1106007	0	2451757	1
1106007	0	2464373	2
1106007	0	2464374	4
1106007	0	2464375	5
1106007	0	2464376	2
1106007	0	2464378	0
1106007	0	2513606	2
1106007	0	2513607	0
1106007	0	2513608	1
1106007	0	2513609	1
1106007	0	2672601	5
1106007	0	2672608	5
1106007	0	2777111	4
1106007	0	2798876	3
1106007	0	2804955	0
1106007	0	285891	0
1106007	0	2866627	4
1106007	0	2866630	3
1106007	0	2866633	2
1106007	0	2866634	1
1106007	0	2910887	2
1106007	0	2960558	5
1106007	0	2960561	5
1106007	0	2960563	5
1106007	0	2960564	4
1106007	0	2960566	5
1106007	0	303453	0
1106007	0	3537611	2
1106007	0	3567188	4
1106007	0	3711235	1
1106007	0	4004166	4
1106007	0	4004169	2
1106007	0	4004173	4
1106007	0	4089153	1
1106007	0	4173705	2
1106007	0	4173709	5
1106007	0	4173712	5
1106007	0	4781867	1
1106007	0	487804	1
1106007	0	4953840	0
1106007	0	5204536	3
1106007	0	5204537	2
1106007	0	5204538	4
1106007	0	5204539	2
1106007	0	5204540	3
1106007	0	5204544	4
1106007	0	5279699	1
1106007	0	5279702	1
1106007	0	5279704	1
1106007	0	5774817	1
1106007	0	5774818	5
1106007	0	5780388	5
1106007	0	592693	1
1106007	0	6071697	2
1106007	0	6104494	3
1106007	0	6126193	3
1106007	0	6182968	2
1106007	0	6282108	4
1106007	0	6282110	2
1106007	0	6297179	0
1106007	0	6963994	2
1106007	0	701605	2
1106007	0	7193731	0
1106007	0	746358	5
1106007	0	7500586	3
1106007	0	7685380	5
1106007	0	7685382	4
1106007	0	7685383	4
1106007	0	7685384	5
1106007	0	7685385	5
1106007	0	7685386	4
1106007	0	7685388	5
1106007	0	8141089	3
1106007	0	8199519	2
1106007	0	8199521	5
1106007	0	8204457	5
1106007	0	8204463	2
1106007	0	8204464	3
1106007	0	8208703	1
1106007	0	8348781	0
1106007	0	8521668	4
1106007	0	8521673	5
1106007	0	8521674	2
1106007	0	899465	3
1106007	0	899467	2
1106007	0	899468	2
1110199	0	1144987	4
1110199	0	1321205	4
1110199	0	1323552	0
1110199	0	1592475	2
1110199	0	1809288	1
1110199	0	1901876	5
1110199	0	1901877	5
1110199	0	1901878	5
1110199	0	1901879	5
1110199	0	1901881	5
1110199	0	1901882	5
1110199	0	1966313	4
1110199	0	2301113	3
1110199	0	2301115	3
1110199	0	2301117	2
1110199	0	2301119	2
1110199	0	239443	5
1110199	0	239444	5
1110199	0	2474406	2
1110199	0	2657988	5
1110199	0	2796199	5
1110199	0	2796204	4
1110199	0	2854609	1
1110199	0	2854615	0
1110199	0	2925198	1
1110199	0	313193	0
1110199	0	3270584	2
1110199	0	3272906	1
1110199	0	3272914	0
1110199	0	328010	1
1110199	0	3495022	1
1110199	0	3515650	3
1110199	0	3519482	2
1110199	0	3647394	5
1110199	0	3838638	5
1110199	0	3838645	5
1110199	0	4053652	4
1110199	0	4057232	4
1110199	0	433926	1
1110199	0	4489656	4
1110199	0	4496257	3
1110199	0	4504233	5
1110199	0	4511137	5
1110199	0	4511144	4
1110199	0	451157	2
1110199	0	4674430	2
1110199	0	4771351	0
1110199	0	4800728	1
1110199	0	4800729	2
1110199	0	5049363	4
1110199	0	5074861	1
1110199	0	5105295	5
1110199	0	5218014	4
1110199	0	5387204	2
1110199	0	5387211	2
1110199	0	5387212	2
1110199	0	5479	3
1110199	0	5516092	4
1110199	0	5627957	4
1110199	0	5641717	2
1110199	0	5641718	2
1110199	0	5701621	2
1110199	0	5857919	2
1110199	0	5857920	1
1110199	0	5857921	5
1110199	0	5857923	2
1110199	0	5857924	1
1110199	0	5857925	1
1110199	0	5857926	3
1110199	0	5857927	3
1110199	0	6056861	1
1110199	0	618109	2
1110199	0	618114	0
1110199	0	6368887	5
1110199	0	6368891	4
1110199	0	6382102	0
1110199	0	6392463	5
1110199	0	6392469	5
1110199	0	6462667	0
1110199	0	6478158	0
1110199	0	6573362	2
1110199	0	6832436	2
1110199	0	712232	1
1110199	0	712235	2
1110199	0	7221366	5
1110199	0	7344200	0
1110199	0	7344201	1
1110199	0	7628033	1
1110199	0	7628037	2
1110199	0	8160518	5
1110199	0	8160519	5
1110199	0	8160520	5
1110199	0	8160521	4
1110199	0	8160522	4
1110199	0	8160524	2
1110199	0	8160527	5
1110199	0	8404306	3
1110199	0	8404307	3
1110199	0	955120	2
1110199	0	986780	3
1112341	0	1087928	4
1112341	0	1254065	5
1112341	0	1312444	3
1112341	0	1373648	1
1112341	0	1450347	3
1112341	0	2095998	0
1112341	0	2096429	0
1112341	0	2173819	2
1112341	0	2173822	2
1112341	0	2173823	2
1112341	0	2209048	5
1112341	0	2253155	5
1112341	0	2596431	1
1112341	0	2596432	1
1112341	0	2603918	1
1112341	0	2626927	5
1112341	0	2663365	2
1112341	0	2694630	4
1112341	0	2694633	3
1112341	0	2694636	4
1112341	0	2735215	4
1112341	0	2735219	2
1112341	0	3118343	5
1112341	0	3252208	3
1112341	0	3291151	3
1112341	0	3524227	4
1112341	0	3795887	4
1112341	0	3795889	2
1112341	0	3795891	0
1112341	0	3795896	3
1112341	0	3922194	5
1112341	0	3922197	4
1112341	0	4022846	5
1112341	0	4022849	5
1112341	0	4385339	4
1112341	0	4390797	1
1112341	0	4390801	5
1112341	0	4390804	2
1112341	0	4413846	0
1112341	0	4416075	1
1112341	0	4663300	5
1112341	0	478773	2
1112341	0	4927752	3
1112341	0	4927753	4
1112341	0	4977768	1
1112341	0	5043405	0
1112341	0	5043407	1
1112341	0	5171418	1
1112341	0	5298723	2
1112341	0	5414560	0
1112341	0	5740804	2
1112341	0	6164791	5
1112341	0	6311795	5
1112341	0	6311797	0
1112341	0	6311801	4
1112341	0	6369731	1
1112341	0	6369732	1
1112341	0	6459590	5
1112341	0	6681380	1
1112341	0	6681382	2
1112341	0	6681384	2
1112341	0	6681385	1
1112341	0	6726337	3
1112341	0	6726340	5
1112341	0	6726342	5
1112341	0	6726344	5
1112341	0	6726345	5
1112341	0	6726346	0
1112341	0	6947368	0
1112341	0	6973592	0
1112341	0	7079771	3
1112341	0	7079776	5
1112341	0	7597745	3
1112341	0	7615749	4
1112341	0	7615752	2
1112341	0	8008345	4
1112341	0	8134792	4
1112341	0	8139250	2
1112341	0	8139251	5
1112341	0	8139255	5
1112341	0	8139256	5
1112341	0	8139257	5
1112341	0	8139258	5
1112341	0	8200926	2
1112341	0	8326581	2
1112341	0	8326584	2
1112341	0	8326587	5
1112341	0	8326588	2
1112341	0	8337129	5
1112341	0	8442173	4
1112341	0	8442174	2
1112341	0	8442176	2
1112341	0	8442177	2
1112341	0	8442178	1
1112341	0	8442180	2
1112341	0	8606160	2
1112341	0	8606161	2
1112341	0	8651336	4
1112341	0	8700906	2
1112341	0	875123	1
1113437	0	1066532	4
1113437	0	1066538	4
1113437	0	1066539	2
1113437	0	1280567	0
1113437	0	1280568	5
1113437	0	1280569	1
1113437	0	1280570	3
1113437	0	1454814	3
1113437	0	1658786	1
1113437	0	1768727	4
1113437	0	1896939	2
1113437	0	1896943	5
1113437	0	2001934	4
1113437	0	2226349	5
1113437	0	226867	4
1113437	0	2354940	2
1113437	0	2354947	5
1113437	0	2595626	3
1113437	0	2884183	3
1113437	0	2884188	2
1113437	0	2884191	4
1113437	0	3026984	2
1113437	0	3089474	1
1113437	0	3125150	2
1113437	0	3125154	5
1113437	0	3125155	2
1113437	0	3325381	2
1113437	0	3518300	1
1113437	0	3687620	2
1113437	0	3880944	3
1113437	0	4016930	2
1113437	0	4016934	1
1113437	0	4016937	1
1113437	0	4216336	2
1113437	0	4367831	3
1113437	0	4367832	5
1113437	0	4412230	2
1113437	0	4473156	5
1113437	0	4473157	5
1113437	0	4498864	4
1113437	0	4498867	3
1113437	0	4751835	5
1113437	0	4751839	1
1113437	0	4981632	0
1113437	0	5188751	2
1113437	0	520325	0
1113437	0	5328098	4
1113437	0	5514586	5
1113437	0	5546288	5
1113437	0	5591645	2
1113437	0	5863434	3
1113437	0	5938418	1
1113437	0	5938420	4
1113437	0	5938424	2
1113437	0	5938425	5
1113437	0	594251	4
1113437	0	5996691	5
1113437	0	5996692	2
1113437	0	6017939	2
1113437	0	6017945	0
1113437	0	6021898	4
1113437	0	6021902	5
1113437	0	6021905	3
1113437	0	6174327	2
1113437	0	6174328	5
1113437	0	6174329	3
1113437	0	631949	5
1113437	0	6455604	5
1113437	0	6455610	3
1113437	0	6486041	1
1113437	0	6593841	2
1113437	0	6688843	4
1113437	0	6792385	1
1113437	0	7263162	0
1113437	0	7377275	0
1113437	0	7377278	2
1113437	0	7385219	1
1113437	0	7385221	4
1113437	0	7385222	5
1113437	0	742037	5
1113437	0	742044	5
1113437	0	7890527	1
1113437	0	807277	5
1113437	0	807279	4
1113437	0	8128790	4
1113437	0	8128792	2
1113437	0	8128794	4
1113437	0	8128796	5
1113437	0	8128798	2
1113437	0	8128799	1
1113437	0	8162984	1
1113437	0	8330514	2
1113437	0	8503446	2
1113437	0	8503449	0
1113437	0	8503453	2
1113437	0	8503455	1
1113437	0	8729210	0
1113437	0	8729214	0
1113437	0	8729215	0
1113437	0	8729219	5
1114646	0	1316103	4
1114646	0	1316109	4
1114646	0	1544838	4
1114646	0	1713662	0
1114646	0	1884057	2
1114646	0	1884059	5
1114646	0	2201127	4
1114646	0	2408275	0
1114646	0	2524143	1
1114646	0	2647994	5
1114646	0	266552	5
1114646	0	2676807	4
1114646	0	2695584	1
1114646	0	272202	1
1114646	0	2911035	2
1114646	0	2911039	4
1114646	0	2911040	2
1114646	0	2931848	1
1114646	0	3056368	4
1114646	0	3184850	2
1114646	0	3184851	2
1114646	0	3467664	5
1114646	0	3467665	4
1114646	0	3470484	4
1114646	0	3624681	2
1114646	0	3828281	2
1114646	0	3901376	1
1114646	0	392985	3
1114646	0	3949098	1
1114646	0	4332918	5
1114646	0	444374	3
1114646	0	444375	2
1114646	0	444380	3
1114646	0	444382	1
1114646	0	4771285	2
1114646	0	5041692	2
1114646	0	5127884	1
1114646	0	5217702	3
1114646	0	5229617	2
1114646	0	5279567	5
1114646	0	5316249	1
1114646	0	5417949	5
1114646	0	5417952	5
1114646	0	5417953	5
1114646	0	5417954	5
1114646	0	5423424	2
1114646	0	5569142	5
1114646	0	5637550	1
1114646	0	5640856	2
1114646	0	5640859	4
1114646	0	5640861	2
1114646	0	5661838	3
1114646	0	5661840	2
1114646	0	5687476	3
1114646	0	5687477	2
1114646	0	5687478	3
1114646	0	5687479	4
1114646	0	579548	2
1114646	0	579554	5
1114646	0	5836029	3
1114646	0	5959593	4
1114646	0	6124144	0
1114646	0	6124145	0
1114646	0	629152	1
1114646	0	6348309	5
1114646	0	6704400	5
1114646	0	6704401	5
1114646	0	6711103	5
1114646	0	687064	5
1114646	0	6886637	0
1114646	0	6886642	0
1114646	0	6886644	1
1114646	0	7065010	2
1114646	0	7196956	4
1114646	0	7196961	2
1114646	0	7278603	1
1114646	0	771368	5
1114646	0	7768555	0
1114646	0	7931424	1
1114646	0	7945828	1
1114646	0	7984234	4
1114646	0	8117087	3
1114646	0	8117088	2
1114646	0	8117089	5
1114646	0	8117090	5
1114646	0	8117091	5
1114646	0	8117092	5
1114646	0	8117093	2
1114646	0	8117094	5
1114646	0	8117095	3
1114646	0	8117096	5
1114646	0	8185549	2
1114646	0	831444	2
1114646	0	8327369	4
1114646	0	857788	2
1114646	0	857789	2
1114646	0	8665820	5
1114646	0	937370	0
1114646	0	937371	0
1114646	0	992156	0
1114819	0	1009500	2
1114819	0	1248112	2
1114819	0	1302004	5
1114819	0	1302007	5
1114819	0	1315993	5
1114819	0	1315994	5
1114819	0	1315995	5
1114819	0	1315996	5
1114819	0	1315998	4
1114819	0	1316000	2
1114819	0	1419798	2
1114819	0	1419801	1
1114819	0	1625836	5
1114819	0	1724520	4
1114819	0	1724525	5
1114819	0	1724526	0
1114819	0	1724528	2
1114819	0	1735443	2
1114819	0	1738242	5
1114819	0	1738243	4
1114819	0	1738250	5
1114819	0	1816958	0
1114819	0	1852066	1
1114819	0	2136434	5
1114819	0	2477692	2
1114819	0	255279	1
1114819	0	2590455	2
1114819	0	2831393	0
1114819	0	344350	5
1114819	0	344351	4
1114819	0	3484458	3
1114819	0	3781418	3
1114819	0	3781419	2
1114819	0	3906952	3
1114819	0	3906954	5
1114819	0	3906955	1
1114819	0	3906959	3
1114819	0	4890560	4
1114819	0	5019832	4
1114819	0	5019839	5
1114819	0	5156171	0
1114819	0	5165249	3
1114819	0	534362	3
1114819	0	5521371	5
1114819	0	5521373	4
1114819	0	5628950	0
1114819	0	5628952	4
1114819	0	5718417	1
1114819	0	6202321	1
1114819	0	6564168	0
1114819	0	6900766	5
1114819	0	6900767	2
1114819	0	6900769	1
1114819	0	6900773	3
1114819	0	6900774	5
1114819	0	6941478	4
1114819	0	694735	1
1114819	0	694737	2
1114819	0	7132894	1
1114819	0	7156443	4
1114819	0	750446	0
1114819	0	7588045	3
1114819	0	7803429	1
1114819	0	7803435	3
1114819	0	785027	4
1114819	0	785028	2
1114819	0	8022276	5
1114819	0	8022279	1
1114819	0	8022280	4
1114819	0	8024890	5
1114819	0	8027206	3
1114819	0	8088105	0
1114819	0	8088108	2
1114819	0	8088109	1
1114819	0	8088111	1
1114819	0	8096817	3
1114819	0	8096824	2
1114819	0	8115435	2
1114819	0	8115439	2
1114819	0	8115440	2
1114819	0	8115700	0
1114819	0	8336225	2
1114819	0	8336229	5
1114819	0	8336230	4
1114819	0	8336232	2
1114819	0	8480574	2
1114819	0	8508255	2
1114819	0	8508259	1
1114819	0	8508263	4
1114819	0	8579830	1
1114819	0	8579832	0
1114819	0	8736056	2
1114819	0	8754397	5
1114819	0	8754398	5
1114819	0	8754404	1
1114819	0	8768742	5
1114819	0	988370	5
1114819	0	988373	2
1114819	0	988376	5
1114819	0	988378	2
1115776	0	1036904	5
1115776	0	1134851	0
1115776	0	1269409	5
1115776	0	1328463	2
1115776	0	1403193	2
1115776	0	1403195	2
1115776	0	1729572	4
1115776	0	1729576	4
1115776	0	1826907	2
1115776	0	1826911	1
1115776	0	1856137	2
1115776	0	1856144	3
1115776	0	2137462	1
1115776	0	2230476	2
1115776	0	2230477	0
1115776	0	2230481	2
1115776	0	2364285	5
1115776	0	2514462	3
1115776	0	2514467	1
1115776	0	2897142	2
1115776	0	3041833	1
1115776	0	3052538	1
1115776	0	3063307	2
1115776	0	3063308	2
1115776	0	3063310	2
1115776	0	3203281	4
1115776	0	3203998	2
1115776	0	3296853	2
1115776	0	3344355	5
1115776	0	3411245	5
1115776	0	3469357	5
1115776	0	3595625	0
1115776	0	3794460	5
1115776	0	407823	2
1115776	0	4131485	5
1115776	0	4162793	1
1115776	0	4314169	5
1115776	0	4314171	5
1115776	0	4314172	5
1115776	0	4314174	5
1115776	0	4314175	5
1115776	0	4314176	5
1115776	0	4314178	5
1115776	0	4324120	3
1115776	0	4487937	5
1115776	0	4487938	4
1115776	0	4530238	0
1115776	0	480800	4
1115776	0	4954946	2
1115776	0	4984386	0
1115776	0	4984390	0
1115776	0	5069882	4
1115776	0	5069887	4
1115776	0	5244756	0
1115776	0	5264931	5
1115776	0	5599692	5
1115776	0	5605159	4
1115776	0	5605160	3
1115776	0	5950738	4
1115776	0	619650	3
1115776	0	619654	1
1115776	0	619655	2
1115776	0	6449404	0
1115776	0	6616844	2
1115776	0	6616847	2
1115776	0	6692795	1
1115776	0	6989198	4
1115776	0	6989200	2
1115776	0	6989201	1
1115776	0	7007569	2
1115776	0	7070859	3
1115776	0	7264948	4
1115776	0	7276300	4
1115776	0	7315361	1
1115776	0	7400215	0
1115776	0	7692397	1
1115776	0	7840018	2
1115776	0	7847335	3
1115776	0	7849650	1
1115776	0	8106317	5
1115776	0	8106318	4
1115776	0	8106320	5
1115776	0	8106321	5
1115776	0	8106322	4
1115776	0	8106324	5
1115776	0	8108813	2
1115776	0	8108815	0
1115776	0	8108818	1
1115776	0	8121639	4
1115776	0	8345727	2
1115776	0	838941	2
1115776	0	838942	1
1115776	0	838943	1
1115776	0	838944	2
1115776	0	838949	2
1115776	0	8495250	5
1115776	0	8495256	5
1115776	0	8504500	5
1115776	0	8757348	1
1115776	0	8797977	3
1117099	0	1013790	1
1117099	0	1013791	0
1117099	0	1123494	1
1117099	0	1123496	2
1117099	0	1389420	5
1117099	0	1445087	1
1117099	0	1457593	1
1117099	0	1551136	1
1117099	0	1586363	0
1117099	0	1586365	0
1117099	0	1620739	1
1117099	0	1620746	2
1117099	0	1692847	3
1117099	0	1798612	5
1117099	0	1798614	4
1117099	0	1798620	5
1117099	0	1986011	0
1117099	0	2109695	1
1117099	0	2109697	1
1117099	0	2109700	2
1117099	0	2109701	1
1117099	0	2157567	2
1117099	0	225488	4
1117099	0	2804356	0
1117099	0	2804359	0
1117099	0	297115	2
1117099	0	297118	2
1117099	0	3104260	1
1117099	0	3104266	2
1117099	0	3104268	2
1117099	0	3107584	2
1117099	0	334615	4
1117099	0	3349612	5
1117099	0	3412239	4
1117099	0	3439260	0
1117099	0	3543106	5
1117099	0	4393946	4
1117099	0	4441325	5
1117099	0	4458509	5
1117099	0	4458512	5
1117099	0	4573811	5
1117099	0	4759495	2
1117099	0	514314	1
1117099	0	5258462	4
1117099	0	5286535	5
1117099	0	5286538	5
1117099	0	5286539	5
1117099	0	5354862	0
1117099	0	5354863	1
1117099	0	5377585	3
1117099	0	5448444	3
1117099	0	5461820	2
1117099	0	5643723	2
1117099	0	5699284	3
1117099	0	5699286	2
1117099	0	5752877	2
1117099	0	576491	1
1117099	0	589140	4
1117099	0	5979207	2
1117099	0	5979214	2
1117099	0	6057207	4
1117099	0	6122720	5
1117099	0	6122721	5
1117099	0	6122722	5
1117099	0	6122723	5
1117099	0	6122724	5
1117099	0	6178371	2
1117099	0	6411781	2
1117099	0	651744	2
1117099	0	6534818	4
1117099	0	6534824	4
1117099	0	6776509	0
1117099	0	6776512	0
1117099	0	6940557	1
1117099	0	6993942	4
1117099	0	700495	2
1117099	0	700497	3
1117099	0	7135556	3
1117099	0	7135561	3
1117099	0	714808	5
1117099	0	7244088	3
1117099	0	7610601	3
1117099	0	7610604	2
1117099	0	7761853	1
1117099	0	8019444	2
1117099	0	8019446	3
1117099	0	8093927	4
1117099	0	8093931	5
1117099	0	8093932	5
1117099	0	8093933	4
1117099	0	8093934	5
1117099	0	8208315	5
1117099	0	8434604	2
1117099	0	8446501	5
1117099	0	8446505	5
1117099	0	8446506	4
1117099	0	8515441	2
1117099	0	8714082	4
1117099	0	8820809	2
1117099	0	8838111	5
1121402	0	1249687	2
1121402	0	1323047	4
1121402	0	1323048	3
1121402	0	1613053	1
1121402	0	1702458	0
1121402	0	182364	3
1121402	0	182365	4
1121402	0	182366	5
1121402	0	182367	5
1121402	0	182368	5
1121402	0	182369	5
1121402	0	182370	2
1121402	0	182371	4
1121402	0	182372	5
1121402	0	182373	2
1121402	0	188209	5
1121402	0	188210	4
1121402	0	188211	3
1121402	0	188213	5
1121402	0	188214	4
1121402	0	188215	4
1121402	0	188216	3
1121402	0	188217	3
1121402	0	188218	2
1121402	0	2042119	1
1121402	0	210811	1
1121402	0	2191941	1
1121402	0	255095	2
1121402	0	2633464	2
1121402	0	2681045	3
1121402	0	2681048	1
1121402	0	3412904	2
1121402	0	3412909	2
1121402	0	341347	2
1121402	0	3511789	4
1121402	0	3511795	0
1121402	0	3526577	1
1121402	0	3785307	2
1121402	0	3785308	5
1121402	0	3785309	2
1121402	0	3785310	4
1121402	0	3868953	1
1121402	0	4085753	1
1121402	0	4174527	0
1121402	0	4198997	2
1121402	0	4198998	3
1121402	0	4199001	2
1121402	0	4305978	1
1121402	0	43770	2
1121402	0	4449258	5
1121402	0	4449267	5
1121402	0	4616915	3
1121402	0	4620827	4
1121402	0	465100	0
1121402	0	5189913	5
1121402	0	5429317	2
1121402	0	5538762	0
1121402	0	5640403	1
1121402	0	5662146	0
1121402	0	5831807	4
1121402	0	5831811	4
1121402	0	5960420	0
1121402	0	625220	3
1121402	0	625222	2
1121402	0	628204	1
1121402	0	6371839	0
1121402	0	6683286	1
1121402	0	6884812	4
1121402	0	7011506	4
1121402	0	7125978	2
1121402	0	7125980	5
1121402	0	7125981	5
1121402	0	7125982	4
1121402	0	7125983	5
1121402	0	7125985	3
1121402	0	7125987	5
1121402	0	7142994	5
1121402	0	7489485	2
1121402	0	7489487	2
1121402	0	7489490	0
1121402	0	7572308	2
1121402	0	7572309	2
1121402	0	8052617	5
1121402	0	8052619	5
1121402	0	8052620	5
1121402	0	8052621	5
1121402	0	8052622	5
1121402	0	8052623	5
1121402	0	8052624	5
1121402	0	8089444	5
1121402	0	8235730	5
1121402	0	8376430	0
1121402	0	8408534	1
1121402	0	8417443	2
1121402	0	8487134	1
1121402	0	8662647	2
1121402	0	8718639	4
1121402	0	8821491	1
1121402	0	8821496	2
1121402	0	8821497	2
1121709	0	1033160	2
1121709	0	1095843	3
1121709	0	1170795	4
1121709	0	1196983	3
1121709	0	1212535	0
1121709	0	1498684	1
1121709	0	1640511	4
1121709	0	1640512	4
1121709	0	1748119	3
1121709	0	1752809	5
1121709	0	1752813	4
1121709	0	1764270	2
1121709	0	2046433	2
1121709	0	2115565	3
1121709	0	2115567	3
1121709	0	2142778	2
1121709	0	231865	1
1121709	0	2378584	5
1121709	0	2662730	0
1121709	0	2665010	1
1121709	0	2703197	2
1121709	0	2704369	2
1121709	0	2706641	5
1121709	0	2725458	1
1121709	0	2821790	0
1121709	0	2923932	5
1121709	0	2926715	4
1121709	0	2940488	4
1121709	0	2949781	1
1121709	0	2961048	4
1121709	0	2961049	4
1121709	0	3029721	1
1121709	0	3312963	2
1121709	0	3407458	5
1121709	0	3423059	5
1121709	0	3423060	5
1121709	0	3423066	5
1121709	0	3423067	5
1121709	0	3638261	2
1121709	0	3691568	1
1121709	0	3833130	2
1121709	0	3929723	1
1121709	0	3968031	2
1121709	0	4024649	2
1121709	0	40956	0
1121709	0	4203734	2
1121709	0	4512049	1
1121709	0	4526695	1
1121709	0	4543103	3
1121709	0	4572503	1
1121709	0	4594306	4
1121709	0	4771427	2
1121709	0	4832967	2
1121709	0	4836170	0
1121709	0	4875103	2
1121709	0	4979451	4
1121709	0	4979452	4
1121709	0	5014378	5
1121709	0	5092299	5
1121709	0	511306	3
1121709	0	5303734	1
1121709	0	5504399	5
1121709	0	5591740	2
1121709	0	5614877	2
1121709	0	5716710	0
1121709	0	606074	3
1121709	0	606077	4
1121709	0	6302713	2
1121709	0	6533417	0
1121709	0	6600	2
1121709	0	700135	5
1121709	0	7021254	3
1121709	0	7040511	2
1121709	0	7288128	0
1121709	0	7313132	4
1121709	0	7317391	2
1121709	0	7467711	0
1121709	0	7795720	5
1121709	0	79727	1
1121709	0	8049577	5
1121709	0	8049578	5
1121709	0	8049579	5
1121709	0	8049580	5
1121709	0	8049583	5
1121709	0	8049584	5
1121709	0	8049585	5
1121709	0	8049586	5
1121709	0	8184854	2
1121709	0	8224712	1
1121709	0	8229113	1
1121709	0	8261584	2
1121709	0	8571	3
1121709	0	8662687	5
1121709	0	8759528	5
1121709	0	8795147	0
1121709	0	8816009	4
1121709	0	886456	5
1121709	0	901202	2
1121709	0	904704	2
1121709	0	904705	3
1124210	0	1194687	5
1124210	0	1383615	2
1124210	0	1383617	2
1124210	0	1383624	4
1124210	0	145274	1
1124210	0	1545735	2
1124210	0	1593793	0
1124210	0	1593798	0
1124210	0	1701417	2
1124210	0	1702003	1
1124210	0	1702004	0
1124210	0	1702009	4
1124210	0	1702010	4
1124210	0	1756565	2
1124210	0	1756567	2
1124210	0	2019787	2
1124210	0	2127331	5
1124210	0	2200002	2
1124210	0	2258591	5
1124210	0	2258592	5
1124210	0	2258595	5
1124210	0	2258596	5
1124210	0	2728448	5
1124210	0	3031377	4
1124210	0	3031379	5
1124210	0	3046385	3
1124210	0	3162331	5
1124210	0	3375842	4
1124210	0	3446172	4
1124210	0	3520553	5
1124210	0	352987	5
1124210	0	3546600	4
1124210	0	3573857	5
1124210	0	3680800	2
1124210	0	3680801	4
1124210	0	3680802	4
1124210	0	3849905	0
1124210	0	3859923	3
1124210	0	3907021	5
1124210	0	3937735	3
1124210	0	3944481	2
1124210	0	4057442	2
1124210	0	4074146	4
1124210	0	4074149	4
1124210	0	4074151	1
1124210	0	4232134	1
1124210	0	4425461	2
1124210	0	4425464	2
1124210	0	4535558	5
1124210	0	469563	2
1124210	0	469565	4
1124210	0	473763	3
1124210	0	4794725	4
1124210	0	4958358	4
1124210	0	5039696	2
1124210	0	5056100	5
1124210	0	5125015	2
1124210	0	5363820	2
1124210	0	5366909	2
1124210	0	5366913	2
1124210	0	546155	3
1124210	0	546157	3
1124210	0	546158	2
1124210	0	5512675	0
1124210	0	555792	5
1124210	0	580882	1
1124210	0	5940130	1
1124210	0	5940134	1
1124210	0	607910	1
1124210	0	6171525	0
1124210	0	6182360	1
1124210	0	6282190	4
1124210	0	6500225	2
1124210	0	6704887	3
1124210	0	6814009	1
1124210	0	6814012	5
1124210	0	6814015	5
1124210	0	6814017	2
1124210	0	7109335	1
1124210	0	7205919	3
1124210	0	7205920	5
1124210	0	7205923	0
1124210	0	7208694	5
1124210	0	7381537	3
1124210	0	7441574	1
1124210	0	7566672	2
1124210	0	7566674	2
1124210	0	7581155	5
1124210	0	7698250	2
1124210	0	7738982	1
1124210	0	7832730	4
1124210	0	7832731	0
1124210	0	7832732	0
1124210	0	7894220	3
1124210	0	795660	1
1124210	0	8026737	5
1124210	0	8180027	1
1124210	0	829948	5
1124210	0	841738	3
1124210	0	841743	0
1129237	0	1080294	2
1129237	0	120308	1
1129237	0	120311	1
1129237	0	120314	1
1129237	0	120315	1
1129237	0	120801	1
1129237	0	128982	5
1129237	0	128984	5
1129237	0	128989	5
1129237	0	1490143	2
1129237	0	162127	2
1129237	0	1770025	2
1129237	0	1770027	4
1129237	0	1896185	2
1129237	0	1896186	2
1129237	0	1896189	2
1129237	0	1959030	4
1129237	0	2152821	4
1129237	0	2152828	1
1129237	0	2442489	2
1129237	0	2453794	4
1129237	0	2580204	1
1129237	0	2696926	5
1129237	0	2697746	5
1129237	0	2697752	5
1129237	0	2972916	4
1129237	0	301944	2
1129237	0	302210	2
1129237	0	3097761	5
1129237	0	3131122	5
1129237	0	3156016	0
1129237	0	3636926	2
1129237	0	3641168	2
1129237	0	3683096	4
1129237	0	3757192	1
1129237	0	3905055	4
1129237	0	3905057	5
1129237	0	3905799	5
1129237	0	3905802	5
1129237	0	3950048	2
1129237	0	4066969	1
1129237	0	4141005	0
1129237	0	4141012	4
1129237	0	4254811	5
1129237	0	4254815	5
1129237	0	4254816	5
1129237	0	4328625	2
1129237	0	4449295	3
1129237	0	4509080	1
1129237	0	461835	2
1129237	0	4773351	2
1129237	0	4801130	0
1129237	0	4904405	0
1129237	0	5032115	4
1129237	0	5156837	2
1129237	0	5414967	1
1129237	0	5513583	2
1129237	0	5619502	4
1129237	0	5627214	5
1129237	0	5649116	1
1129237	0	5831781	3
1129237	0	5831788	5
1129237	0	5865154	1
1129237	0	5906130	5
1129237	0	5906134	0
1129237	0	5917107	2
1129237	0	6080460	5
1129237	0	6343520	4
1129237	0	6343521	3
1129237	0	6343523	0
1129237	0	6575091	0
1129237	0	6640165	4
1129237	0	6903787	2
1129237	0	6956014	3
1129237	0	7049948	0
1129237	0	710733	3
1129237	0	7132886	2
1129237	0	7208025	2
1129237	0	7337950	3
1129237	0	7397082	2
1129237	0	7673289	2
1129237	0	7735322	2
1129237	0	7836576	1
1129237	0	7911557	5
1129237	0	8093067	2
1129237	0	8203445	0
1129237	0	824966	0
1129237	0	8450766	5
1129237	0	8469257	4
1129237	0	8588122	4
1129237	0	8588219	5
1129237	0	8588222	4
1129237	0	8588226	5
1129237	0	8596875	3
1129237	0	8682824	5
1129237	0	8710041	2
1129237	0	895802	2
1129237	0	953467	0
1129237	0	998748	5
1129237	0	998751	5
1133167	0	1379370	3
1133167	0	1824479	4
1133167	0	1824480	5
1133167	0	1824481	2
1133167	0	1824483	4
1133167	0	1824484	3
1133167	0	1824485	5
1133167	0	1824486	4
1133167	0	1824487	2
1133167	0	1824488	5
1133167	0	1883272	4
1133167	0	1883276	2
1133167	0	190802	3
1133167	0	190803	5
1133167	0	190804	4
1133167	0	190805	2
1133167	0	190806	5
1133167	0	190808	5
1133167	0	190810	1
1133167	0	190811	2
1133167	0	2276678	5
1133167	0	2419498	1
1133167	0	2613291	2
1133167	0	2613293	1
1133167	0	2613296	4
1133167	0	3023120	4
1133167	0	3023123	4
1133167	0	3074598	4
1133167	0	3074599	5
1133167	0	3355083	3
1133167	0	3391439	4
1133167	0	3421897	1
1133167	0	3421899	2
1133167	0	3421900	1
1133167	0	3421903	0
1133167	0	3421906	1
1133167	0	3944276	0
1133167	0	434119	4
1133167	0	434121	5
1133167	0	434123	2
1133167	0	434125	4
1133167	0	434126	0
1133167	0	4443370	2
1133167	0	4443375	2
1133167	0	4494104	0
1133167	0	4498474	4
1133167	0	4498476	4
1133167	0	4498479	4
1133167	0	4550240	5
1133167	0	4550244	5
1133167	0	4712279	1
1133167	0	4922619	5
1133167	0	4926197	4
1133167	0	4973626	5
1133167	0	5674622	4
1133167	0	5674623	3
1133167	0	5787117	5
1133167	0	6103297	0
1133167	0	6112586	5
1133167	0	6112587	4
1133167	0	6112590	5
1133167	0	6140	0
1133167	0	6142	1
1133167	0	6257034	0
1133167	0	6299572	2
1133167	0	6299575	2
1133167	0	6467517	2
1133167	0	6467518	5
1133167	0	6467523	2
1133167	0	6467524	1
1133167	0	7007413	0
1133167	0	7093509	2
1133167	0	7093510	3
1133167	0	7093511	2
1133167	0	7217705	1
1133167	0	7218015	2
1133167	0	7218016	0
1133167	0	7486594	1
1133167	0	7486600	2
1133167	0	7486602	4
1133167	0	7762240	2
1133167	0	7793408	2
1133167	0	7793411	2
1133167	0	7793416	3
1133167	0	8003301	2
1133167	0	8033644	5
1133167	0	8033646	1
1133167	0	8033648	2
1133167	0	8033650	5
1133167	0	8160224	2
1133167	0	8160241	1
1133167	0	8160243	4
1133167	0	823272	1
1133167	0	823274	3
1133167	0	823277	2
1133167	0	823280	1
1133167	0	8250498	0
1133167	0	8255704	2
1133167	0	8255706	5
1133167	0	8415743	2
130510	0	1110766	4
130510	0	112332	1
130510	0	1159414	5
130510	0	1456084	2
130510	0	1481524	4
130510	0	1494930	5
130510	0	1494931	5
130510	0	1494932	5
130510	0	1494933	2
130510	0	1494935	4
130510	0	1494936	5
130510	0	1494938	5
130510	0	1494939	5
130510	0	179622	0
130510	0	179623	0
130510	0	1799013	2
130510	0	1881832	3
130510	0	1972336	0
130510	0	1972340	1
130510	0	2079375	2
130510	0	2079377	3
130510	0	2205995	0
130510	0	2490146	2
130510	0	2490150	1
130510	0	2490154	2
130510	0	2862515	3
130510	0	2862518	4
130510	0	2862522	2
130510	0	2982053	5
130510	0	3163980	4
130510	0	3525026	0
130510	0	3913770	2
130510	0	3913772	2
130510	0	3913774	2
130510	0	3913775	1
130510	0	3913776	1
130510	0	3913778	1
130510	0	3913779	2
130510	0	3995677	3
130510	0	4022902	4
130510	0	4022904	5
130510	0	4022905	4
130510	0	4022909	4
130510	0	4189500	4
130510	0	4345805	2
130510	0	4528804	2
130510	0	4528806	1
130510	0	4528807	1
130510	0	4528808	1
130510	0	4528809	1
130510	0	4528813	3
130510	0	4804307	2
130510	0	4945869	0
130510	0	5685704	2
130510	0	5685705	1
130510	0	5685706	0
130510	0	5685707	2
130510	0	5685708	2
130510	0	5930009	2
130510	0	5930010	1
130510	0	5930012	2
130510	0	5930013	1
130510	0	5930014	2
130510	0	6035035	2
130510	0	6183638	3
130510	0	6229727	1
130510	0	6229732	3
130510	0	6229733	2
130510	0	6486232	3
130510	0	6621100	4
130510	0	6763277	5
130510	0	6815300	5
130510	0	6881818	2
130510	0	6932169	0
130510	0	7125239	5
130510	0	7203252	5
130510	0	7479905	3
130510	0	7501557	5
130510	0	7501558	5
130510	0	7501563	4
130510	0	7779650	0
130510	0	783662	2
130510	0	783664	2
130510	0	783665	0
130510	0	799647	5
130510	0	8083814	5
130510	0	8094068	1
130510	0	8095118	4
130510	0	8391407	5
130510	0	8391409	4
130510	0	8514425	4
130510	0	8612902	5
130510	0	8612903	5
130510	0	8612904	5
130510	0	8612905	5
130510	0	8612906	5
130510	0	8612909	5
130510	0	8612910	5
130510	0	996732	4
130510	0	996740	3
131843	0	1090906	0
131843	0	135934	0
131843	0	1560209	3
131843	0	1597970	2
131843	0	1597974	3
131843	0	1600913	5
131843	0	1621724	2
131843	0	1781040	2
131843	0	1845835	0
131843	0	1888985	2
131843	0	2001346	2
131843	0	2041693	5
131843	0	2132242	0
131843	0	2170725	5
131843	0	2170726	2
131843	0	2286031	2
131843	0	2286036	1
131843	0	2378491	2
131843	0	2567977	0
131843	0	2567978	0
131843	0	2662096	1
131843	0	2683747	5
131843	0	2697631	1
131843	0	31713	3
131843	0	31715	1
131843	0	31716	2
131843	0	31718	4
131843	0	3346693	1
131843	0	3432705	3
131843	0	3432707	3
131843	0	3432712	4
131843	0	352863	4
131843	0	3748231	2
131843	0	3754642	1
131843	0	3777780	2
131843	0	3841396	5
131843	0	3937054	4
131843	0	3937056	1
131843	0	4235202	5
131843	0	4235203	1
131843	0	4235204	1
131843	0	4235209	1
131843	0	4360103	1
131843	0	4440568	4
131843	0	4440571	4
131843	0	4461384	2
131843	0	468330	2
131843	0	4755278	3
131843	0	5074688	5
131843	0	5124823	3
131843	0	5297233	3
131843	0	5297238	1
131843	0	5297239	2
131843	0	5325672	4
131843	0	5325675	2
131843	0	5325677	2
131843	0	5460686	0
131843	0	5460688	0
131843	0	5624693	2
131843	0	5643651	3
131843	0	6028397	1
131843	0	6028399	3
131843	0	6028403	2
131843	0	6086584	4
131843	0	6086587	4
131843	0	6180442	5
131843	0	6180444	4
131843	0	6487859	5
131843	0	7269086	4
131843	0	7269087	4
131843	0	7269088	2
131843	0	7269093	2
131843	0	7319440	1
131843	0	732869	1
131843	0	732876	2
131843	0	7385264	0
131843	0	7478776	1
131843	0	7478778	2
131843	0	7607368	2
131843	0	8023970	4
131843	0	8028768	0
131843	0	8305151	5
131843	0	8305152	5
131843	0	8305153	5
131843	0	8305154	5
131843	0	8305156	5
131843	0	8305158	5
131843	0	8456964	5
131843	0	8456965	4
131843	0	8456967	5
131843	0	8456970	4
131843	0	8710813	5
131843	0	895362	2
131843	0	985988	5
131843	0	985989	5
131843	0	985990	5
131843	0	985991	5
131843	0	985992	5
131843	0	985994	5
131843	0	985995	5
146187	0	1077546	2
146187	0	1138801	2
146187	0	1230566	5
146187	0	1254157	4
146187	0	1367172	1
146187	0	1841197	1
146187	0	1972078	2
146187	0	2040185	2
146187	0	2226090	4
146187	0	2226093	3
146187	0	2257806	2
146187	0	2719848	4
146187	0	315525	2
146187	0	3505470	1
146187	0	3615731	4
146187	0	3758956	4
146187	0	3963185	3
146187	0	3963187	4
146187	0	4026486	2
146187	0	4111407	3
146187	0	4214923	5
146187	0	4214925	5
146187	0	4216897	2
146187	0	4216901	2
146187	0	4216902	2
146187	0	4306847	5
146187	0	45008	2
146187	0	4631167	1
146187	0	4741857	5
146187	0	4777144	5
146187	0	4921740	2
146187	0	4921741	1
146187	0	5050456	0
146187	0	5050464	0
146187	0	5421945	2
146187	0	5548651	0
146187	0	5548652	3
146187	0	5548655	2
146187	0	5566562	4
146187	0	5590506	2
146187	0	5590508	3
146187	0	5624347	1
146187	0	5816517	0
146187	0	5836454	3
146187	0	5844996	3
146187	0	5889121	4
146187	0	5999108	1
146187	0	6015024	5
146187	0	6015025	5
146187	0	6015026	5
146187	0	6015027	5
146187	0	6417741	0
146187	0	6430257	3
146187	0	6430258	4
146187	0	6430259	2
146187	0	6430260	2
146187	0	6620285	4
146187	0	6658185	1
146187	0	7093332	4
146187	0	7093334	3
146187	0	7095526	3
146187	0	7096819	2
146187	0	7307399	0
146187	0	7405002	1
146187	0	744165	5
146187	0	744167	5
146187	0	76342	5
146187	0	76344	4
146187	0	76348	5
146187	0	76349	5
146187	0	7704674	2
146187	0	7704677	1
146187	0	7704679	0
146187	0	7836292	1
146187	0	7836294	0
146187	0	7836295	2
146187	0	7836296	4
146187	0	8042965	2
146187	0	8042972	2
146187	0	8113798	1
146187	0	8327404	1
146187	0	8361899	0
146187	0	8361902	2
146187	0	8434617	5
146187	0	8434618	5
146187	0	8434619	5
146187	0	8434620	5
146187	0	8434621	5
146187	0	8434622	5
146187	0	8434623	5
146187	0	8434624	5
146187	0	8434625	5
146187	0	8434626	5
146187	0	8664004	4
146187	0	8795488	2
146187	0	8795489	2
146187	0	8795490	1
146187	0	8795491	1
146187	0	8795495	2
146187	0	951283	0
148538	0	1147038	2
148538	0	1147044	4
148538	0	1147046	2
148538	0	1299824	0
148538	0	1299830	0
148538	0	1311206	1
148538	0	1314489	1
148538	0	1384441	5
148538	0	1384447	2
148538	0	1384448	2
148538	0	1494790	2
148538	0	1494796	2
148538	0	1516299	2
148538	0	1828167	1
148538	0	1828171	2
148538	0	1950977	4
148538	0	1950983	5
148538	0	1969519	0
148538	0	1969521	5
148538	0	1985491	2
148538	0	2033795	0
148538	0	2033800	3
148538	0	208314	2
148538	0	2177849	0
148538	0	231453	4
148538	0	231455	5
148538	0	2368188	3
148538	0	2368189	4
148538	0	2455774	4
148538	0	2455775	5
148538	0	2455779	2
148538	0	2632806	2
148538	0	2915322	0
148538	0	2915323	0
148538	0	3138642	2
148538	0	332400	0
148538	0	332401	1
148538	0	332402	2
148538	0	3353306	5
148538	0	3545040	1
148538	0	3557943	5
148538	0	3588269	3
148538	0	3918785	1
148538	0	3924333	1
148538	0	398535	2
148538	0	4046977	2
148538	0	4185812	5
148538	0	4185814	5
148538	0	4264123	2
148538	0	4264129	5
148538	0	4447598	0
148538	0	4447601	5
148538	0	451558	1
148538	0	4539654	5
148538	0	4539657	5
148538	0	4539659	5
148538	0	4553351	1
148538	0	4607263	5
148538	0	4660637	5
148538	0	4959638	2
148538	0	5077704	5
148538	0	5077707	5
148538	0	5077709	0
148538	0	5171599	1
148538	0	5171603	4
148538	0	5171605	4
148538	0	543841	2
148538	0	581145	2
148538	0	6006375	2
148538	0	615401	4
148538	0	615403	4
148538	0	615407	1
148538	0	6377902	3
148538	0	6543862	4
148538	0	6697437	1
148538	0	6704661	1
148538	0	6776848	1
148538	0	6846340	2
148538	0	6846343	4
148538	0	6894608	5
148538	0	7039113	1
148538	0	7407803	5
148538	0	7407804	2
148538	0	7407811	3
148538	0	7407812	5
148538	0	753805	2
148538	0	8080460	3
148538	0	820313	3
148538	0	8283527	5
148538	0	8283531	5
148538	0	8283532	5
148538	0	8388795	2
148538	0	8618875	3
148538	0	8690528	1
148538	0	982505	4
148538	0	985488	4
148538	0	985489	2
148538	0	985490	3
148538	0	985491	5
148538	0	985494	4
156493	0	1277720	2
156493	0	1277721	1
156493	0	1277723	2
156493	0	1277725	5
156493	0	1277726	3
156493	0	1277727	5
156493	0	1347266	1
156493	0	1960255	3
156493	0	1960257	4
156493	0	1960259	2
156493	0	1960260	2
156493	0	1960261	1
156493	0	2123395	1
156493	0	2236388	3
156493	0	2259179	3
156493	0	2259180	3
156493	0	2259182	5
156493	0	2259183	4
156493	0	2317800	1
156493	0	2317807	2
156493	0	2411918	2
156493	0	2598786	2
156493	0	2598787	2
156493	0	2612486	2
156493	0	2612490	1
156493	0	2612491	5
156493	0	2612492	1
156493	0	2612493	5
156493	0	2717163	4
156493	0	2928700	4
156493	0	2928704	4
156493	0	2928705	3
156493	0	2928706	1
156493	0	2928707	5
156493	0	2949802	5
156493	0	316872	3
156493	0	3288595	2
156493	0	3288596	4
156493	0	3288597	5
156493	0	3288598	1
156493	0	3288599	2
156493	0	3288600	5
156493	0	3288601	4
156493	0	3288603	5
156493	0	349637	0
156493	0	349638	5
156493	0	349639	0
156493	0	349641	2
156493	0	349643	2
156493	0	349644	0
156493	0	349645	2
156493	0	3603920	5
156493	0	3603922	4
156493	0	4131138	4
156493	0	4465044	1
156493	0	4527706	5
156493	0	4583221	2
156493	0	4940228	2
156493	0	5009743	1
156493	0	5022725	1
156493	0	5346660	2
156493	0	5530082	5
156493	0	6139382	4
156493	0	6139386	4
156493	0	6524746	4
156493	0	6775071	2
156493	0	6859030	0
156493	0	6983821	2
156493	0	7134515	1
156493	0	7371077	5
156493	0	7371078	4
156493	0	7371079	2
156493	0	750111	4
156493	0	8182159	5
156493	0	8182160	4
156493	0	8182161	5
156493	0	8182162	5
156493	0	8182165	4
156493	0	8182166	5
156493	0	8266015	0
156493	0	8273011	2
156493	0	8273017	5
156493	0	8273018	0
156493	0	8273019	5
156493	0	8300109	0
156493	0	8803132	1
156493	0	8820526	5
156493	0	8820527	3
156493	0	885944	2
156493	0	892006	0
156493	0	892013	0
156493	0	911790	0
156493	0	911791	1
156493	0	95512	5
156493	0	95514	4
156493	0	95515	2
156493	0	95518	3
156493	0	95519	2
156493	0	95521	2
156493	0	994486	3
168216	0	1090088	2
168216	0	1183706	2
168216	0	1301465	5
168216	0	1301467	5
168216	0	1301469	4
168216	0	1301472	4
168216	0	1301474	3
168216	0	13499	4
168216	0	1381477	5
168216	0	1735358	5
168216	0	1735360	2
168216	0	1924796	5
168216	0	1924800	5
168216	0	2036279	5
168216	0	2069992	5
168216	0	2069995	2
168216	0	2210775	2
168216	0	2210780	5
168216	0	2265769	3
168216	0	2265772	5
168216	0	2659074	5
168216	0	2790904	2
168216	0	2806307	1
168216	0	290826	5
168216	0	3033359	5
168216	0	3174840	4
168216	0	3198682	2
168216	0	3198687	2
168216	0	3198689	2
168216	0	3344828	5
168216	0	3344834	5
168216	0	3399712	1
168216	0	3399713	3
168216	0	3399715	2
168216	0	3463556	1
168216	0	3681095	3
168216	0	3681097	0
168216	0	3830857	5
168216	0	3908773	2
168216	0	3908774	2
168216	0	3908775	0
168216	0	3908776	2
168216	0	3908777	2
168216	0	3908779	1
168216	0	4119829	4
168216	0	4191395	3
168216	0	4191396	1
168216	0	4324491	2
168216	0	4324492	1
168216	0	4600607	0
168216	0	4741403	0
168216	0	4741406	1
168216	0	4792582	5
168216	0	4792583	4
168216	0	5024307	3
168216	0	5114458	1
168216	0	5293614	3
168216	0	5935474	2
168216	0	5935476	2
168216	0	6061718	2
168216	0	6061721	1
168216	0	6061722	1
168216	0	6213322	4
168216	0	6213323	0
168216	0	6213325	2
168216	0	6219118	0
168216	0	6249512	4
168216	0	6264731	0
168216	0	6264732	1
168216	0	6264733	2
168216	0	6282560	1
168216	0	6282561	5
168216	0	6282562	2
168216	0	6282567	3
168216	0	6329932	2
168216	0	6426630	0
168216	0	6426632	4
168216	0	6426634	2
168216	0	6426638	2
168216	0	6584042	1
168216	0	7337513	5
168216	0	7492753	2
168216	0	7492755	2
168216	0	7595684	0
168216	0	8048968	0
168216	0	8141128	5
168216	0	8185131	4
168216	0	8185135	5
168216	0	8185137	2
168216	0	8252763	1
168216	0	8639627	5
168216	0	8639630	5
168216	0	8639633	5
168216	0	8723467	5
168216	0	8731617	2
168216	0	8731618	1
168216	0	8731621	4
168216	0	8731622	3
168216	0	8731623	4
168216	0	8731625	3
182539	0	1075903	0
182539	0	1075910	0
182539	0	1094157	2
182539	0	1307232	3
182539	0	1307234	4
182539	0	1307235	3
182539	0	1512198	1
182539	0	1567163	1
182539	0	1623225	4
182539	0	1638687	5
182539	0	1638689	3
182539	0	1638690	4
182539	0	1638691	2
182539	0	1654895	5
182539	0	1798203	2
182539	0	18497	1
182539	0	1863057	5
182539	0	1956775	2
182539	0	2053701	5
182539	0	2092202	4
182539	0	2165968	5
182539	0	2222150	0
182539	0	2751871	2
182539	0	289979	1
182539	0	2909954	4
182539	0	2909960	2
182539	0	2909961	2
182539	0	3155150	2
182539	0	3187555	1
182539	0	3444628	2
182539	0	3707401	0
182539	0	3729714	2
182539	0	3760957	4
182539	0	3760964	2
182539	0	3858310	2
182539	0	3883077	2
182539	0	3883081	5
182539	0	3924581	0
182539	0	4370020	2
182539	0	4384262	1
182539	0	4487755	5
182539	0	4730803	3
182539	0	4985182	1
182539	0	5116532	0
182539	0	5167181	2
182539	0	518150	4
182539	0	5212911	3
182539	0	5567729	4
182539	0	5567732	5
182539	0	57443	5
182539	0	57444	2
182539	0	57447	5
182539	0	57448	4
182539	0	57449	5
182539	0	57450	2
182539	0	57452	5
182539	0	6037973	4
182539	0	6283807	1
182539	0	6596440	1
182539	0	6783449	5
182539	0	6816574	5
182539	0	6980965	5
182539	0	7085056	0
182539	0	7085057	0
182539	0	7154102	4
182539	0	721170	5
182539	0	7371255	5
182539	0	7371257	4
182539	0	7371259	3
182539	0	7371261	3
182539	0	7371262	4
182539	0	738025	4
182539	0	7459294	0
182539	0	7527837	5
182539	0	753037	0
182539	0	7542372	2
182539	0	7579347	2
182539	0	7583024	5
182539	0	7637811	2
182539	0	7640201	2
182539	0	7883763	5
182539	0	8008661	1
182539	0	80372	1
182539	0	8170703	1
182539	0	817162	1
182539	0	8299659	2
182539	0	8299661	3
182539	0	8299665	2
182539	0	8299668	5
182539	0	8349147	1
182539	0	8515182	5
182539	0	8598792	5
182539	0	8757178	3
182539	0	8757179	3
182539	0	8757180	4
182539	0	8757181	2
182539	0	8757182	5
182539	0	8757183	1
182539	0	8757184	5
182539	0	8811472	2
183378	0	1289489	5
183378	0	1289490	5
183378	0	1289494	1
183378	0	1289495	2
183378	0	1289496	5
183378	0	1289497	5
183378	0	1334801	0
183378	0	1334806	0
183378	0	1441060	0
183378	0	1730042	1
183378	0	1730858	1
183378	0	2040104	1
183378	0	2040111	0
183378	0	2095235	3
183378	0	2234245	2
183378	0	2352713	2
183378	0	2533256	3
183378	0	2635325	0
183378	0	2874543	4
183378	0	3093214	5
183378	0	3093215	2
183378	0	3093217	5
183378	0	3128362	2
183378	0	3185607	5
183378	0	3185611	5
183378	0	327908	2
183378	0	3389578	4
183378	0	3389579	4
183378	0	3389580	2
183378	0	3389581	4
183378	0	3389584	5
183378	0	3389585	2
183378	0	3867604	1
183378	0	3976830	0
183378	0	3987911	1
183378	0	4493913	4
183378	0	4493914	3
183378	0	4493915	5
183378	0	4493916	4
183378	0	4493917	3
183378	0	4493920	4
183378	0	4493921	2
183378	0	4493922	2
183378	0	4727412	3
183378	0	4727416	2
183378	0	4727417	4
183378	0	4727418	4
183378	0	4803847	5
183378	0	4803848	5
183378	0	4803850	1
183378	0	4803856	1
183378	0	4856305	1
183378	0	4935249	0
183378	0	4977773	1
183378	0	5460936	2
183378	0	5460937	1
183378	0	5460939	5
183378	0	5460941	4
183378	0	5534703	4
183378	0	5534707	5
183378	0	5534711	4
183378	0	5817927	5
183378	0	6109461	5
183378	0	6182925	0
183378	0	6182927	0
183378	0	6247405	2
183378	0	6548233	1
183378	0	6548235	2
183378	0	7014328	0
183378	0	7398706	5
183378	0	7448291	2
183378	0	7449743	2
183378	0	7449744	5
183378	0	7449748	5
183378	0	7449750	5
183378	0	7449751	4
183378	0	7449752	5
183378	0	749539	2
183378	0	749544	1
183378	0	7677975	5
183378	0	7920165	3
183378	0	8121375	3
183378	0	8121377	2
183378	0	8121380	1
183378	0	8507877	1
183378	0	8570256	2
183378	0	8570257	5
183378	0	8570258	5
183378	0	8570260	3
183378	0	8570261	2
183378	0	8570263	2
183378	0	8577213	2
183378	0	8577215	3
183378	0	8767240	3
183378	0	8767241	2
183378	0	8794302	2
183378	0	8794303	2
183378	0	8794304	4
183378	0	8794306	3
183378	0	8794308	5
19335	0	109062	2
19335	0	1143050	2
19335	0	1299461	4
19335	0	1374917	0
19335	0	1469573	3
19335	0	1504746	1
19335	0	1504747	0
19335	0	1504753	2
19335	0	161606	5
19335	0	1717015	5
19335	0	1720387	2
19335	0	1720388	0
19335	0	1720389	2
19335	0	1720393	5
19335	0	1720394	5
19335	0	1720395	3
19335	0	1720396	2
19335	0	1746951	2
19335	0	1905037	0
19335	0	211275	5
19335	0	2137748	1
19335	0	2250973	3
19335	0	2304004	1
19335	0	2304005	2
19335	0	2337477	0
19335	0	2459779	1
19335	0	2459780	3
19335	0	2459784	5
19335	0	284841	2
19335	0	284842	2
19335	0	2874497	2
19335	0	2874503	2
19335	0	3045565	5
19335	0	3045567	5
19335	0	3175484	4
19335	0	342431	5
19335	0	3445063	4
19335	0	354219	5
19335	0	3559593	1
19335	0	3559594	1
19335	0	3559596	2
19335	0	3615074	1
19335	0	3615077	5
19335	0	3615078	1
19335	0	3615079	1
19335	0	3615080	2
19335	0	3615083	0
19335	0	39115	1
19335	0	429851	4
19335	0	4480945	2
19335	0	4692186	3
19335	0	478232	5
19335	0	503739	3
19335	0	5051741	5
19335	0	5078863	2
19335	0	527690	4
19335	0	527692	5
19335	0	527697	4
19335	0	5508122	4
19335	0	5508123	3
19335	0	5711211	5
19335	0	5711219	2
19335	0	5806604	2
19335	0	5870000	0
19335	0	6238013	4
19335	0	6306223	3
19335	0	6452949	5
19335	0	6510257	4
19335	0	6512137	5
19335	0	6512144	5
19335	0	6568704	1
19335	0	677297	3
19335	0	677305	3
19335	0	6902384	2
19335	0	6902386	1
19335	0	6902389	1
19335	0	7042455	5
19335	0	7050803	4
19335	0	7122355	2
19335	0	7122361	4
19335	0	740715	2
19335	0	772225	5
19335	0	772227	0
19335	0	772234	2
19335	0	7856992	1
19335	0	8151642	5
19335	0	8231218	0
19335	0	8412681	5
19335	0	8412682	4
19335	0	8412683	4
19335	0	8412684	4
19335	0	8412685	5
19335	0	8522845	1
19335	0	8633126	0
19335	0	8635981	4
19335	0	8677296	5
19335	0	8828697	2
19335	0	8828698	2
19335	0	901326	2
19335	0	93557	5
207786	0	1002868	5
207786	0	1002869	5
207786	0	1025058	2
207786	0	1071464	4
207786	0	1081011	1
207786	0	1081015	0
207786	0	1085404	1
207786	0	1392579	5
207786	0	1392585	5
207786	0	1759929	5
207786	0	1915244	4
207786	0	1915245	4
207786	0	201711	1
207786	0	2051020	4
207786	0	2430036	3
207786	0	2457541	3
207786	0	2658594	1
207786	0	2763917	5
207786	0	2763922	4
207786	0	2861204	1
207786	0	2877168	3
207786	0	2998723	2
207786	0	2998726	2
207786	0	3000014	2
207786	0	3103885	2
207786	0	3221312	0
207786	0	3352521	1
207786	0	3357630	2
207786	0	3522830	2
207786	0	3632499	2
207786	0	3656958	4
207786	0	3773663	2
207786	0	3945573	1
207786	0	4218707	5
207786	0	4261224	4
207786	0	4322293	0
207786	0	4342505	2
207786	0	4486236	5
207786	0	4613065	5
207786	0	4672265	0
207786	0	4754014	3
207786	0	4908972	0
207786	0	4908977	0
207786	0	5160454	1
207786	0	5170147	3
207786	0	5175108	2
207786	0	5175112	3
207786	0	5175113	3
207786	0	5321444	2
207786	0	5365946	1
207786	0	5845832	1
207786	0	5845834	3
207786	0	6031623	2
207786	0	6031625	4
207786	0	6031627	2
207786	0	6031630	5
207786	0	6060398	2
207786	0	6133373	2
207786	0	6226371	2
207786	0	6226372	2
207786	0	6474685	5
207786	0	6736451	0
207786	0	6822431	3
207786	0	688489	0
207786	0	688493	0
207786	0	7016165	1
207786	0	7080032	2
207786	0	7124120	4
207786	0	7229816	4
207786	0	737802	2
207786	0	7413621	2
207786	0	7510472	5
207786	0	7599318	5
207786	0	7622406	0
207786	0	7639366	5
207786	0	7668314	1
207786	0	7777867	3
207786	0	7941579	5
207786	0	7969232	4
207786	0	8053029	2
207786	0	817177	5
207786	0	817180	5
207786	0	8185061	4
207786	0	8185063	3
207786	0	8185064	1
207786	0	8265334	2
207786	0	8273754	5
207786	0	8273755	4
207786	0	8273756	5
207786	0	8273757	5
207786	0	8273758	5
207786	0	8273759	4
207786	0	8273760	5
207786	0	8273761	5
207786	0	8273762	5
207786	0	8273763	5
207786	0	8367880	1
207786	0	8396587	2
207786	0	8461486	2
207786	0	8622991	1
264014	0	1610706	5
264014	0	1610707	5
264014	0	1610711	0
264014	0	1611213	0
264014	0	1804644	4
264014	0	2223171	4
264014	0	2228381	2
264014	0	2420367	2
264014	0	2438156	0
264014	0	2474340	2
264014	0	2474341	1
264014	0	2474342	3
264014	0	2474346	5
264014	0	2498165	0
264014	0	2498169	4
264014	0	2689662	5
264014	0	331931	2
264014	0	331932	2
264014	0	331934	2
264014	0	3338822	2
264014	0	3338825	5
264014	0	3338827	5
264014	0	3338828	2
264014	0	3372501	2
264014	0	3396076	5
264014	0	3577342	1
264014	0	3577343	0
264014	0	3577344	0
264014	0	3577345	2
264014	0	3577347	1
264014	0	3841908	3
264014	0	4259227	2
264014	0	447992	5
264014	0	4647186	2
264014	0	4687213	4
264014	0	4790255	2
264014	0	4834544	0
264014	0	4834547	5
264014	0	4834548	3
264014	0	5151339	3
264014	0	5269173	1
264014	0	528372	4
264014	0	528375	3
264014	0	528378	0
264014	0	528379	1
264014	0	528380	4
264014	0	5328095	5
264014	0	5506564	2
264014	0	5611210	2
264014	0	5611212	3
264014	0	5611218	2
264014	0	5611219	1
264014	0	5635515	2
264014	0	5635519	1
264014	0	5635521	1
264014	0	5816473	1
264014	0	5819142	3
264014	0	5819145	2
264014	0	58386	4
264014	0	5849270	2
264014	0	5849711	2
264014	0	5950718	5
264014	0	5950719	5
264014	0	5950720	0
264014	0	5950721	5
264014	0	5950722	5
264014	0	5950723	4
264014	0	5950725	1
264014	0	5950726	5
264014	0	6105566	5
264014	0	6105569	3
264014	0	6105571	3
264014	0	6105572	5
264014	0	6333839	2
264014	0	6334964	1
264014	0	6337909	1
264014	0	6413951	3
264014	0	6555321	1
264014	0	6555322	4
264014	0	6641238	5
264014	0	667686	4
264014	0	6791760	5
264014	0	684616	4
264014	0	684618	1
264014	0	684621	2
264014	0	7323467	4
264014	0	7323471	4
264014	0	7326934	4
264014	0	7326936	5
264014	0	8012101	5
264014	0	8193533	2
264014	0	8801661	2
264014	0	935825	5
264014	0	96851	4
264014	0	96852	2
264014	0	96855	5
264014	0	96856	0
264014	0	96857	5
264014	0	96858	5
264014	0	96859	1
359349	0	1394087	5
359349	0	15799	1
359349	0	15800	0
359349	0	15801	0
359349	0	15802	0
359349	0	15803	0
359349	0	15804	0
359349	0	15805	1
359349	0	15806	1
359349	0	15807	1
359349	0	15808	2
359349	0	1617442	1
359349	0	1622451	2
359349	0	1622452	3
359349	0	1622455	2
359349	0	1622457	2
359349	0	1622458	0
359349	0	1830512	5
359349	0	1830516	4
359349	0	1830517	5
359349	0	1979833	2
359349	0	2293820	5
359349	0	2444686	4
359349	0	2444689	4
359349	0	2826510	5
359349	0	2826512	5
359349	0	3176540	2
359349	0	3176543	4
359349	0	3176544	3
359349	0	3176548	2
359349	0	3193824	5
359349	0	3215625	4
359349	0	3223831	5
359349	0	3223833	5
359349	0	3900185	5
359349	0	4013723	5
359349	0	4020470	5
359349	0	4020477	5
359349	0	4087265	2
359349	0	4344092	2
359349	0	4344093	2
359349	0	4344098	2
359349	0	4344099	3
359349	0	4344100	4
359349	0	4344101	2
359349	0	4474866	4
359349	0	4474872	0
359349	0	457673	5
359349	0	4624153	4
359349	0	4881617	3
359349	0	5151802	2
359349	0	5155586	2
359349	0	5219970	0
359349	0	5219971	0
359349	0	5219972	4
359349	0	5219976	3
359349	0	5219977	1
359349	0	5345720	4
359349	0	5615181	5
359349	0	5615187	2
359349	0	576627	5
359349	0	576628	5
359349	0	576629	5
359349	0	576635	0
359349	0	5773713	2
359349	0	5773714	1
359349	0	5773715	1
359349	0	5773716	2
359349	0	5773717	1
359349	0	5773718	0
359349	0	5773719	0
359349	0	5806105	4
359349	0	5806106	2
359349	0	5806110	1
359349	0	6108721	5
359349	0	6113310	2
359349	0	6113313	0
359349	0	6113314	1
359349	0	6113317	3
359349	0	6213658	2
359349	0	6226414	2
359349	0	6440028	3
359349	0	6440029	3
359349	0	68647	5
359349	0	68648	5
359349	0	68649	5
359349	0	68650	3
359349	0	68653	5
359349	0	68654	3
359349	0	6873860	2
359349	0	7062671	4
359349	0	7579883	4
359349	0	7857634	2
359349	0	7857635	1
359349	0	8058867	4
359349	0	8058868	2
359349	0	8058873	5
359349	0	8167113	4
359349	0	8748954	2
359349	0	943229	5
405717	0	1589738	5
405717	0	1619423	5
405717	0	1849743	3
405717	0	2125641	5
405717	0	2365659	5
405717	0	2365660	0
405717	0	2365661	5
405717	0	2365662	5
405717	0	2365663	4
405717	0	2365664	5
405717	0	2365665	5
405717	0	2616168	3
405717	0	2642838	0
405717	0	2702419	2
405717	0	2702423	4
405717	0	273851	5
405717	0	2747484	3
405717	0	2747485	4
405717	0	2747486	2
405717	0	2747488	2
405717	0	2747489	1
405717	0	2747491	1
405717	0	2747492	5
405717	0	2768521	2
405717	0	28368	1
405717	0	28372	0
405717	0	2879960	0
405717	0	3033900	4
405717	0	3033903	0
405717	0	3033904	2
405717	0	3040883	5
405717	0	3274915	2
405717	0	3274918	2
405717	0	3514259	5
405717	0	3986303	0
405717	0	3986305	1
405717	0	3986306	1
405717	0	3986307	1
405717	0	3986308	2
405717	0	3986309	0
405717	0	4232833	5
405717	0	4326699	5
405717	0	4432155	5
405717	0	4489661	2
405717	0	4489666	0
405717	0	4577231	4
405717	0	4704973	2
405717	0	4704975	3
405717	0	4704978	5
405717	0	4776926	2
405717	0	4776928	4
405717	0	4828118	3
405717	0	5079482	4
405717	0	5615458	2
405717	0	5638740	2
405717	0	5668741	3
405717	0	5690233	5
405717	0	5690234	4
405717	0	5690237	5
405717	0	5857562	0
405717	0	5857570	2
405717	0	6019053	2
405717	0	6419725	2
405717	0	6654652	0
405717	0	6654655	4
405717	0	6654658	2
405717	0	6741362	4
405717	0	6786303	1
405717	0	6786304	1
405717	0	702383	1
405717	0	702386	1
405717	0	7170624	2
405717	0	7170625	2
405717	0	7170626	5
405717	0	7170629	5
405717	0	7170630	5
405717	0	7170631	2
405717	0	7201359	1
405717	0	7201361	4
405717	0	7288991	3
405717	0	7288996	4
405717	0	7447941	2
405717	0	7447942	4
405717	0	7447943	2
405717	0	758581	1
405717	0	758582	4
405717	0	758585	1
405717	0	758586	3
405717	0	7589975	2
405717	0	7728831	1
405717	0	7896211	5
405717	0	7896212	5
405717	0	8156519	2
405717	0	8433852	5
405717	0	8433854	5
405717	0	8433856	1
405717	0	8433858	1
405717	0	846414	3
405717	0	8610271	1
405717	0	931517	4
443396	0	1055834	5
443396	0	1091614	1
443396	0	1109130	2
443396	0	1135750	4
443396	0	1135751	4
443396	0	1135755	3
443396	0	1135757	2
443396	0	119472	1
443396	0	144709	2
443396	0	1465664	5
443396	0	1465667	5
443396	0	153028	1
443396	0	1843486	0
443396	0	1852809	4
443396	0	1871319	0
443396	0	2320321	0
443396	0	2320326	4
443396	0	2373504	2
443396	0	2490482	5
443396	0	2490486	5
443396	0	2638080	2
443396	0	2638081	3
443396	0	2638083	2
443396	0	2654155	2
443396	0	2976738	2
443396	0	2976740	1
443396	0	2976741	1
443396	0	3051074	1
443396	0	3103994	4
443396	0	3103995	4
443396	0	3256971	4
443396	0	3256974	3
443396	0	3323246	0
443396	0	3440850	5
443396	0	3617221	5
443396	0	3617225	5
443396	0	368001	4
443396	0	3721948	5
443396	0	388377	2
443396	0	4041358	3
443396	0	4041361	3
443396	0	4052112	5
443396	0	4205261	4
443396	0	4205264	5
443396	0	4249536	1
443396	0	4511531	0
443396	0	4526747	4
443396	0	456706	0
443396	0	456708	5
443396	0	456710	5
443396	0	4638554	4
443396	0	4699180	0
443396	0	4699186	0
443396	0	4792649	2
443396	0	4792652	5
443396	0	4792656	0
443396	0	4825928	1
443396	0	5048837	2
443396	0	5048838	2
443396	0	5048839	2
443396	0	5053511	5
443396	0	5065439	0
443396	0	519921	3
443396	0	5248151	3
443396	0	5404322	2
443396	0	5413103	1
443396	0	5710712	1
443396	0	6168530	1
443396	0	6361505	3
443396	0	6361506	2
443396	0	6361507	2
443396	0	6370531	5
443396	0	6471277	2
443396	0	6471278	2
443396	0	6643320	2
443396	0	7026006	4
443396	0	7422742	2
443396	0	7579047	2
443396	0	7620276	2
443396	0	7620278	2
443396	0	7620279	1
443396	0	7792897	2
443396	0	7890878	1
443396	0	7890882	1
443396	0	8079039	5
443396	0	8079042	4
443396	0	8079043	5
443396	0	8079046	2
443396	0	8171402	5
443396	0	8407794	5
443396	0	8416862	2
443396	0	8491981	4
443396	0	8536118	5
443396	0	8536121	5
443396	0	8536122	5
443396	0	8536123	5
443396	0	8769490	1
443396	0	8793491	5
443396	0	953826	2
443396	0	953827	3
451602	0	103184	5
451602	0	1078132	3
451602	0	1078133	1
451602	0	1078134	0
451602	0	1078138	1
451602	0	1094138	5
451602	0	1094139	3
451602	0	127533	5
451602	0	1277286	1
451602	0	1277290	3
451602	0	1277294	1
451602	0	1302756	5
451602	0	1640289	1
451602	0	1897982	5
451602	0	2084909	2
451602	0	2176450	4
451602	0	2176453	4
451602	0	2176455	3
451602	0	2176459	5
451602	0	2244875	3
451602	0	2618829	5
451602	0	2756872	4
451602	0	2796552	3
451602	0	2922141	2
451602	0	2922145	0
451602	0	3052117	0
451602	0	3090664	2
451602	0	3090666	2
451602	0	3090667	2
451602	0	3090670	2
451602	0	3177691	2
451602	0	3177694	2
451602	0	3177699	5
451602	0	3177700	4
451602	0	3371383	3
451602	0	3493825	1
451602	0	370081	4
451602	0	3790251	5
451602	0	4345752	5
451602	0	4453605	2
451602	0	4453606	5
451602	0	4487185	1
451602	0	4495080	2
451602	0	4874640	2
451602	0	4874645	1
451602	0	5053852	1
451602	0	5179251	3
451602	0	5211036	1
451602	0	5475308	5
451602	0	5475312	4
451602	0	5538936	5
451602	0	5538937	5
451602	0	5538938	4
451602	0	5538942	5
451602	0	5655693	5
451602	0	6132119	4
451602	0	6286973	2
451602	0	6286974	5
451602	0	6286975	2
451602	0	6286976	4
451602	0	6286977	2
451602	0	6286978	2
451602	0	6286979	5
451602	0	6286980	5
451602	0	6286982	1
451602	0	6618756	1
451602	0	6697739	0
451602	0	7315074	2
451602	0	7792100	4
451602	0	7800959	5
451602	0	7800962	2
451602	0	7804169	5
451602	0	7859334	2
451602	0	8019873	1
451602	0	8033470	0
451602	0	8033471	0
451602	0	8033472	1
451602	0	8033474	0
451602	0	8214451	2
451602	0	8214452	2
451602	0	8383461	2
451602	0	8383462	3
451602	0	8383465	2
451602	0	8383466	4
451602	0	8390518	4
451602	0	8390523	1
451602	0	8390525	2
451602	0	8390526	0
451602	0	8408575	3
451602	0	8485130	3
451602	0	8485136	0
451602	0	8540470	4
451602	0	8540473	5
451602	0	8621776	5
451602	0	8742537	0
451602	0	8787234	5
451602	0	927578	4
451602	0	96222	2
451602	0	96229	2
451602	0	998695	2
47923	0	1488918	2
47923	0	1681331	5
47923	0	1681332	5
47923	0	1681334	5
47923	0	1681336	5
47923	0	1681337	5
47923	0	1681338	5
47923	0	1681339	5
47923	0	1681340	5
47923	0	1827449	1
47923	0	1827452	3
47923	0	1868437	5
47923	0	2284128	2
47923	0	2284134	1
47923	0	2408264	1
47923	0	2477210	0
47923	0	2508227	2
47923	0	2569321	1
47923	0	2670112	0
47923	0	2699736	0
47923	0	2831042	2
47923	0	3348834	3
47923	0	3348838	3
47923	0	3520777	3
47923	0	3630935	2
47923	0	3688361	2
47923	0	3883230	3
47923	0	3986046	0
47923	0	4064327	2
47923	0	4064328	1
47923	0	4119528	2
47923	0	4148055	2
47923	0	4148063	2
47923	0	4257345	0
47923	0	4297620	5
47923	0	4416477	0
47923	0	4525880	4
47923	0	4652795	4
47923	0	473807	4
47923	0	473809	5
47923	0	5032362	5
47923	0	5055000	2
47923	0	5147526	2
47923	0	5147527	2
47923	0	5147529	4
47923	0	525507	1
47923	0	525511	4
47923	0	525513	1
47923	0	5282403	2
47923	0	5310902	2
47923	0	5417578	1
47923	0	5417579	1
47923	0	5417580	2
47923	0	5417581	0
47923	0	5417582	5
47923	0	5595916	2
47923	0	5898846	4
47923	0	5966643	3
47923	0	5966644	0
47923	0	6067090	0
47923	0	6111296	3
47923	0	618556	5
47923	0	6191	5
47923	0	6210760	1
47923	0	6222131	1
47923	0	6241147	5
47923	0	6241148	4
47923	0	6241150	5
47923	0	6241151	5
47923	0	6241152	5
47923	0	6241153	5
47923	0	6241154	5
47923	0	6272906	2
47923	0	6626703	1
47923	0	6626705	1
47923	0	6643066	4
47923	0	6919836	4
47923	0	7038128	2
47923	0	7137895	1
47923	0	727614	1
47923	0	7417276	2
47923	0	766019	4
47923	0	7747055	2
47923	0	7936847	2
47923	0	8216702	2
47923	0	829484	0
47923	0	8327407	3
47923	0	8348762	5
47923	0	8418678	4
47923	0	8418679	2
47923	0	8418681	5
47923	0	8418683	3
47923	0	8418686	4
47923	0	8421421	3
47923	0	8619129	2
47923	0	8641104	4
47923	0	8641106	5
47923	0	8641107	5
47923	0	913042	4
47923	0	986177	4
489204	0	1051498	5
489204	0	113238	5
489204	0	114148	4
489204	0	1225589	5
489204	0	1225591	5
489204	0	1228655	2
489204	0	1231677	5
489204	0	1276947	5
489204	0	1310103	0
489204	0	1360627	5
489204	0	136257	4
489204	0	139999	1
489204	0	1418931	1
489204	0	1430550	5
489204	0	1479542	5
489204	0	152948	3
489204	0	152954	4
489204	0	1538587	5
489204	0	1759354	3
489204	0	1759358	2
489204	0	1778458	5
489204	0	185678	5
489204	0	1897210	2
489204	0	1950269	1
489204	0	1950273	2
489204	0	2163701	5
489204	0	216490	4
489204	0	216492	3
489204	0	2268651	1
489204	0	2268652	2
489204	0	2268656	1
489204	0	2959687	2
489204	0	3053140	0
489204	0	3438216	5
489204	0	35919	4
489204	0	3608625	3
489204	0	3608627	3
489204	0	3728445	5
489204	0	385083	3
489204	0	4029846	2
489204	0	4088951	5
489204	0	4142348	0
489204	0	416864	4
489204	0	4279451	0
489204	0	4279453	4
489204	0	430274	1
489204	0	4387756	2
489204	0	4586570	5
489204	0	4917996	2
489204	0	4917998	2
489204	0	4929960	2
489204	0	533017	4
489204	0	5629373	5
489204	0	5709655	1
489204	0	5815957	4
489204	0	5895917	2
489204	0	6084785	5
489204	0	6087663	0
489204	0	6087666	4
489204	0	6087671	2
489204	0	6327174	5
489204	0	6327175	4
489204	0	6327177	3
489204	0	6327181	1
489204	0	6362205	1
489204	0	6542578	2
489204	0	6652051	0
489204	0	6652052	3
489204	0	678245	4
489204	0	6976143	0
489204	0	7008875	1
489204	0	7108296	4
489204	0	7113153	2
489204	0	7116533	5
489204	0	750066	1
489204	0	753265	2
489204	0	7564977	5
489204	0	7564980	5
489204	0	7734612	2
489204	0	7923800	1
489204	0	8055356	2
489204	0	8376906	2
489204	0	8376910	1
489204	0	8463820	5
489204	0	8463823	5
489204	0	855963	3
489204	0	855967	1
489204	0	855968	0
489204	0	855969	1
489204	0	855972	4
489204	0	8594271	2
489204	0	8594272	0
489204	0	8594273	2
489204	0	8594277	1
489204	0	8594280	4
489204	0	872467	2
489204	0	8737051	3
489204	0	8737053	0
489204	0	8781574	2
489204	0	973923	2
490595	0	1044147	0
490595	0	1160847	5
490595	0	1194055	1
490595	0	1194060	1
490595	0	1288938	4
490595	0	1288939	3
490595	0	1288940	2
490595	0	1288942	4
490595	0	1288943	3
490595	0	1288946	4
490595	0	1473259	5
490595	0	1652460	5
490595	0	1707412	3
490595	0	1929910	5
490595	0	1929911	4
490595	0	1929913	1
490595	0	2433509	0
490595	0	2788470	2
490595	0	2850740	4
490595	0	3572695	1
490595	0	3572701	1
490595	0	3595607	1
490595	0	3833407	4
490595	0	3833409	1
490595	0	3833413	2
490595	0	3833414	4
490595	0	3937195	2
490595	0	3937196	3
490595	0	3937197	5
490595	0	3937200	4
490595	0	3937201	2
490595	0	3937202	0
490595	0	3937203	5
490595	0	3937204	2
490595	0	4082315	0
490595	0	4292443	2
490595	0	4604269	3
490595	0	4737059	4
490595	0	4737060	5
490595	0	4737061	2
490595	0	4737062	2
490595	0	4737063	5
490595	0	4737064	5
490595	0	4737065	4
490595	0	4737066	5
490595	0	4737067	2
490595	0	4737068	4
490595	0	4763065	0
490595	0	4763066	2
490595	0	4763068	2
490595	0	4763070	2
490595	0	4763071	1
490595	0	4771671	2
490595	0	4842889	5
490595	0	4842890	5
490595	0	4842891	5
490595	0	4842894	2
490595	0	4842895	1
490595	0	4842896	2
490595	0	4842897	4
490595	0	5112294	3
490595	0	5128293	1
490595	0	5247992	5
490595	0	5247994	1
490595	0	5247999	5
490595	0	5248000	2
490595	0	526093	3
490595	0	5359208	1
490595	0	5359212	2
490595	0	5359213	4
490595	0	549465	4
490595	0	549466	4
490595	0	5633627	1
490595	0	5633631	1
490595	0	6045591	5
490595	0	6412650	2
490595	0	6686784	5
490595	0	6742119	5
490595	0	6976956	0
490595	0	6976960	0
490595	0	7045861	0
490595	0	7174984	0
490595	0	7340532	2
490595	0	7422680	5
490595	0	7839904	2
490595	0	7839906	2
490595	0	7839908	5
490595	0	7839911	0
490595	0	7968900	2
490595	0	805046	5
490595	0	805047	2
490595	0	805048	5
490595	0	805050	3
490595	0	805051	5
490595	0	805052	1
490595	0	829387	2
490595	0	8485139	5
490595	0	8485140	2
490595	0	8485141	5
490595	0	903932	3
527433	0	1000485	5
527433	0	1164207	1
527433	0	1212783	1
527433	0	1212787	1
527433	0	1251480	1
527433	0	126710	0
527433	0	1379237	5
527433	0	1379238	2
527433	0	1379239	4
527433	0	1379240	5
527433	0	1379245	5
527433	0	1404580	2
527433	0	1511548	4
527433	0	1511549	0
527433	0	1511551	3
527433	0	1511553	4
527433	0	1511556	2
527433	0	1664518	5
527433	0	1664521	3
527433	0	1664523	5
527433	0	1664659	4
527433	0	1753604	2
527433	0	2045580	4
527433	0	2331989	5
527433	0	2496224	3
527433	0	2496227	1
527433	0	2565413	4
527433	0	2567334	3
527433	0	269422	2
527433	0	269423	2
527433	0	269425	4
527433	0	269426	3
527433	0	269428	1
527433	0	269429	2
527433	0	269430	5
527433	0	2722036	2
527433	0	2773789	1
527433	0	291606	2
527433	0	2931558	2
527433	0	2931562	2
527433	0	3224400	2
527433	0	3294599	2
527433	0	3774357	2
527433	0	3774358	4
527433	0	3774360	4
527433	0	3786813	1
527433	0	3835729	3
527433	0	3835730	3
527433	0	3973285	4
527433	0	4046875	0
527433	0	4064457	0
527433	0	4351170	2
527433	0	4351179	0
527433	0	4402991	1
527433	0	4402992	2
527433	0	4402995	2
527433	0	4958693	0
527433	0	5295980	1
527433	0	5466807	5
527433	0	5466809	4
527433	0	5466810	4
527433	0	547444	5
527433	0	5479502	0
527433	0	5603298	4
527433	0	5603305	0
527433	0	5672170	5
527433	0	5690943	2
527433	0	5839266	2
527433	0	6038397	2
527433	0	6038411	2
527433	0	6186391	2
527433	0	6186393	5
527433	0	6186394	0
527433	0	6186395	2
527433	0	6214994	2
527433	0	6214995	4
527433	0	6215001	5
527433	0	6398041	5
527433	0	6498113	1
527433	0	653101	2
527433	0	729489	5
527433	0	7336435	3
527433	0	7514088	1
527433	0	7514090	1
527433	0	7607669	5
527433	0	7799466	5
527433	0	7904112	1
527433	0	8306449	5
527433	0	8306450	5
527433	0	8306451	0
527433	0	8371764	3
527433	0	8617267	4
527433	0	8617269	1
527433	0	8617270	0
527433	0	8617271	5
527433	0	8617273	5
527433	0	8617274	4
527433	0	8617276	5
527433	0	8827925	5
527433	0	8827928	4
573724	0	1005335	1
573724	0	1005338	1
573724	0	1005341	0
573724	0	104856	0
573724	0	1165128	1
573724	0	1165129	5
573724	0	1293333	2
573724	0	1509940	5
573724	0	1509942	5
573724	0	1509944	2
573724	0	162151	5
573724	0	1648007	0
573724	0	1816038	5
573724	0	2002448	2
573724	0	2133806	4
573724	0	2186124	2
573724	0	2417985	3
573724	0	2635262	5
573724	0	305009	2
573724	0	3059590	4
573724	0	3059593	4
573724	0	3146236	3
573724	0	3146238	4
573724	0	3146240	3
573724	0	3365631	3
573724	0	3365632	4
573724	0	3365633	2
573724	0	3365634	0
573724	0	3365635	2
573724	0	3365636	5
573724	0	3365638	5
573724	0	3365640	1
573724	0	3492364	1
573724	0	3546092	2
573724	0	3617636	4
573724	0	394136	5
573724	0	394138	5
573724	0	394139	4
573724	0	394141	4
573724	0	394142	5
573724	0	4017883	1
573724	0	41433	2
573724	0	4360246	2
573724	0	4853172	1
573724	0	5047796	5
573724	0	5185664	4
573724	0	5185671	4
573724	0	5310530	5
573724	0	5339620	5
573724	0	5384308	0
573724	0	5721829	5
573724	0	5721831	4
573724	0	5962420	0
573724	0	5962423	5
573724	0	5962424	1
573724	0	5962425	0
573724	0	5962426	3
573724	0	5962427	2
573724	0	5962428	4
573724	0	6121093	0
573724	0	6496777	2
573724	0	6776717	5
573724	0	7104825	5
573724	0	7104826	4
573724	0	7104827	0
573724	0	7134411	2
573724	0	7199667	2
573724	0	7199669	5
573724	0	7199672	1
573724	0	7199673	5
573724	0	7199674	0
573724	0	7199675	1
573724	0	7275118	1
573724	0	7384327	1
573724	0	7384329	1
573724	0	7384331	2
573724	0	7384332	4
573724	0	7530702	2
573724	0	7609926	1
573724	0	7609927	2
573724	0	7609928	2
573724	0	7609929	2
573724	0	7609930	2
573724	0	7609932	2
573724	0	7674858	1
573724	0	7674859	5
573724	0	7964601	3
573724	0	8047166	2
573724	0	8441637	3
573724	0	8441642	5
573724	0	8444727	4
573724	0	8444728	3
573724	0	87400	2
573724	0	87402	3
573724	0	87404	2
573724	0	87405	5
573724	0	87409	2
573724	0	8833192	5
573724	0	8833194	5
573724	0	8833199	2
833860	0	1060356	0
833860	0	115142	1
833860	0	1187661	2
833860	0	1361867	2
833860	0	1501736	2
833860	0	1579406	0
833860	0	1889863	4
833860	0	2022688	5
833860	0	2192806	0
833860	0	2192812	1
833860	0	2206194	5
833860	0	2206195	5
833860	0	2206196	5
833860	0	2206197	4
833860	0	2206200	3
833860	0	2206201	1
833860	0	223308	0
833860	0	2626241	2
833860	0	2626244	1
833860	0	2626245	2
833860	0	2702357	5
833860	0	2792242	4
833860	0	3087477	0
833860	0	3087481	4
833860	0	3087483	0
833860	0	3394881	1
833860	0	3437281	5
833860	0	3437283	2
833860	0	3437284	4
833860	0	3437285	3
833860	0	3437286	4
833860	0	3437288	4
833860	0	3437289	4
833860	0	3437290	3
833860	0	3716920	4
833860	0	4287221	0
833860	0	4857585	1
833860	0	4881964	2
833860	0	4881965	5
833860	0	4897785	1
833860	0	4983652	2
833860	0	5012384	2
833860	0	5012386	2
833860	0	5167510	5
833860	0	5167512	5
833860	0	5167513	5
833860	0	5167518	5
833860	0	5268871	1
833860	0	5652528	1
833860	0	5832657	5
833860	0	5832662	2
833860	0	596153	5
833860	0	6083481	3
833860	0	6182015	1
833860	0	6182018	1
833860	0	6182019	0
833860	0	6182021	2
833860	0	6182023	0
833860	0	6218032	4
833860	0	6218040	4
833860	0	6230220	5
833860	0	6230221	5
833860	0	6230222	4
833860	0	6230223	5
833860	0	6230224	2
833860	0	6230225	5
833860	0	6230226	5
833860	0	6230227	5
833860	0	6230228	3
833860	0	6230229	2
833860	0	6292957	3
833860	0	6301693	3
833860	0	6621549	1
833860	0	6748422	2
833860	0	6812180	2
833860	0	6875877	5
833860	0	68820	3
833860	0	6943598	2
833860	0	6943600	2
833860	0	7038170	4
833860	0	7061642	1
833860	0	756914	1
833860	0	756916	2
833860	0	756921	2
833860	0	767542	2
833860	0	7706738	5
833860	0	7944293	3
833860	0	8025159	5
833860	0	8068230	0
833860	0	8068233	2
833860	0	8280714	2
833860	0	8280717	1
833860	0	8344031	4
833860	0	8494105	2
833860	0	8679932	2
833860	0	8697642	3
833860	0	8833502	5
833860	0	8833504	5
833860	0	8833506	4
833860	0	8833509	5
855410	0	107007	1
855410	0	1094085	4
855410	0	1094091	5
855410	0	1313943	1
855410	0	1375118	2
855410	0	1599285	4
855410	0	1775897	5
855410	0	1775900	4
855410	0	1775902	5
855410	0	1824271	3
855410	0	1824273	3
855410	0	1824274	4
855410	0	1824277	4
855410	0	1824278	5
855410	0	1824280	2
855410	0	1997187	5
855410	0	2117094	2
855410	0	2254122	5
855410	0	235313	1
855410	0	2450686	1
855410	0	2499351	5
855410	0	2499352	2
855410	0	2499353	4
855410	0	2499355	5
855410	0	2890365	5
855410	0	317307	1
855410	0	3201479	0
855410	0	3201482	0
855410	0	3269002	0
855410	0	3319653	4
855410	0	369512	2
855410	0	369516	2
855410	0	3723410	2
855410	0	3723411	2
855410	0	3723412	2
855410	0	3723413	2
855410	0	3723414	1
855410	0	3723415	2
855410	0	3823238	5
855410	0	3946561	0
855410	0	4084193	4
855410	0	4084196	4
855410	0	4103170	2
855410	0	4235939	2
855410	0	4235940	3
855410	0	4235942	2
855410	0	4554620	0
855410	0	4554623	0
855410	0	4624463	0
855410	0	4698704	1
855410	0	4788327	4
855410	0	4788330	3
855410	0	4980050	5
855410	0	5006079	1
855410	0	5053561	3
855410	0	5321528	2
855410	0	5321529	2
855410	0	5465915	2
855410	0	5723210	3
855410	0	5743663	0
855410	0	5757274	1
855410	0	5962462	4
855410	0	5979006	2
855410	0	5979009	1
855410	0	5988607	0
855410	0	5988611	0
855410	0	6167255	4
855410	0	6167256	2
855410	0	6385724	5
855410	0	6481239	5
855410	0	6593281	4
855410	0	6593283	3
855410	0	6658891	1
855410	0	6773738	1
855410	0	681984	1
855410	0	681985	2
855410	0	681993	3
855410	0	6942176	1
855410	0	7115215	3
855410	0	7710944	1
855410	0	8157624	2
855410	0	8157627	2
855410	0	8271172	2
855410	0	8543392	5
855410	0	862689	5
855410	0	862691	5
855410	0	862695	2
855410	0	8645167	5
855410	0	8651770	5
855410	0	8651771	5
855410	0	8651772	5
855410	0	8651773	5
855410	0	8651775	5
855410	0	8651776	4
855410	0	8671032	5
855410	0	8671033	5
855410	0	8776511	2
855410	0	8776516	2
855410	0	8776519	2
855410	0	902854	5
87181	0	1059517	4
87181	0	1179100	2
87181	0	123547	1
87181	0	1346115	3
87181	0	1700168	5
87181	0	1856235	3
87181	0	1856241	2
87181	0	1950525	2
87181	0	1950526	4
87181	0	1950532	5
87181	0	1961300	2
87181	0	1992881	2
87181	0	2024860	3
87181	0	2307974	4
87181	0	2307979	2
87181	0	2310764	3
87181	0	2530227	5
87181	0	2530252	1
87181	0	2530257	2
87181	0	2556149	0
87181	0	2556151	3
87181	0	2922857	1
87181	0	2986227	5
87181	0	2986231	0
87181	0	3198047	2
87181	0	3216315	5
87181	0	3914970	4
87181	0	4632251	2
87181	0	4639455	4
87181	0	4689523	5
87181	0	4689524	1
87181	0	4689525	3
87181	0	47203	0
87181	0	47206	0
87181	0	47207	2
87181	0	47210	0
87181	0	4786305	5
87181	0	5103077	4
87181	0	5103082	4
87181	0	5197130	0
87181	0	5197133	1
87181	0	5197135	2
87181	0	5469038	5
87181	0	5497677	4
87181	0	5531010	0
87181	0	5676026	3
87181	0	5753301	5
87181	0	5758954	2
87181	0	5899049	5
87181	0	6029788	3
87181	0	6055562	3
87181	0	6129695	2
87181	0	6222600	3
87181	0	6262331	2
87181	0	6484575	5
87181	0	6484576	5
87181	0	6484577	4
87181	0	6521360	1
87181	0	6521366	5
87181	0	6685092	5
87181	0	6774305	5
87181	0	6969187	4
87181	0	7057928	2
87181	0	7112964	2
87181	0	7112968	2
87181	0	742425	5
87181	0	7504775	0
87181	0	7586365	5
87181	0	7666828	0
87181	0	7666831	2
87181	0	8037179	2
87181	0	8037182	2
87181	0	8082516	1
87181	0	8151922	1
87181	0	8151926	4
87181	0	8165398	2
87181	0	8165401	5
87181	0	8165403	0
87181	0	8165404	1
87181	0	8332546	5
87181	0	8332547	5
87181	0	8332548	4
87181	0	8332550	4
87181	0	8332555	2
87181	0	8356380	4
87181	0	8476330	1
87181	0	8522403	2
87181	0	8534130	5
87181	0	8534134	5
87181	0	8534135	4
87181	0	8534136	1
87181	0	8565420	5
87181	0	8614359	1
87181	0	8614360	1
87181	0	8664069	1
87181	0	8683178	2
87181	0	8683181	1
87181	0	8683183	5
87181	0	8683185	5
87181	0	8738510	2
87452	0	1118401	1
87452	0	1395625	2
87452	0	1395631	3
87452	0	1528487	4
87452	0	164968	1
87452	0	1689964	0
87452	0	1733684	0
87452	0	1749882	4
87452	0	186931	5
87452	0	186939	4
87452	0	1890450	1
87452	0	1890452	5
87452	0	1895985	1
87452	0	1895989	2
87452	0	2026774	0
87452	0	2026777	0
87452	0	2205470	3
87452	0	2312984	3
87452	0	2624886	5
87452	0	2740337	1
87452	0	335702	2
87452	0	3613927	2
87452	0	3732121	2
87452	0	3732898	1
87452	0	3809015	1
87452	0	3841122	0
87452	0	4008486	5
87452	0	4008495	3
87452	0	4307932	5
87452	0	4307935	2
87452	0	4307936	4
87452	0	434339	0
87452	0	4496461	1
87452	0	4502595	2
87452	0	4634899	4
87452	0	4634900	4
87452	0	4634903	5
87452	0	4866237	2
87452	0	4866238	2
87452	0	4872055	2
87452	0	4993648	2
87452	0	5052039	1
87452	0	5219890	2
87452	0	5268236	2
87452	0	5286924	5
87452	0	5296736	4
87452	0	5299878	1
87452	0	5732048	1
87452	0	5746164	3
87452	0	5746165	2
87452	0	5746167	0
87452	0	5751686	4
87452	0	5851090	5
87452	0	5851095	5
87452	0	6018160	5
87452	0	6018161	2
87452	0	6018162	5
87452	0	6018163	2
87452	0	6018164	5
87452	0	6018166	3
87452	0	6018167	2
87452	0	6018168	5
87452	0	6018169	2
87452	0	7166749	0
87452	0	7208274	1
87452	0	7304545	5
87452	0	7641652	4
87452	0	764761	1
87452	0	7843982	3
87452	0	7843984	2
87452	0	7897960	0
87452	0	7965004	5
87452	0	7965005	4
87452	0	7965011	3
87452	0	8055174	1
87452	0	8126315	0
87452	0	8152222	4
87452	0	8152225	5
87452	0	8152226	4
87452	0	8213478	5
87452	0	8333912	5
87452	0	8333919	5
87452	0	8333920	5
87452	0	8333921	5
87452	0	8422895	0
87452	0	8436571	3
87452	0	8436572	2
87452	0	8436573	4
87452	0	8436574	2
87452	0	8436575	2
87452	0	8436576	2
87452	0	8436578	2
87452	0	8436579	2
87452	0	8436580	3
87452	0	8819111	5
87452	0	8819112	5
87452	0	8819113	5
87452	0	8819114	5
87452	0	8819116	4
87452	0	994547	4
915593	0	1033076	2
915593	0	1396701	2
915593	0	1396702	3
915593	0	1396705	4
915593	0	1396707	1
915593	0	1396708	3
915593	0	1772930	2
915593	0	1972028	4
915593	0	210379	4
915593	0	2210590	2
915593	0	2210592	5
915593	0	2210593	5
915593	0	2210594	2
915593	0	2210595	2
915593	0	2210597	2
915593	0	2744909	3
915593	0	2755128	2
915593	0	275726	5
915593	0	2915475	3
915593	0	2923501	4
915593	0	3037814	1
915593	0	3069419	3
915593	0	3069424	4
915593	0	3357360	4
915593	0	3375966	4
915593	0	3523599	0
915593	0	3523602	0
915593	0	3538159	1
915593	0	3538160	5
915593	0	3538161	2
915593	0	3538162	0
915593	0	3538163	5
915593	0	3538164	2
915593	0	3538165	1
915593	0	3538166	2
915593	0	3538168	5
915593	0	3573473	2
915593	0	3573477	2
915593	0	3573479	2
915593	0	3581431	1
915593	0	3930156	2
915593	0	3991910	3
915593	0	4566815	0
915593	0	4566816	1
915593	0	4566818	5
915593	0	4566819	2
915593	0	4566822	4
915593	0	4566823	2
915593	0	4691129	2
915593	0	4834226	3
915593	0	4998398	5
915593	0	5774009	4
915593	0	5931262	5
915593	0	5931553	3
915593	0	6761340	0
915593	0	6761341	2
915593	0	6761344	4
915593	0	6761346	0
915593	0	6761348	1
915593	0	6923051	0
915593	0	6923052	5
915593	0	6923054	0
915593	0	7709320	5
915593	0	7742098	3
915593	0	7837084	1
915593	0	7837086	1
915593	0	7861751	4
915593	0	7861755	5
915593	0	8002852	4
915593	0	8029524	5
915593	0	8029525	4
915593	0	8029527	5
915593	0	8029530	5
915593	0	8029531	5
915593	0	8029532	1
915593	0	8029533	5
915593	0	8103068	0
915593	0	8178996	5
915593	0	8178998	4
915593	0	8178999	2
915593	0	8179001	1
915593	0	82105	1
915593	0	82106	5
915593	0	82107	5
915593	0	82108	5
915593	0	82109	0
915593	0	82110	5
915593	0	82111	2
915593	0	82113	5
915593	0	82114	2
915593	0	8275207	3
915593	0	8402969	1
915593	0	8402970	2
915593	0	8402971	5
915593	0	8402972	5
915593	0	8420020	4
915593	0	8455302	2
915593	0	8455306	2
915593	0	8681775	1
915593	0	924855	1
962179	0	1645080	4
962179	0	1645087	4
962179	0	1882903	2
962179	0	2017001	1
962179	0	2017003	1
962179	0	2131895	1
962179	0	2186434	3
962179	0	2329692	5
962179	0	2329693	5
962179	0	2329694	2
962179	0	2329695	5
962179	0	2329696	5
962179	0	2329697	5
962179	0	2329699	5
962179	0	2329700	3
962179	0	2329701	4
962179	0	2589899	2
962179	0	2589902	2
962179	0	2589904	2
962179	0	2589905	2
962179	0	2632688	2
962179	0	2697161	1
962179	0	2697162	2
962179	0	2978863	3
962179	0	2978864	5
962179	0	2978865	4
962179	0	2978866	5
962179	0	2978867	1
962179	0	2978868	2
962179	0	2978869	4
962179	0	2978870	5
962179	0	2978871	4
962179	0	302861	4
962179	0	302867	1
962179	0	3173623	0
962179	0	3173625	1
962179	0	3422319	1
962179	0	3705165	5
962179	0	3896632	4
962179	0	4209394	0
962179	0	4209397	2
962179	0	4257871	3
962179	0	4257872	4
962179	0	4257873	2
962179	0	4511497	0
962179	0	4511499	5
962179	0	4511500	4
962179	0	4511503	5
962179	0	4606386	5
962179	0	4606387	5
962179	0	4606388	2
962179	0	5329867	3
962179	0	534563	5
962179	0	536176	5
962179	0	536177	1
962179	0	536178	1
962179	0	5642478	0
962179	0	5653655	1
962179	0	5653656	2
962179	0	5653657	1
962179	0	5653659	5
962179	0	579975	2
962179	0	5919340	5
962179	0	5919342	5
962179	0	6186348	4
962179	0	6575558	1
962179	0	6675259	5
962179	0	6675260	5
962179	0	6675262	1
962179	0	6675264	3
962179	0	6898289	5
962179	0	6898293	2
962179	0	6904859	3
962179	0	6904860	0
962179	0	6904863	1
962179	0	6980697	5
962179	0	7428149	3
962179	0	7733807	3
962179	0	7733810	2
962179	0	8114936	2
962179	0	8114938	2
962179	0	8361087	0
962179	0	8768354	2
962179	0	8768355	2
962179	0	8768360	2
962179	0	8768974	0
962179	0	8768976	0
962179	0	8785367	4
962179	0	8785368	2
962179	0	8785369	5
962179	0	8785371	5
962179	0	8785372	2
962179	0	8785373	2
962179	0	8785374	4
962179	0	8785375	3
962179	0	8811420	0
962179	0	8811422	0
962179	0	931123	4
962179	0	931124	0
962179	0	963708	2
