1037798	0	1079773	3
1037798	0	1356119	3
1037798	0	1356120	2
1037798	0	1371155	2
1037798	0	1371161	3
1037798	0	158363	5
1037798	0	1612693	2
1037798	0	1863223	2
1037798	0	2021895	2
1037798	0	2021899	2
1037798	0	2157450	4
1037798	0	2273333	4
1037798	0	2381026	1
1037798	0	2608688	5
1037798	0	2632787	1
1037798	0	2634475	5
1037798	0	2698318	1
1037798	0	2698324	1
1037798	0	2743168	4
1037798	0	2787508	2
1037798	0	2863296	2
1037798	0	3082786	4
1037798	0	3082787	3
1037798	0	3082788	4
1037798	0	3082792	2
1037798	0	3082794	2
1037798	0	3082795	4
1037798	0	3150375	4
1037798	0	3150376	2
1037798	0	3247266	5
1037798	0	3310847	4
1037798	0	3387556	5
1037798	0	3520700	5
1037798	0	3620983	5
1037798	0	3620986	5
1037798	0	3620991	5
1037798	0	3641634	5
1037798	0	3679721	4
1037798	0	3798094	0
1037798	0	4085213	1
1037798	0	4227882	3
1037798	0	4245501	0
1037798	0	4387161	4
1037798	0	4387163	2
1037798	0	4436245	0
1037798	0	4468755	0
1037798	0	4534644	2
1037798	0	4620659	1
1037798	0	4786200	0
1037798	0	4788864	4
1037798	0	479275	1
1037798	0	4833476	4
1037798	0	4833637	5
1037798	0	4835233	1
1037798	0	4835237	1
1037798	0	4924331	4
1037798	0	5038273	4
1037798	0	5099520	5
1037798	0	5333542	5
1037798	0	5585227	1
1037798	0	5649573	0
1037798	0	5889925	1
1037798	0	5943159	2
1037798	0	6115930	1
1037798	0	6526047	2
1037798	0	6526054	2
1037798	0	6880291	0
1037798	0	6965274	4
1037798	0	7253357	5
1037798	0	7284301	2
1037798	0	7284303	3
1037798	0	741658	0
1037798	0	74261	0
1037798	0	7610103	2
1037798	0	7619076	2
1037798	0	7687706	1
1037798	0	770859	2
1037798	0	7822415	5
1037798	0	7967207	5
1037798	0	811777	2
1037798	0	811779	3
1037798	0	8157340	2
1037798	0	8402853	1
1037798	0	8402855	2
1037798	0	8537479	5
1037798	0	8701550	3
1037798	0	8760864	5
1037798	0	8760866	5
1037798	0	8760867	5
1037798	0	8760868	5
1037798	0	8760870	5
1037798	0	8760871	5
1037798	0	8760873	5
1037798	0	8780809	0
1037798	0	8780810	3
1037798	0	967280	3
1037798	0	967287	1
1037798	0	972903	2
1037798	0	972907	2
1037798	0	994978	5
104861	0	1017092	4
104861	0	1046334	5
104861	0	1046339	5
104861	0	1304632	5
104861	0	1313687	2
104861	0	1357961	0
104861	0	146170	5
104861	0	1567102	5
104861	0	1767226	1
104861	0	1773805	4
104861	0	1773807	5
104861	0	1811410	5
104861	0	1814642	3
104861	0	1948963	2
104861	0	1977801	1
104861	0	2377050	2
104861	0	2497738	5
104861	0	2916631	3
104861	0	3174878	0
104861	0	3443173	5
104861	0	3443176	3
104861	0	3783016	1
104861	0	3925933	2
104861	0	4017854	4
104861	0	4017856	4
104861	0	4017858	5
104861	0	4199743	1
104861	0	4223386	1
104861	0	4230210	2
104861	0	4230213	4
104861	0	459675	5
104861	0	459676	5
104861	0	4784551	0
104861	0	5073457	0
104861	0	5138467	4
104861	0	5138468	2
104861	0	5138469	5
104861	0	5138471	4
104861	0	5138472	4
104861	0	5138473	4
104861	0	5138474	5
104861	0	5138476	1
104861	0	5248340	5
104861	0	5248341	5
104861	0	5248342	2
104861	0	5340890	3
104861	0	5340891	4
104861	0	5394110	2
104861	0	5394112	2
104861	0	5405670	0
104861	0	5438821	2
104861	0	5483490	3
104861	0	5667475	3
104861	0	5688415	3
104861	0	5688416	2
104861	0	5688417	4
104861	0	5688420	1
104861	0	5703400	5
104861	0	5703401	5
104861	0	5776561	2
104861	0	5778135	0
104861	0	5801822	5
104861	0	5836442	2
104861	0	5864693	3
104861	0	599604	2
104861	0	6008066	2
104861	0	6187055	5
104861	0	6187057	2
104861	0	6187058	1
104861	0	6241791	1
104861	0	629270	2
104861	0	629273	4
104861	0	629274	2
104861	0	629276	5
104861	0	629277	2
104861	0	629278	2
104861	0	6302828	1
104861	0	6351571	5
104861	0	6467577	4
104861	0	6467578	3
104861	0	6467579	2
104861	0	6467580	4
104861	0	6584358	0
104861	0	6585554	2
104861	0	6653674	2
104861	0	6653675	1
104861	0	6653678	2
104861	0	6653679	1
104861	0	6658615	5
104861	0	6704672	3
104861	0	6904992	1
104861	0	6904999	1
104861	0	7034375	5
104861	0	7204477	4
104861	0	7506029	1
104861	0	796246	0
104861	0	8286089	0
104861	0	8495099	5
104861	0	8546162	2
104861	0	8733854	0
1063750	0	1074552	4
1063750	0	1098173	0
1063750	0	1098174	2
1063750	0	1580962	2
1063750	0	1580964	1
1063750	0	1866486	5
1063750	0	1923499	5
1063750	0	1923500	1
1063750	0	1923506	5
1063750	0	2156005	1
1063750	0	2220585	5
1063750	0	2230089	5
1063750	0	2230090	3
1063750	0	2230091	3
1063750	0	2230095	4
1063750	0	2391458	0
1063750	0	2391460	2
1063750	0	2470328	5
1063750	0	2496767	0
1063750	0	2569816	4
1063750	0	2768123	5
1063750	0	3056	1
1063750	0	3134986	0
1063750	0	3259885	2
1063750	0	3259889	2
1063750	0	3259892	2
1063750	0	330159	2
1063750	0	330165	3
1063750	0	3327045	3
1063750	0	3327046	2
1063750	0	3327047	3
1063750	0	3327048	2
1063750	0	3327050	3
1063750	0	3327051	2
1063750	0	3327052	4
1063750	0	3477418	2
1063750	0	3477419	2
1063750	0	3477421	0
1063750	0	3610446	4
1063750	0	3633198	2
1063750	0	3654231	3
1063750	0	3973418	1
1063750	0	4099992	1
1063750	0	4158202	2
1063750	0	4158205	1
1063750	0	4337526	5
1063750	0	4337527	5
1063750	0	4337528	5
1063750	0	4337532	5
1063750	0	4487113	3
1063750	0	4487115	2
1063750	0	4542127	4
1063750	0	4559130	2
1063750	0	4559131	2
1063750	0	4559132	0
1063750	0	4718161	5
1063750	0	4788295	3
1063750	0	4802036	1
1063750	0	4834969	5
1063750	0	4834974	5
1063750	0	4844348	2
1063750	0	5062363	2
1063750	0	5442711	3
1063750	0	5442717	0
1063750	0	5956099	5
1063750	0	5956106	2
1063750	0	6093904	2
1063750	0	6093907	1
1063750	0	6127382	1
1063750	0	6127389	5
1063750	0	6666451	1
1063750	0	7146781	0
1063750	0	7247264	2
1063750	0	7304887	0
1063750	0	7571423	5
1063750	0	7571428	2
1063750	0	7778348	1
1063750	0	7778351	1
1063750	0	7778354	5
1063750	0	7781459	2
1063750	0	7781460	2
1063750	0	7837936	4
1063750	0	7837937	1
1063750	0	7837938	4
1063750	0	7952964	5
1063750	0	7952965	5
1063750	0	7952966	4
1063750	0	7952967	5
1063750	0	7952971	5
1063750	0	7959117	1
1063750	0	8183810	4
1063750	0	819283	4
1063750	0	819284	4
1063750	0	8239876	5
1063750	0	8239877	5
1063750	0	8384971	4
1063750	0	8739167	0
1063750	0	8821734	4
1063750	0	8821735	4
1063750	0	8821736	5
1103812	0	1214791	4
1103812	0	1419875	2
1103812	0	1462916	1
1103812	0	1614303	5
1103812	0	1659850	5
1103812	0	1659852	5
1103812	0	1984917	1
1103812	0	2060347	2
1103812	0	2147179	2
1103812	0	2235495	1
1103812	0	2332189	5
1103812	0	2371485	1
1103812	0	250692	2
1103812	0	2535841	3
1103812	0	2586283	4
1103812	0	2666747	5
1103812	0	2703108	2
1103812	0	2703114	3
1103812	0	2720842	2
1103812	0	2750961	5
1103812	0	2750965	5
1103812	0	2878297	0
1103812	0	2945096	5
1103812	0	3122424	3
1103812	0	3122425	0
1103812	0	3255158	1
1103812	0	3427222	2
1103812	0	3512936	2
1103812	0	3591090	3
1103812	0	3591092	4
1103812	0	3591094	4
1103812	0	3708772	5
1103812	0	3773618	5
1103812	0	3843263	4
1103812	0	3843267	5
1103812	0	3843270	4
1103812	0	3940091	5
1103812	0	3990418	4
1103812	0	4130119	2
1103812	0	4191304	1
1103812	0	4192902	1
1103812	0	427270	2
1103812	0	4292848	5
1103812	0	4322058	2
1103812	0	4401695	5
1103812	0	4478524	0
1103812	0	4598218	3
1103812	0	4791698	1
1103812	0	4795944	3
1103812	0	4824831	3
1103812	0	4937953	3
1103812	0	4967774	2
1103812	0	5190505	3
1103812	0	5209256	0
1103812	0	5372066	4
1103812	0	5372067	2
1103812	0	5416250	2
1103812	0	5850266	0
1103812	0	5974245	4
1103812	0	5976811	3
1103812	0	6103245	2
1103812	0	6128049	2
1103812	0	621213	1
1103812	0	6289840	5
1103812	0	6330511	2
1103812	0	645467	1
1103812	0	6569474	2
1103812	0	6619490	0
1103812	0	6621	2
1103812	0	6799729	4
1103812	0	6842210	1
1103812	0	6936248	0
1103812	0	7231343	2
1103812	0	7242599	4
1103812	0	7259761	2
1103812	0	7280672	2
1103812	0	7430769	0
1103812	0	7491609	4
1103812	0	7491610	2
1103812	0	7676360	0
1103812	0	7755205	4
1103812	0	8084238	4
1103812	0	8220080	4
1103812	0	8220081	5
1103812	0	8220085	5
1103812	0	8220086	5
1103812	0	8220087	5
1103812	0	8220088	5
1103812	0	8220089	5
1103812	0	8220093	1
1103812	0	8224175	5
1103812	0	8224183	5
1103812	0	8293805	5
1103812	0	8521423	0
1103812	0	8525190	5
1103812	0	865879	1
1103812	0	868008	1
1103812	0	8822007	2
1103812	0	893854	1
1103812	0	955565	2
1106007	0	1334328	5
1106007	0	1334330	5
1106007	0	1334331	5
1106007	0	1334334	5
1106007	0	1334335	5
1106007	0	1334336	5
1106007	0	1334337	1
1106007	0	1560237	2
1106007	0	1560243	2
1106007	0	1628793	1
1106007	0	1918089	0
1106007	0	2148473	1
1106007	0	2186171	2
1106007	0	2325835	0
1106007	0	2451757	2
1106007	0	2464373	3
1106007	0	2464374	2
1106007	0	2464375	5
1106007	0	2464376	2
1106007	0	2464378	1
1106007	0	2513606	4
1106007	0	2513607	1
1106007	0	2513608	2
1106007	0	2513609	3
1106007	0	2672601	3
1106007	0	2672608	2
1106007	0	2777111	5
1106007	0	2798876	2
1106007	0	2804955	1
1106007	0	285891	0
1106007	0	2866627	2
1106007	0	2866630	3
1106007	0	2866633	2
1106007	0	2866634	5
1106007	0	2910887	2
1106007	0	2960558	5
1106007	0	2960561	4
1106007	0	2960563	5
1106007	0	2960564	4
1106007	0	2960566	5
1106007	0	303453	1
1106007	0	3537611	1
1106007	0	3567188	0
1106007	0	3711235	0
1106007	0	4004166	3
1106007	0	4004169	5
1106007	0	4004173	4
1106007	0	4089153	2
1106007	0	4173705	0
1106007	0	4173709	5
1106007	0	4173712	5
1106007	0	4781867	0
1106007	0	487804	1
1106007	0	4953840	0
1106007	0	5204536	5
1106007	0	5204537	5
1106007	0	5204538	3
1106007	0	5204539	5
1106007	0	5204540	4
1106007	0	5204544	1
1106007	0	5279699	2
1106007	0	5279702	2
1106007	0	5279704	2
1106007	0	5774817	2
1106007	0	5774818	2
1106007	0	5780388	4
1106007	0	592693	1
1106007	0	6071697	1
1106007	0	6104494	1
1106007	0	6126193	2
1106007	0	6182968	2
1106007	0	6282108	3
1106007	0	6282110	2
1106007	0	6297179	1
1106007	0	6963994	4
1106007	0	701605	2
1106007	0	7193731	2
1106007	0	746358	5
1106007	0	7500586	2
1106007	0	7685380	5
1106007	0	7685382	4
1106007	0	7685383	5
1106007	0	7685384	3
1106007	0	7685385	5
1106007	0	7685386	4
1106007	0	7685388	4
1106007	0	8141089	3
1106007	0	8199519	5
1106007	0	8199521	4
1106007	0	8204457	5
1106007	0	8204463	4
1106007	0	8204464	4
1106007	0	8208703	1
1106007	0	8348781	0
1106007	0	8521668	2
1106007	0	8521673	5
1106007	0	8521674	0
1106007	0	899465	4
1106007	0	899467	4
1106007	0	899468	3
1110199	0	1144987	1
1110199	0	1321205	3
1110199	0	1323552	0
1110199	0	1592475	2
1110199	0	1809288	2
1110199	0	1901876	5
1110199	0	1901877	5
1110199	0	1901878	5
1110199	0	1901879	5
1110199	0	1901881	5
1110199	0	1901882	5
1110199	0	1966313	0
1110199	0	2301113	2
1110199	0	2301115	4
1110199	0	2301117	0
1110199	0	2301119	0
1110199	0	239443	4
1110199	0	239444	5
1110199	0	2474406	4
1110199	0	2657988	4
1110199	0	2796199	4
1110199	0	2796204	2
1110199	0	2854609	3
1110199	0	2854615	0
1110199	0	2925198	2
1110199	0	313193	2
1110199	0	3270584	2
1110199	0	3272906	0
1110199	0	3272914	2
1110199	0	328010	4
1110199	0	3495022	1
1110199	0	3515650	1
1110199	0	3519482	2
1110199	0	3647394	4
1110199	0	3838638	5
1110199	0	3838645	5
1110199	0	4053652	3
1110199	0	4057232	5
1110199	0	433926	2
1110199	0	4489656	4
1110199	0	4496257	2
1110199	0	4504233	4
1110199	0	4511137	5
1110199	0	4511144	5
1110199	0	451157	1
1110199	0	4674430	5
1110199	0	4771351	2
1110199	0	4800728	2
1110199	0	4800729	1
1110199	0	5049363	5
1110199	0	5074861	0
1110199	0	5105295	5
1110199	0	5218014	4
1110199	0	5387204	2
1110199	0	5387211	0
1110199	0	5387212	1
1110199	0	5479	2
1110199	0	5516092	2
1110199	0	5627957	4
1110199	0	5641717	1
1110199	0	5641718	1
1110199	0	5701621	2
1110199	0	5857919	2
1110199	0	5857920	1
1110199	0	5857921	5
1110199	0	5857923	0
1110199	0	5857924	2
1110199	0	5857925	3
1110199	0	5857926	2
1110199	0	5857927	1
1110199	0	6056861	3
1110199	0	618109	3
1110199	0	618114	0
1110199	0	6368887	5
1110199	0	6368891	5
1110199	0	6382102	2
1110199	0	6392463	5
1110199	0	6392469	4
1110199	0	6462667	3
1110199	0	6478158	2
1110199	0	6573362	4
1110199	0	6832436	1
1110199	0	712232	3
1110199	0	712235	2
1110199	0	7221366	5
1110199	0	7344200	1
1110199	0	7344201	3
1110199	0	7628033	1
1110199	0	7628037	2
1110199	0	8160518	5
1110199	0	8160519	5
1110199	0	8160520	5
1110199	0	8160521	5
1110199	0	8160522	4
1110199	0	8160524	4
1110199	0	8160527	5
1110199	0	8404306	1
1110199	0	8404307	2
1110199	0	955120	3
1110199	0	986780	1
1112341	0	1087928	2
1112341	0	1254065	2
1112341	0	1312444	4
1112341	0	1373648	4
1112341	0	1450347	4
1112341	0	2095998	4
1112341	0	2096429	0
1112341	0	2173819	2
1112341	0	2173822	2
1112341	0	2173823	0
1112341	0	2209048	3
1112341	0	2253155	5
1112341	0	2596431	5
1112341	0	2596432	1
1112341	0	2603918	0
1112341	0	2626927	5
1112341	0	2663365	3
1112341	0	2694630	5
1112341	0	2694633	1
1112341	0	2694636	4
1112341	0	2735215	1
1112341	0	2735219	2
1112341	0	3118343	5
1112341	0	3252208	2
1112341	0	3291151	5
1112341	0	3524227	2
1112341	0	3795887	3
1112341	0	3795889	1
1112341	0	3795891	0
1112341	0	3795896	3
1112341	0	3922194	2
1112341	0	3922197	4
1112341	0	4022846	5
1112341	0	4022849	5
1112341	0	4385339	3
1112341	0	4390797	2
1112341	0	4390801	2
1112341	0	4390804	2
1112341	0	4413846	1
1112341	0	4416075	1
1112341	0	4663300	5
1112341	0	478773	2
1112341	0	4927752	2
1112341	0	4927753	2
1112341	0	4977768	4
1112341	0	5043405	4
1112341	0	5043407	2
1112341	0	5171418	0
1112341	0	5298723	1
1112341	0	5414560	0
1112341	0	5740804	0
1112341	0	6164791	5
1112341	0	6311795	5
1112341	0	6311797	1
1112341	0	6311801	3
1112341	0	6369731	1
1112341	0	6369732	1
1112341	0	6459590	2
1112341	0	6681380	1
1112341	0	6681382	2
1112341	0	6681384	1
1112341	0	6681385	1
1112341	0	6726337	3
1112341	0	6726340	5
1112341	0	6726342	2
1112341	0	6726344	5
1112341	0	6726345	5
1112341	0	6726346	5
1112341	0	6947368	1
1112341	0	6973592	0
1112341	0	7079771	3
1112341	0	7079776	5
1112341	0	7597745	2
1112341	0	7615749	4
1112341	0	7615752	2
1112341	0	8008345	1
1112341	0	8134792	3
1112341	0	8139250	5
1112341	0	8139251	3
1112341	0	8139255	5
1112341	0	8139256	5
1112341	0	8139257	5
1112341	0	8139258	5
1112341	0	8200926	0
1112341	0	8326581	2
1112341	0	8326584	4
1112341	0	8326587	2
1112341	0	8326588	2
1112341	0	8337129	5
1112341	0	8442173	5
1112341	0	8442174	4
1112341	0	8442176	4
1112341	0	8442177	4
1112341	0	8442178	4
1112341	0	8442180	4
1112341	0	8606160	5
1112341	0	8606161	5
1112341	0	8651336	2
1112341	0	8700906	2
1112341	0	875123	0
1113437	0	1066532	4
1113437	0	1066538	4
1113437	0	1066539	4
1113437	0	1280567	2
1113437	0	1280568	5
1113437	0	1280569	5
1113437	0	1280570	2
1113437	0	1454814	1
1113437	0	1658786	1
1113437	0	1768727	3
1113437	0	1896939	4
1113437	0	1896943	4
1113437	0	2001934	4
1113437	0	2226349	5
1113437	0	226867	2
1113437	0	2354940	5
1113437	0	2354947	5
1113437	0	2595626	1
1113437	0	2884183	1
1113437	0	2884188	0
1113437	0	2884191	4
1113437	0	3026984	3
1113437	0	3089474	1
1113437	0	3125150	2
1113437	0	3125154	5
1113437	0	3125155	1
1113437	0	3325381	2
1113437	0	3518300	2
1113437	0	3687620	2
1113437	0	3880944	3
1113437	0	4016930	3
1113437	0	4016934	3
1113437	0	4016937	4
1113437	0	4216336	3
1113437	0	4367831	1
1113437	0	4367832	5
1113437	0	4412230	2
1113437	0	4473156	5
1113437	0	4473157	5
1113437	0	4498864	2
1113437	0	4498867	5
1113437	0	4751835	5
1113437	0	4751839	5
1113437	0	4981632	1
1113437	0	5188751	2
1113437	0	520325	0
1113437	0	5328098	4
1113437	0	5514586	5
1113437	0	5546288	5
1113437	0	5591645	0
1113437	0	5863434	2
1113437	0	5938418	5
1113437	0	5938420	2
1113437	0	5938424	0
1113437	0	5938425	4
1113437	0	594251	2
1113437	0	5996691	4
1113437	0	5996692	2
1113437	0	6017939	2
1113437	0	6017945	0
1113437	0	6021898	2
1113437	0	6021902	4
1113437	0	6021905	1
1113437	0	6174327	2
1113437	0	6174328	5
1113437	0	6174329	4
1113437	0	631949	5
1113437	0	6455604	0
1113437	0	6455610	3
1113437	0	6486041	0
1113437	0	6593841	4
1113437	0	6688843	1
1113437	0	6792385	2
1113437	0	7263162	1
1113437	0	7377275	1
1113437	0	7377278	2
1113437	0	7385219	5
1113437	0	7385221	3
1113437	0	7385222	5
1113437	0	742037	5
1113437	0	742044	5
1113437	0	7890527	5
1113437	0	807277	2
1113437	0	807279	2
1113437	0	8128790	5
1113437	0	8128792	0
1113437	0	8128794	5
1113437	0	8128796	5
1113437	0	8128798	3
1113437	0	8128799	2
1113437	0	8162984	1
1113437	0	8330514	3
1113437	0	8503446	2
1113437	0	8503449	0
1113437	0	8503453	0
1113437	0	8503455	1
1113437	0	8729210	1
1113437	0	8729214	2
1113437	0	8729215	2
1113437	0	8729219	4
1114646	0	1316103	2
1114646	0	1316109	2
1114646	0	1544838	2
1114646	0	1713662	0
1114646	0	1884057	2
1114646	0	1884059	4
1114646	0	2201127	4
1114646	0	2408275	1
1114646	0	2524143	0
1114646	0	2647994	5
1114646	0	266552	5
1114646	0	2676807	3
1114646	0	2695584	1
1114646	0	272202	1
1114646	0	2911035	4
1114646	0	2911039	4
1114646	0	2911040	5
1114646	0	2931848	0
1114646	0	3056368	4
1114646	0	3184850	4
1114646	0	3184851	5
1114646	0	3467664	4
1114646	0	3467665	5
1114646	0	3470484	2
1114646	0	3624681	2
1114646	0	3828281	1
1114646	0	3901376	2
1114646	0	392985	3
1114646	0	3949098	0
1114646	0	4332918	5
1114646	0	444374	5
1114646	0	444375	5
1114646	0	444380	5
1114646	0	444382	3
1114646	0	4771285	2
1114646	0	5041692	5
1114646	0	5127884	0
1114646	0	5217702	5
1114646	0	5229617	3
1114646	0	5279567	5
1114646	0	5316249	0
1114646	0	5417949	4
1114646	0	5417952	4
1114646	0	5417953	3
1114646	0	5417954	5
1114646	0	5423424	1
1114646	0	5569142	3
1114646	0	5637550	2
1114646	0	5640856	4
1114646	0	5640859	5
1114646	0	5640861	2
1114646	0	5661838	2
1114646	0	5661840	1
1114646	0	5687476	2
1114646	0	5687477	2
1114646	0	5687478	2
1114646	0	5687479	2
1114646	0	579548	2
1114646	0	579554	4
1114646	0	5836029	3
1114646	0	5959593	2
1114646	0	6124144	0
1114646	0	6124145	1
1114646	0	629152	1
1114646	0	6348309	3
1114646	0	6704400	5
1114646	0	6704401	5
1114646	0	6711103	5
1114646	0	687064	4
1114646	0	6886637	1
1114646	0	6886642	0
1114646	0	6886644	1
1114646	0	7065010	2
1114646	0	7196956	5
1114646	0	7196961	3
1114646	0	7278603	1
1114646	0	771368	5
1114646	0	7768555	1
1114646	0	7931424	1
1114646	0	7945828	1
1114646	0	7984234	2
1114646	0	8117087	4
1114646	0	8117088	4
1114646	0	8117089	5
1114646	0	8117090	5
1114646	0	8117091	5
1114646	0	8117092	3
1114646	0	8117093	2
1114646	0	8117094	5
1114646	0	8117095	2
1114646	0	8117096	5
1114646	0	8185549	2
1114646	0	831444	2
1114646	0	8327369	5
1114646	0	857788	2
1114646	0	857789	2
1114646	0	8665820	4
1114646	0	937370	1
1114646	0	937371	0
1114646	0	992156	0
1114819	0	1009500	3
1114819	0	1248112	5
1114819	0	1302004	2
1114819	0	1302007	1
1114819	0	1315993	5
1114819	0	1315994	5
1114819	0	1315995	2
1114819	0	1315996	4
1114819	0	1315998	5
1114819	0	1316000	1
1114819	0	1419798	1
1114819	0	1419801	2
1114819	0	1625836	4
1114819	0	1724520	5
1114819	0	1724525	1
1114819	0	1724526	2
1114819	0	1724528	2
1114819	0	1735443	4
1114819	0	1738242	4
1114819	0	1738243	2
1114819	0	1738250	4
1114819	0	1816958	0
1114819	0	1852066	2
1114819	0	2136434	2
1114819	0	2477692	4
1114819	0	255279	0
1114819	0	2590455	2
1114819	0	2831393	2
1114819	0	344350	5
1114819	0	344351	4
1114819	0	3484458	5
1114819	0	3781418	5
1114819	0	3781419	1
1114819	0	3906952	4
1114819	0	3906954	3
1114819	0	3906955	0
1114819	0	3906959	5
1114819	0	4890560	5
1114819	0	5019832	3
1114819	0	5019839	1
1114819	0	5156171	0
1114819	0	5165249	4
1114819	0	534362	4
1114819	0	5521371	5
1114819	0	5521373	5
1114819	0	5628950	0
1114819	0	5628952	5
1114819	0	5718417	1
1114819	0	6202321	2
1114819	0	6564168	0
1114819	0	6900766	5
1114819	0	6900767	2
1114819	0	6900769	1
1114819	0	6900773	2
1114819	0	6900774	5
1114819	0	6941478	5
1114819	0	694735	1
1114819	0	694737	5
1114819	0	7132894	1
1114819	0	7156443	2
1114819	0	750446	1
1114819	0	7588045	2
1114819	0	7803429	1
1114819	0	7803435	5
1114819	0	785027	5
1114819	0	785028	1
1114819	0	8022276	5
1114819	0	8022279	0
1114819	0	8022280	5
1114819	0	8024890	2
1114819	0	8027206	0
1114819	0	8088105	2
1114819	0	8088108	2
1114819	0	8088109	2
1114819	0	8088111	2
1114819	0	8096817	4
1114819	0	8096824	3
1114819	0	8115435	5
1114819	0	8115439	5
1114819	0	8115440	4
1114819	0	8115700	2
1114819	0	8336225	3
1114819	0	8336229	3
1114819	0	8336230	5
1114819	0	8336232	4
1114819	0	8480574	4
1114819	0	8508255	3
1114819	0	8508259	3
1114819	0	8508263	2
1114819	0	8579830	0
1114819	0	8579832	0
1114819	0	8736056	2
1114819	0	8754397	3
1114819	0	8754398	1
1114819	0	8754404	3
1114819	0	8768742	2
1114819	0	988370	4
1114819	0	988373	5
1114819	0	988376	2
1114819	0	988378	1
1115776	0	1036904	5
1115776	0	1134851	1
1115776	0	1269409	4
1115776	0	1328463	1
1115776	0	1403193	2
1115776	0	1403195	2
1115776	0	1729572	3
1115776	0	1729576	5
1115776	0	1826907	0
1115776	0	1826911	2
1115776	0	1856137	4
1115776	0	1856144	0
1115776	0	2137462	2
1115776	0	2230476	2
1115776	0	2230477	2
1115776	0	2230481	2
1115776	0	2364285	5
1115776	0	2514462	3
1115776	0	2514467	2
1115776	0	2897142	2
1115776	0	3041833	1
1115776	0	3052538	0
1115776	0	3063307	3
1115776	0	3063308	1
1115776	0	3063310	2
1115776	0	3203281	3
1115776	0	3203998	2
1115776	0	3296853	2
1115776	0	3344355	4
1115776	0	3411245	4
1115776	0	3469357	5
1115776	0	3595625	0
1115776	0	3794460	2
1115776	0	407823	2
1115776	0	4131485	5
1115776	0	4162793	1
1115776	0	4314169	5
1115776	0	4314171	4
1115776	0	4314172	5
1115776	0	4314174	5
1115776	0	4314175	5
1115776	0	4314176	5
1115776	0	4314178	5
1115776	0	4324120	0
1115776	0	4487937	5
1115776	0	4487938	5
1115776	0	4530238	3
1115776	0	480800	5
1115776	0	4954946	0
1115776	0	4984386	0
1115776	0	4984390	1
1115776	0	5069882	4
1115776	0	5069887	0
1115776	0	5244756	2
1115776	0	5264931	5
1115776	0	5599692	5
1115776	0	5605159	4
1115776	0	5605160	4
1115776	0	5950738	5
1115776	0	619650	2
1115776	0	619654	2
1115776	0	619655	1
1115776	0	6449404	1
1115776	0	6616844	4
1115776	0	6616847	2
1115776	0	6692795	3
1115776	0	6989198	5
1115776	0	6989200	1
1115776	0	6989201	2
1115776	0	7007569	4
1115776	0	7070859	2
1115776	0	7264948	3
1115776	0	7276300	4
1115776	0	7315361	1
1115776	0	7400215	0
1115776	0	7692397	3
1115776	0	7840018	4
1115776	0	7847335	4
1115776	0	7849650	1
1115776	0	8106317	5
1115776	0	8106318	5
1115776	0	8106320	5
1115776	0	8106321	5
1115776	0	8106322	5
1115776	0	8106324	5
1115776	0	8108813	0
1115776	0	8108815	1
1115776	0	8108818	1
1115776	0	8121639	3
1115776	0	8345727	2
1115776	0	838941	1
1115776	0	838942	2
1115776	0	838943	2
1115776	0	838944	3
1115776	0	838949	2
1115776	0	8495250	4
1115776	0	8495256	4
1115776	0	8504500	5
1115776	0	8757348	2
1115776	0	8797977	1
1117099	0	1013790	2
1117099	0	1013791	2
1117099	0	1123494	2
1117099	0	1123496	3
1117099	0	1389420	5
1117099	0	1445087	4
1117099	0	1457593	1
1117099	0	1551136	1
1117099	0	1586363	2
1117099	0	1586365	1
1117099	0	1620739	2
1117099	0	1620746	0
1117099	0	1692847	1
1117099	0	1798612	5
1117099	0	1798614	4
1117099	0	1798620	5
1117099	0	1986011	2
1117099	0	2109695	0
1117099	0	2109697	2
1117099	0	2109700	2
1117099	0	2109701	3
1117099	0	2157567	2
1117099	0	225488	1
1117099	0	2804356	1
1117099	0	2804359	1
1117099	0	297115	1
1117099	0	297118	0
1117099	0	3104260	3
1117099	0	3104266	2
1117099	0	3104268	2
1117099	0	3107584	2
1117099	0	334615	4
1117099	0	3349612	5
1117099	0	3412239	3
1117099	0	3439260	2
1117099	0	3543106	5
1117099	0	4393946	4
1117099	0	4441325	5
1117099	0	4458509	5
1117099	0	4458512	5
1117099	0	4573811	4
1117099	0	4759495	2
1117099	0	514314	3
1117099	0	5258462	4
1117099	0	5286535	4
1117099	0	5286538	5
1117099	0	5286539	5
1117099	0	5354862	2
1117099	0	5354863	2
1117099	0	5377585	2
1117099	0	5448444	0
1117099	0	5461820	2
1117099	0	5643723	3
1117099	0	5699284	0
1117099	0	5699286	4
1117099	0	5752877	3
1117099	0	576491	2
1117099	0	589140	4
1117099	0	5979207	1
1117099	0	5979214	0
1117099	0	6057207	5
1117099	0	6122720	5
1117099	0	6122721	4
1117099	0	6122722	5
1117099	0	6122723	5
1117099	0	6122724	5
1117099	0	6178371	1
1117099	0	6411781	3
1117099	0	651744	0
1117099	0	6534818	5
1117099	0	6534824	4
1117099	0	6776509	0
1117099	0	6776512	0
1117099	0	6940557	2
1117099	0	6993942	4
1117099	0	700495	1
1117099	0	700497	1
1117099	0	7135556	0
1117099	0	7135561	2
1117099	0	714808	5
1117099	0	7244088	2
1117099	0	7610601	1
1117099	0	7610604	1
1117099	0	7761853	2
1117099	0	8019444	2
1117099	0	8019446	3
1117099	0	8093927	4
1117099	0	8093931	5
1117099	0	8093932	5
1117099	0	8093933	4
1117099	0	8093934	5
1117099	0	8208315	5
1117099	0	8434604	1
1117099	0	8446501	5
1117099	0	8446505	5
1117099	0	8446506	5
1117099	0	8515441	3
1117099	0	8714082	4
1117099	0	8820809	2
1117099	0	8838111	5
1121402	0	1249687	3
1121402	0	1323047	2
1121402	0	1323048	2
1121402	0	1613053	1
1121402	0	1702458	1
1121402	0	182364	4
1121402	0	182365	4
1121402	0	182366	5
1121402	0	182367	5
1121402	0	182368	5
1121402	0	182369	5
1121402	0	182370	2
1121402	0	182371	4
1121402	0	182372	5
1121402	0	182373	2
1121402	0	188209	5
1121402	0	188210	4
1121402	0	188211	4
1121402	0	188213	5
1121402	0	188214	4
1121402	0	188215	4
1121402	0	188216	5
1121402	0	188217	4
1121402	0	188218	4
1121402	0	2042119	2
1121402	0	210811	0
1121402	0	2191941	2
1121402	0	255095	1
1121402	0	2633464	3
1121402	0	2681045	2
1121402	0	2681048	2
1121402	0	3412904	3
1121402	0	3412909	3
1121402	0	341347	0
1121402	0	3511789	3
1121402	0	3511795	3
1121402	0	3526577	2
1121402	0	3785307	4
1121402	0	3785308	5
1121402	0	3785309	5
1121402	0	3785310	4
1121402	0	3868953	2
1121402	0	4085753	0
1121402	0	4174527	1
1121402	0	4198997	1
1121402	0	4198998	2
1121402	0	4199001	2
1121402	0	4305978	0
1121402	0	43770	3
1121402	0	4449258	3
1121402	0	4449267	3
1121402	0	4616915	1
1121402	0	4620827	2
1121402	0	465100	2
1121402	0	5189913	5
1121402	0	5429317	2
1121402	0	5538762	1
1121402	0	5640403	2
1121402	0	5662146	2
1121402	0	5831807	1
1121402	0	5831811	1
1121402	0	5960420	2
1121402	0	625220	0
1121402	0	625222	2
1121402	0	628204	0
1121402	0	6371839	0
1121402	0	6683286	0
1121402	0	6884812	1
1121402	0	7011506	4
1121402	0	7125978	5
1121402	0	7125980	5
1121402	0	7125981	5
1121402	0	7125982	4
1121402	0	7125983	5
1121402	0	7125985	4
1121402	0	7125987	5
1121402	0	7142994	5
1121402	0	7489485	2
1121402	0	7489487	2
1121402	0	7489490	1
1121402	0	7572308	3
1121402	0	7572309	1
1121402	0	8052617	5
1121402	0	8052619	5
1121402	0	8052620	5
1121402	0	8052621	5
1121402	0	8052622	4
1121402	0	8052623	5
1121402	0	8052624	5
1121402	0	8089444	5
1121402	0	8235730	5
1121402	0	8376430	2
1121402	0	8408534	0
1121402	0	8417443	2
1121402	0	8487134	0
1121402	0	8662647	2
1121402	0	8718639	1
1121402	0	8821491	1
1121402	0	8821496	2
1121402	0	8821497	1
1121709	0	1033160	2
1121709	0	1095843	5
1121709	0	1170795	1
1121709	0	1196983	0
1121709	0	1212535	4
1121709	0	1498684	1
1121709	0	1640511	4
1121709	0	1640512	5
1121709	0	1748119	4
1121709	0	1752809	5
1121709	0	1752813	5
1121709	0	1764270	0
1121709	0	2046433	4
1121709	0	2115565	4
1121709	0	2115567	4
1121709	0	2142778	1
1121709	0	231865	1
1121709	0	2378584	4
1121709	0	2662730	2
1121709	0	2665010	2
1121709	0	2703197	3
1121709	0	2704369	1
1121709	0	2706641	4
1121709	0	2725458	1
1121709	0	2821790	3
1121709	0	2923932	0
1121709	0	2926715	2
1121709	0	2940488	5
1121709	0	2949781	2
1121709	0	2961048	3
1121709	0	2961049	4
1121709	0	3029721	2
1121709	0	3312963	2
1121709	0	3407458	2
1121709	0	3423059	5
1121709	0	3423060	5
1121709	0	3423066	5
1121709	0	3423067	5
1121709	0	3638261	4
1121709	0	3691568	0
1121709	0	3833130	0
1121709	0	3929723	1
1121709	0	3968031	3
1121709	0	4024649	3
1121709	0	40956	3
1121709	0	4203734	5
1121709	0	4512049	2
1121709	0	4526695	3
1121709	0	4543103	2
1121709	0	4572503	1
1121709	0	4594306	2
1121709	0	4771427	0
1121709	0	4832967	4
1121709	0	4836170	1
1121709	0	4875103	1
1121709	0	4979451	3
1121709	0	4979452	4
1121709	0	5014378	0
1121709	0	5092299	5
1121709	0	511306	2
1121709	0	5303734	1
1121709	0	5504399	1
1121709	0	5591740	1
1121709	0	5614877	1
1121709	0	5716710	2
1121709	0	606074	5
1121709	0	606077	5
1121709	0	6302713	2
1121709	0	6533417	2
1121709	0	6600	4
1121709	0	700135	4
1121709	0	7021254	1
1121709	0	7040511	0
1121709	0	7288128	2
1121709	0	7313132	5
1121709	0	7317391	0
1121709	0	7467711	2
1121709	0	7795720	2
1121709	0	79727	0
1121709	0	8049577	5
1121709	0	8049578	5
1121709	0	8049579	5
1121709	0	8049580	5
1121709	0	8049583	5
1121709	0	8049584	5
1121709	0	8049585	5
1121709	0	8049586	5
1121709	0	8184854	2
1121709	0	8224712	2
1121709	0	8229113	3
1121709	0	8261584	2
1121709	0	8571	4
1121709	0	8662687	2
1121709	0	8759528	3
1121709	0	8795147	2
1121709	0	8816009	5
1121709	0	886456	2
1121709	0	901202	2
1121709	0	904704	5
1121709	0	904705	5
1124210	0	1194687	2
1124210	0	1383615	3
1124210	0	1383617	5
1124210	0	1383624	5
1124210	0	145274	3
1124210	0	1545735	2
1124210	0	1593793	3
1124210	0	1593798	0
1124210	0	1701417	4
1124210	0	1702003	1
1124210	0	1702004	2
1124210	0	1702009	5
1124210	0	1702010	4
1124210	0	1756565	1
1124210	0	1756567	4
1124210	0	2019787	1
1124210	0	2127331	1
1124210	0	2200002	0
1124210	0	2258591	5
1124210	0	2258592	5
1124210	0	2258595	5
1124210	0	2258596	5
1124210	0	2728448	5
1124210	0	3031377	5
1124210	0	3031379	4
1124210	0	3046385	4
1124210	0	3162331	5
1124210	0	3375842	5
1124210	0	3446172	1
1124210	0	3520553	5
1124210	0	352987	4
1124210	0	3546600	5
1124210	0	3573857	1
1124210	0	3680800	1
1124210	0	3680801	1
1124210	0	3680802	4
1124210	0	3849905	0
1124210	0	3859923	3
1124210	0	3907021	2
1124210	0	3937735	5
1124210	0	3944481	5
1124210	0	4057442	0
1124210	0	4074146	1
1124210	0	4074149	1
1124210	0	4074151	0
1124210	0	4232134	0
1124210	0	4425461	2
1124210	0	4425464	5
1124210	0	4535558	4
1124210	0	469563	2
1124210	0	469565	2
1124210	0	473763	2
1124210	0	4794725	2
1124210	0	4958358	5
1124210	0	5039696	5
1124210	0	5056100	3
1124210	0	5125015	2
1124210	0	5363820	4
1124210	0	5366909	1
1124210	0	5366913	0
1124210	0	546155	2
1124210	0	546157	2
1124210	0	546158	5
1124210	0	5512675	2
1124210	0	555792	2
1124210	0	580882	2
1124210	0	5940130	5
1124210	0	5940134	5
1124210	0	607910	5
1124210	0	6171525	5
1124210	0	6182360	1
1124210	0	6282190	4
1124210	0	6500225	3
1124210	0	6704887	2
1124210	0	6814009	1
1124210	0	6814012	3
1124210	0	6814015	2
1124210	0	6814017	2
1124210	0	7109335	2
1124210	0	7205919	5
1124210	0	7205920	2
1124210	0	7205923	4
1124210	0	7208694	3
1124210	0	7381537	2
1124210	0	7441574	2
1124210	0	7566672	2
1124210	0	7566674	0
1124210	0	7581155	4
1124210	0	7698250	1
1124210	0	7738982	0
1124210	0	7832730	4
1124210	0	7832731	4
1124210	0	7832732	4
1124210	0	7894220	2
1124210	0	795660	0
1124210	0	8026737	5
1124210	0	8180027	2
1124210	0	829948	3
1124210	0	841738	3
1124210	0	841743	1
1129237	0	1080294	4
1129237	0	120308	3
1129237	0	120311	2
1129237	0	120314	1
1129237	0	120315	3
1129237	0	120801	0
1129237	0	128982	5
1129237	0	128984	5
1129237	0	128989	5
1129237	0	1490143	2
1129237	0	162127	2
1129237	0	1770025	3
1129237	0	1770027	4
1129237	0	1896185	2
1129237	0	1896186	0
1129237	0	1896189	2
1129237	0	1959030	4
1129237	0	2152821	4
1129237	0	2152828	1
1129237	0	2442489	1
1129237	0	2453794	3
1129237	0	2580204	3
1129237	0	2696926	4
1129237	0	2697746	5
1129237	0	2697752	5
1129237	0	2972916	2
1129237	0	301944	1
1129237	0	302210	2
1129237	0	3097761	4
1129237	0	3131122	4
1129237	0	3156016	2
1129237	0	3636926	0
1129237	0	3641168	4
1129237	0	3683096	4
1129237	0	3757192	2
1129237	0	3905055	5
1129237	0	3905057	5
1129237	0	3905799	3
1129237	0	3905802	5
1129237	0	3950048	1
1129237	0	4066969	2
1129237	0	4141005	2
1129237	0	4141012	3
1129237	0	4254811	5
1129237	0	4254815	5
1129237	0	4254816	5
1129237	0	4328625	1
1129237	0	4449295	2
1129237	0	4509080	0
1129237	0	461835	2
1129237	0	4773351	1
1129237	0	4801130	2
1129237	0	4904405	2
1129237	0	5032115	3
1129237	0	5156837	0
1129237	0	5414967	0
1129237	0	5513583	1
1129237	0	5619502	5
1129237	0	5627214	4
1129237	0	5649116	1
1129237	0	5831781	5
1129237	0	5831788	5
1129237	0	5865154	1
1129237	0	5906130	5
1129237	0	5906134	2
1129237	0	5917107	0
1129237	0	6080460	5
1129237	0	6343520	4
1129237	0	6343521	4
1129237	0	6343523	1
1129237	0	6575091	2
1129237	0	6640165	4
1129237	0	6903787	2
1129237	0	6956014	4
1129237	0	7049948	2
1129237	0	710733	3
1129237	0	7132886	0
1129237	0	7208025	0
1129237	0	7337950	3
1129237	0	7397082	2
1129237	0	7673289	1
1129237	0	7735322	0
1129237	0	7836576	2
1129237	0	7911557	5
1129237	0	8093067	2
1129237	0	8203445	1
1129237	0	824966	1
1129237	0	8450766	5
1129237	0	8469257	5
1129237	0	8588122	5
1129237	0	8588219	5
1129237	0	8588222	4
1129237	0	8588226	5
1129237	0	8596875	2
1129237	0	8682824	5
1129237	0	8710041	2
1129237	0	895802	1
1129237	0	953467	2
1129237	0	998748	5
1129237	0	998751	5
1133167	0	1379370	2
1133167	0	1824479	5
1133167	0	1824480	5
1133167	0	1824481	3
1133167	0	1824483	2
1133167	0	1824484	2
1133167	0	1824485	2
1133167	0	1824486	3
1133167	0	1824487	4
1133167	0	1824488	5
1133167	0	1883272	4
1133167	0	1883276	2
1133167	0	190802	3
1133167	0	190803	5
1133167	0	190804	5
1133167	0	190805	4
1133167	0	190806	5
1133167	0	190808	4
1133167	0	190810	4
1133167	0	190811	4
1133167	0	2276678	5
1133167	0	2419498	0
1133167	0	2613291	5
1133167	0	2613293	1
1133167	0	2613296	2
1133167	0	3023120	3
1133167	0	3023123	2
1133167	0	3074598	2
1133167	0	3074599	5
1133167	0	3355083	4
1133167	0	3391439	5
1133167	0	3421897	2
1133167	0	3421899	2
1133167	0	3421900	1
1133167	0	3421903	1
1133167	0	3421906	1
1133167	0	3944276	1
1133167	0	434119	3
1133167	0	434121	5
1133167	0	434123	1
1133167	0	434125	5
1133167	0	434126	1
1133167	0	4443370	1
1133167	0	4443375	0
1133167	0	4494104	0
1133167	0	4498474	5
1133167	0	4498476	2
1133167	0	4498479	5
1133167	0	4550240	5
1133167	0	4550244	2
1133167	0	4712279	2
1133167	0	4922619	5
1133167	0	4926197	5
1133167	0	4973626	5
1133167	0	5674622	0
1133167	0	5674623	5
1133167	0	5787117	1
1133167	0	6103297	0
1133167	0	6112586	5
1133167	0	6112587	0
1133167	0	6112590	4
1133167	0	6140	2
1133167	0	6142	2
1133167	0	6257034	2
1133167	0	6299572	4
1133167	0	6299575	1
1133167	0	6467517	2
1133167	0	6467518	5
1133167	0	6467523	1
1133167	0	6467524	0
1133167	0	7007413	2
1133167	0	7093509	3
1133167	0	7093510	4
1133167	0	7093511	4
1133167	0	7217705	5
1133167	0	7218015	2
1133167	0	7218016	0
1133167	0	7486594	2
1133167	0	7486600	3
1133167	0	7486602	4
1133167	0	7762240	4
1133167	0	7793408	2
1133167	0	7793411	2
1133167	0	7793416	2
1133167	0	8003301	2
1133167	0	8033644	3
1133167	0	8033646	1
1133167	0	8033648	4
1133167	0	8033650	5
1133167	0	8160224	4
1133167	0	8160241	1
1133167	0	8160243	5
1133167	0	823272	3
1133167	0	823274	3
1133167	0	823277	2
1133167	0	823280	1
1133167	0	8250498	0
1133167	0	8255704	0
1133167	0	8255706	5
1133167	0	8415743	1
130510	0	1110766	5
130510	0	112332	1
130510	0	1159414	4
130510	0	1456084	0
130510	0	1481524	2
130510	0	1494930	5
130510	0	1494931	5
130510	0	1494932	4
130510	0	1494933	3
130510	0	1494935	5
130510	0	1494936	5
130510	0	1494938	5
130510	0	1494939	5
130510	0	179622	1
130510	0	179623	1
130510	0	1799013	3
130510	0	1881832	0
130510	0	1972336	0
130510	0	1972340	0
130510	0	2079375	1
130510	0	2079377	1
130510	0	2205995	0
130510	0	2490146	2
130510	0	2490150	2
130510	0	2490154	2
130510	0	2862515	4
130510	0	2862518	4
130510	0	2862522	3
130510	0	2982053	5
130510	0	3163980	4
130510	0	3525026	2
130510	0	3913770	1
130510	0	3913772	2
130510	0	3913774	3
130510	0	3913775	2
130510	0	3913776	1
130510	0	3913778	0
130510	0	3913779	0
130510	0	3995677	5
130510	0	4022902	3
130510	0	4022904	4
130510	0	4022905	3
130510	0	4022909	2
130510	0	4189500	4
130510	0	4345805	1
130510	0	4528804	2
130510	0	4528806	3
130510	0	4528807	3
130510	0	4528808	2
130510	0	4528809	4
130510	0	4528813	2
130510	0	4804307	2
130510	0	4945869	0
130510	0	5685704	1
130510	0	5685705	2
130510	0	5685706	2
130510	0	5685707	2
130510	0	5685708	2
130510	0	5930009	2
130510	0	5930010	1
130510	0	5930012	2
130510	0	5930013	4
130510	0	5930014	2
130510	0	6035035	4
130510	0	6183638	5
130510	0	6229727	2
130510	0	6229732	2
130510	0	6229733	2
130510	0	6486232	5
130510	0	6621100	4
130510	0	6763277	2
130510	0	6815300	5
130510	0	6881818	1
130510	0	6932169	1
130510	0	7125239	5
130510	0	7203252	4
130510	0	7479905	3
130510	0	7501557	5
130510	0	7501558	5
130510	0	7501563	5
130510	0	7779650	0
130510	0	783662	0
130510	0	783664	2
130510	0	783665	1
130510	0	799647	5
130510	0	8083814	4
130510	0	8094068	2
130510	0	8095118	3
130510	0	8391407	1
130510	0	8391409	1
130510	0	8514425	4
130510	0	8612902	5
130510	0	8612903	5
130510	0	8612904	5
130510	0	8612905	5
130510	0	8612906	5
130510	0	8612909	5
130510	0	8612910	5
130510	0	996732	5
130510	0	996740	4
131843	0	1090906	0
131843	0	135934	2
131843	0	1560209	2
131843	0	1597970	0
131843	0	1597974	2
131843	0	1600913	2
131843	0	1621724	4
131843	0	1781040	2
131843	0	1845835	2
131843	0	1888985	2
131843	0	2001346	2
131843	0	2041693	5
131843	0	2132242	0
131843	0	2170725	2
131843	0	2170726	2
131843	0	2286031	3
131843	0	2286036	2
131843	0	2378491	4
131843	0	2567977	0
131843	0	2567978	0
131843	0	2662096	2
131843	0	2683747	4
131843	0	2697631	0
131843	0	31713	2
131843	0	31715	4
131843	0	31716	4
131843	0	31718	5
131843	0	3346693	1
131843	0	3432705	5
131843	0	3432707	2
131843	0	3432712	2
131843	0	352863	4
131843	0	3748231	4
131843	0	3754642	2
131843	0	3777780	1
131843	0	3841396	5
131843	0	3937054	5
131843	0	3937056	5
131843	0	4235202	4
131843	0	4235203	3
131843	0	4235204	3
131843	0	4235209	2
131843	0	4360103	3
131843	0	4440568	3
131843	0	4440571	5
131843	0	4461384	1
131843	0	468330	1
131843	0	4755278	0
131843	0	5074688	4
131843	0	5124823	2
131843	0	5297233	1
131843	0	5297238	4
131843	0	5297239	1
131843	0	5325672	1
131843	0	5325675	1
131843	0	5325677	2
131843	0	5460686	0
131843	0	5460688	1
131843	0	5624693	1
131843	0	5643651	2
131843	0	6028397	3
131843	0	6028399	5
131843	0	6028403	4
131843	0	6086584	3
131843	0	6086587	5
131843	0	6180442	2
131843	0	6180444	4
131843	0	6487859	2
131843	0	7269086	5
131843	0	7269087	3
131843	0	7269088	3
131843	0	7269093	1
131843	0	7319440	2
131843	0	732869	2
131843	0	732876	1
131843	0	7385264	1
131843	0	7478776	0
131843	0	7478778	0
131843	0	7607368	4
131843	0	8023970	1
131843	0	8028768	1
131843	0	8305151	5
131843	0	8305152	5
131843	0	8305153	5
131843	0	8305154	5
131843	0	8305156	5
131843	0	8305158	5
131843	0	8456964	5
131843	0	8456965	4
131843	0	8456967	4
131843	0	8456970	3
131843	0	8710813	5
131843	0	895362	2
131843	0	985988	5
131843	0	985989	5
131843	0	985990	5
131843	0	985991	5
131843	0	985992	5
131843	0	985994	5
131843	0	985995	5
146187	0	1077546	0
146187	0	1138801	1
146187	0	1230566	4
146187	0	1254157	4
146187	0	1367172	3
146187	0	1841197	4
146187	0	1972078	0
146187	0	2040185	2
146187	0	2226090	1
146187	0	2226093	5
146187	0	2257806	5
146187	0	2719848	2
146187	0	315525	5
146187	0	3505470	2
146187	0	3615731	3
146187	0	3758956	3
146187	0	3963185	2
146187	0	3963187	4
146187	0	4026486	2
146187	0	4111407	1
146187	0	4214923	2
146187	0	4214925	5
146187	0	4216897	2
146187	0	4216901	2
146187	0	4216902	2
146187	0	4306847	2
146187	0	45008	2
146187	0	4631167	2
146187	0	4741857	5
146187	0	4777144	5
146187	0	4921740	3
146187	0	4921741	3
146187	0	5050456	1
146187	0	5050464	4
146187	0	5421945	0
146187	0	5548651	2
146187	0	5548652	2
146187	0	5548655	1
146187	0	5566562	3
146187	0	5590506	4
146187	0	5590508	5
146187	0	5624347	3
146187	0	5816517	0
146187	0	5836454	3
146187	0	5844996	1
146187	0	5889121	4
146187	0	5999108	4
146187	0	6015024	4
146187	0	6015025	4
146187	0	6015026	3
146187	0	6015027	4
146187	0	6417741	2
146187	0	6430257	5
146187	0	6430258	4
146187	0	6430259	4
146187	0	6430260	5
146187	0	6620285	2
146187	0	6658185	0
146187	0	7093332	0
146187	0	7093334	2
146187	0	7095526	1
146187	0	7096819	4
146187	0	7307399	5
146187	0	7405002	5
146187	0	744165	5
146187	0	744167	5
146187	0	76342	2
146187	0	76344	5
146187	0	76348	5
146187	0	76349	0
146187	0	7704674	1
146187	0	7704677	0
146187	0	7704679	1
146187	0	7836292	1
146187	0	7836294	2
146187	0	7836295	2
146187	0	7836296	2
146187	0	8042965	1
146187	0	8042972	2
146187	0	8113798	2
146187	0	8327404	0
146187	0	8361899	1
146187	0	8361902	1
146187	0	8434617	5
146187	0	8434618	5
146187	0	8434619	5
146187	0	8434620	5
146187	0	8434621	5
146187	0	8434622	5
146187	0	8434623	5
146187	0	8434624	5
146187	0	8434625	5
146187	0	8434626	5
146187	0	8664004	4
146187	0	8795488	2
146187	0	8795489	2
146187	0	8795490	3
146187	0	8795491	1
146187	0	8795495	0
146187	0	951283	1
148538	0	1147038	3
148538	0	1147044	2
148538	0	1147046	0
148538	0	1299824	1
148538	0	1299830	1
148538	0	1311206	2
148538	0	1314489	5
148538	0	1384441	1
148538	0	1384447	5
148538	0	1384448	2
148538	0	1494790	2
148538	0	1494796	0
148538	0	1516299	5
148538	0	1828167	2
148538	0	1828171	2
148538	0	1950977	3
148538	0	1950983	0
148538	0	1969519	4
148538	0	1969521	2
148538	0	1985491	5
148538	0	2033795	2
148538	0	2033800	5
148538	0	208314	1
148538	0	2177849	2
148538	0	231453	2
148538	0	231455	5
148538	0	2368188	1
148538	0	2368189	2
148538	0	2455774	5
148538	0	2455775	0
148538	0	2455779	1
148538	0	2632806	0
148538	0	2915322	4
148538	0	2915323	4
148538	0	3138642	3
148538	0	332400	5
148538	0	332401	5
148538	0	332402	5
148538	0	3353306	5
148538	0	3545040	1
148538	0	3557943	2
148538	0	3588269	3
148538	0	3918785	5
148538	0	3924333	1
148538	0	398535	2
148538	0	4046977	0
148538	0	4185812	4
148538	0	4185814	3
148538	0	4264123	2
148538	0	4264129	4
148538	0	4447598	4
148538	0	4447601	4
148538	0	451558	1
148538	0	4539654	5
148538	0	4539657	5
148538	0	4539659	0
148538	0	4553351	4
148538	0	4607263	2
148538	0	4660637	0
148538	0	4959638	4
148538	0	5077704	3
148538	0	5077707	4
148538	0	5077709	5
148538	0	5171599	1
148538	0	5171603	5
148538	0	5171605	4
148538	0	543841	1
148538	0	581145	3
148538	0	6006375	3
148538	0	615401	3
148538	0	615403	1
148538	0	615407	5
148538	0	6377902	2
148538	0	6543862	2
148538	0	6697437	4
148538	0	6704661	1
148538	0	6776848	0
148538	0	6846340	2
148538	0	6846343	2
148538	0	6894608	4
148538	0	7039113	1
148538	0	7407803	5
148538	0	7407804	2
148538	0	7407811	2
148538	0	7407812	5
148538	0	753805	2
148538	0	8080460	0
148538	0	820313	2
148538	0	8283527	4
148538	0	8283531	5
148538	0	8283532	5
148538	0	8388795	2
148538	0	8618875	4
148538	0	8690528	1
148538	0	982505	2
148538	0	985488	5
148538	0	985489	3
148538	0	985490	5
148538	0	985491	5
148538	0	985494	5
156493	0	1277720	1
156493	0	1277721	1
156493	0	1277723	5
156493	0	1277725	5
156493	0	1277726	3
156493	0	1277727	2
156493	0	1347266	4
156493	0	1960255	5
156493	0	1960257	5
156493	0	1960259	5
156493	0	1960260	5
156493	0	1960261	3
156493	0	2123395	2
156493	0	2236388	1
156493	0	2259179	2
156493	0	2259180	0
156493	0	2259182	2
156493	0	2259183	2
156493	0	2317800	1
156493	0	2317807	2
156493	0	2411918	2
156493	0	2598786	4
156493	0	2598787	4
156493	0	2612486	2
156493	0	2612490	5
156493	0	2612491	2
156493	0	2612492	2
156493	0	2612493	5
156493	0	2717163	4
156493	0	2928700	4
156493	0	2928704	4
156493	0	2928705	0
156493	0	2928706	0
156493	0	2928707	5
156493	0	2949802	5
156493	0	316872	2
156493	0	3288595	4
156493	0	3288596	3
156493	0	3288597	2
156493	0	3288598	0
156493	0	3288599	1
156493	0	3288600	5
156493	0	3288601	4
156493	0	3288603	2
156493	0	349637	0
156493	0	349638	5
156493	0	349639	1
156493	0	349641	4
156493	0	349643	3
156493	0	349644	1
156493	0	349645	2
156493	0	3603920	2
156493	0	3603922	2
156493	0	4131138	2
156493	0	4465044	1
156493	0	4527706	3
156493	0	4583221	4
156493	0	4940228	1
156493	0	5009743	2
156493	0	5022725	2
156493	0	5346660	2
156493	0	5530082	5
156493	0	6139382	3
156493	0	6139386	5
156493	0	6524746	5
156493	0	6775071	4
156493	0	6859030	1
156493	0	6983821	3
156493	0	7134515	1
156493	0	7371077	5
156493	0	7371078	1
156493	0	7371079	1
156493	0	750111	4
156493	0	8182159	5
156493	0	8182160	2
156493	0	8182161	5
156493	0	8182162	5
156493	0	8182165	5
156493	0	8182166	4
156493	0	8266015	0
156493	0	8273011	2
156493	0	8273017	5
156493	0	8273018	4
156493	0	8273019	5
156493	0	8300109	0
156493	0	8803132	0
156493	0	8820526	3
156493	0	8820527	4
156493	0	885944	5
156493	0	892006	2
156493	0	892013	1
156493	0	911790	1
156493	0	911791	0
156493	0	95512	3
156493	0	95514	5
156493	0	95515	3
156493	0	95518	5
156493	0	95519	0
156493	0	95521	2
156493	0	994486	2
168216	0	1090088	1
168216	0	1183706	4
168216	0	1301465	5
168216	0	1301467	5
168216	0	1301469	5
168216	0	1301472	5
168216	0	1301474	4
168216	0	13499	4
168216	0	1381477	5
168216	0	1735358	1
168216	0	1735360	4
168216	0	1924796	2
168216	0	1924800	1
168216	0	2036279	5
168216	0	2069992	2
168216	0	2069995	2
168216	0	2210775	5
168216	0	2210780	2
168216	0	2265769	5
168216	0	2265772	1
168216	0	2659074	0
168216	0	2790904	5
168216	0	2806307	2
168216	0	290826	1
168216	0	3033359	2
168216	0	3174840	2
168216	0	3198682	0
168216	0	3198687	3
168216	0	3198689	4
168216	0	3344828	4
168216	0	3344834	1
168216	0	3399712	4
168216	0	3399713	4
168216	0	3399715	3
168216	0	3463556	1
168216	0	3681095	5
168216	0	3681097	2
168216	0	3830857	5
168216	0	3908773	5
168216	0	3908774	5
168216	0	3908775	1
168216	0	3908776	4
168216	0	3908777	4
168216	0	3908779	3
168216	0	4119829	1
168216	0	4191395	3
168216	0	4191396	2
168216	0	4324491	5
168216	0	4324492	5
168216	0	4600607	2
168216	0	4741403	0
168216	0	4741406	0
168216	0	4792582	3
168216	0	4792583	4
168216	0	5024307	5
168216	0	5114458	0
168216	0	5293614	2
168216	0	5935474	2
168216	0	5935476	3
168216	0	6061718	2
168216	0	6061721	4
168216	0	6061722	4
168216	0	6213322	5
168216	0	6213323	2
168216	0	6213325	3
168216	0	6219118	2
168216	0	6249512	4
168216	0	6264731	2
168216	0	6264732	3
168216	0	6264733	2
168216	0	6282560	2
168216	0	6282561	2
168216	0	6282562	0
168216	0	6282567	2
168216	0	6329932	0
168216	0	6426630	1
168216	0	6426632	5
168216	0	6426634	5
168216	0	6426638	5
168216	0	6584042	2
168216	0	7337513	2
168216	0	7492753	1
168216	0	7492755	3
168216	0	7595684	2
168216	0	8048968	0
168216	0	8141128	1
168216	0	8185131	5
168216	0	8185135	5
168216	0	8185137	5
168216	0	8252763	2
168216	0	8639627	1
168216	0	8639630	1
168216	0	8639633	1
168216	0	8723467	4
168216	0	8731617	5
168216	0	8731618	0
168216	0	8731621	3
168216	0	8731622	2
168216	0	8731623	5
168216	0	8731625	0
182539	0	1075903	0
182539	0	1075910	1
182539	0	1094157	2
182539	0	1307232	2
182539	0	1307234	2
182539	0	1307235	5
182539	0	1512198	1
182539	0	1567163	2
182539	0	1623225	2
182539	0	1638687	5
182539	0	1638689	5
182539	0	1638690	5
182539	0	1638691	2
182539	0	1654895	2
182539	0	1798203	2
182539	0	18497	0
182539	0	1863057	2
182539	0	1956775	1
182539	0	2053701	3
182539	0	2092202	3
182539	0	2165968	4
182539	0	2222150	1
182539	0	2751871	2
182539	0	289979	0
182539	0	2909954	3
182539	0	2909960	5
182539	0	2909961	5
182539	0	3155150	1
182539	0	3187555	0
182539	0	3444628	1
182539	0	3707401	1
182539	0	3729714	2
182539	0	3760957	4
182539	0	3760964	4
182539	0	3858310	1
182539	0	3883077	5
182539	0	3883081	5
182539	0	3924581	2
182539	0	4370020	2
182539	0	4384262	1
182539	0	4487755	3
182539	0	4730803	3
182539	0	4985182	2
182539	0	5116532	0
182539	0	5167181	1
182539	0	518150	2
182539	0	5212911	2
182539	0	5567729	5
182539	0	5567732	5
182539	0	57443	5
182539	0	57444	5
182539	0	57447	5
182539	0	57448	4
182539	0	57449	5
182539	0	57450	3
182539	0	57452	2
182539	0	6037973	4
182539	0	6283807	0
182539	0	6596440	2
182539	0	6783449	4
182539	0	6816574	3
182539	0	6980965	4
182539	0	7085056	2
182539	0	7085057	2
182539	0	7154102	2
182539	0	721170	4
182539	0	7371255	5
182539	0	7371257	5
182539	0	7371259	5
182539	0	7371261	5
182539	0	7371262	4
182539	0	738025	2
182539	0	7459294	1
182539	0	7527837	5
182539	0	753037	0
182539	0	7542372	0
182539	0	7579347	2
182539	0	7583024	5
182539	0	7637811	2
182539	0	7640201	0
182539	0	7883763	4
182539	0	8008661	1
182539	0	80372	1
182539	0	8170703	1
182539	0	817162	2
182539	0	8299659	5
182539	0	8299661	4
182539	0	8299665	4
182539	0	8299668	5
182539	0	8349147	1
182539	0	8515182	5
182539	0	8598792	3
182539	0	8757178	5
182539	0	8757179	4
182539	0	8757180	4
182539	0	8757181	5
182539	0	8757182	3
182539	0	8757183	4
182539	0	8757184	3
182539	0	8811472	0
183378	0	1289489	5
183378	0	1289490	5
183378	0	1289494	4
183378	0	1289495	4
183378	0	1289496	5
183378	0	1289497	5
183378	0	1334801	0
183378	0	1334806	0
183378	0	1441060	0
183378	0	1730042	0
183378	0	1730858	1
183378	0	2040104	0
183378	0	2040111	1
183378	0	2095235	1
183378	0	2234245	2
183378	0	2352713	2
183378	0	2533256	2
183378	0	2635325	0
183378	0	2874543	2
183378	0	3093214	5
183378	0	3093215	2
183378	0	3093217	0
183378	0	3128362	2
183378	0	3185607	3
183378	0	3185611	5
183378	0	327908	5
183378	0	3389578	4
183378	0	3389579	4
183378	0	3389580	2
183378	0	3389581	3
183378	0	3389584	4
183378	0	3389585	2
183378	0	3867604	2
183378	0	3976830	1
183378	0	3987911	2
183378	0	4493913	5
183378	0	4493914	4
183378	0	4493915	5
183378	0	4493916	3
183378	0	4493917	5
183378	0	4493920	5
183378	0	4493921	3
183378	0	4493922	1
183378	0	4727412	2
183378	0	4727416	2
183378	0	4727417	4
183378	0	4727418	2
183378	0	4803847	5
183378	0	4803848	5
183378	0	4803850	1
183378	0	4803856	3
183378	0	4856305	2
183378	0	4935249	0
183378	0	4977773	1
183378	0	5460936	1
183378	0	5460937	1
183378	0	5460939	2
183378	0	5460941	2
183378	0	5534703	4
183378	0	5534707	5
183378	0	5534711	5
183378	0	5817927	4
183378	0	6109461	5
183378	0	6182925	0
183378	0	6182927	1
183378	0	6247405	0
183378	0	6548233	3
183378	0	6548235	1
183378	0	7014328	2
183378	0	7398706	3
183378	0	7448291	3
183378	0	7449743	2
183378	0	7449744	5
183378	0	7449748	5
183378	0	7449750	4
183378	0	7449751	4
183378	0	7449752	5
183378	0	749539	1
183378	0	749544	1
183378	0	7677975	4
183378	0	7920165	2
183378	0	8121375	5
183378	0	8121377	4
183378	0	8121380	2
183378	0	8507877	1
183378	0	8570256	2
183378	0	8570257	5
183378	0	8570258	5
183378	0	8570260	4
183378	0	8570261	3
183378	0	8570263	2
183378	0	8577213	2
183378	0	8577215	4
183378	0	8767240	1
183378	0	8767241	2
183378	0	8794302	2
183378	0	8794303	3
183378	0	8794304	5
183378	0	8794306	5
183378	0	8794308	5
19335	0	109062	2
19335	0	1143050	4
19335	0	1299461	1
19335	0	1374917	1
19335	0	1469573	2
19335	0	1504746	4
19335	0	1504747	0
19335	0	1504753	0
19335	0	161606	5
19335	0	1717015	4
19335	0	1720387	5
19335	0	1720388	2
19335	0	1720389	4
19335	0	1720393	4
19335	0	1720394	5
19335	0	1720395	5
19335	0	1720396	0
19335	0	1746951	5
19335	0	1905037	1
19335	0	211275	5
19335	0	2137748	1
19335	0	2250973	2
19335	0	2304004	2
19335	0	2304005	4
19335	0	2337477	2
19335	0	2459779	5
19335	0	2459780	2
19335	0	2459784	4
19335	0	284841	2
19335	0	284842	0
19335	0	2874497	4
19335	0	2874503	2
19335	0	3045565	5
19335	0	3045567	5
19335	0	3175484	3
19335	0	342431	5
19335	0	3445063	3
19335	0	354219	2
19335	0	3559593	2
19335	0	3559594	1
19335	0	3559596	1
19335	0	3615074	1
19335	0	3615077	4
19335	0	3615078	2
19335	0	3615079	2
19335	0	3615080	1
19335	0	3615083	2
19335	0	39115	0
19335	0	429851	1
19335	0	4480945	4
19335	0	4692186	3
19335	0	478232	2
19335	0	503739	1
19335	0	5051741	3
19335	0	5078863	2
19335	0	527690	5
19335	0	527692	5
19335	0	527697	5
19335	0	5508122	5
19335	0	5508123	2
19335	0	5711211	1
19335	0	5711219	0
19335	0	5806604	2
19335	0	5870000	0
19335	0	6238013	0
19335	0	6306223	3
19335	0	6452949	3
19335	0	6510257	2
19335	0	6512137	5
19335	0	6512144	5
19335	0	6568704	0
19335	0	677297	3
19335	0	677305	1
19335	0	6902384	4
19335	0	6902386	5
19335	0	6902389	4
19335	0	7042455	3
19335	0	7050803	5
19335	0	7122355	4
19335	0	7122361	2
19335	0	740715	2
19335	0	772225	2
19335	0	772227	1
19335	0	772234	5
19335	0	7856992	2
19335	0	8151642	2
19335	0	8231218	0
19335	0	8412681	5
19335	0	8412682	5
19335	0	8412683	5
19335	0	8412684	5
19335	0	8412685	5
19335	0	8522845	1
19335	0	8633126	2
19335	0	8635981	5
19335	0	8677296	1
19335	0	8828697	4
19335	0	8828698	3
19335	0	901326	3
19335	0	93557	4
207786	0	1002868	5
207786	0	1002869	4
207786	0	1025058	2
207786	0	1071464	3
207786	0	1081011	1
207786	0	1081015	0
207786	0	1085404	0
207786	0	1392579	5
207786	0	1392585	5
207786	0	1759929	5
207786	0	1915244	4
207786	0	1915245	4
207786	0	201711	4
207786	0	2051020	5
207786	0	2430036	2
207786	0	2457541	3
207786	0	2658594	2
207786	0	2763917	5
207786	0	2763922	2
207786	0	2861204	3
207786	0	2877168	4
207786	0	2998723	4
207786	0	2998726	4
207786	0	3000014	2
207786	0	3103885	3
207786	0	3221312	1
207786	0	3352521	3
207786	0	3357630	1
207786	0	3522830	2
207786	0	3632499	1
207786	0	3656958	2
207786	0	3773663	4
207786	0	3945573	0
207786	0	4218707	5
207786	0	4261224	2
207786	0	4322293	2
207786	0	4342505	1
207786	0	4486236	4
207786	0	4613065	5
207786	0	4672265	0
207786	0	4754014	2
207786	0	4908972	1
207786	0	4908977	2
207786	0	5160454	4
207786	0	5170147	3
207786	0	5175108	0
207786	0	5175112	1
207786	0	5175113	2
207786	0	5321444	3
207786	0	5365946	4
207786	0	5845832	2
207786	0	5845834	2
207786	0	6031623	2
207786	0	6031625	2
207786	0	6031627	2
207786	0	6031630	5
207786	0	6060398	1
207786	0	6133373	0
207786	0	6226371	0
207786	0	6226372	1
207786	0	6474685	3
207786	0	6736451	0
207786	0	6822431	2
207786	0	688489	2
207786	0	688493	1
207786	0	7016165	1
207786	0	7080032	3
207786	0	7124120	5
207786	0	7229816	1
207786	0	737802	1
207786	0	7413621	1
207786	0	7510472	5
207786	0	7599318	5
207786	0	7622406	2
207786	0	7639366	5
207786	0	7668314	2
207786	0	7777867	2
207786	0	7941579	5
207786	0	7969232	3
207786	0	8053029	4
207786	0	817177	4
207786	0	817180	4
207786	0	8185061	4
207786	0	8185063	1
207786	0	8185064	5
207786	0	8265334	2
207786	0	8273754	5
207786	0	8273755	5
207786	0	8273756	5
207786	0	8273757	5
207786	0	8273758	5
207786	0	8273759	5
207786	0	8273760	5
207786	0	8273761	5
207786	0	8273762	5
207786	0	8273763	5
207786	0	8367880	0
207786	0	8396587	2
207786	0	8461486	2
207786	0	8622991	0
264014	0	1610706	5
264014	0	1610707	2
264014	0	1610711	1
264014	0	1611213	1
264014	0	1804644	2
264014	0	2223171	5
264014	0	2228381	1
264014	0	2420367	4
264014	0	2438156	0
264014	0	2474340	2
264014	0	2474341	3
264014	0	2474342	5
264014	0	2474346	5
264014	0	2498165	3
264014	0	2498169	2
264014	0	2689662	2
264014	0	331931	2
264014	0	331932	2
264014	0	331934	2
264014	0	3338822	0
264014	0	3338825	5
264014	0	3338827	5
264014	0	3338828	2
264014	0	3372501	4
264014	0	3396076	5
264014	0	3577342	4
264014	0	3577343	4
264014	0	3577344	0
264014	0	3577345	1
264014	0	3577347	3
264014	0	3841908	5
264014	0	4259227	1
264014	0	447992	5
264014	0	4647186	4
264014	0	4687213	5
264014	0	4790255	0
264014	0	4834544	0
264014	0	4834547	5
264014	0	4834548	4
264014	0	5151339	4
264014	0	5269173	0
264014	0	528372	3
264014	0	528375	1
264014	0	528378	0
264014	0	528379	4
264014	0	528380	4
264014	0	5328095	5
264014	0	5506564	1
264014	0	5611210	4
264014	0	5611212	4
264014	0	5611218	4
264014	0	5611219	3
264014	0	5635515	4
264014	0	5635519	2
264014	0	5635521	3
264014	0	5816473	1
264014	0	5819142	2
264014	0	5819145	1
264014	0	58386	2
264014	0	5849270	3
264014	0	5849711	1
264014	0	5950718	5
264014	0	5950719	5
264014	0	5950720	1
264014	0	5950721	5
264014	0	5950722	5
264014	0	5950723	5
264014	0	5950725	2
264014	0	5950726	4
264014	0	6105566	4
264014	0	6105569	2
264014	0	6105571	2
264014	0	6105572	5
264014	0	6333839	1
264014	0	6334964	0
264014	0	6337909	0
264014	0	6413951	2
264014	0	6555321	2
264014	0	6555322	2
264014	0	6641238	5
264014	0	667686	1
264014	0	6791760	5
264014	0	684616	2
264014	0	684618	2
264014	0	684621	1
264014	0	7323467	2
264014	0	7323471	0
264014	0	7326934	3
264014	0	7326936	2
264014	0	8012101	5
264014	0	8193533	1
264014	0	8801661	2
264014	0	935825	5
264014	0	96851	5
264014	0	96852	2
264014	0	96855	5
264014	0	96856	2
264014	0	96857	3
264014	0	96858	5
264014	0	96859	3
359349	0	1394087	5
359349	0	15799	2
359349	0	15800	2
359349	0	15801	1
359349	0	15802	3
359349	0	15803	4
359349	0	15804	4
359349	0	15805	2
359349	0	15806	2
359349	0	15807	0
359349	0	15808	2
359349	0	1617442	1
359349	0	1622451	2
359349	0	1622452	3
359349	0	1622455	2
359349	0	1622457	2
359349	0	1622458	2
359349	0	1830512	5
359349	0	1830516	5
359349	0	1830517	5
359349	0	1979833	0
359349	0	2293820	5
359349	0	2444686	4
359349	0	2444689	2
359349	0	2826510	5
359349	0	2826512	5
359349	0	3176540	2
359349	0	3176543	2
359349	0	3176544	2
359349	0	3176548	3
359349	0	3193824	5
359349	0	3215625	2
359349	0	3223831	5
359349	0	3223833	5
359349	0	3900185	5
359349	0	4013723	5
359349	0	4020470	5
359349	0	4020477	5
359349	0	4087265	2
359349	0	4344092	0
359349	0	4344093	2
359349	0	4344098	2
359349	0	4344099	4
359349	0	4344100	3
359349	0	4344101	1
359349	0	4474866	2
359349	0	4474872	4
359349	0	457673	4
359349	0	4624153	4
359349	0	4881617	3
359349	0	5151802	1
359349	0	5155586	4
359349	0	5219970	3
359349	0	5219971	1
359349	0	5219972	1
359349	0	5219976	4
359349	0	5219977	1
359349	0	5345720	4
359349	0	5615181	5
359349	0	5615187	2
359349	0	576627	2
359349	0	576628	5
359349	0	576629	5
359349	0	576635	2
359349	0	5773713	4
359349	0	5773714	2
359349	0	5773715	2
359349	0	5773716	4
359349	0	5773717	2
359349	0	5773718	1
359349	0	5773719	3
359349	0	5806105	0
359349	0	5806106	1
359349	0	5806110	0
359349	0	6108721	5
359349	0	6113310	0
359349	0	6113313	3
359349	0	6113314	0
359349	0	6113317	0
359349	0	6213658	3
359349	0	6226414	0
359349	0	6440028	4
359349	0	6440029	1
359349	0	68647	5
359349	0	68648	5
359349	0	68649	5
359349	0	68650	3
359349	0	68653	5
359349	0	68654	1
359349	0	6873860	1
359349	0	7062671	4
359349	0	7579883	4
359349	0	7857634	2
359349	0	7857635	0
359349	0	8058867	5
359349	0	8058868	1
359349	0	8058873	5
359349	0	8167113	1
359349	0	8748954	1
359349	0	943229	5
405717	0	1589738	2
405717	0	1619423	0
405717	0	1849743	2
405717	0	2125641	2
405717	0	2365659	5
405717	0	2365660	2
405717	0	2365661	5
405717	0	2365662	4
405717	0	2365663	2
405717	0	2365664	1
405717	0	2365665	4
405717	0	2616168	2
405717	0	2642838	5
405717	0	2702419	5
405717	0	2702423	4
405717	0	273851	2
405717	0	2747484	5
405717	0	2747485	5
405717	0	2747486	5
405717	0	2747488	5
405717	0	2747489	2
405717	0	2747491	4
405717	0	2747492	5
405717	0	2768521	1
405717	0	28368	2
405717	0	28372	2
405717	0	2879960	5
405717	0	3033900	4
405717	0	3033903	1
405717	0	3033904	3
405717	0	3040883	2
405717	0	3274915	2
405717	0	3274918	2
405717	0	3514259	3
405717	0	3986303	4
405717	0	3986305	3
405717	0	3986306	1
405717	0	3986307	4
405717	0	3986308	3
405717	0	3986309	4
405717	0	4232833	2
405717	0	4326699	0
405717	0	4432155	0
405717	0	4489661	2
405717	0	4489666	4
405717	0	4577231	1
405717	0	4704973	5
405717	0	4704975	5
405717	0	4704978	3
405717	0	4776926	1
405717	0	4776928	4
405717	0	4828118	5
405717	0	5079482	5
405717	0	5615458	1
405717	0	5638740	4
405717	0	5668741	2
405717	0	5690233	3
405717	0	5690234	3
405717	0	5690237	3
405717	0	5857562	0
405717	0	5857570	0
405717	0	6019053	1
405717	0	6419725	0
405717	0	6654652	1
405717	0	6654655	4
405717	0	6654658	2
405717	0	6741362	1
405717	0	6786303	0
405717	0	6786304	1
405717	0	702383	5
405717	0	702386	4
405717	0	7170624	3
405717	0	7170625	0
405717	0	7170626	5
405717	0	7170629	2
405717	0	7170630	5
405717	0	7170631	2
405717	0	7201359	0
405717	0	7201361	2
405717	0	7288991	1
405717	0	7288996	5
405717	0	7447941	2
405717	0	7447942	3
405717	0	7447943	1
405717	0	758581	2
405717	0	758582	5
405717	0	758585	2
405717	0	758586	5
405717	0	7589975	4
405717	0	7728831	5
405717	0	7896211	5
405717	0	7896212	2
405717	0	8156519	5
405717	0	8433852	2
405717	0	8433854	5
405717	0	8433856	4
405717	0	8433858	5
405717	0	846414	1
405717	0	8610271	0
405717	0	931517	1
443396	0	1055834	5
443396	0	1091614	4
443396	0	1109130	1
443396	0	1135750	5
443396	0	1135751	4
443396	0	1135755	5
443396	0	1135757	4
443396	0	119472	2
443396	0	144709	2
443396	0	1465664	5
443396	0	1465667	4
443396	0	153028	2
443396	0	1843486	3
443396	0	1852809	2
443396	0	1871319	0
443396	0	2320321	1
443396	0	2320326	0
443396	0	2373504	3
443396	0	2490482	4
443396	0	2490486	3
443396	0	2638080	4
443396	0	2638081	2
443396	0	2638083	2
443396	0	2654155	1
443396	0	2976738	3
443396	0	2976740	1
443396	0	2976741	2
443396	0	3051074	1
443396	0	3103994	4
443396	0	3103995	4
443396	0	3256971	4
443396	0	3256974	4
443396	0	3323246	5
443396	0	3440850	5
443396	0	3617221	2
443396	0	3617225	4
443396	0	368001	5
443396	0	3721948	5
443396	0	388377	2
443396	0	4041358	5
443396	0	4041361	4
443396	0	4052112	4
443396	0	4205261	5
443396	0	4205264	5
443396	0	4249536	2
443396	0	4511531	1
443396	0	4526747	5
443396	0	456706	0
443396	0	456708	5
443396	0	456710	5
443396	0	4638554	2
443396	0	4699180	2
443396	0	4699186	1
443396	0	4792649	2
443396	0	4792652	5
443396	0	4792656	0
443396	0	4825928	1
443396	0	5048837	5
443396	0	5048838	0
443396	0	5048839	0
443396	0	5053511	4
443396	0	5065439	5
443396	0	519921	2
443396	0	5248151	0
443396	0	5404322	1
443396	0	5413103	2
443396	0	5710712	1
443396	0	6168530	2
443396	0	6361505	2
443396	0	6361506	2
443396	0	6361507	2
443396	0	6370531	5
443396	0	6471277	2
443396	0	6471278	3
443396	0	6643320	1
443396	0	7026006	1
443396	0	7422742	0
443396	0	7579047	2
443396	0	7620276	1
443396	0	7620278	4
443396	0	7620279	1
443396	0	7792897	3
443396	0	7890878	2
443396	0	7890882	3
443396	0	8079039	5
443396	0	8079042	3
443396	0	8079043	5
443396	0	8079046	1
443396	0	8171402	3
443396	0	8407794	2
443396	0	8416862	3
443396	0	8491981	2
443396	0	8536118	5
443396	0	8536121	5
443396	0	8536122	5
443396	0	8536123	5
443396	0	8769490	0
443396	0	8793491	5
443396	0	953826	0
443396	0	953827	2
451602	0	103184	2
451602	0	1078132	2
451602	0	1078133	2
451602	0	1078134	3
451602	0	1078138	3
451602	0	1094138	1
451602	0	1094139	2
451602	0	127533	0
451602	0	1277286	4
451602	0	1277290	5
451602	0	1277294	2
451602	0	1302756	1
451602	0	1640289	2
451602	0	1897982	2
451602	0	2084909	4
451602	0	2176450	5
451602	0	2176453	5
451602	0	2176455	5
451602	0	2176459	5
451602	0	2244875	1
451602	0	2618829	2
451602	0	2756872	2
451602	0	2796552	0
451602	0	2922141	2
451602	0	2922145	3
451602	0	3052117	0
451602	0	3090664	1
451602	0	3090666	4
451602	0	3090667	3
451602	0	3090670	2
451602	0	3177691	5
451602	0	3177694	4
451602	0	3177699	4
451602	0	3177700	2
451602	0	3371383	0
451602	0	3493825	4
451602	0	370081	1
451602	0	3790251	2
451602	0	4345752	5
451602	0	4453605	5
451602	0	4453606	1
451602	0	4487185	2
451602	0	4495080	3
451602	0	4874640	5
451602	0	4874645	4
451602	0	5053852	3
451602	0	5179251	5
451602	0	5211036	4
451602	0	5475308	5
451602	0	5475312	1
451602	0	5538936	3
451602	0	5538937	2
451602	0	5538938	5
451602	0	5538942	4
451602	0	5655693	0
451602	0	6132119	1
451602	0	6286973	3
451602	0	6286974	2
451602	0	6286975	5
451602	0	6286976	2
451602	0	6286977	5
451602	0	6286978	5
451602	0	6286979	3
451602	0	6286980	3
451602	0	6286982	5
451602	0	6618756	4
451602	0	6697739	2
451602	0	7315074	4
451602	0	7792100	1
451602	0	7800959	2
451602	0	7800962	2
451602	0	7804169	5
451602	0	7859334	1
451602	0	8019873	5
451602	0	8033470	0
451602	0	8033471	1
451602	0	8033472	0
451602	0	8033474	0
451602	0	8214451	5
451602	0	8214452	5
451602	0	8383461	5
451602	0	8383462	2
451602	0	8383465	4
451602	0	8383466	1
451602	0	8390518	5
451602	0	8390523	1
451602	0	8390525	5
451602	0	8390526	0
451602	0	8408575	0
451602	0	8485130	1
451602	0	8485136	4
451602	0	8540470	4
451602	0	8540473	4
451602	0	8621776	2
451602	0	8742537	2
451602	0	8787234	2
451602	0	927578	2
451602	0	96222	5
451602	0	96229	5
451602	0	998695	1
47923	0	1488918	2
47923	0	1681331	5
47923	0	1681332	5
47923	0	1681334	5
47923	0	1681336	5
47923	0	1681337	4
47923	0	1681338	2
47923	0	1681339	4
47923	0	1681340	3
47923	0	1827449	4
47923	0	1827452	3
47923	0	1868437	4
47923	0	2284128	2
47923	0	2284134	2
47923	0	2408264	4
47923	0	2477210	0
47923	0	2508227	1
47923	0	2569321	1
47923	0	2670112	0
47923	0	2699736	1
47923	0	2831042	2
47923	0	3348834	3
47923	0	3348838	3
47923	0	3520777	1
47923	0	3630935	1
47923	0	3688361	2
47923	0	3883230	2
47923	0	3986046	0
47923	0	4064327	0
47923	0	4064328	0
47923	0	4119528	1
47923	0	4148055	0
47923	0	4148063	0
47923	0	4257345	1
47923	0	4297620	5
47923	0	4416477	0
47923	0	4525880	4
47923	0	4652795	3
47923	0	473807	5
47923	0	473809	5
47923	0	5032362	5
47923	0	5055000	1
47923	0	5147526	4
47923	0	5147527	4
47923	0	5147529	1
47923	0	525507	0
47923	0	525511	2
47923	0	525513	2
47923	0	5282403	2
47923	0	5310902	2
47923	0	5417578	2
47923	0	5417579	1
47923	0	5417580	4
47923	0	5417581	2
47923	0	5417582	5
47923	0	5595916	2
47923	0	5898846	3
47923	0	5966643	2
47923	0	5966644	2
47923	0	6067090	0
47923	0	6111296	2
47923	0	618556	5
47923	0	6191	5
47923	0	6210760	1
47923	0	6222131	1
47923	0	6241147	5
47923	0	6241148	5
47923	0	6241150	5
47923	0	6241151	4
47923	0	6241152	5
47923	0	6241153	5
47923	0	6241154	5
47923	0	6272906	2
47923	0	6626703	2
47923	0	6626705	2
47923	0	6643066	5
47923	0	6919836	4
47923	0	7038128	3
47923	0	7137895	1
47923	0	727614	1
47923	0	7417276	3
47923	0	766019	1
47923	0	7747055	2
47923	0	7936847	3
47923	0	8216702	4
47923	0	829484	2
47923	0	8327407	4
47923	0	8348762	5
47923	0	8418678	3
47923	0	8418679	2
47923	0	8418681	5
47923	0	8418683	4
47923	0	8418686	5
47923	0	8421421	2
47923	0	8619129	2
47923	0	8641104	5
47923	0	8641106	4
47923	0	8641107	5
47923	0	913042	5
47923	0	986177	5
489204	0	1051498	4
489204	0	113238	2
489204	0	114148	1
489204	0	1225589	5
489204	0	1225591	5
489204	0	1228655	1
489204	0	1231677	5
489204	0	1276947	3
489204	0	1310103	2
489204	0	1360627	2
489204	0	136257	4
489204	0	139999	1
489204	0	1418931	2
489204	0	1430550	5
489204	0	1479542	5
489204	0	152948	4
489204	0	152954	5
489204	0	1538587	4
489204	0	1759354	5
489204	0	1759358	0
489204	0	1778458	5
489204	0	185678	5
489204	0	1897210	0
489204	0	1950269	5
489204	0	1950273	2
489204	0	2163701	3
489204	0	216490	2
489204	0	216492	2
489204	0	2268651	4
489204	0	2268652	5
489204	0	2268656	2
489204	0	2959687	3
489204	0	3053140	4
489204	0	3438216	3
489204	0	35919	0
489204	0	3608625	0
489204	0	3608627	4
489204	0	3728445	5
489204	0	385083	5
489204	0	4029846	0
489204	0	4088951	2
489204	0	4142348	0
489204	0	416864	3
489204	0	4279451	1
489204	0	4279453	2
489204	0	430274	0
489204	0	4387756	2
489204	0	4586570	5
489204	0	4917996	0
489204	0	4917998	3
489204	0	4929960	1
489204	0	533017	5
489204	0	5629373	5
489204	0	5709655	2
489204	0	5815957	4
489204	0	5895917	5
489204	0	6084785	5
489204	0	6087663	1
489204	0	6087666	5
489204	0	6087671	2
489204	0	6327174	5
489204	0	6327175	4
489204	0	6327177	2
489204	0	6327181	2
489204	0	6362205	2
489204	0	6542578	4
489204	0	6652051	2
489204	0	6652052	5
489204	0	678245	4
489204	0	6976143	2
489204	0	7008875	2
489204	0	7108296	2
489204	0	7113153	2
489204	0	7116533	4
489204	0	750066	1
489204	0	753265	2
489204	0	7564977	4
489204	0	7564980	2
489204	0	7734612	1
489204	0	7923800	0
489204	0	8055356	1
489204	0	8376906	1
489204	0	8376910	1
489204	0	8463820	5
489204	0	8463823	2
489204	0	855963	5
489204	0	855967	1
489204	0	855968	1
489204	0	855969	1
489204	0	855972	3
489204	0	8594271	4
489204	0	8594272	5
489204	0	8594273	4
489204	0	8594277	1
489204	0	8594280	2
489204	0	872467	5
489204	0	8737051	3
489204	0	8737053	0
489204	0	8781574	3
489204	0	973923	3
490595	0	1044147	0
490595	0	1160847	5
490595	0	1194055	1
490595	0	1194060	1
490595	0	1288938	3
490595	0	1288939	4
490595	0	1288940	2
490595	0	1288942	3
490595	0	1288943	4
490595	0	1288946	2
490595	0	1473259	4
490595	0	1652460	5
490595	0	1707412	0
490595	0	1929910	5
490595	0	1929911	3
490595	0	1929913	2
490595	0	2433509	0
490595	0	2788470	1
490595	0	2850740	2
490595	0	3572695	3
490595	0	3572701	1
490595	0	3595607	2
490595	0	3833407	5
490595	0	3833409	2
490595	0	3833413	4
490595	0	3833414	3
490595	0	3937195	2
490595	0	3937196	5
490595	0	3937197	5
490595	0	3937200	2
490595	0	3937201	2
490595	0	3937202	2
490595	0	3937203	4
490595	0	3937204	3
490595	0	4082315	0
490595	0	4292443	4
490595	0	4604269	2
490595	0	4737059	5
490595	0	4737060	5
490595	0	4737061	4
490595	0	4737062	4
490595	0	4737063	5
490595	0	4737064	2
490595	0	4737065	2
490595	0	4737066	2
490595	0	4737067	2
490595	0	4737068	4
490595	0	4763065	1
490595	0	4763066	5
490595	0	4763068	2
490595	0	4763070	1
490595	0	4763071	1
490595	0	4771671	3
490595	0	4842889	5
490595	0	4842890	5
490595	0	4842891	5
490595	0	4842894	2
490595	0	4842895	1
490595	0	4842896	4
490595	0	4842897	5
490595	0	5112294	4
490595	0	5128293	2
490595	0	5247992	5
490595	0	5247994	1
490595	0	5247999	5
490595	0	5248000	4
490595	0	526093	1
490595	0	5359208	1
490595	0	5359212	2
490595	0	5359213	4
490595	0	549465	5
490595	0	549466	3
490595	0	5633627	1
490595	0	5633631	2
490595	0	6045591	0
490595	0	6412650	1
490595	0	6686784	1
490595	0	6742119	5
490595	0	6976956	2
490595	0	6976960	0
490595	0	7045861	0
490595	0	7174984	0
490595	0	7340532	4
490595	0	7422680	0
490595	0	7839904	3
490595	0	7839906	2
490595	0	7839908	2
490595	0	7839911	1
490595	0	7968900	2
490595	0	805046	5
490595	0	805047	5
490595	0	805048	5
490595	0	805050	5
490595	0	805051	5
490595	0	805052	3
490595	0	829387	2
490595	0	8485139	5
490595	0	8485140	4
490595	0	8485141	5
490595	0	903932	0
527433	0	1000485	4
527433	0	1164207	0
527433	0	1212783	2
527433	0	1212787	1
527433	0	1251480	2
527433	0	126710	4
527433	0	1379237	5
527433	0	1379238	1
527433	0	1379239	4
527433	0	1379240	5
527433	0	1379245	5
527433	0	1404580	1
527433	0	1511548	4
527433	0	1511549	2
527433	0	1511551	4
527433	0	1511553	2
527433	0	1511556	3
527433	0	1664518	5
527433	0	1664521	1
527433	0	1664523	5
527433	0	1664659	1
527433	0	1753604	2
527433	0	2045580	5
527433	0	2331989	2
527433	0	2496224	0
527433	0	2496227	3
527433	0	2565413	5
527433	0	2567334	1
527433	0	269422	4
527433	0	269423	4
527433	0	269425	2
527433	0	269426	2
527433	0	269428	5
527433	0	269429	1
527433	0	269430	5
527433	0	2722036	5
527433	0	2773789	1
527433	0	291606	0
527433	0	2931558	2
527433	0	2931562	3
527433	0	3224400	1
527433	0	3294599	2
527433	0	3774357	1
527433	0	3774358	3
527433	0	3774360	4
527433	0	3786813	2
527433	0	3835729	5
527433	0	3835730	1
527433	0	3973285	5
527433	0	4046875	2
527433	0	4064457	0
527433	0	4351170	2
527433	0	4351179	0
527433	0	4402991	2
527433	0	4402992	3
527433	0	4402995	4
527433	0	4958693	0
527433	0	5295980	1
527433	0	5466807	5
527433	0	5466809	2
527433	0	5466810	5
527433	0	547444	5
527433	0	5479502	2
527433	0	5603298	2
527433	0	5603305	2
527433	0	5672170	2
527433	0	5690943	1
527433	0	5839266	0
527433	0	6038397	3
527433	0	6038411	0
527433	0	6186391	5
527433	0	6186393	3
527433	0	6186394	1
527433	0	6186395	2
527433	0	6214994	2
527433	0	6214995	3
527433	0	6215001	5
527433	0	6398041	4
527433	0	6498113	1
527433	0	653101	2
527433	0	729489	5
527433	0	7336435	2
527433	0	7514088	4
527433	0	7514090	0
527433	0	7607669	5
527433	0	7799466	5
527433	0	7904112	3
527433	0	8306449	5
527433	0	8306450	2
527433	0	8306451	5
527433	0	8371764	3
527433	0	8617267	4
527433	0	8617269	4
527433	0	8617270	0
527433	0	8617271	5
527433	0	8617273	5
527433	0	8617274	5
527433	0	8617276	2
527433	0	8827925	4
527433	0	8827928	4
573724	0	1005335	0
573724	0	1005338	2
573724	0	1005341	1
573724	0	104856	1
573724	0	1165128	2
573724	0	1165129	5
573724	0	1293333	1
573724	0	1509940	5
573724	0	1509942	5
573724	0	1509944	2
573724	0	162151	5
573724	0	1648007	2
573724	0	1816038	5
573724	0	2002448	0
573724	0	2133806	4
573724	0	2186124	1
573724	0	2417985	2
573724	0	2635262	5
573724	0	305009	0
573724	0	3059590	3
573724	0	3059593	3
573724	0	3146236	4
573724	0	3146238	5
573724	0	3146240	4
573724	0	3365631	4
573724	0	3365632	3
573724	0	3365633	5
573724	0	3365634	0
573724	0	3365635	2
573724	0	3365636	5
573724	0	3365638	5
573724	0	3365640	2
573724	0	3492364	2
573724	0	3546092	1
573724	0	3617636	2
573724	0	394136	5
573724	0	394138	5
573724	0	394139	3
573724	0	394141	3
573724	0	394142	5
573724	0	4017883	2
573724	0	41433	0
573724	0	4360246	2
573724	0	4853172	0
573724	0	5047796	5
573724	0	5185664	2
573724	0	5185671	3
573724	0	5310530	5
573724	0	5339620	5
573724	0	5384308	2
573724	0	5721829	5
573724	0	5721831	2
573724	0	5962420	1
573724	0	5962423	4
573724	0	5962424	1
573724	0	5962425	1
573724	0	5962426	4
573724	0	5962427	1
573724	0	5962428	3
573724	0	6121093	0
573724	0	6496777	2
573724	0	6776717	5
573724	0	7104825	5
573724	0	7104826	1
573724	0	7104827	2
573724	0	7134411	0
573724	0	7199667	2
573724	0	7199669	5
573724	0	7199672	2
573724	0	7199673	4
573724	0	7199674	0
573724	0	7199675	4
573724	0	7275118	0
573724	0	7384327	1
573724	0	7384329	1
573724	0	7384331	3
573724	0	7384332	4
573724	0	7530702	1
573724	0	7609926	2
573724	0	7609927	4
573724	0	7609928	4
573724	0	7609929	1
573724	0	7609930	3
573724	0	7609932	2
573724	0	7674858	2
573724	0	7674859	5
573724	0	7964601	4
573724	0	8047166	4
573724	0	8441637	4
573724	0	8441642	5
573724	0	8444727	2
573724	0	8444728	4
573724	0	87400	2
573724	0	87402	1
573724	0	87404	2
573724	0	87405	5
573724	0	87409	3
573724	0	8833192	5
573724	0	8833194	5
573724	0	8833199	2
833860	0	1060356	1
833860	0	115142	2
833860	0	1187661	3
833860	0	1361867	0
833860	0	1501736	4
833860	0	1579406	2
833860	0	1889863	5
833860	0	2022688	3
833860	0	2192806	0
833860	0	2192812	1
833860	0	2206194	5
833860	0	2206195	5
833860	0	2206196	4
833860	0	2206197	5
833860	0	2206200	1
833860	0	2206201	2
833860	0	223308	2
833860	0	2626241	2
833860	0	2626244	2
833860	0	2626245	0
833860	0	2702357	5
833860	0	2792242	1
833860	0	3087477	3
833860	0	3087481	5
833860	0	3087483	3
833860	0	3394881	0
833860	0	3437281	5
833860	0	3437283	3
833860	0	3437284	5
833860	0	3437285	5
833860	0	3437286	5
833860	0	3437288	5
833860	0	3437289	4
833860	0	3437290	4
833860	0	3716920	1
833860	0	4287221	1
833860	0	4857585	4
833860	0	4881964	1
833860	0	4881965	5
833860	0	4897785	1
833860	0	4983652	0
833860	0	5012384	2
833860	0	5012386	1
833860	0	5167510	5
833860	0	5167512	3
833860	0	5167513	5
833860	0	5167518	4
833860	0	5268871	1
833860	0	5652528	2
833860	0	5832657	4
833860	0	5832662	1
833860	0	596153	3
833860	0	6083481	2
833860	0	6182015	0
833860	0	6182018	1
833860	0	6182019	0
833860	0	6182021	0
833860	0	6182023	2
833860	0	6218032	5
833860	0	6218040	2
833860	0	6230220	5
833860	0	6230221	5
833860	0	6230222	5
833860	0	6230223	4
833860	0	6230224	5
833860	0	6230225	4
833860	0	6230226	5
833860	0	6230227	5
833860	0	6230228	4
833860	0	6230229	5
833860	0	6292957	2
833860	0	6301693	2
833860	0	6621549	0
833860	0	6748422	2
833860	0	6812180	2
833860	0	6875877	2
833860	0	68820	2
833860	0	6943598	4
833860	0	6943600	2
833860	0	7038170	2
833860	0	7061642	2
833860	0	756914	3
833860	0	756916	2
833860	0	756921	1
833860	0	767542	4
833860	0	7706738	4
833860	0	7944293	3
833860	0	8025159	0
833860	0	8068230	2
833860	0	8068233	2
833860	0	8280714	2
833860	0	8280717	1
833860	0	8344031	5
833860	0	8494105	4
833860	0	8679932	1
833860	0	8697642	2
833860	0	8833502	3
833860	0	8833504	5
833860	0	8833506	5
833860	0	8833509	4
855410	0	107007	2
855410	0	1094085	4
855410	0	1094091	3
855410	0	1313943	0
855410	0	1375118	2
855410	0	1599285	2
855410	0	1775897	0
855410	0	1775900	4
855410	0	1775902	0
855410	0	1824271	4
855410	0	1824273	1
855410	0	1824274	2
855410	0	1824277	1
855410	0	1824278	2
855410	0	1824280	4
855410	0	1997187	2
855410	0	2117094	0
855410	0	2254122	4
855410	0	235313	0
855410	0	2450686	4
855410	0	2499351	4
855410	0	2499352	2
855410	0	2499353	2
855410	0	2499355	2
855410	0	2890365	5
855410	0	317307	1
855410	0	3201479	2
855410	0	3201482	1
855410	0	3269002	1
855410	0	3319653	5
855410	0	369512	5
855410	0	369516	5
855410	0	3723410	5
855410	0	3723411	5
855410	0	3723412	2
855410	0	3723413	2
855410	0	3723414	5
855410	0	3723415	4
855410	0	3823238	1
855410	0	3946561	1
855410	0	4084193	5
855410	0	4084196	4
855410	0	4103170	5
855410	0	4235939	5
855410	0	4235940	3
855410	0	4235942	5
855410	0	4554620	1
855410	0	4554623	2
855410	0	4624463	4
855410	0	4698704	1
855410	0	4788327	2
855410	0	4788330	2
855410	0	4980050	0
855410	0	5006079	5
855410	0	5053561	2
855410	0	5321528	0
855410	0	5321529	2
855410	0	5465915	5
855410	0	5723210	3
855410	0	5743663	0
855410	0	5757274	0
855410	0	5962462	3
855410	0	5979006	2
855410	0	5979009	3
855410	0	5988607	2
855410	0	5988611	1
855410	0	6167255	3
855410	0	6167256	5
855410	0	6385724	3
855410	0	6481239	2
855410	0	6593281	2
855410	0	6593283	4
855410	0	6658891	4
855410	0	6773738	0
855410	0	681984	3
855410	0	681985	3
855410	0	681993	2
855410	0	6942176	4
855410	0	7115215	1
855410	0	7710944	3
855410	0	8157624	5
855410	0	8157627	2
855410	0	8271172	1
855410	0	8543392	1
855410	0	862689	2
855410	0	862691	2
855410	0	862695	5
855410	0	8645167	1
855410	0	8651770	5
855410	0	8651771	5
855410	0	8651772	5
855410	0	8651773	5
855410	0	8651775	5
855410	0	8651776	5
855410	0	8671032	4
855410	0	8671033	4
855410	0	8776511	5
855410	0	8776516	5
855410	0	8776519	5
855410	0	902854	1
87181	0	1059517	4
87181	0	1179100	2
87181	0	123547	4
87181	0	1346115	2
87181	0	1700168	0
87181	0	1856235	1
87181	0	1856241	2
87181	0	1950525	2
87181	0	1950526	5
87181	0	1950532	5
87181	0	1961300	0
87181	0	1992881	2
87181	0	2024860	0
87181	0	2307974	1
87181	0	2307979	4
87181	0	2310764	0
87181	0	2530227	5
87181	0	2530252	5
87181	0	2530257	4
87181	0	2556149	0
87181	0	2556151	4
87181	0	2922857	0
87181	0	2986227	5
87181	0	2986231	0
87181	0	3198047	2
87181	0	3216315	5
87181	0	3914970	5
87181	0	4632251	3
87181	0	4639455	5
87181	0	4689523	5
87181	0	4689524	2
87181	0	4689525	5
87181	0	47203	3
87181	0	47206	3
87181	0	47207	3
87181	0	47210	4
87181	0	4786305	5
87181	0	5103077	1
87181	0	5103082	2
87181	0	5197130	3
87181	0	5197133	4
87181	0	5197135	2
87181	0	5469038	5
87181	0	5497677	4
87181	0	5531010	1
87181	0	5676026	1
87181	0	5753301	2
87181	0	5758954	2
87181	0	5899049	3
87181	0	6029788	5
87181	0	6055562	2
87181	0	6129695	1
87181	0	6222600	1
87181	0	6262331	2
87181	0	6484575	5
87181	0	6484576	5
87181	0	6484577	2
87181	0	6521360	1
87181	0	6521366	5
87181	0	6685092	5
87181	0	6774305	3
87181	0	6969187	3
87181	0	7057928	2
87181	0	7112964	2
87181	0	7112968	2
87181	0	742425	5
87181	0	7504775	2
87181	0	7586365	3
87181	0	7666828	2
87181	0	7666831	4
87181	0	8037179	1
87181	0	8037182	2
87181	0	8082516	1
87181	0	8151922	1
87181	0	8151926	4
87181	0	8165398	0
87181	0	8165401	5
87181	0	8165403	1
87181	0	8165404	2
87181	0	8332546	5
87181	0	8332547	5
87181	0	8332548	0
87181	0	8332550	2
87181	0	8332555	4
87181	0	8356380	0
87181	0	8476330	2
87181	0	8522403	2
87181	0	8534130	5
87181	0	8534134	5
87181	0	8534135	4
87181	0	8534136	1
87181	0	8565420	5
87181	0	8614359	1
87181	0	8614360	1
87181	0	8664069	2
87181	0	8683178	4
87181	0	8683181	4
87181	0	8683183	4
87181	0	8683185	5
87181	0	8738510	3
87452	0	1118401	0
87452	0	1395625	2
87452	0	1395631	2
87452	0	1528487	2
87452	0	164968	0
87452	0	1689964	2
87452	0	1733684	1
87452	0	1749882	0
87452	0	186931	5
87452	0	186939	5
87452	0	1890450	2
87452	0	1890452	2
87452	0	1895985	0
87452	0	1895989	0
87452	0	2026774	1
87452	0	2026777	1
87452	0	2205470	4
87452	0	2312984	2
87452	0	2624886	5
87452	0	2740337	1
87452	0	335702	1
87452	0	3613927	2
87452	0	3732121	1
87452	0	3732898	3
87452	0	3809015	0
87452	0	3841122	1
87452	0	4008486	5
87452	0	4008495	4
87452	0	4307932	2
87452	0	4307935	2
87452	0	4307936	4
87452	0	434339	2
87452	0	4496461	2
87452	0	4502595	0
87452	0	4634899	5
87452	0	4634900	3
87452	0	4634903	5
87452	0	4866237	2
87452	0	4866238	1
87452	0	4872055	4
87452	0	4993648	2
87452	0	5052039	3
87452	0	5219890	2
87452	0	5268236	4
87452	0	5286924	5
87452	0	5296736	4
87452	0	5299878	1
87452	0	5732048	0
87452	0	5746164	1
87452	0	5746165	3
87452	0	5746167	2
87452	0	5751686	4
87452	0	5851090	5
87452	0	5851095	4
87452	0	6018160	5
87452	0	6018161	2
87452	0	6018162	5
87452	0	6018163	5
87452	0	6018164	5
87452	0	6018166	5
87452	0	6018167	2
87452	0	6018168	5
87452	0	6018169	4
87452	0	7166749	1
87452	0	7208274	1
87452	0	7304545	2
87452	0	7641652	2
87452	0	764761	0
87452	0	7843982	2
87452	0	7843984	5
87452	0	7897960	1
87452	0	7965004	3
87452	0	7965005	3
87452	0	7965011	5
87452	0	8055174	3
87452	0	8126315	1
87452	0	8152222	2
87452	0	8152225	2
87452	0	8152226	3
87452	0	8213478	4
87452	0	8333912	5
87452	0	8333919	5
87452	0	8333920	5
87452	0	8333921	5
87452	0	8422895	0
87452	0	8436571	4
87452	0	8436572	2
87452	0	8436573	1
87452	0	8436574	4
87452	0	8436575	2
87452	0	8436576	4
87452	0	8436578	4
87452	0	8436579	5
87452	0	8436580	3
87452	0	8819111	5
87452	0	8819112	5
87452	0	8819113	5
87452	0	8819114	4
87452	0	8819116	5
87452	0	994547	3
915593	0	1033076	1
915593	0	1396701	2
915593	0	1396702	2
915593	0	1396705	1
915593	0	1396707	2
915593	0	1396708	1
915593	0	1772930	4
915593	0	1972028	5
915593	0	210379	1
915593	0	2210590	4
915593	0	2210592	3
915593	0	2210593	5
915593	0	2210594	3
915593	0	2210595	4
915593	0	2210597	4
915593	0	2744909	3
915593	0	2755128	0
915593	0	275726	3
915593	0	2915475	1
915593	0	2923501	2
915593	0	3037814	0
915593	0	3069419	1
915593	0	3069424	1
915593	0	3357360	3
915593	0	3375966	0
915593	0	3523599	0
915593	0	3523602	1
915593	0	3538159	2
915593	0	3538160	5
915593	0	3538161	5
915593	0	3538162	0
915593	0	3538163	5
915593	0	3538164	5
915593	0	3538165	1
915593	0	3538166	5
915593	0	3538168	5
915593	0	3573473	2
915593	0	3573477	0
915593	0	3573479	4
915593	0	3581431	1
915593	0	3930156	2
915593	0	3991910	1
915593	0	4566815	2
915593	0	4566816	2
915593	0	4566818	5
915593	0	4566819	4
915593	0	4566822	2
915593	0	4566823	4
915593	0	4691129	2
915593	0	4834226	2
915593	0	4998398	5
915593	0	5774009	5
915593	0	5931262	5
915593	0	5931553	4
915593	0	6761340	0
915593	0	6761341	2
915593	0	6761344	5
915593	0	6761346	1
915593	0	6761348	2
915593	0	6923051	1
915593	0	6923052	5
915593	0	6923054	2
915593	0	7709320	5
915593	0	7742098	2
915593	0	7837084	2
915593	0	7837086	3
915593	0	7861751	3
915593	0	7861755	5
915593	0	8002852	5
915593	0	8029524	3
915593	0	8029525	3
915593	0	8029527	5
915593	0	8029530	2
915593	0	8029531	5
915593	0	8029532	1
915593	0	8029533	2
915593	0	8103068	2
915593	0	8178996	4
915593	0	8178998	5
915593	0	8178999	3
915593	0	8179001	0
915593	0	82105	4
915593	0	82106	4
915593	0	82107	5
915593	0	82108	5
915593	0	82109	2
915593	0	82110	4
915593	0	82111	2
915593	0	82113	5
915593	0	82114	2
915593	0	8275207	4
915593	0	8402969	4
915593	0	8402970	4
915593	0	8402971	5
915593	0	8402972	5
915593	0	8420020	0
915593	0	8455302	2
915593	0	8455306	2
915593	0	8681775	0
915593	0	924855	1
962179	0	1645080	5
962179	0	1645087	1
962179	0	1882903	4
962179	0	2017001	2
962179	0	2017003	2
962179	0	2131895	1
962179	0	2186434	2
962179	0	2329692	5
962179	0	2329693	5
962179	0	2329694	3
962179	0	2329695	4
962179	0	2329696	5
962179	0	2329697	5
962179	0	2329699	5
962179	0	2329700	3
962179	0	2329701	5
962179	0	2589899	2
962179	0	2589902	2
962179	0	2589904	2
962179	0	2589905	2
962179	0	2632688	1
962179	0	2697161	4
962179	0	2697162	2
962179	0	2978863	2
962179	0	2978864	5
962179	0	2978865	2
962179	0	2978866	5
962179	0	2978867	2
962179	0	2978868	4
962179	0	2978869	5
962179	0	2978870	4
962179	0	2978871	5
962179	0	302861	2
962179	0	302867	1
962179	0	3173623	0
962179	0	3173625	1
962179	0	3422319	1
962179	0	3705165	4
962179	0	3896632	3
962179	0	4209394	0
962179	0	4209397	1
962179	0	4257871	3
962179	0	4257872	3
962179	0	4257873	5
962179	0	4511497	1
962179	0	4511499	5
962179	0	4511500	1
962179	0	4511503	5
962179	0	4606386	5
962179	0	4606387	5
962179	0	4606388	3
962179	0	5329867	2
962179	0	534563	5
962179	0	536176	5
962179	0	536177	2
962179	0	536178	2
962179	0	5642478	0
962179	0	5653655	0
962179	0	5653656	2
962179	0	5653657	3
962179	0	5653659	5
962179	0	579975	2
962179	0	5919340	5
962179	0	5919342	4
962179	0	6186348	1
962179	0	6575558	0
962179	0	6675259	4
962179	0	6675260	4
962179	0	6675262	2
962179	0	6675264	4
962179	0	6898289	5
962179	0	6898293	4
962179	0	6904859	1
962179	0	6904860	0
962179	0	6904863	1
962179	0	6980697	5
962179	0	7428149	1
962179	0	7733807	3
962179	0	7733810	4
962179	0	8114936	2
962179	0	8114938	1
962179	0	8361087	0
962179	0	8768354	2
962179	0	8768355	2
962179	0	8768360	2
962179	0	8768974	1
962179	0	8768976	0
962179	0	8785367	3
962179	0	8785368	4
962179	0	8785369	4
962179	0	8785371	5
962179	0	8785372	2
962179	0	8785373	5
962179	0	8785374	5
962179	0	8785375	4
962179	0	8811420	0
962179	0	8811422	0
962179	0	931123	2
962179	0	931124	2
962179	0	963708	3
