1037798	0	2157450	2
1037798	0	2157456	0
1037798	0	2258765	1
1037798	0	2360247	0
1037798	0	2360252	2
1037798	0	2781960	3
1037798	0	2781965	4
1037798	0	2781966	4
1037798	0	2787508	2
1037798	0	3167284	4
1037798	0	3387556	5
1037798	0	3620983	4
1037798	0	3620986	4
1037798	0	3620991	3
1037798	0	3641634	5
1037798	0	3641640	2
1037798	0	4055260	1
1037798	0	4095286	2
1037798	0	4114288	0
1037798	0	4182093	2
1037798	0	4227882	3
1037798	0	4291373	5
1037798	0	4468467	1
1037798	0	4788864	1
1037798	0	4818124	1
1037798	0	4818129	2
1037798	0	4974552	5
1037798	0	5006527	1
1037798	0	5438881	5
1037798	0	6060285	5
1037798	0	6792682	0
1037798	0	6792685	2
1037798	0	6963992	1
1037798	0	720665	4
1037798	0	7466652	2
1037798	0	7822415	5
1037798	0	7961603	1
1037798	0	7967207	2
1037798	0	8224670	4
1037798	0	8537479	5
1037798	0	8760864	3
1037798	0	8760865	2
1037798	0	8760866	5
1037798	0	8760867	5
1037798	0	8760868	4
1037798	0	8760870	5
1037798	0	8760871	5
1037798	0	8760873	3
1037798	0	8780802	0
1037798	0	994978	2
104861	0	1017092	3
104861	0	1046334	2
104861	0	1046339	5
104861	0	1055594	0
104861	0	1304632	3
104861	0	1313687	4
104861	0	1357961	0
104861	0	1442348	2
104861	0	146170	5
104861	0	146174	2
104861	0	1567102	4
104861	0	171927	5
104861	0	1773805	3
104861	0	1773807	5
104861	0	1811410	2
104861	0	1948963	5
104861	0	2158194	4
104861	0	2294849	5
104861	0	2377050	0
104861	0	2497738	1
104861	0	2600385	0
104861	0	2611066	0
104861	0	3443173	5
104861	0	3443176	2
104861	0	3925933	5
104861	0	4017854	1
104861	0	4017856	1
104861	0	4017858	4
104861	0	409268	2
104861	0	4199743	3
104861	0	4350439	2
104861	0	4583548	0
104861	0	459675	2
104861	0	459676	4
104861	0	4717134	1
104861	0	5138467	1
104861	0	5138469	1
104861	0	5138471	3
104861	0	5138472	2
104861	0	5138473	5
104861	0	5138474	2
104861	0	5138476	5
104861	0	5150431	2
104861	0	5248340	3
104861	0	5248341	5
104861	0	5405670	1
104861	0	5667475	3
104861	0	5688415	5
104861	0	5688416	4
104861	0	5688417	5
104861	0	5688418	2
104861	0	5688420	2
104861	0	5703400	3
104861	0	5703401	3
104861	0	5801822	5
104861	0	5836442	5
104861	0	5864689	5
104861	0	5864693	4
104861	0	599604	4
104861	0	6156641	4
104861	0	6187055	5
104861	0	629273	1
104861	0	629274	4
104861	0	629276	5
104861	0	629277	4
104861	0	629278	2
104861	0	6351571	4
104861	0	6467577	2
104861	0	6467580	1
104861	0	6467581	2
104861	0	6585554	4
104861	0	6653674	5
104861	0	6653676	0
104861	0	6653677	1
104861	0	6653678	2
104861	0	6653679	5
104861	0	6658615	2
104861	0	6704672	5
104861	0	6904992	1
104861	0	7034375	1
104861	0	715676	1
104861	0	7462393	2
104861	0	7506029	1
104861	0	8259116	2
104861	0	8260035	2
104861	0	8349574	0
104861	0	8495099	5
104861	0	8546158	0
104861	0	8546162	2
1063750	0	1074552	5
1063750	0	118643	2
1063750	0	12266	0
1063750	0	1747827	2
1063750	0	1866486	5
1063750	0	1923499	3
1063750	0	1923500	3
1063750	0	1923506	5
1063750	0	2220585	5
1063750	0	2230089	4
1063750	0	2230090	5
1063750	0	2391456	5
1063750	0	2391457	3
1063750	0	2470328	2
1063750	0	2496767	0
1063750	0	2516	0
1063750	0	2768117	5
1063750	0	2768123	5
1063750	0	2868845	0
1063750	0	2881841	1
1063750	0	2997653	1
1063750	0	3076179	1
1063750	0	309313	5
1063750	0	3259884	2
1063750	0	3259889	3
1063750	0	3259892	4
1063750	0	330159	5
1063750	0	330165	2
1063750	0	3327051	4
1063750	0	3610446	4
1063750	0	3654231	1
1063750	0	3973418	3
1063750	0	3973423	5
1063750	0	4158202	1
1063750	0	4164404	1
1063750	0	4329899	1
1063750	0	4337526	5
1063750	0	4337527	5
1063750	0	4337529	4
1063750	0	4337532	2
1063750	0	4349323	0
1063750	0	4414266	1
1063750	0	4718159	3
1063750	0	4718161	2
1063750	0	4788295	4
1063750	0	4788296	1
1063750	0	4788297	2
1063750	0	4788299	3
1063750	0	4823168	2
1063750	0	4823169	5
1063750	0	4834969	5
1063750	0	4834974	5
1063750	0	5123011	0
1063750	0	5442711	5
1063750	0	5442717	2
1063750	0	5956099	2
1063750	0	5956102	2
1063750	0	6093904	2
1063750	0	6127389	5
1063750	0	6347205	4
1063750	0	6436703	2
1063750	0	6666451	1
1063750	0	7146781	1
1063750	0	7571423	4
1063750	0	7571428	0
1063750	0	7778351	3
1063750	0	7778354	4
1063750	0	7781460	1
1063750	0	7837936	4
1063750	0	7837938	5
1063750	0	7952964	2
1063750	0	7952965	4
1063750	0	7952966	0
1063750	0	7952971	5
1063750	0	8170640	2
1063750	0	819283	1
1063750	0	819284	2
1063750	0	8239876	4
1063750	0	8239877	5
1063750	0	8384979	2
1063750	0	8640242	2
1063750	0	8670789	0
1063750	0	8722081	2
1063750	0	8821734	4
1063750	0	8821735	2
1103812	0	1214791	3
1103812	0	1583317	5
1103812	0	1614303	5
1103812	0	1659850	2
1103812	0	1659852	2
1103812	0	2332189	5
1103812	0	2703108	2
1103812	0	2703111	0
1103812	0	2750961	5
1103812	0	2750965	5
1103812	0	2790080	4
1103812	0	3591090	3
1103812	0	3672737	1
1103812	0	3672744	0
1103812	0	3843263	4
1103812	0	3843267	4
1103812	0	3843269	2
1103812	0	3940091	4
1103812	0	4044289	3
1103812	0	4292848	2
1103812	0	4401695	5
1103812	0	4455026	0
1103812	0	4679037	3
1103812	0	4679038	0
1103812	0	4824831	1
1103812	0	4937953	1
1103812	0	5190505	1
1103812	0	5823139	1
1103812	0	5974245	0
1103812	0	6289840	2
1103812	0	6569474	2
1103812	0	7430771	4
1103812	0	7753287	1
1103812	0	8157968	2
1103812	0	8220081	4
1103812	0	8220085	5
1103812	0	8220086	5
1103812	0	8220087	5
1103812	0	8220088	5
1103812	0	8220089	5
1103812	0	8224175	2
1103812	0	8224183	4
1103812	0	8293805	2
1103812	0	955560	2
1103812	0	961775	1
1106007	0	1334328	5
1106007	0	1334330	4
1106007	0	1334334	5
1106007	0	1334335	5
1106007	0	1334336	5
1106007	0	1530299	3
1106007	0	2143418	0
1106007	0	2384069	1
1106007	0	2464375	2
1106007	0	2621981	2
1106007	0	2672601	4
1106007	0	2672608	5
1106007	0	2777113	0
1106007	0	2960558	5
1106007	0	2960561	2
1106007	0	2960563	5
1106007	0	2960566	5
1106007	0	3390428	3
1106007	0	3537614	4
1106007	0	4173709	5
1106007	0	4173712	4
1106007	0	4382105	0
1106007	0	5174765	0
1106007	0	5279699	2
1106007	0	5774818	1
1106007	0	5780388	3
1106007	0	5836920	1
1106007	0	6126194	1
1106007	0	6126197	1
1106007	0	6209484	1
1106007	0	7211746	2
1106007	0	746358	4
1106007	0	765663	4
1106007	0	7685383	2
1106007	0	7685384	2
1106007	0	7685385	2
1106007	0	7685388	2
1106007	0	7726655	0
1106007	0	8199521	2
1106007	0	8204457	3
1106007	0	8521673	5
1110199	0	167604	3
1110199	0	1901876	5
1110199	0	1901877	5
1110199	0	1901878	5
1110199	0	1901879	5
1110199	0	1901881	3
1110199	0	1901882	5
1110199	0	2218462	1
1110199	0	239444	4
1110199	0	2474406	0
1110199	0	2796199	4
1110199	0	2796830	2
1110199	0	3647394	2
1110199	0	3838638	5
1110199	0	3838645	2
1110199	0	398442	0
1110199	0	4053652	1
1110199	0	4057232	0
1110199	0	4489656	1
1110199	0	4504233	4
1110199	0	4511137	5
1110199	0	4511144	4
1110199	0	4588784	4
1110199	0	4949578	1
1110199	0	5172684	2
1110199	0	5172688	3
1110199	0	5218014	1
1110199	0	554521	0
1110199	0	5857921	2
1110199	0	6368887	2
1110199	0	6368891	4
1110199	0	6392463	3
1110199	0	6392469	1
1110199	0	7174098	2
1110199	0	7221366	4
1110199	0	7369955	1
1110199	0	7628031	2
1110199	0	7680811	2
1110199	0	8160518	5
1110199	0	8160519	5
1110199	0	8160520	5
1110199	0	8160523	2
1110199	0	8160524	5
1110199	0	8160527	2
1110199	0	8301971	0
1112341	0	1267520	0
1112341	0	1369482	4
1112341	0	1373651	4
1112341	0	1450347	1
1112341	0	2096427	2
1112341	0	2096429	2
1112341	0	2253155	3
1112341	0	2626927	5
1112341	0	2663365	2
1112341	0	2694630	5
1112341	0	2694636	3
1112341	0	2694637	4
1112341	0	2735215	2
1112341	0	2735219	1
1112341	0	3118343	5
1112341	0	3493341	5
1112341	0	3795887	2
1112341	0	3795896	2
1112341	0	4022846	3
1112341	0	4022849	5
1112341	0	4416075	1
1112341	0	4703755	0
1112341	0	4977768	2
1112341	0	5043405	1
1112341	0	524251	5
1112341	0	550571	2
1112341	0	6016292	0
1112341	0	6102033	0
1112341	0	6164791	5
1112341	0	6311795	0
1112341	0	6311801	2
1112341	0	6342847	4
1112341	0	6478665	1
1112341	0	6681382	2
1112341	0	6726340	5
1112341	0	6726341	4
1112341	0	6726342	4
1112341	0	6726344	5
1112341	0	6726345	5
1112341	0	6726346	2
1112341	0	6740558	2
1112341	0	6903063	2
1112341	0	7079776	5
1112341	0	7079779	0
1112341	0	7242813	1
1112341	0	8139249	3
1112341	0	8139250	2
1112341	0	8139251	4
1112341	0	8139253	1
1112341	0	8139255	5
1112341	0	8139256	5
1112341	0	8139257	5
1112341	0	8139258	5
1112341	0	8326588	3
1112341	0	8337125	4
1112341	0	8337129	3
1112341	0	8442178	2
1112341	0	8606160	1
1112341	0	8606161	4
1112341	0	90432	1
1113437	0	1066532	2
1113437	0	1066538	3
1113437	0	1280568	5
1113437	0	1280569	2
1113437	0	1454814	2
1113437	0	1768727	2
1113437	0	2001933	5
1113437	0	2001934	3
1113437	0	2226349	5
1113437	0	2354940	3
1113437	0	2354941	2
1113437	0	2354947	4
1113437	0	2595628	0
1113437	0	2884191	4
1113437	0	3125154	5
1113437	0	3518300	0
1113437	0	3880944	2
1113437	0	4016930	1
1113437	0	4016937	0
1113437	0	4367832	2
1113437	0	4473156	4
1113437	0	4473157	5
1113437	0	4498864	3
1113437	0	4498867	4
1113437	0	4751835	5
1113437	0	4751839	2
1113437	0	4981632	2
1113437	0	5188746	2
1113437	0	5188747	5
1113437	0	520325	1
1113437	0	5328098	5
1113437	0	5346404	1
1113437	0	5514586	4
1113437	0	5546288	3
1113437	0	5546289	2
1113437	0	5938418	2
1113437	0	5938425	5
1113437	0	5996691	1
1113437	0	5996693	1
1113437	0	6021898	2
1113437	0	6021902	2
1113437	0	6174328	5
1113437	0	6302495	0
1113437	0	631949	5
1113437	0	6455610	5
1113437	0	6486041	4
1113437	0	6593846	0
1113437	0	6597538	0
1113437	0	7377275	1
1113437	0	7377277	4
1113437	0	7385219	2
1113437	0	7385222	4
1113437	0	742037	5
1113437	0	742040	0
1113437	0	742044	5
1113437	0	7618564	1
1113437	0	8128790	4
1113437	0	8128793	1
1113437	0	8128794	5
1113437	0	8128796	4
1113437	0	8128798	3
1113437	0	8162984	1
1113437	0	8729219	2
1114646	0	1884059	0
1114646	0	2201127	1
1114646	0	2647994	5
1114646	0	266552	2
1114646	0	2911039	4
1114646	0	2911040	3
1114646	0	2931848	2
1114646	0	3056368	2
1114646	0	4332918	1
1114646	0	444374	5
1114646	0	444375	1
1114646	0	444377	3
1114646	0	444380	5
1114646	0	444382	2
1114646	0	5279567	5
1114646	0	5417949	4
1114646	0	5417952	2
1114646	0	5417953	2
1114646	0	5417954	4
1114646	0	5569142	5
1114646	0	5640859	4
1114646	0	579554	0
1114646	0	5959593	1
1114646	0	6704400	3
1114646	0	6704401	2
1114646	0	6711103	4
1114646	0	687064	2
1114646	0	7196961	3
1114646	0	771368	1
1114646	0	7984234	0
1114646	0	8117087	0
1114646	0	8117089	5
1114646	0	8117090	5
1114646	0	8117091	5
1114646	0	8117092	2
1114646	0	8117093	4
1114646	0	8117094	2
1114646	0	8117096	5
1114646	0	8665820	1
1114819	0	1248112	1
1114819	0	1302004	2
1114819	0	1315993	3
1114819	0	1315994	3
1114819	0	1315995	1
1114819	0	1315996	1
1114819	0	1315998	2
1114819	0	1625836	3
1114819	0	1724520	5
1114819	0	1724525	1
1114819	0	1724528	0
1114819	0	1738242	2
1114819	0	1738250	2
1114819	0	2136434	0
1114819	0	344350	2
1114819	0	3484458	4
1114819	0	3781418	5
1114819	0	3906954	2
1114819	0	3906959	5
1114819	0	4890560	5
1114819	0	5165249	0
1114819	0	534362	4
1114819	0	5521371	4
1114819	0	5521373	4
1114819	0	5628952	2
1114819	0	6900766	5
1114819	0	6900774	5
1114819	0	6941478	5
1114819	0	694737	1
1114819	0	785027	5
1114819	0	8022276	5
1114819	0	8022277	0
1114819	0	8022280	5
1114819	0	8115435	2
1114819	0	8115439	4
1114819	0	8115440	2
1114819	0	8336229	3
1114819	0	8336230	1
1114819	0	8508263	1
1114819	0	8625086	4
1114819	0	8754397	2
1114819	0	8754398	0
1114819	0	8754404	3
1114819	0	988370	4
1114819	0	988373	5
1114819	0	988376	2
1115776	0	1551024	2
1115776	0	1729576	1
1115776	0	2052730	1
1115776	0	2364285	1
1115776	0	3081626	2
1115776	0	3344355	3
1115776	0	3469357	5
1115776	0	4131485	0
1115776	0	4314169	4
1115776	0	4314170	2
1115776	0	4314171	0
1115776	0	4314172	2
1115776	0	4314173	5
1115776	0	4314174	4
1115776	0	4314175	5
1115776	0	4314176	5
1115776	0	4314178	2
1115776	0	4487937	0
1115776	0	5264931	2
1115776	0	5599692	4
1115776	0	5605159	4
1115776	0	5950738	2
1115776	0	600966	0
1115776	0	6989198	3
1115776	0	8106317	5
1115776	0	8106318	1
1115776	0	8106320	1
1115776	0	8106321	5
1115776	0	8106322	4
1115776	0	8106323	3
1115776	0	8106324	5
1115776	0	8495250	2
1115776	0	8673352	5
1117099	0	1068642	1
1117099	0	1123496	0
1117099	0	1389420	1
1117099	0	1445087	0
1117099	0	1798612	3
1117099	0	1798620	3
1117099	0	2715359	3
1117099	0	3104260	1
1117099	0	3349612	4
1117099	0	3522902	2
1117099	0	3543106	4
1117099	0	4131489	1
1117099	0	4441325	2
1117099	0	4458509	5
1117099	0	4458512	2
1117099	0	4573811	3
1117099	0	514314	4
1117099	0	5286535	5
1117099	0	5286538	4
1117099	0	5286539	4
1117099	0	6122720	5
1117099	0	6122721	0
1117099	0	6122722	5
1117099	0	6122723	2
1117099	0	6534818	4
1117099	0	6993942	2
1117099	0	714808	5
1117099	0	7163733	2
1117099	0	7407593	0
1117099	0	8019446	2
1117099	0	8093931	2
1117099	0	8093932	2
1117099	0	8093934	5
1117099	0	8446501	5
1117099	0	8446504	1
1117099	0	8446505	5
1117099	0	8446506	1
1117099	0	8838111	5
1121402	0	182366	1
1121402	0	182368	3
1121402	0	182369	5
1121402	0	182370	0
1121402	0	182372	5
1121402	0	182373	2
1121402	0	188211	2
1121402	0	188213	5
1121402	0	188214	5
1121402	0	188217	0
1121402	0	188218	2
1121402	0	3511789	4
1121402	0	3785308	0
1121402	0	3785309	2
1121402	0	4293064	2
1121402	0	5189913	5
1121402	0	7125980	5
1121402	0	7125981	5
1121402	0	7125983	4
1121402	0	7125987	1
1121402	0	7142994	3
1121402	0	8052617	1
1121402	0	8052620	2
1121402	0	8052621	4
1121402	0	8052622	1
1121402	0	8052623	3
1121402	0	8052624	2
1121402	0	8089444	4
1121709	0	1112487	0
1121709	0	1114393	1
1121709	0	1392360	1
1121709	0	1640511	1
1121709	0	16845	2
1121709	0	2051808	1
1121709	0	2517708	2
1121709	0	2615981	2
1121709	0	2662730	4
1121709	0	2851223	3
1121709	0	3030903	1
1121709	0	3064096	2
1121709	0	3381112	2
1121709	0	3423059	4
1121709	0	3423060	5
1121709	0	3423061	5
1121709	0	3423062	5
1121709	0	3423063	3
1121709	0	3423064	5
1121709	0	3423065	5
1121709	0	3423066	4
1121709	0	3423067	5
1121709	0	3446958	2
1121709	0	3552218	2
1121709	0	3691568	2
1121709	0	3833130	1
1121709	0	3875032	1
1121709	0	402054	0
1121709	0	4580131	1
1121709	0	4580133	2
1121709	0	4644464	0
1121709	0	4836900	2
1121709	0	5014378	5
1121709	0	511306	4
1121709	0	5264299	4
1121709	0	6007524	3
1121709	0	6600	4
1121709	0	6630430	3
1121709	0	669004	2
1121709	0	701349	1
1121709	0	7209949	2
1121709	0	7565881	2
1121709	0	8049577	4
1121709	0	8049578	5
1121709	0	8049579	5
1121709	0	8049580	5
1121709	0	8049582	5
1121709	0	8049583	5
1121709	0	8049584	5
1121709	0	8049585	5
1121709	0	8049586	3
1121709	0	8283424	3
1121709	0	8297863	0
1121709	0	8500135	2
1121709	0	862855	0
1121709	0	88402	0
1121709	0	950984	4
1124210	0	131190	1
1124210	0	1383617	2
1124210	0	1383624	4
1124210	0	1689639	5
1124210	0	1702009	3
1124210	0	181177	2
1124210	0	2070515	3
1124210	0	2089544	1
1124210	0	2258591	5
1124210	0	2258592	5
1124210	0	2258593	1
1124210	0	2258594	4
1124210	0	2258595	2
1124210	0	2258596	5
1124210	0	2258597	5
1124210	0	2433601	4
1124210	0	2433604	5
1124210	0	2461683	2
1124210	0	2494574	5
1124210	0	2494577	2
1124210	0	2650269	5
1124210	0	2685123	0
1124210	0	2728448	5
1124210	0	2753148	1
1124210	0	3162331	2
1124210	0	3289568	4
1124210	0	3466956	2
1124210	0	3517427	1
1124210	0	3520550	5
1124210	0	3520553	2
1124210	0	3546600	3
1124210	0	3573857	1
1124210	0	3680798	2
1124210	0	3680800	2
1124210	0	3680801	2
1124210	0	3680802	0
1124210	0	3859923	1
1124210	0	3937735	4
1124210	0	3944481	1
1124210	0	4074146	0
1124210	0	4074149	0
1124210	0	4425464	3
1124210	0	4648414	5
1124210	0	475041	3
1124210	0	4794725	2
1124210	0	4942992	0
1124210	0	4957842	2
1124210	0	4958358	4
1124210	0	5032711	5
1124210	0	5039696	3
1124210	0	5056100	1
1124210	0	5281846	2
1124210	0	546158	4
1124210	0	555792	5
1124210	0	5587711	5
1124210	0	5664148	1
1124210	0	5940134	0
1124210	0	5941717	0
1124210	0	607910	2
1124210	0	6146809	4
1124210	0	6233255	1
1124210	0	6255796	5
1124210	0	6498977	2
1124210	0	6541864	2
1124210	0	6541868	2
1124210	0	6814012	2
1124210	0	6814015	3
1124210	0	6814017	1
1124210	0	6992534	1
1124210	0	7203360	5
1124210	0	7205919	2
1124210	0	7205920	3
1124210	0	7224102	5
1124210	0	7234570	0
1124210	0	7278463	0
1124210	0	7443583	2
1124210	0	7443586	5
1124210	0	7695217	5
1124210	0	7756779	0
1124210	0	7806221	2
1124210	0	7806222	4
1124210	0	7851118	2
1124210	0	8026735	5
1124210	0	8026737	5
1124210	0	8026740	3
1124210	0	8026743	4
1124210	0	8087702	3
1124210	0	8355477	4
1124210	0	8492305	4
1124210	0	8547690	4
1124210	0	8650642	4
1124210	0	8802909	5
1124210	0	92049	1
1124210	0	931165	5
1129237	0	128982	5
1129237	0	128984	2
1129237	0	128989	5
1129237	0	1721142	2
1129237	0	2152821	1
1129237	0	2697746	5
1129237	0	2697752	5
1129237	0	3131122	2
1129237	0	3683096	0
1129237	0	3905055	0
1129237	0	3905057	5
1129237	0	3905802	5
1129237	0	4254811	5
1129237	0	4254815	4
1129237	0	4254816	1
1129237	0	4884964	0
1129237	0	5619502	2
1129237	0	5627214	0
1129237	0	5906130	4
1129237	0	6080460	3
1129237	0	6343520	3
1129237	0	7874566	2
1129237	0	7911557	4
1129237	0	806652	2
1129237	0	8203445	4
1129237	0	8450766	3
1129237	0	8588122	1
1129237	0	8588219	5
1129237	0	8588222	1
1129237	0	8588226	1
1129237	0	8588227	2
1129237	0	8682824	4
1129237	0	998748	3
1129237	0	998751	2
1133167	0	1379370	2
1133167	0	1824479	2
1133167	0	1824480	4
1133167	0	1824484	4
1133167	0	1824485	5
1133167	0	1824486	0
1133167	0	1824488	5
1133167	0	1883272	5
1133167	0	1883273	1
1133167	0	1883281	2
1133167	0	190803	3
1133167	0	190804	4
1133167	0	190806	5
1133167	0	190809	1
1133167	0	2010281	1
1133167	0	2276678	4
1133167	0	3023120	5
1133167	0	3023123	1
1133167	0	3074599	5
1133167	0	3355083	4
1133167	0	3421898	4
1133167	0	3421900	2
1133167	0	3421903	0
1133167	0	3421906	1
1133167	0	3953805	2
1133167	0	434120	3
1133167	0	434121	4
1133167	0	434124	0
1133167	0	434125	3
1133167	0	4443370	1
1133167	0	4443375	2
1133167	0	4498474	2
1133167	0	4498479	5
1133167	0	4550240	5
1133167	0	4550244	5
1133167	0	4712273	0
1133167	0	4712279	2
1133167	0	4922619	5
1133167	0	4926197	4
1133167	0	4926204	1
1133167	0	4973626	5
1133167	0	563738	2
1133167	0	5674622	3
1133167	0	5674623	0
1133167	0	5787117	2
1133167	0	6112586	3
1133167	0	6112587	5
1133167	0	6112590	5
1133167	0	6112592	1
1133167	0	6257038	5
1133167	0	6467518	5
1133167	0	6467522	2
1133167	0	6467523	0
1133167	0	6467524	0
1133167	0	7093509	2
1133167	0	7218012	1
1133167	0	7793408	2
1133167	0	7793409	5
1133167	0	8033644	2
1133167	0	8033645	2
1133167	0	8033650	4
1133167	0	8160224	4
1133167	0	8160230	1
1133167	0	8160241	3
1133167	0	8160243	2
1133167	0	823274	2
1133167	0	823275	1
1133167	0	8255705	3
1133167	0	8255706	5
130510	0	1110766	1
130510	0	1494930	2
130510	0	1494932	4
130510	0	1494934	5
130510	0	1494935	1
130510	0	1494936	3
130510	0	1494938	4
130510	0	1494939	5
130510	0	1972336	4
130510	0	203718	2
130510	0	2982053	2
130510	0	3155839	0
130510	0	3913773	3
130510	0	3913778	2
130510	0	4722583	0
130510	0	5148418	1
130510	0	5732822	2
130510	0	6835270	0
130510	0	7125238	2
130510	0	7125239	2
130510	0	7125241	4
130510	0	7501557	2
130510	0	7501558	5
130510	0	7501563	4
130510	0	799647	5
130510	0	8354778	0
130510	0	8612902	4
130510	0	8612903	5
130510	0	8612904	2
130510	0	8612905	1
130510	0	8612906	5
130510	0	8612909	5
130510	0	8612910	5
130510	0	996732	1
130510	0	996740	3
131843	0	2041693	5
131843	0	31718	4
131843	0	3432705	3
131843	0	348760	3
131843	0	3841396	2
131843	0	3937054	2
131843	0	4136087	0
131843	0	4338356	2
131843	0	4806979	0
131843	0	5715075	0
131843	0	6121785	1
131843	0	6629203	1
131843	0	6863389	2
131843	0	8305151	2
131843	0	8305152	5
131843	0	8305153	5
131843	0	8305154	5
131843	0	8305155	5
131843	0	8305156	5
131843	0	8305158	5
131843	0	8456964	2
131843	0	8456965	1
131843	0	8456967	0
131843	0	8456970	3
131843	0	8710812	3
131843	0	8710813	2
131843	0	935618	1
131843	0	935619	4
131843	0	935621	1
131843	0	935626	1
131843	0	985988	2
131843	0	985989	4
131843	0	985990	2
131843	0	985991	5
131843	0	985992	4
131843	0	985994	5
131843	0	985995	4
146187	0	2226093	1
146187	0	3615731	0
146187	0	4214925	1
146187	0	4741857	3
146187	0	4777144	4
146187	0	6015025	2
146187	0	6015026	2
146187	0	6430258	0
146187	0	744165	4
146187	0	744167	2
146187	0	76348	1
146187	0	8434617	2
146187	0	8434618	3
146187	0	8434619	5
146187	0	8434620	2
146187	0	8434621	4
146187	0	8434622	0
146187	0	8434623	5
146187	0	8434624	5
146187	0	8434625	5
146187	0	8434626	5
148538	0	1299824	2
148538	0	1311206	2
148538	0	1311209	5
148538	0	1384447	3
148538	0	1384448	1
148538	0	1828171	1
148538	0	1950974	2
148538	0	1950976	2
148538	0	1950979	0
148538	0	1950983	2
148538	0	1969519	0
148538	0	1969521	2
148538	0	1985491	3
148538	0	2033800	5
148538	0	208314	0
148538	0	231453	5
148538	0	231455	5
148538	0	2455774	4
148538	0	2455775	0
148538	0	2915327	4
148538	0	332400	4
148538	0	332401	1
148538	0	3353306	3
148538	0	3557943	5
148538	0	3918785	2
148538	0	398535	1
148538	0	4185812	2
148538	0	4264129	2
148538	0	4447598	0
148538	0	4447601	5
148538	0	4539654	5
148538	0	4539657	3
148538	0	4607263	2
148538	0	4959638	1
148538	0	5077704	4
148538	0	5077707	1
148538	0	5077709	5
148538	0	5171603	4
148538	0	615407	1
148538	0	6697437	4
148538	0	6846343	2
148538	0	6894608	2
148538	0	7407803	5
148538	0	7407812	4
148538	0	8283527	0
148538	0	8283530	2
148538	0	8283531	5
148538	0	8283532	5
148538	0	985488	3
148538	0	985490	5
148538	0	985491	5
148538	0	985494	3
156493	0	1034435	0
156493	0	1171595	3
156493	0	1277723	5
156493	0	1277725	2
156493	0	1277727	2
156493	0	1960255	5
156493	0	1960257	5
156493	0	1960259	2
156493	0	1960260	2
156493	0	2259183	1
156493	0	2317807	2
156493	0	2411918	5
156493	0	2598786	4
156493	0	2598787	1
156493	0	2612490	4
156493	0	2612491	5
156493	0	2612492	1
156493	0	2612493	4
156493	0	2717163	3
156493	0	2928702	2
156493	0	2928707	5
156493	0	2949801	2
156493	0	2949802	3
156493	0	3288595	0
156493	0	3288596	1
156493	0	3288597	5
156493	0	3288598	1
156493	0	3288600	4
156493	0	3288601	2
156493	0	3288603	1
156493	0	349638	0
156493	0	3603920	3
156493	0	4527706	2
156493	0	4583221	2
156493	0	5479187	0
156493	0	5530082	4
156493	0	6139382	1
156493	0	6139386	5
156493	0	6524746	2
156493	0	6775071	0
156493	0	7371077	2
156493	0	8182159	5
156493	0	8182160	1
156493	0	8182161	3
156493	0	8182162	5
156493	0	8182165	5
156493	0	8182166	3
156493	0	8273017	4
156493	0	8273019	4
156493	0	8393766	1
156493	0	8820526	5
156493	0	885944	5
156493	0	911790	0
156493	0	95512	4
156493	0	95514	2
156493	0	95517	4
156493	0	95518	2
156493	0	95521	5
168216	0	1183706	5
168216	0	1301465	5
168216	0	1301466	4
168216	0	1301467	5
168216	0	1301469	5
168216	0	1301471	2
168216	0	1301472	5
168216	0	1301474	4
168216	0	13499	2
168216	0	1381477	2
168216	0	1735358	0
168216	0	1735360	3
168216	0	1924796	1
168216	0	1924800	0
168216	0	2036279	2
168216	0	2069992	1
168216	0	2210775	4
168216	0	2210780	2
168216	0	2265769	2
168216	0	2659074	3
168216	0	2790904	2
168216	0	2806307	2
168216	0	290826	5
168216	0	3174840	1
168216	0	3198687	2
168216	0	3198689	3
168216	0	3344828	4
168216	0	3344837	2
168216	0	3399713	2
168216	0	3681095	5
168216	0	3830857	1
168216	0	3908773	5
168216	0	3908774	3
168216	0	3908776	4
168216	0	3908777	3
168216	0	4191395	2
168216	0	4324492	0
168216	0	4600607	3
168216	0	5024307	0
168216	0	5935476	2
168216	0	6061718	2
168216	0	6061722	1
168216	0	6213322	5
168216	0	6213325	2
168216	0	6264731	4
168216	0	6264733	1
168216	0	6282561	1
168216	0	6426632	4
168216	0	6426634	0
168216	0	6584042	0
168216	0	7337513	4
168216	0	7492753	5
168216	0	8185131	4
168216	0	8185135	5
168216	0	8185137	5
168216	0	8252763	5
168216	0	8639633	0
168216	0	8723467	1
168216	0	8731617	5
168216	0	8731621	5
168216	0	8731622	2
168216	0	8731623	4
168216	0	8731624	1
182539	0	1307235	5
182539	0	1638687	3
182539	0	1638689	1
182539	0	1638690	0
182539	0	1654895	4
182539	0	2092202	0
182539	0	2165968	5
182539	0	2909959	0
182539	0	2909960	3
182539	0	2909961	3
182539	0	3293878	3
182539	0	330179	4
182539	0	3389569	1
182539	0	3760957	1
182539	0	3883077	4
182539	0	3883081	5
182539	0	4448399	2
182539	0	4487755	1
182539	0	5567729	5
182539	0	5567732	0
182539	0	57443	5
182539	0	57444	3
182539	0	57447	5
182539	0	57448	2
182539	0	57449	5
182539	0	57452	2
182539	0	6097108	2
182539	0	6282909	2
182539	0	6783449	2
182539	0	6807900	1
182539	0	6816571	2
182539	0	6816572	2
182539	0	6816573	2
182539	0	6816576	3
182539	0	6980965	5
182539	0	7050579	4
182539	0	721170	4
182539	0	7371255	5
182539	0	7371257	5
182539	0	7371259	0
182539	0	7371261	2
182539	0	7371262	5
182539	0	7408022	1
182539	0	7527837	0
182539	0	7583024	5
182539	0	762792	2
182539	0	7690609	2
182539	0	7807063	4
182539	0	7883763	4
182539	0	8299659	4
182539	0	8299660	1
182539	0	8299668	2
182539	0	8515182	5
182539	0	8598792	2
182539	0	8757178	4
182539	0	8757179	1
182539	0	8757180	1
182539	0	8757181	5
182539	0	8757182	2
183378	0	1289489	5
183378	0	1289490	4
183378	0	1289492	4
183378	0	1289496	4
183378	0	1289497	5
183378	0	2089154	1
183378	0	2493332	1
183378	0	2533260	0
183378	0	3093215	1
183378	0	3185611	4
183378	0	4493914	3
183378	0	4493915	2
183378	0	4493916	1
183378	0	4493920	1
183378	0	4493921	2
183378	0	4803847	3
183378	0	4803848	5
183378	0	4803850	2
183378	0	4856305	4
183378	0	5534703	0
183378	0	5534707	5
183378	0	5534711	1
183378	0	5817927	2
183378	0	7398706	3
183378	0	7449744	5
183378	0	7449748	5
183378	0	7449752	5
183378	0	7677975	2
183378	0	7952865	3
183378	0	8121380	2
183378	0	8570256	0
183378	0	8570257	5
183378	0	8570258	5
183378	0	8577215	2
183378	0	8794302	0
183378	0	8794304	2
183378	0	8794308	2
19335	0	1143050	3
19335	0	1389478	4
19335	0	1389479	0
19335	0	1469573	5
19335	0	161606	2
19335	0	1717015	4
19335	0	1720387	4
19335	0	1720388	0
19335	0	1720389	3
19335	0	1720393	2
19335	0	1720394	5
19335	0	1720395	4
19335	0	1726	5
19335	0	1729	3
19335	0	1915754	2
19335	0	2020519	5
19335	0	2046505	1
19335	0	211275	2
19335	0	2250973	2
19335	0	2304005	2
19335	0	2437769	2
19335	0	2874497	3
19335	0	2874503	0
19335	0	3045567	4
19335	0	3175481	5
19335	0	3175484	5
19335	0	342431	5
19335	0	354219	3
19335	0	3615077	5
19335	0	3615079	4
19335	0	429851	2
19335	0	4480942	1
19335	0	4480943	2
19335	0	4480945	2
19335	0	478232	5
19335	0	4843828	5
19335	0	5078863	2
19335	0	527690	3
19335	0	527692	1
19335	0	527695	4
19335	0	527697	1
19335	0	5508122	3
19335	0	5732401	5
19335	0	584350	2
19335	0	6124004	0
19335	0	6294314	4
19335	0	6452949	5
19335	0	6510257	4
19335	0	6512137	2
19335	0	6512144	5
19335	0	6773977	1
19335	0	6902386	2
19335	0	6999135	0
19335	0	7042455	1
19335	0	7050803	2
19335	0	7122355	5
19335	0	7235457	0
19335	0	7267248	2
19335	0	7460273	4
19335	0	772225	1
19335	0	772234	3
19335	0	7856992	1
19335	0	8061829	4
19335	0	8151642	0
19335	0	8151650	1
19335	0	819168	2
19335	0	8412681	5
19335	0	8412682	5
19335	0	8412683	2
19335	0	8412684	0
19335	0	8412685	5
19335	0	8412687	5
19335	0	8635981	1
19335	0	8635984	5
19335	0	8786632	1
19335	0	93557	2
207786	0	1029962	5
207786	0	1392579	0
207786	0	1392585	2
207786	0	1667536	2
207786	0	2051020	4
207786	0	2763917	2
207786	0	2998723	2
207786	0	4218707	4
207786	0	4613065	2
207786	0	5175109	1
207786	0	6031630	5
207786	0	7510472	5
207786	0	7599318	0
207786	0	7639366	3
207786	0	7941579	3
207786	0	8185064	2
207786	0	8273754	5
207786	0	8273755	4
207786	0	8273757	0
207786	0	8273758	1
207786	0	8273759	1
207786	0	8273760	3
207786	0	8273761	5
207786	0	8273762	4
207786	0	8273763	5
207786	0	8367880	1
264014	0	1610706	4
264014	0	1610707	2
264014	0	1610711	0
264014	0	1610712	2
264014	0	1804644	2
264014	0	2223171	4
264014	0	2474346	2
264014	0	2572557	2
264014	0	2688537	1
264014	0	3338825	5
264014	0	3338827	3
264014	0	3338828	4
264014	0	3372501	1
264014	0	3396076	5
264014	0	3666584	3
264014	0	4239616	2
264014	0	447992	2
264014	0	4647186	4
264014	0	4687213	2
264014	0	4834547	5
264014	0	4834548	2
264014	0	528372	2
264014	0	528380	1
264014	0	5328095	3
264014	0	5611210	1
264014	0	5611219	1
264014	0	5635521	0
264014	0	5950718	1
264014	0	5950719	4
264014	0	5950721	5
264014	0	5950722	3
264014	0	5950723	1
264014	0	5950726	5
264014	0	6105566	2
264014	0	6105572	5
264014	0	6555322	5
264014	0	6641238	5
264014	0	6791760	4
264014	0	684616	2
264014	0	7326934	0
264014	0	8012101	3
264014	0	935825	5
264014	0	96851	5
264014	0	96852	0
264014	0	96854	0
264014	0	96855	5
264014	0	96857	5
264014	0	96858	4
359349	0	1394087	4
359349	0	15800	2
359349	0	1830517	1
359349	0	2293820	3
359349	0	2826510	5
359349	0	2826512	0
359349	0	3193824	5
359349	0	3223831	4
359349	0	3223833	5
359349	0	3900185	1
359349	0	4013723	0
359349	0	4020470	3
359349	0	4020477	2
359349	0	4463573	2
359349	0	457673	2
359349	0	5219977	0
359349	0	5615181	1
359349	0	576628	4
359349	0	576629	1
359349	0	6108721	4
359349	0	68647	3
359349	0	68648	5
359349	0	68649	5
359349	0	68653	2
359349	0	8058873	2
359349	0	943229	5
405717	0	1589738	2
405717	0	1849743	4
405717	0	1984962	4
405717	0	2125641	3
405717	0	2365659	2
405717	0	2365660	0
405717	0	2365661	5
405717	0	2365664	0
405717	0	2365665	2
405717	0	2514107	4
405717	0	2642838	5
405717	0	2702419	5
405717	0	2702423	4
405717	0	273851	3
405717	0	2747484	1
405717	0	2747485	2
405717	0	2747488	2
405717	0	2747492	2
405717	0	2879960	1
405717	0	3033900	4
405717	0	3274915	3
405717	0	3274918	1
405717	0	3803378	2
405717	0	3986303	0
405717	0	4432155	0
405717	0	4704973	1
405717	0	4704975	5
405717	0	4704978	3
405717	0	4828118	1
405717	0	5079482	4
405717	0	5274649	2
405717	0	5428443	4
405717	0	5638740	0
405717	0	576346	1
405717	0	6426483	2
405717	0	6442862	2
405717	0	6654653	5
405717	0	6654655	0
405717	0	6678050	5
405717	0	702391	5
405717	0	7170626	5
405717	0	7170630	5
405717	0	7288990	5
405717	0	7288996	5
405717	0	7447941	2
405717	0	7447943	2
405717	0	758582	1
405717	0	758586	5
405717	0	7728831	5
405717	0	7896211	2
405717	0	7965240	1
405717	0	8156519	4
405717	0	8433852	4
405717	0	8433854	3
405717	0	8433858	2
443396	0	1055834	5
443396	0	1305463	2
443396	0	1360104	0
443396	0	1465664	4
443396	0	1465667	5
443396	0	1525423	1
443396	0	1843486	0
443396	0	1852807	2
443396	0	1852813	0
443396	0	2007121	2
443396	0	2138579	1
443396	0	2143845	2
443396	0	2143847	4
443396	0	2143849	3
443396	0	215693	4
443396	0	2373504	2
443396	0	2490482	2
443396	0	2490486	5
443396	0	3007982	5
443396	0	3103988	3
443396	0	3103995	5
443396	0	3118073	1
443396	0	3256974	5
443396	0	3299623	2
443396	0	3323246	3
443396	0	3440850	5
443396	0	3526411	1
443396	0	355277	0
443396	0	3599520	2
443396	0	3617225	2
443396	0	368001	2
443396	0	3721948	5
443396	0	4041361	1
443396	0	4052112	5
443396	0	4052116	5
443396	0	4052118	4
443396	0	4052120	2
443396	0	415545	2
443396	0	4205261	4
443396	0	4205264	4
443396	0	4236355	2
443396	0	4271045	1
443396	0	4511531	4
443396	0	4526741	5
443396	0	4526744	3
443396	0	4526747	2
443396	0	453706	3
443396	0	456708	3
443396	0	456710	0
443396	0	458179	0
443396	0	4638554	1
443396	0	4676619	2
443396	0	4774806	4
443396	0	4792649	3
443396	0	4792650	4
443396	0	4792652	5
443396	0	4792653	4
443396	0	4792654	4
443396	0	4792655	4
443396	0	483935	1
443396	0	4896251	1
443396	0	4935430	1
443396	0	5048838	5
443396	0	5048839	1
443396	0	5053511	5
443396	0	5065439	2
443396	0	5644797	1
443396	0	6953654	2
443396	0	6974032	2
443396	0	7251120	0
443396	0	7422742	3
443396	0	7620278	0
443396	0	7620279	2
443396	0	8079039	5
443396	0	8079040	2
443396	0	8079043	5
443396	0	8079046	4
443396	0	8171402	3
443396	0	8188606	0
443396	0	8329279	2
443396	0	8348187	1
443396	0	8536118	5
443396	0	8536121	5
443396	0	8536122	5
443396	0	8536123	5
443396	0	8793491	5
451602	0	1094138	2
451602	0	127537	1
451602	0	1277289	1
451602	0	1277290	5
451602	0	1277293	0
451602	0	1302756	0
451602	0	1314129	0
451602	0	1626653	2
451602	0	1897982	2
451602	0	2176450	5
451602	0	2176453	4
451602	0	2176454	5
451602	0	2176455	2
451602	0	2176458	5
451602	0	2176459	5
451602	0	2244882	1
451602	0	2312864	5
451602	0	2618829	1
451602	0	2922145	3
451602	0	3090666	1
451602	0	3177691	4
451602	0	3177699	0
451602	0	3790251	5
451602	0	4176454	5
451602	0	4345752	4
451602	0	4453605	3
451602	0	4453608	2
451602	0	4874640	1
451602	0	4874641	2
451602	0	5000376	0
451602	0	5179251	5
451602	0	5475308	3
451602	0	5538936	2
451602	0	5538937	3
451602	0	5538938	5
451602	0	5538942	4
451602	0	5655693	4
451602	0	6286975	5
451602	0	6286977	4
451602	0	6286980	2
451602	0	6286981	1
451602	0	654120	0
451602	0	6719255	4
451602	0	7800959	4
451602	0	7804169	3
451602	0	7804170	5
451602	0	8019873	2
451602	0	8033470	5
451602	0	8214452	3
451602	0	8383461	1
451602	0	8390518	5
451602	0	8390525	4
451602	0	8540470	1
451602	0	8540473	2
451602	0	8621776	2
451602	0	8621784	2
451602	0	8787234	2
451602	0	998695	2
47923	0	1681332	4
47923	0	1681334	4
47923	0	1681336	5
47923	0	1681338	4
47923	0	1681339	3
47923	0	1868437	0
47923	0	3348834	4
47923	0	3348838	2
47923	0	3986046	1
47923	0	4297620	5
47923	0	473809	2
47923	0	5032362	5
47923	0	5147527	2
47923	0	5417580	0
47923	0	5417582	5
47923	0	618556	1
47923	0	6191	5
47923	0	6241147	3
47923	0	6241148	1
47923	0	6241150	5
47923	0	6241151	5
47923	0	6241152	2
47923	0	6241153	0
47923	0	6241154	1
47923	0	6643066	2
47923	0	6919836	2
47923	0	8348762	2
47923	0	8418681	4
47923	0	8418683	5
47923	0	8418686	2
47923	0	8641104	3
47923	0	8641106	0
47923	0	8641107	4
47923	0	913042	2
47923	0	986177	1
489204	0	1038489	4
489204	0	1051492	5
489204	0	1051494	5
489204	0	1051498	0
489204	0	113238	2
489204	0	1225589	2
489204	0	1225591	4
489204	0	1228655	4
489204	0	1231677	3
489204	0	1276947	2
489204	0	1310106	0
489204	0	1310107	0
489204	0	1310108	5
489204	0	1360627	1
489204	0	136257	1
489204	0	1430550	5
489204	0	1479542	3
489204	0	152948	4
489204	0	152954	4
489204	0	1538587	4
489204	0	1759354	2
489204	0	1777014	5
489204	0	1778458	5
489204	0	185678	5
489204	0	1950269	3
489204	0	2053095	0
489204	0	2163701	4
489204	0	216490	2
489204	0	216492	2
489204	0	2268651	3
489204	0	2268652	1
489204	0	2268657	2
489204	0	3438216	5
489204	0	35919	2
489204	0	3623668	4
489204	0	3728445	4
489204	0	385083	2
489204	0	3980126	5
489204	0	4088951	2
489204	0	4387756	1
489204	0	4586570	5
489204	0	46493	5
489204	0	4890939	1
489204	0	4917998	4
489204	0	4918005	2
489204	0	4927308	5
489204	0	5005765	5
489204	0	533017	1
489204	0	5519177	0
489204	0	5541650	5
489204	0	5583224	1
489204	0	5629373	4
489204	0	5815957	2
489204	0	5842847	1
489204	0	5842850	5
489204	0	5895917	5
489204	0	6084785	2
489204	0	6087666	3
489204	0	6087671	3
489204	0	6327174	1
489204	0	6327175	3
489204	0	6327177	5
489204	0	6327181	2
489204	0	6343845	5
489204	0	6536367	2
489204	0	6542578	4
489204	0	6581771	0
489204	0	6652052	2
489204	0	6665319	0
489204	0	678245	1
489204	0	6816322	2
489204	0	6894988	2
489204	0	7113153	2
489204	0	7116533	5
489204	0	753265	4
489204	0	7564977	2
489204	0	7564980	2
489204	0	7923800	0
489204	0	8054792	1
489204	0	8376905	2
489204	0	8376910	1
489204	0	8463820	5
489204	0	8463823	5
489204	0	852250	0
489204	0	852257	2
489204	0	855963	1
489204	0	855972	4
489204	0	8585816	1
489204	0	8594271	4
489204	0	8594272	3
489204	0	8594280	2
489204	0	872467	3
489204	0	872470	5
489204	0	8737051	5
489204	0	8737053	2
489204	0	8781574	5
489204	0	8781577	0
489204	0	890797	1
489204	0	973923	3
490595	0	1160847	1
490595	0	1288938	3
490595	0	1652460	2
490595	0	1929910	5
490595	0	1929911	4
490595	0	3572695	1
490595	0	3833407	0
490595	0	3937196	0
490595	0	3937197	2
490595	0	3937200	2
490595	0	3937203	1
490595	0	4082315	3
490595	0	4737059	2
490595	0	4737060	5
490595	0	4737061	4
490595	0	4737063	4
490595	0	4737064	4
490595	0	4737065	2
490595	0	4737066	5
490595	0	4737067	2
490595	0	4842889	3
490595	0	4842890	4
490595	0	4842891	5
490595	0	4842897	2
490595	0	5112294	1
490595	0	5247992	2
490595	0	5247999	5
490595	0	549465	5
490595	0	6045591	1
490595	0	6066626	2
490595	0	6742119	0
490595	0	7839904	0
490595	0	7839906	3
490595	0	805046	5
490595	0	805048	2
490595	0	805051	5
490595	0	8485139	5
490595	0	8485141	4
490595	0	903932	1
527433	0	1187918	5
527433	0	1217016	5
527433	0	1251475	2
527433	0	1379236	5
527433	0	1379237	3
527433	0	1379240	5
527433	0	1379245	2
527433	0	1511548	5
527433	0	1664518	5
527433	0	1664523	2
527433	0	1993691	2
527433	0	1993699	0
527433	0	2045580	4
527433	0	2331989	4
527433	0	2496224	5
527433	0	2565413	1
527433	0	269422	0
527433	0	269423	0
527433	0	269425	2
527433	0	269426	1
527433	0	269428	4
527433	0	269430	1
527433	0	2722036	2
527433	0	3093197	5
527433	0	3294599	2
527433	0	3425595	4
527433	0	3786813	2
527433	0	3835729	4
527433	0	3835731	5
527433	0	3835732	5
527433	0	3835736	3
527433	0	4046876	3
527433	0	4064455	0
527433	0	4351170	1
527433	0	4402992	2
527433	0	467601	5
527433	0	4903731	1
527433	0	4958697	4
527433	0	5466807	5
527433	0	5466810	2
527433	0	547444	2
527433	0	5603301	1
527433	0	5629888	2
527433	0	5672164	5
527433	0	5672170	2
527433	0	5690943	0
527433	0	6015377	3
527433	0	6038397	4
527433	0	6065675	4
527433	0	6186391	1
527433	0	6186393	1
527433	0	6215001	3
527433	0	6215002	3
527433	0	6398041	4
527433	0	6667279	0
527433	0	729489	1
527433	0	7357591	4
527433	0	7607669	5
527433	0	7799466	5
527433	0	8306449	1
527433	0	8306450	2
527433	0	8306451	0
527433	0	8322920	2
527433	0	8617271	5
527433	0	8617273	4
527433	0	8617274	3
527433	0	8617276	1
527433	0	8827925	5
527433	0	8827928	2
527433	0	975967	2
573724	0	1165129	5
573724	0	1509940	0
573724	0	1509942	3
573724	0	162151	4
573724	0	1816038	5
573724	0	2133806	3
573724	0	2417985	2
573724	0	2635262	4
573724	0	3146236	0
573724	0	3146238	1
573724	0	3365631	0
573724	0	3365633	4
573724	0	3365636	2
573724	0	3365638	5
573724	0	394136	4
573724	0	394139	0
573724	0	394142	2
573724	0	4017883	2
573724	0	5047796	2
573724	0	5310530	1
573724	0	5339620	5
573724	0	5721829	5
573724	0	6776717	4
573724	0	7104825	3
573724	0	7104826	1
573724	0	7199669	5
573724	0	7199673	1
573724	0	7384325	1
573724	0	7384332	4
573724	0	7609927	2
573724	0	7674859	5
573724	0	8441642	2
573724	0	87405	2
573724	0	8833192	5
573724	0	8833194	2
833860	0	115142	2
833860	0	1400521	1
833860	0	1524402	0
833860	0	1524406	4
833860	0	1579406	0
833860	0	1889863	5
833860	0	2022688	2
833860	0	2188108	1
833860	0	2206194	5
833860	0	2206195	5
833860	0	2206196	4
833860	0	2206197	3
833860	0	2206198	2
833860	0	2206200	3
833860	0	2386361	2
833860	0	2654110	2
833860	0	2702357	3
833860	0	3087481	2
833860	0	3337877	1
833860	0	3421947	1
833860	0	3437281	5
833860	0	3437284	5
833860	0	3437285	3
833860	0	3437286	3
833860	0	3437288	5
833860	0	3437289	2
833860	0	3437290	5
833860	0	3924121	5
833860	0	4086002	1
833860	0	4431446	2
833860	0	4565899	4
833860	0	4881965	0
833860	0	4983652	0
833860	0	5012386	0
833860	0	5167510	5
833860	0	5167512	2
833860	0	5167513	5
833860	0	5167518	4
833860	0	5652528	1
833860	0	5832657	5
833860	0	6209174	5
833860	0	6211801	1
833860	0	6218032	5
833860	0	6230220	4
833860	0	6230221	4
833860	0	6230222	4
833860	0	6230223	3
833860	0	6230225	5
833860	0	6230226	3
833860	0	6230227	5
833860	0	6230228	2
833860	0	6230229	4
833860	0	6297606	0
833860	0	6621549	1
833860	0	6875877	2
833860	0	7038170	4
833860	0	7140183	0
833860	0	7435480	1
833860	0	756921	2
833860	0	7706738	2
833860	0	771855	1
833860	0	8344031	2
833860	0	8683095	2
833860	0	8833502	2
833860	0	8833504	4
833860	0	8833506	2
833860	0	8833509	5
855410	0	103039	4
855410	0	1047903	2
855410	0	1094091	2
855410	0	1147809	5
855410	0	1147810	0
855410	0	1147811	4
855410	0	1186979	5
855410	0	133350	2
855410	0	1394855	5
855410	0	1441918	2
855410	0	1599285	3
855410	0	1685597	3
855410	0	1824277	2
855410	0	1824278	1
855410	0	1947769	0
855410	0	2117094	0
855410	0	212609	1
855410	0	2273664	2
855410	0	2350118	2
855410	0	2402680	1
855410	0	2499355	4
855410	0	2506511	0
855410	0	2890365	3
855410	0	2969826	2
855410	0	3530756	4
855410	0	3530757	5
855410	0	3530758	5
855410	0	3530762	5
855410	0	369516	4
855410	0	3723410	1
855410	0	3723411	4
855410	0	3723413	4
855410	0	3723415	2
855410	0	3920974	4
855410	0	3946561	1
855410	0	4084193	2
855410	0	4406031	3
855410	0	4616842	5
855410	0	4636144	1
855410	0	4708041	5
855410	0	4708042	5
855410	0	4708045	5
855410	0	4708046	5
855410	0	4708047	4
855410	0	4733967	2
855410	0	4980050	4
855410	0	5053555	0
855410	0	5053561	0
855410	0	5095701	5
855410	0	5095702	5
855410	0	5239970	2
855410	0	5465915	4
855410	0	5608554	2
855410	0	5723210	5
855410	0	5799774	5
855410	0	5962462	1
855410	0	6257436	1
855410	0	6385718	2
855410	0	6385724	3
855410	0	6481239	4
855410	0	6481240	2
855410	0	6522121	0
855410	0	6615899	1
855410	0	6647485	2
855410	0	681984	2
855410	0	681987	1
855410	0	681993	4
855410	0	7031506	0
855410	0	7099015	2
855410	0	71807	5
855410	0	7210777	2
855410	0	722968	1
855410	0	7340395	3
855410	0	7380061	2
855410	0	7548527	1
855410	0	7747483	1
855410	0	8157623	3
855410	0	8157624	5
855410	0	8157632	3
855410	0	8271172	2
855410	0	8543392	1
855410	0	862689	2
855410	0	862695	3
855410	0	8645167	0
855410	0	8651770	5
855410	0	8651771	5
855410	0	8651772	4
855410	0	8651773	5
855410	0	8651775	5
855410	0	8651776	5
855410	0	8651778	5
855410	0	8663507	2
855410	0	8671032	5
855410	0	8671033	2
855410	0	8720966	4
855410	0	8776516	5
855410	0	8776519	2
855410	0	8776520	2
855410	0	8792394	0
855410	0	884430	0
855410	0	889438	3
855410	0	902854	3
855410	0	936546	5
855410	0	944479	1
87181	0	1179100	3
87181	0	123547	4
87181	0	1950526	3
87181	0	1950532	5
87181	0	2530227	2
87181	0	2986227	5
87181	0	3216315	1
87181	0	3216319	4
87181	0	4190143	5
87181	0	4689523	2
87181	0	4689525	2
87181	0	47210	1
87181	0	4786305	4
87181	0	5103077	0
87181	0	5197130	3
87181	0	5197135	0
87181	0	5469038	1
87181	0	5497677	1
87181	0	6484575	5
87181	0	6484576	4
87181	0	6484578	2
87181	0	6521366	5
87181	0	6685092	4
87181	0	742425	2
87181	0	7666831	0
87181	0	8151926	0
87181	0	8332546	5
87181	0	8332547	5
87181	0	8332550	5
87181	0	8332555	1
87181	0	8499367	2
87181	0	8534129	1
87181	0	8534130	2
87181	0	8534134	3
87181	0	8565420	2
87181	0	8683178	2
87181	0	8683185	5
87452	0	1395625	3
87452	0	1395631	1
87452	0	1598547	1
87452	0	1749882	0
87452	0	186931	2
87452	0	186939	2
87452	0	2624886	5
87452	0	3242437	5
87452	0	4008486	5
87452	0	4634899	1
87452	0	4866237	4
87452	0	4872055	3
87452	0	4993648	4
87452	0	5180105	4
87452	0	5286924	5
87452	0	5296736	4
87452	0	5751686	0
87452	0	5851090	2
87452	0	5851095	3
87452	0	6018160	5
87452	0	6018162	5
87452	0	6018163	3
87452	0	6018164	1
87452	0	6018165	0
87452	0	6018166	2
87452	0	6018168	5
87452	0	7843984	1
87452	0	7965004	2
87452	0	7965005	2
87452	0	7965007	5
87452	0	7965008	0
87452	0	7965010	2
87452	0	8055167	4
87452	0	8152220	2
87452	0	8152222	1
87452	0	8213478	5
87452	0	8333912	0
87452	0	8333916	5
87452	0	8333917	5
87452	0	8333918	0
87452	0	8333919	2
87452	0	8333920	2
87452	0	8333921	4
87452	0	8436571	2
87452	0	8436578	1
87452	0	8436579	2
87452	0	861789	5
87452	0	8680815	5
87452	0	8819111	3
87452	0	8819112	4
87452	0	8819113	2
87452	0	8819116	3
915593	0	1396701	1
915593	0	1772930	2
915593	0	1972028	2
915593	0	2210592	1
915593	0	2210593	2
915593	0	275726	0
915593	0	2923496	4
915593	0	2923497	4
915593	0	3485338	2
915593	0	3523599	0
915593	0	3538160	5
915593	0	3538161	5
915593	0	3538163	4
915593	0	3538164	4
915593	0	3538166	2
915593	0	3538168	3
915593	0	4566816	1
915593	0	4566818	5
915593	0	4566819	1
915593	0	4566822	5
915593	0	4834226	3
915593	0	4998398	2
915593	0	5774009	4
915593	0	5931262	4
915593	0	5931266	0
915593	0	5931268	0
915593	0	5931269	1
915593	0	6181638	1
915593	0	6761341	1
915593	0	6761344	3
915593	0	6923052	2
915593	0	7709320	4
915593	0	7861749	2
915593	0	7861755	5
915593	0	8002855	2
915593	0	8029524	5
915593	0	8029525	2
915593	0	8029527	0
915593	0	8029531	1
915593	0	8029533	5
915593	0	8103065	2
915593	0	8103067	2
915593	0	8178996	5
915593	0	8178998	3
915593	0	82105	2
915593	0	82106	5
915593	0	82107	5
915593	0	82108	5
915593	0	82110	4
915593	0	82113	3
915593	0	8402969	0
915593	0	8402970	2
915593	0	8402971	5
915593	0	8402972	5
915593	0	8455304	4
962179	0	1645080	2
962179	0	1645086	1
962179	0	1645087	0
962179	0	2329697	2
962179	0	2329699	5
962179	0	2329701	4
962179	0	2978864	5
962179	0	2978866	5
962179	0	2978870	2
962179	0	302861	1
962179	0	3705165	4
962179	0	3896632	3
962179	0	4257873	3
962179	0	4309122	0
962179	0	4511499	5
962179	0	4511501	4
962179	0	4511503	3
962179	0	4511504	2
962179	0	4606386	5
962179	0	4606387	2
962179	0	534563	1
962179	0	536176	5
962179	0	5427063	3
962179	0	5653652	1
962179	0	5653659	5
962179	0	5773189	1
962179	0	5919340	4
962179	0	5919342	5
962179	0	6675259	1
962179	0	6898289	2
962179	0	6980697	4
962179	0	8689054	0
962179	0	8689056	0
962179	0	8689057	2
962179	0	8785367	4
962179	0	8785369	2
962179	0	8785371	5
962179	0	8785374	2
