1037798	0	1513331	0
1037798	0	1721695	0
1037798	0	2032698	0
1037798	0	2140944	0
1037798	0	2157450	0
1037798	0	2258762	1
1037798	0	2258763	0
1037798	0	2258765	0
1037798	0	2360245	0
1037798	0	2360247	0
1037798	0	2360251	0
1037798	0	2360252	0
1037798	0	2371320	2
1037798	0	2475414	0
1037798	0	2589019	2
1037798	0	2608688	2
1037798	0	2698086	2
1037798	0	2781960	1
1037798	0	2781962	0
1037798	0	2781965	2
1037798	0	2781966	2
1037798	0	2787508	1
1037798	0	2868737	0
1037798	0	2914156	1
1037798	0	2970891	0
1037798	0	2970892	0
1037798	0	2970895	0
1037798	0	2970896	0
1037798	0	2970897	0
1037798	0	3055262	2
1037798	0	3187018	0
1037798	0	3247266	1
1037798	0	3310851	0
1037798	0	3310854	0
1037798	0	3310855	0
1037798	0	3520700	0
1037798	0	3620983	3
1037798	0	3620986	3
1037798	0	3620991	2
1037798	0	3641634	3
1037798	0	3679721	0
1037798	0	3805294	1
1037798	0	3881172	0
1037798	0	3914692	0
1037798	0	3926211	0
1037798	0	4055260	2
1037798	0	4114353	0
1037798	0	4227882	1
1037798	0	4452513	0
1037798	0	4468467	2
1037798	0	46336	2
1037798	0	4763648	0
1037798	0	4788864	1
1037798	0	4818124	2
1037798	0	4818129	2
1037798	0	4948777	0
1037798	0	4974552	2
1037798	0	5006521	2
1037798	0	5099520	1
1037798	0	5338404	1
1037798	0	5385710	0
1037798	0	6202756	0
1037798	0	6202758	0
1037798	0	6709846	0
1037798	0	6792680	0
1037798	0	6792681	0
1037798	0	6792682	0
1037798	0	6792683	0
1037798	0	6792684	1
1037798	0	6792687	2
1037798	0	6966724	0
1037798	0	7208741	2
1037798	0	7505181	0
1037798	0	7604812	0
1037798	0	7822415	3
1037798	0	7827292	0
1037798	0	7827293	0
1037798	0	7943228	1
1037798	0	7961603	2
1037798	0	8208397	2
1037798	0	8224670	2
1037798	0	8362738	1
1037798	0	8398820	0
1037798	0	8537479	2
1037798	0	8735281	0
1037798	0	8760864	1
1037798	0	8760866	3
1037798	0	8760867	2
1037798	0	8760868	2
1037798	0	8760870	2
1037798	0	8760871	3
1037798	0	8760873	1
1037798	0	8780801	0
1037798	0	8780802	0
1037798	0	8780804	0
1037798	0	8780806	0
1037798	0	8780808	0
1037798	0	8780809	0
1037798	0	8780810	0
1037798	0	994978	2
104861	0	1017092	3
104861	0	1046334	3
104861	0	1046339	3
104861	0	1055594	2
104861	0	1304632	3
104861	0	1313687	3
104861	0	146170	3
104861	0	146174	3
104861	0	1567102	3
104861	0	1675509	2
104861	0	1767224	2
104861	0	1773805	3
104861	0	1773807	3
104861	0	1811410	3
104861	0	1948963	3
104861	0	2202682	3
104861	0	2285415	2
104861	0	2294849	3
104861	0	2377050	3
104861	0	2916631	2
104861	0	3009632	2
104861	0	335342	2
104861	0	3443173	3
104861	0	3443176	3
104861	0	3471756	2
104861	0	3925933	3
104861	0	4017854	3
104861	0	4017855	3
104861	0	4017856	3
104861	0	4017858	2
104861	0	4199743	3
104861	0	4223386	2
104861	0	4230213	2
104861	0	4350439	2
104861	0	459675	3
104861	0	459676	2
104861	0	5138467	3
104861	0	5138468	3
104861	0	5138469	2
104861	0	5138471	3
104861	0	5138472	3
104861	0	5138473	3
104861	0	5138474	2
104861	0	5138476	3
104861	0	5150431	2
104861	0	5248341	3
104861	0	5248342	3
104861	0	5340890	2
104861	0	5340891	2
104861	0	5347273	3
104861	0	5394110	2
104861	0	5394112	2
104861	0	5438821	1
104861	0	5483490	2
104861	0	5667475	3
104861	0	5688415	3
104861	0	5688416	3
104861	0	5688417	3
104861	0	5688418	3
104861	0	5688421	2
104861	0	5703400	3
104861	0	5703401	3
104861	0	5776561	1
104861	0	5801822	3
104861	0	5836442	3
104861	0	599604	3
104861	0	6056676	3
104861	0	6187055	3
104861	0	6187057	3
104861	0	6187058	2
104861	0	6241793	2
104861	0	629270	3
104861	0	629273	2
104861	0	629274	3
104861	0	629276	3
104861	0	629277	3
104861	0	629278	3
104861	0	6351571	3
104861	0	6467577	3
104861	0	6467578	3
104861	0	6467579	3
104861	0	6467580	3
104861	0	6467581	3
104861	0	6585554	3
104861	0	6653674	3
104861	0	6653675	2
104861	0	6653677	3
104861	0	6653678	3
104861	0	6653679	3
104861	0	6658615	2
104861	0	6704672	3
104861	0	6904992	3
104861	0	6904999	2
104861	0	7034375	2
104861	0	715676	2
104861	0	7204477	2
104861	0	7462393	2
104861	0	8069848	2
104861	0	8297146	2
104861	0	8495099	3
1063750	0	1074552	2
1063750	0	1098173	2
1063750	0	1098174	1
1063750	0	1098175	1
1063750	0	118643	2
1063750	0	12266	2
1063750	0	1580962	2
1063750	0	1580964	1
1063750	0	1866482	2
1063750	0	1866486	3
1063750	0	1923499	2
1063750	0	1923500	2
1063750	0	1923506	3
1063750	0	2220585	2
1063750	0	2230089	3
1063750	0	2230090	2
1063750	0	2230091	2
1063750	0	2230095	2
1063750	0	2391460	2
1063750	0	2470328	2
1063750	0	2569813	2
1063750	0	2569816	2
1063750	0	2768117	3
1063750	0	2768123	3
1063750	0	2784782	2
1063750	0	2784784	2
1063750	0	2997842	1
1063750	0	309313	2
1063750	0	3259889	2
1063750	0	3259892	2
1063750	0	330159	2
1063750	0	330165	2
1063750	0	3327045	2
1063750	0	3327046	2
1063750	0	3327047	2
1063750	0	3327048	1
1063750	0	3327050	2
1063750	0	3327052	2
1063750	0	3477418	2
1063750	0	3633198	0
1063750	0	3654234	2
1063750	0	3965092	2
1063750	0	3973418	2
1063750	0	3973423	2
1063750	0	4158202	2
1063750	0	4158205	2
1063750	0	4337526	3
1063750	0	4337527	3
1063750	0	4337528	2
1063750	0	4337530	2
1063750	0	4337532	3
1063750	0	4487118	2
1063750	0	4559130	2
1063750	0	4588654	2
1063750	0	4718161	3
1063750	0	4788295	2
1063750	0	4795722	1
1063750	0	4795723	2
1063750	0	4802036	2
1063750	0	4834969	2
1063750	0	4834974	2
1063750	0	4844348	0
1063750	0	5237507	2
1063750	0	5412858	2
1063750	0	5442711	3
1063750	0	5590581	2
1063750	0	5956099	3
1063750	0	5956102	2
1063750	0	5956106	2
1063750	0	6127389	3
1063750	0	6347205	2
1063750	0	7146781	2
1063750	0	7247264	2
1063750	0	7304887	1
1063750	0	7571423	3
1063750	0	7571424	2
1063750	0	7571428	2
1063750	0	7778354	2
1063750	0	7781459	1
1063750	0	7781460	2
1063750	0	7837936	3
1063750	0	7837937	2
1063750	0	7837938	2
1063750	0	7952964	2
1063750	0	7952965	2
1063750	0	7952966	2
1063750	0	7952967	2
1063750	0	7952971	3
1063750	0	8170640	3
1063750	0	819283	2
1063750	0	819284	2
1063750	0	8239876	2
1063750	0	8239877	3
1063750	0	8384971	2
1063750	0	8384979	2
1063750	0	8640242	2
1063750	0	8722081	2
1063750	0	8821734	3
1063750	0	8821735	3
1063750	0	8821736	2
1103812	0	1214791	0
1103812	0	1294072	0
1103812	0	1434482	0
1103812	0	1614303	2
1103812	0	2060346	1
1103812	0	2332189	3
1103812	0	2473598	1
1103812	0	2535841	1
1103812	0	2541847	0
1103812	0	2581166	0
1103812	0	2586283	1
1103812	0	2703108	1
1103812	0	2703114	1
1103812	0	2720842	0
1103812	0	2730105	0
1103812	0	2750961	2
1103812	0	2750965	2
1103812	0	2790080	1
1103812	0	292716	1
1103812	0	3122425	0
1103812	0	3131753	0
1103812	0	3529443	0
1103812	0	3564774	1
1103812	0	3591090	1
1103812	0	3591092	1
1103812	0	3591094	1
1103812	0	36163	1
1103812	0	3650015	0
1103812	0	3672737	0
1103812	0	3672738	0
1103812	0	3672744	1
1103812	0	3843263	1
1103812	0	3843266	1
1103812	0	3843267	2
1103812	0	3843270	2
1103812	0	3843271	1
1103812	0	3940091	2
1103812	0	3990418	0
1103812	0	4044288	0
1103812	0	4044289	1
1103812	0	4191304	1
1103812	0	4322057	0
1103812	0	4322058	1
1103812	0	4331707	1
1103812	0	4444626	0
1103812	0	4492200	0
1103812	0	4584679	0
1103812	0	4657154	0
1103812	0	4824831	1
1103812	0	4824833	0
1103812	0	4963038	0
1103812	0	4991318	0
1103812	0	5062706	1
1103812	0	5190505	1
1103812	0	5201198	0
1103812	0	5372063	1
1103812	0	5372066	1
1103812	0	5372067	1
1103812	0	5449649	0
1103812	0	5823139	0
1103812	0	5974245	0
1103812	0	5976811	0
1103812	0	6103245	0
1103812	0	6127923	0
1103812	0	6141957	1
1103812	0	621213	0
1103812	0	645467	0
1103812	0	6569474	0
1103812	0	6604321	0
1103812	0	6604326	0
1103812	0	6799729	1
1103812	0	6924733	0
1103812	0	6939499	0
1103812	0	711271	0
1103812	0	7231343	0
1103812	0	7242599	1
1103812	0	7280671	2
1103812	0	7280672	1
1103812	0	7293191	0
1103812	0	7491609	1
1103812	0	7753287	0
1103812	0	7760621	1
1103812	0	7965773	0
1103812	0	8084238	1
1103812	0	8157968	2
1103812	0	8220081	2
1103812	0	8220085	3
1103812	0	8220086	3
1103812	0	8220087	2
1103812	0	8220088	3
1103812	0	8220089	2
1103812	0	8224175	1
1103812	0	8224183	2
1103812	0	8402961	0
1103812	0	865879	1
1103812	0	868008	1
1103812	0	8755009	0
1103812	0	8789820	0
1103812	0	896505	0
1103812	0	961775	0
1106007	0	1266234	2
1106007	0	1294320	3
1106007	0	1334328	3
1106007	0	1334330	3
1106007	0	1334331	3
1106007	0	1334334	3
1106007	0	1334335	3
1106007	0	1334336	3
1106007	0	1560243	3
1106007	0	1700769	2
1106007	0	1892454	2
1106007	0	2186171	3
1106007	0	2384065	2
1106007	0	2464373	2
1106007	0	2464374	2
1106007	0	2464375	3
1106007	0	2464376	2
1106007	0	2464378	2
1106007	0	2464379	3
1106007	0	2513606	3
1106007	0	2513608	2
1106007	0	2513609	2
1106007	0	2672601	3
1106007	0	2672608	3
1106007	0	2777111	3
1106007	0	2798876	2
1106007	0	2866627	3
1106007	0	2866630	3
1106007	0	2866634	3
1106007	0	2960558	3
1106007	0	2960561	3
1106007	0	2960563	3
1106007	0	2960564	3
1106007	0	2960566	3
1106007	0	3058529	2
1106007	0	3058967	2
1106007	0	3184240	3
1106007	0	3390428	3
1106007	0	3530025	2
1106007	0	3537611	2
1106007	0	3759894	2
1106007	0	3859263	2
1106007	0	4004169	2
1106007	0	4004170	3
1106007	0	4004173	2
1106007	0	4173707	2
1106007	0	4173709	3
1106007	0	4173712	3
1106007	0	420111	1
1106007	0	4781863	2
1106007	0	4781867	2
1106007	0	4912192	2
1106007	0	5204536	3
1106007	0	5204537	3
1106007	0	5204538	3
1106007	0	5204539	3
1106007	0	5204540	3
1106007	0	5204544	3
1106007	0	5279697	2
1106007	0	5279699	2
1106007	0	5279702	2
1106007	0	5279704	2
1106007	0	5311662	2
1106007	0	550999	3
1106007	0	551007	2
1106007	0	5571602	2
1106007	0	5571606	2
1106007	0	5774818	3
1106007	0	5780388	3
1106007	0	600704	2
1106007	0	6182968	3
1106007	0	6282108	2
1106007	0	6282110	2
1106007	0	6963994	3
1106007	0	701605	2
1106007	0	7211746	2
1106007	0	746358	3
1106007	0	7685380	3
1106007	0	7685381	3
1106007	0	7685382	2
1106007	0	7685383	3
1106007	0	7685384	3
1106007	0	7685385	3
1106007	0	7685386	3
1106007	0	7685387	2
1106007	0	7685388	3
1106007	0	8141089	2
1106007	0	8199519	3
1106007	0	8199521	3
1106007	0	8204457	3
1106007	0	832999	2
1106007	0	8398353	2
1106007	0	8521668	3
1106007	0	8521673	3
1106007	0	8521674	2
1106007	0	899461	2
1106007	0	899465	2
1106007	0	899467	2
1106007	0	899468	2
1106007	0	904504	2
1110199	0	1123090	2
1110199	0	1144986	1
1110199	0	1144987	1
1110199	0	1321205	1
1110199	0	1592475	1
1110199	0	1592477	1
1110199	0	1809288	1
1110199	0	1890810	0
1110199	0	1901876	2
1110199	0	1901877	2
1110199	0	1901878	3
1110199	0	1901879	2
1110199	0	1901881	2
1110199	0	1901882	3
1110199	0	2301113	1
1110199	0	2301115	2
1110199	0	2301117	1
1110199	0	2301118	1
1110199	0	239443	2
1110199	0	239444	2
1110199	0	2474406	2
1110199	0	2655843	2
1110199	0	2655848	2
1110199	0	2655849	2
1110199	0	2796204	1
1110199	0	2854609	1
1110199	0	2958762	1
1110199	0	3110637	2
1110199	0	313193	1
1110199	0	3135733	2
1110199	0	3230845	1
1110199	0	3270582	1
1110199	0	3270584	1
1110199	0	3272911	1
1110199	0	3272914	1
1110199	0	3515650	2
1110199	0	3519482	1
1110199	0	3838638	3
1110199	0	3838645	2
1110199	0	4057232	1
1110199	0	4489656	2
1110199	0	4496260	1
1110199	0	4504233	2
1110199	0	4511137	3
1110199	0	4511144	2
1110199	0	4558057	1
1110199	0	4588784	2
1110199	0	4624021	1
1110199	0	4674430	1
1110199	0	4800726	1
1110199	0	4800727	2
1110199	0	4800728	1
1110199	0	4800732	2
1110199	0	5049363	2
1110199	0	5074861	1
1110199	0	5172684	2
1110199	0	5387204	2
1110199	0	5387205	1
1110199	0	5479	1
1110199	0	5516092	1
1110199	0	5627957	2
1110199	0	5641717	2
1110199	0	5641718	1
1110199	0	5701621	1
1110199	0	5857920	2
1110199	0	5857921	2
1110199	0	5857923	2
1110199	0	5857924	1
1110199	0	5857925	2
1110199	0	5857927	1
1110199	0	6056861	2
1110199	0	618109	1
1110199	0	627298	1
1110199	0	6368887	2
1110199	0	6368891	2
1110199	0	6382102	1
1110199	0	6392463	2
1110199	0	6573362	1
1110199	0	6594551	1
1110199	0	6594555	1
1110199	0	712232	1
1110199	0	712235	2
1110199	0	7344200	1
1110199	0	7344201	2
1110199	0	7628033	1
1110199	0	7628037	2
1110199	0	7840255	1
1110199	0	789712	2
1110199	0	8160518	3
1110199	0	8160519	2
1110199	0	8160520	3
1110199	0	8160521	2
1110199	0	8160522	2
1110199	0	8160524	1
1110199	0	8160526	2
1110199	0	8160527	2
1110199	0	8404306	2
1110199	0	8404307	1
1110199	0	955120	1
1110199	0	986780	1
1112341	0	1087925	1
1112341	0	1087926	1
1112341	0	1087928	1
1112341	0	1253949	1
1112341	0	1288918	0
1112341	0	1373648	0
1112341	0	1450347	2
1112341	0	2095998	1
1112341	0	2173822	1
1112341	0	2517481	1
1112341	0	2596431	0
1112341	0	2596432	1
1112341	0	2694630	1
1112341	0	2694631	1
1112341	0	2694632	1
1112341	0	2694633	1
1112341	0	2694635	1
1112341	0	2694636	1
1112341	0	2735219	1
1112341	0	2835596	0
1112341	0	3118339	1
1112341	0	3118342	1
1112341	0	3252208	1
1112341	0	3274664	1
1112341	0	3291145	1
1112341	0	3291146	1
1112341	0	3291151	1
1112341	0	3408230	0
1112341	0	3493341	2
1112341	0	3519877	0
1112341	0	3524227	1
1112341	0	3666606	0
1112341	0	3795887	1
1112341	0	3795889	1
1112341	0	4022849	2
1112341	0	4390804	0
1112341	0	4461904	0
1112341	0	4703755	2
1112341	0	4704992	1
1112341	0	4833308	0
1112341	0	4833309	0
1112341	0	4833311	1
1112341	0	4833312	0
1112341	0	4977768	0
1112341	0	5043405	1
1112341	0	508019	1
1112341	0	508020	1
1112341	0	5133283	1
1112341	0	5133287	0
1112341	0	524251	1
1112341	0	5491786	1
1112341	0	550571	1
1112341	0	6164791	2
1112341	0	6227266	1
1112341	0	6303183	1
1112341	0	6311794	1
1112341	0	6311795	2
1112341	0	6311799	1
1112341	0	6311801	2
1112341	0	6339381	1
1112341	0	6459590	1
1112341	0	6478665	1
1112341	0	6715183	0
1112341	0	6715187	0
1112341	0	6726337	1
1112341	0	6726338	1
1112341	0	6726340	2
1112341	0	6726341	2
1112341	0	6726342	2
1112341	0	6726344	2
1112341	0	6726346	1
1112341	0	6873574	0
1112341	0	6947368	0
1112341	0	7079776	2
1112341	0	7615749	1
1112341	0	7708623	1
1112341	0	8134792	1
1112341	0	8139250	1
1112341	0	8139255	2
1112341	0	8139256	2
1112341	0	8139257	2
1112341	0	8139258	3
1112341	0	8326587	1
1112341	0	8326588	1
1112341	0	8337125	2
1112341	0	8337129	2
1112341	0	8442173	1
1112341	0	8442174	1
1112341	0	8442176	1
1112341	0	8442177	1
1112341	0	8442178	1
1112341	0	8442180	1
1112341	0	8606160	1
1112341	0	8606161	1
1112341	0	8651336	1
1112341	0	8700906	1
1112341	0	875123	1
1112341	0	8764445	0
1112341	0	90432	0
1112341	0	90433	0
1113437	0	1066538	2
1113437	0	1280567	0
1113437	0	1280568	3
1113437	0	1280569	2
1113437	0	1280571	0
1113437	0	1454814	3
1113437	0	1681785	2
1113437	0	1768727	3
1113437	0	1896939	2
1113437	0	1896943	3
1113437	0	2001933	3
1113437	0	2001934	3
1113437	0	2001936	3
1113437	0	2226349	3
1113437	0	2354941	2
1113437	0	2354947	3
1113437	0	2595622	1
1113437	0	2595628	1
1113437	0	3026984	2
1113437	0	3089474	2
1113437	0	3125154	3
1113437	0	3125155	2
1113437	0	3325381	2
1113437	0	3687620	2
1113437	0	3880944	3
1113437	0	4016930	2
1113437	0	4016933	2
1113437	0	4016934	2
1113437	0	4016937	2
1113437	0	4016938	2
1113437	0	4216336	1
1113437	0	4367832	3
1113437	0	4412234	2
1113437	0	4473156	3
1113437	0	4473157	3
1113437	0	4498867	2
1113437	0	4751835	3
1113437	0	4751839	2
1113437	0	4981632	1
1113437	0	5188747	2
1113437	0	520325	1
1113437	0	5514586	3
1113437	0	5514592	2
1113437	0	5514594	1
1113437	0	5546288	3
1113437	0	5591647	1
1113437	0	5863434	2
1113437	0	5938418	2
1113437	0	5938419	2
1113437	0	5938421	2
1113437	0	5938425	3
1113437	0	5996691	2
1113437	0	6021902	3
1113437	0	6148219	1
1113437	0	6174328	3
1113437	0	6174329	2
1113437	0	631946	1
1113437	0	631949	3
1113437	0	6593841	2
1113437	0	6593846	2
1113437	0	6597538	1
1113437	0	6688843	2
1113437	0	6688848	2
1113437	0	6792385	1
1113437	0	7263162	0
1113437	0	7263163	0
1113437	0	7377278	2
1113437	0	7385215	1
1113437	0	7385217	2
1113437	0	7385219	2
1113437	0	7385221	2
1113437	0	7385222	2
1113437	0	742037	3
1113437	0	742039	0
1113437	0	742044	3
1113437	0	7890527	1
1113437	0	8128790	3
1113437	0	8128792	2
1113437	0	8128793	2
1113437	0	8128794	3
1113437	0	8128795	2
1113437	0	8128796	3
1113437	0	8128798	2
1113437	0	8162984	2
1113437	0	8361680	1
1113437	0	8503446	2
1113437	0	8503447	2
1113437	0	8503449	1
1113437	0	8503450	2
1113437	0	8503451	1
1113437	0	8503452	1
1113437	0	8503453	2
1113437	0	8503455	1
1113437	0	8729210	1
1113437	0	8729212	2
1113437	0	8729214	1
1113437	0	8729215	1
1113437	0	8729216	2
1113437	0	8729218	2
1113437	0	8729219	3
1114646	0	1203975	0
1114646	0	1320853	0
1114646	0	1320856	0
1114646	0	1713662	0
1114646	0	1884059	2
1114646	0	1919864	0
1114646	0	2003060	0
1114646	0	2201127	2
1114646	0	2245935	0
1114646	0	2245938	0
1114646	0	2312898	0
1114646	0	238332	0
1114646	0	2524143	0
1114646	0	2647994	3
1114646	0	266552	2
1114646	0	2676807	2
1114646	0	2695584	0
1114646	0	288448	0
1114646	0	2911035	2
1114646	0	2911039	2
1114646	0	2911040	2
1114646	0	3056368	2
1114646	0	3184850	2
1114646	0	3184851	2
1114646	0	3249944	1
1114646	0	3467665	2
1114646	0	3480746	0
1114646	0	3480748	0
1114646	0	3996005	0
1114646	0	4145526	0
1114646	0	4329469	0
1114646	0	4332918	2
1114646	0	444374	3
1114646	0	444375	1
1114646	0	444377	2
1114646	0	444380	3
1114646	0	444382	0
1114646	0	4512955	0
1114646	0	4512958	0
1114646	0	4541939	1
1114646	0	4762665	0
1114646	0	4771285	1
1114646	0	4774522	0
1114646	0	482778	0
1114646	0	4919404	0
1114646	0	492400	0
1114646	0	4969553	0
1114646	0	5041692	2
1114646	0	5126393	0
1114646	0	5127880	0
1114646	0	5127884	0
1114646	0	5217702	2
1114646	0	5229617	2
1114646	0	5279567	3
1114646	0	529083	0
1114646	0	5376819	0
1114646	0	5417949	2
1114646	0	5417952	3
1114646	0	5417953	3
1114646	0	5417954	3
1114646	0	54346	0
1114646	0	5533216	0
1114646	0	5640856	2
1114646	0	5640859	3
1114646	0	5661838	2
1114646	0	579554	2
1114646	0	5836029	2
1114646	0	6124144	0
1114646	0	6124145	0
1114646	0	6124147	1
1114646	0	6348309	2
1114646	0	6704400	3
1114646	0	6704401	2
1114646	0	6711103	2
1114646	0	687064	3
1114646	0	6886644	0
1114646	0	7065010	2
1114646	0	7196956	2
1114646	0	7196961	2
1114646	0	771368	2
1114646	0	7726514	0
1114646	0	7762609	0
1114646	0	8117087	2
1114646	0	8117088	2
1114646	0	8117089	3
1114646	0	8117090	3
1114646	0	8117091	3
1114646	0	8117092	2
1114646	0	8117094	2
1114646	0	8117095	2
1114646	0	8117096	3
1114646	0	8327369	2
1114646	0	8329774	0
1114646	0	8363267	0
1114646	0	8363271	0
1114646	0	8385147	0
1114646	0	857788	2
1114646	0	857789	2
1114646	0	857796	0
1114646	0	8665820	2
1114819	0	1009500	2
1114819	0	1248112	3
1114819	0	1302004	3
1114819	0	1302007	3
1114819	0	1315993	3
1114819	0	1315994	3
1114819	0	1315995	3
1114819	0	1315996	3
1114819	0	1315998	3
1114819	0	1316000	2
1114819	0	1419798	2
1114819	0	1419801	2
1114819	0	1625836	3
1114819	0	1724520	3
1114819	0	1724525	3
1114819	0	1724526	2
1114819	0	1735443	2
1114819	0	1738242	3
1114819	0	1738243	2
1114819	0	1738250	3
1114819	0	1816958	1
1114819	0	1852066	2
1114819	0	2008577	2
1114819	0	2136434	3
1114819	0	2212059	2
1114819	0	2477692	3
1114819	0	2590453	2
1114819	0	2590454	3
1114819	0	2590455	2
1114819	0	2831393	2
1114819	0	2879085	2
1114819	0	344350	3
1114819	0	344351	2
1114819	0	3484458	3
1114819	0	3781418	3
1114819	0	3781422	1
1114819	0	3906952	2
1114819	0	3906954	3
1114819	0	3906959	3
1114819	0	4890560	3
1114819	0	5019832	2
1114819	0	5019839	2
1114819	0	5156171	2
1114819	0	5165249	3
1114819	0	534362	3
1114819	0	5521371	3
1114819	0	5521373	3
1114819	0	5628950	2
1114819	0	5628952	3
1114819	0	5628955	2
1114819	0	5718417	2
1114819	0	6202321	2
1114819	0	6820823	2
1114819	0	6900766	3
1114819	0	6900767	2
1114819	0	6900769	2
1114819	0	6900773	2
1114819	0	6900774	3
1114819	0	6941478	3
1114819	0	694735	2
1114819	0	694737	3
1114819	0	7132894	2
1114819	0	7132895	1
1114819	0	750446	1
1114819	0	7588045	3
1114819	0	7803435	3
1114819	0	785027	3
1114819	0	8022276	3
1114819	0	8022280	3
1114819	0	8024890	3
1114819	0	8027206	3
1114819	0	8088111	2
1114819	0	8096817	2
1114819	0	8096824	2
1114819	0	8115435	3
1114819	0	8115439	3
1114819	0	8115440	3
1114819	0	8115700	2
1114819	0	8115701	2
1114819	0	8115705	2
1114819	0	8336225	2
1114819	0	8336229	3
1114819	0	8336230	3
1114819	0	8336232	2
1114819	0	8480574	2
1114819	0	8508255	2
1114819	0	8508259	2
1114819	0	8508263	3
1114819	0	8579835	1
1114819	0	8625086	3
1114819	0	8736056	3
1114819	0	8754397	3
1114819	0	8754398	3
1114819	0	8754404	2
1114819	0	8768742	3
1114819	0	988370	3
1114819	0	988373	3
1114819	0	988374	2
1114819	0	988376	3
1114819	0	988378	2
1115776	0	1024554	1
1115776	0	1036904	1
1115776	0	1131734	0
1115776	0	1470410	0
1115776	0	1551024	0
1115776	0	1583930	0
1115776	0	1593001	0
1115776	0	1593006	1
1115776	0	1729572	1
1115776	0	1729576	1
1115776	0	1931035	0
1115776	0	2052727	1
1115776	0	2052728	1
1115776	0	2052730	1
1115776	0	2054815	0
1115776	0	2054819	1
1115776	0	2364285	2
1115776	0	2379497	1
1115776	0	2463576	0
1115776	0	2514462	0
1115776	0	266655	0
1115776	0	266658	1
1115776	0	266660	1
1115776	0	3344075	0
1115776	0	3411245	1
1115776	0	3469357	2
1115776	0	3626857	1
1115776	0	3626866	0
1115776	0	388122	0
1115776	0	3972605	0
1115776	0	3972606	0
1115776	0	4051141	0
1115776	0	4051145	1
1115776	0	4131485	1
1115776	0	4314169	2
1115776	0	4314171	1
1115776	0	4314172	2
1115776	0	4314174	2
1115776	0	4314175	2
1115776	0	4314176	2
1115776	0	4314178	1
1115776	0	4487937	1
1115776	0	4673198	0
1115776	0	4875857	0
1115776	0	4875858	1
1115776	0	492332	0
1115776	0	499309	0
1115776	0	5264931	2
1115776	0	5366585	0
1115776	0	5442399	0
1115776	0	5605159	2
1115776	0	5605160	1
1115776	0	5741317	0
1115776	0	5741321	1
1115776	0	5741322	0
1115776	0	5756364	0
1115776	0	5756367	0
1115776	0	5817439	0
1115776	0	5950738	1
1115776	0	5992104	0
1115776	0	6064471	0
1115776	0	622467	0
1115776	0	6318781	0
1115776	0	6326329	1
1115776	0	6564290	0
1115776	0	6564291	0
1115776	0	6692795	0
1115776	0	6718802	1
1115776	0	6934010	1
1115776	0	6973128	1
1115776	0	6973131	1
1115776	0	6989198	1
1115776	0	7015926	0
1115776	0	7140932	1
1115776	0	7183516	1
1115776	0	7271776	0
1115776	0	8099693	0
1115776	0	8099694	0
1115776	0	8099695	0
1115776	0	8099698	0
1115776	0	8106317	2
1115776	0	8106318	1
1115776	0	8106320	2
1115776	0	8106321	2
1115776	0	8106322	1
1115776	0	8106323	0
1115776	0	8106324	1
1115776	0	8108813	0
1115776	0	8177307	1
1115776	0	8177308	0
1115776	0	8177309	0
1115776	0	8177313	0
1115776	0	8382248	1
1115776	0	8417615	0
1115776	0	843572	0
1115776	0	8495250	1
1115776	0	8496317	0
1115776	0	8621766	1
1115776	0	8621772	1
1115776	0	900808	0
1117099	0	1123494	0
1117099	0	1123496	0
1117099	0	1252737	1
1117099	0	1389420	3
1117099	0	1445087	0
1117099	0	1542026	1
1117099	0	1798612	3
1117099	0	1798619	2
1117099	0	1798620	3
1117099	0	1986011	1
1117099	0	2109699	0
1117099	0	2128238	0
1117099	0	2128240	0
1117099	0	2157566	0
1117099	0	2867222	0
1117099	0	3019325	0
1117099	0	3104260	0
1117099	0	3104262	1
1117099	0	3104266	1
1117099	0	3128108	0
1117099	0	3128111	0
1117099	0	3128114	0
1117099	0	334615	2
1117099	0	3349612	3
1117099	0	3522902	1
1117099	0	3543106	3
1117099	0	3633442	0
1117099	0	375965	0
1117099	0	3921953	0
1117099	0	3973311	0
1117099	0	3973315	1
1117099	0	4268796	0
1117099	0	4268798	0
1117099	0	4441325	2
1117099	0	4458509	3
1117099	0	4458510	2
1117099	0	4458512	3
1117099	0	4759491	1
1117099	0	4759493	0
1117099	0	4759494	1
1117099	0	4759495	0
1117099	0	4759497	0
1117099	0	514309	1
1117099	0	514314	0
1117099	0	5149273	1
1117099	0	5258462	2
1117099	0	5286535	2
1117099	0	5286538	3
1117099	0	5286539	3
1117099	0	5377585	0
1117099	0	5699286	1
1117099	0	5752877	1
1117099	0	5795852	1
1117099	0	5817484	0
1117099	0	5874016	0
1117099	0	5874017	0
1117099	0	59312	0
1117099	0	5950904	0
1117099	0	5950907	0
1117099	0	5950908	0
1117099	0	5979210	1
1117099	0	5979211	0
1117099	0	6122720	3
1117099	0	6122721	2
1117099	0	6122722	3
1117099	0	6122723	3
1117099	0	6122724	2
1117099	0	6534818	2
1117099	0	6579664	1
1117099	0	6776508	0
1117099	0	6936935	0
1117099	0	6940557	0
1117099	0	6940558	0
1117099	0	6993942	2
1117099	0	700495	0
1117099	0	700497	0
1117099	0	7135561	1
1117099	0	714808	3
1117099	0	7313639	1
1117099	0	7313643	1
1117099	0	7408505	0
1117099	0	74528	0
1117099	0	7610604	0
1117099	0	8019446	0
1117099	0	8072928	0
1117099	0	8072932	0
1117099	0	8093927	1
1117099	0	8093931	2
1117099	0	8093932	3
1117099	0	8093933	1
1117099	0	8093934	3
1117099	0	8144478	0
1117099	0	8208315	2
1117099	0	8446501	3
1117099	0	8446502	2
1117099	0	8446504	2
1117099	0	8446505	3
1117099	0	8446506	2
1117099	0	8714082	2
1117099	0	8838111	2
1121402	0	1249687	2
1121402	0	1323047	1
1121402	0	1323048	1
1121402	0	1429447	1
1121402	0	1429448	1
1121402	0	182364	1
1121402	0	182365	2
1121402	0	182366	2
1121402	0	182367	2
1121402	0	182368	3
1121402	0	182369	3
1121402	0	182370	0
1121402	0	182371	2
1121402	0	182372	3
1121402	0	182373	0
1121402	0	188209	2
1121402	0	188210	2
1121402	0	188211	1
1121402	0	188213	2
1121402	0	188214	1
1121402	0	188215	1
1121402	0	188216	1
1121402	0	188217	1
1121402	0	188218	1
1121402	0	2042119	1
1121402	0	2070714	0
1121402	0	2070717	0
1121402	0	2191941	1
1121402	0	252277	1
1121402	0	2633464	2
1121402	0	2681041	1
1121402	0	2681042	1
1121402	0	2681043	1
1121402	0	2681045	2
1121402	0	2681046	0
1121402	0	2681048	1
1121402	0	3412904	1
1121402	0	3412909	2
1121402	0	3511789	2
1121402	0	3511795	1
1121402	0	3674181	0
1121402	0	3674187	1
1121402	0	3785307	1
1121402	0	3785308	2
1121402	0	3785309	1
1121402	0	3785310	1
1121402	0	4098073	1
1121402	0	4293064	0
1121402	0	43770	2
1121402	0	4449258	1
1121402	0	4449267	2
1121402	0	4486893	0
1121402	0	4616915	0
1121402	0	4620827	1
1121402	0	465101	0
1121402	0	465103	0
1121402	0	4893517	0
1121402	0	4893520	0
1121402	0	5048803	2
1121402	0	5103865	0
1121402	0	5189913	2
1121402	0	5189915	0
1121402	0	5189916	0
1121402	0	53696	0
1121402	0	5662150	0
1121402	0	6001847	2
1121402	0	7011506	2
1121402	0	7059621	1
1121402	0	7125978	1
1121402	0	7125980	2
1121402	0	7125981	3
1121402	0	7125982	2
1121402	0	7125983	2
1121402	0	7125985	1
1121402	0	7125987	2
1121402	0	7142994	2
1121402	0	7144703	0
1121402	0	7144705	0
1121402	0	7144708	0
1121402	0	7144709	0
1121402	0	7244820	0
1121402	0	7350653	0
1121402	0	7489485	1
1121402	0	7489487	1
1121402	0	7489488	0
1121402	0	7489490	0
1121402	0	7922814	0
1121402	0	8052617	2
1121402	0	8052619	2
1121402	0	8052620	3
1121402	0	8052621	2
1121402	0	8052622	2
1121402	0	8052623	2
1121402	0	8052624	2
1121402	0	8089444	2
1121402	0	8235730	2
1121402	0	8301689	0
1121402	0	8710743	0
1121402	0	8710746	0
1121402	0	8710749	0
1121709	0	1019579	0
1121709	0	1130925	0
1121709	0	1282652	0
1121709	0	1337300	0
1121709	0	1392335	0
1121709	0	1428558	0
1121709	0	1544063	0
1121709	0	1752809	0
1121709	0	1752813	1
1121709	0	181615	0
1121709	0	1937668	0
1121709	0	2051808	0
1121709	0	2254681	0
1121709	0	2450177	0
1121709	0	2678200	0
1121709	0	2706639	0
1121709	0	2706640	0
1121709	0	2706641	0
1121709	0	2706644	0
1121709	0	2706645	0
1121709	0	2706646	0
1121709	0	2736650	0
1121709	0	2862716	0
1121709	0	2862721	0
1121709	0	2909240	0
1121709	0	3093171	0
1121709	0	3151648	0
1121709	0	3158258	0
1121709	0	3165925	0
1121709	0	3239097	0
1121709	0	3310721	0
1121709	0	3423059	3
1121709	0	3423060	2
1121709	0	3423061	3
1121709	0	3423062	3
1121709	0	3423063	2
1121709	0	3423066	0
1121709	0	3423067	3
1121709	0	3445593	0
1121709	0	3593845	0
1121709	0	3631771	0
1121709	0	3632519	0
1121709	0	3734255	0
1121709	0	3861963	0
1121709	0	3891393	0
1121709	0	4156464	0
1121709	0	4205676	0
1121709	0	4463685	0
1121709	0	4507184	0
1121709	0	4566164	0
1121709	0	4832967	0
1121709	0	4884996	0
1121709	0	4928911	0
1121709	0	5101496	0
1121709	0	5198518	0
1121709	0	5266215	0
1121709	0	5719061	0
1121709	0	5719086	0
1121709	0	5777842	0
1121709	0	5781689	0
1121709	0	5829861	0
1121709	0	602393	0
1121709	0	6025896	0
1121709	0	6238758	0
1121709	0	6336517	0
1121709	0	6359259	0
1121709	0	6442070	0
1121709	0	6506760	0
1121709	0	6630430	0
1121709	0	700135	0
1121709	0	7050867	0
1121709	0	7313132	0
1121709	0	7397910	0
1121709	0	7473134	0
1121709	0	7473136	0
1121709	0	7473137	0
1121709	0	7473140	0
1121709	0	7656406	0
1121709	0	7741960	0
1121709	0	7783796	0
1121709	0	7996835	0
1121709	0	7996837	0
1121709	0	8024819	0
1121709	0	8049577	3
1121709	0	8049578	3
1121709	0	8049579	2
1121709	0	8049580	2
1121709	0	8049582	2
1121709	0	8049583	3
1121709	0	8049584	2
1121709	0	8049585	2
1121709	0	8049586	1
1121709	0	8392389	0
1121709	0	8621380	0
1121709	0	8655465	0
1121709	0	8655470	0
1121709	0	8784093	0
1121709	0	8798729	0
1121709	0	8811020	0
1121709	0	918204	1
1124210	0	1194682	0
1124210	0	131190	3
1124210	0	1362721	0
1124210	0	1383615	0
1124210	0	1383617	0
1124210	0	1383618	0
1124210	0	1383624	0
1124210	0	148318	0
1124210	0	1689639	3
1124210	0	1701417	0
1124210	0	1702008	0
1124210	0	181177	2
1124210	0	2070279	0
1124210	0	2200000	0
1124210	0	2200002	1
1124210	0	2258591	3
1124210	0	2258592	3
1124210	0	2258595	2
1124210	0	2258596	2
1124210	0	2303835	0
1124210	0	2303836	0
1124210	0	2303838	0
1124210	0	2494577	2
1124210	0	2632284	1
1124210	0	2728448	3
1124210	0	273566	0
1124210	0	3031380	0
1124210	0	3162331	2
1124210	0	3446170	0
1124210	0	3520552	0
1124210	0	3520553	0
1124210	0	3680798	0
1124210	0	3680799	0
1124210	0	3680800	0
1124210	0	3680801	0
1124210	0	3680802	0
1124210	0	3680805	0
1124210	0	371352	0
1124210	0	371357	0
1124210	0	3750823	0
1124210	0	3750824	0
1124210	0	3907021	1
1124210	0	4057442	0
1124210	0	4074148	0
1124210	0	4074149	1
1124210	0	4191083	0
1124210	0	4232134	1
1124210	0	4232139	1
1124210	0	4241350	0
1124210	0	4425464	0
1124210	0	475041	0
1124210	0	4794725	0
1124210	0	4794729	0
1124210	0	4840515	0
1124210	0	4957842	0
1124210	0	4958356	0
1124210	0	502337	0
1124210	0	5056100	0
1124210	0	5125015	0
1124210	0	5281849	0
1124210	0	5303910	0
1124210	0	5366909	0
1124210	0	5366913	0
1124210	0	546154	0
1124210	0	546155	0
1124210	0	546157	0
1124210	0	546158	0
1124210	0	5512675	0
1124210	0	5940130	0
1124210	0	5940134	0
1124210	0	607910	1
1124210	0	6172881	0
1124210	0	6213217	0
1124210	0	6263923	0
1124210	0	6552719	0
1124210	0	6704887	0
1124210	0	6992534	0
1124210	0	7205586	1
1124210	0	7205919	0
1124210	0	7205920	0
1124210	0	7205923	0
1124210	0	7208694	0
1124210	0	7229021	0
1124210	0	7234569	0
1124210	0	7278459	0
1124210	0	7278463	0
1124210	0	729893	0
1124210	0	7443586	3
1124210	0	7526587	0
1124210	0	7566672	0
1124210	0	7566674	1
1124210	0	7566675	0
1124210	0	7581155	1
1124210	0	7746535	0
1124210	0	7756780	0
1124210	0	7756781	0
1124210	0	7832730	0
1124210	0	7851118	0
1124210	0	8026737	3
1124210	0	841738	0
1129237	0	1080294	2
1129237	0	1160807	0
1129237	0	1169297	0
1129237	0	1169301	0
1129237	0	128982	3
1129237	0	128984	3
1129237	0	128989	3
1129237	0	1770027	0
1129237	0	1896189	1
1129237	0	1959030	0
1129237	0	2152821	2
1129237	0	2152828	0
1129237	0	2176863	0
1129237	0	2202086	0
1129237	0	2453794	2
1129237	0	2580204	1
1129237	0	2696926	2
1129237	0	2697746	2
1129237	0	2697752	3
1129237	0	2972916	0
1129237	0	3097761	1
1129237	0	3131122	3
1129237	0	3156016	0
1129237	0	321226	1
1129237	0	3247727	0
1129237	0	3285056	0
1129237	0	3352740	0
1129237	0	3456618	1
1129237	0	3641168	0
1129237	0	3683096	2
1129237	0	3905055	2
1129237	0	3905057	3
1129237	0	3905799	2
1129237	0	3905802	3
1129237	0	3932424	0
1129237	0	3950048	2
1129237	0	4141012	2
1129237	0	4254811	3
1129237	0	4254813	1
1129237	0	4254815	3
1129237	0	4254816	2
1129237	0	4449295	0
1129237	0	4569648	1
1129237	0	461835	1
1129237	0	4773351	1
1129237	0	4787274	0
1129237	0	483367	0
1129237	0	4915547	1
1129237	0	4924434	0
1129237	0	5032115	0
1129237	0	5619502	2
1129237	0	5627214	3
1129237	0	568162	0
1129237	0	5831781	1
1129237	0	5831788	2
1129237	0	5894033	0
1129237	0	5906130	3
1129237	0	5916672	0
1129237	0	6080460	2
1129237	0	6165827	1
1129237	0	6194649	1
1129237	0	6343520	2
1129237	0	6343521	2
1129237	0	6366866	0
1129237	0	6575091	0
1129237	0	6640165	1
1129237	0	6646337	0
1129237	0	6771711	2
1129237	0	6956014	2
1129237	0	7050921	2
1129237	0	7092638	0
1129237	0	7132886	0
1129237	0	7208025	0
1129237	0	7273363	0
1129237	0	7337950	0
1129237	0	7350325	0
1129237	0	7673289	0
1129237	0	767822	1
1129237	0	7688471	1
1129237	0	7874563	1
1129237	0	7874566	1
1129237	0	7911557	3
1129237	0	8033081	1
1129237	0	806652	2
1129237	0	824966	1
1129237	0	8450766	2
1129237	0	8469257	2
1129237	0	8588219	2
1129237	0	8588222	0
1129237	0	8588226	0
1129237	0	8588227	2
1129237	0	8596875	1
1129237	0	8658472	0
1129237	0	8682824	3
1129237	0	8712732	0
1129237	0	895802	0
1129237	0	931707	1
1129237	0	998747	1
1129237	0	998748	2
1129237	0	998751	3
1133167	0	1379370	2
1133167	0	1824479	3
1133167	0	1824480	3
1133167	0	1824481	2
1133167	0	1824484	2
1133167	0	1824485	3
1133167	0	1824486	3
1133167	0	1824487	3
1133167	0	1824488	3
1133167	0	1883272	3
1133167	0	1883273	3
1133167	0	1883276	3
1133167	0	1883280	2
1133167	0	1883281	3
1133167	0	190802	3
1133167	0	190803	3
1133167	0	190804	3
1133167	0	190805	3
1133167	0	190806	3
1133167	0	190808	3
1133167	0	190810	3
1133167	0	190811	3
1133167	0	2070087	2
1133167	0	2276678	3
1133167	0	2419498	2
1133167	0	2613291	2
1133167	0	2613296	3
1133167	0	3023120	3
1133167	0	3023123	3
1133167	0	3074599	3
1133167	0	3355083	2
1133167	0	3391439	3
1133167	0	3944276	3
1133167	0	3944277	2
1133167	0	3953805	3
1133167	0	3953807	2
1133167	0	434119	3
1133167	0	434120	3
1133167	0	434121	3
1133167	0	434123	3
1133167	0	434124	3
1133167	0	434125	3
1133167	0	434126	2
1133167	0	4443375	3
1133167	0	4498473	2
1133167	0	4498474	3
1133167	0	4498476	3
1133167	0	4498477	2
1133167	0	4498478	2
1133167	0	4498479	3
1133167	0	4550240	3
1133167	0	4550243	3
1133167	0	4550244	3
1133167	0	4712279	2
1133167	0	4922619	3
1133167	0	4926197	3
1133167	0	4973626	3
1133167	0	5674623	2
1133167	0	5787117	2
1133167	0	6112586	3
1133167	0	6112587	3
1133167	0	6112590	3
1133167	0	6142	2
1133167	0	6257034	2
1133167	0	6299572	3
1133167	0	6299576	2
1133167	0	6467517	3
1133167	0	6467518	3
1133167	0	6467523	3
1133167	0	6467524	3
1133167	0	7093509	3
1133167	0	7093510	3
1133167	0	7093511	3
1133167	0	7217705	2
1133167	0	7218012	3
1133167	0	7218015	3
1133167	0	7486594	2
1133167	0	7486602	3
1133167	0	7762240	3
1133167	0	7793408	3
1133167	0	7793411	3
1133167	0	8003301	2
1133167	0	8033644	2
1133167	0	8033645	3
1133167	0	8033647	3
1133167	0	8033648	3
1133167	0	8033650	3
1133167	0	8160224	3
1133167	0	8160241	3
1133167	0	8160243	3
1133167	0	823272	3
1133167	0	823274	3
1133167	0	823275	3
1133167	0	823277	3
1133167	0	823280	2
1133167	0	8250498	3
1133167	0	8255704	3
1133167	0	8255705	3
1133167	0	8255706	3
1133167	0	8415743	3
130510	0	1110766	2
130510	0	1159414	2
130510	0	1494930	2
130510	0	1494931	2
130510	0	1494932	2
130510	0	1494933	2
130510	0	1494935	2
130510	0	1494936	3
130510	0	1494938	3
130510	0	1494939	3
130510	0	179622	1
130510	0	179623	1
130510	0	1799013	1
130510	0	1972340	0
130510	0	2079377	1
130510	0	2346969	1
130510	0	2490145	1
130510	0	2490146	1
130510	0	2490150	1
130510	0	2490154	1
130510	0	2839082	0
130510	0	2862515	2
130510	0	2862518	2
130510	0	2862522	2
130510	0	2982053	3
130510	0	3163980	2
130510	0	3525026	0
130510	0	3913770	2
130510	0	3913772	0
130510	0	3913773	1
130510	0	3913774	0
130510	0	3913775	1
130510	0	3913776	0
130510	0	3913778	1
130510	0	3913779	0
130510	0	3995677	2
130510	0	4022904	2
130510	0	417583	1
130510	0	4189500	2
130510	0	4528804	1
130510	0	4528806	0
130510	0	4528807	1
130510	0	4528808	1
130510	0	4528809	0
130510	0	4528810	1
130510	0	4528811	0
130510	0	4528812	1
130510	0	4528813	1
130510	0	4804307	1
130510	0	5685704	1
130510	0	5685705	0
130510	0	5685706	1
130510	0	5685707	1
130510	0	5685708	1
130510	0	5685711	1
130510	0	5930009	1
130510	0	5930010	1
130510	0	5930011	1
130510	0	5930012	1
130510	0	5930013	1
130510	0	5930014	1
130510	0	5930018	0
130510	0	6035035	2
130510	0	6183638	2
130510	0	6229727	1
130510	0	6229732	0
130510	0	6229733	1
130510	0	6486232	2
130510	0	6575500	1
130510	0	6621100	2
130510	0	6677359	0
130510	0	6763277	2
130510	0	6815300	2
130510	0	6881818	1
130510	0	6881820	1
130510	0	7125239	2
130510	0	7203252	2
130510	0	7479905	2
130510	0	7501557	3
130510	0	7501558	3
130510	0	7501563	2
130510	0	7779650	0
130510	0	783657	1
130510	0	783658	1
130510	0	783662	0
130510	0	783664	1
130510	0	783665	0
130510	0	799647	3
130510	0	8083814	2
130510	0	8094068	0
130510	0	8514425	2
130510	0	8612902	3
130510	0	8612903	3
130510	0	8612904	2
130510	0	8612905	2
130510	0	8612906	3
130510	0	8612909	3
130510	0	8612910	3
130510	0	996732	2
130510	0	996740	2
131843	0	1019934	0
131843	0	1019935	0
131843	0	1019936	0
131843	0	1019938	0
131843	0	1101587	0
131843	0	1133058	0
131843	0	1222339	0
131843	0	1429616	0
131843	0	1597975	0
131843	0	1600913	0
131843	0	1621724	0
131843	0	1781040	0
131843	0	1830509	0
131843	0	1895120	0
131843	0	2103970	0
131843	0	2104933	0
131843	0	2126682	0
131843	0	2170725	0
131843	0	2286036	0
131843	0	2378491	0
131843	0	2526491	0
131843	0	2623607	0
131843	0	2623616	0
131843	0	2683747	1
131843	0	2914687	0
131843	0	31718	0
131843	0	3368900	0
131843	0	3432705	0
131843	0	352863	0
131843	0	3564032	0
131843	0	3841396	2
131843	0	3937054	0
131843	0	3937056	0
131843	0	4036688	0
131843	0	4036689	0
131843	0	4036690	0
131843	0	4036695	0
131843	0	4235202	0
131843	0	4235204	0
131843	0	4440568	0
131843	0	4440571	0
131843	0	4461384	0
131843	0	4695186	0
131843	0	5074688	0
131843	0	5124823	0
131843	0	5297238	0
131843	0	5319115	0
131843	0	5324710	0
131843	0	5325671	0
131843	0	5325672	0
131843	0	5325675	0
131843	0	5325677	0
131843	0	5685851	0
131843	0	6028399	0
131843	0	6028403	0
131843	0	6086584	0
131843	0	6086587	0
131843	0	6121785	0
131843	0	6121787	0
131843	0	6335670	0
131843	0	6487859	0
131843	0	6533880	0
131843	0	6779775	0
131843	0	7269086	0
131843	0	7269088	0
131843	0	7269089	0
131843	0	7269092	0
131843	0	7269095	0
131843	0	7759230	0
131843	0	7880471	0
131843	0	8305151	2
131843	0	8305152	3
131843	0	8305153	3
131843	0	8305154	3
131843	0	8305155	3
131843	0	8305156	3
131843	0	8305158	3
131843	0	8382296	0
131843	0	8456963	0
131843	0	8456964	0
131843	0	8456965	0
131843	0	8456966	0
131843	0	8456967	0
131843	0	8456970	0
131843	0	8573227	0
131843	0	8598786	0
131843	0	8598788	0
131843	0	8600961	0
131843	0	8690086	0
131843	0	8710813	1
131843	0	884231	0
131843	0	884234	0
131843	0	895362	0
131843	0	985988	2
131843	0	985989	2
131843	0	985990	2
131843	0	985991	2
131843	0	985992	2
131843	0	985994	3
131843	0	985995	1
146187	0	1077549	0
146187	0	1138801	0
146187	0	1230566	1
146187	0	1254157	1
146187	0	1367167	0
146187	0	1369239	0
146187	0	1493345	0
146187	0	1493352	0
146187	0	1972078	0
146187	0	1995994	0
146187	0	2040185	1
146187	0	2226090	0
146187	0	2226093	1
146187	0	2226094	0
146187	0	2257806	1
146187	0	315525	1
146187	0	3523051	1
146187	0	3615731	1
146187	0	3758956	1
146187	0	3963187	1
146187	0	3963189	0
146187	0	4026486	0
146187	0	4214923	1
146187	0	4214925	1
146187	0	4216895	0
146187	0	4216897	0
146187	0	4216901	0
146187	0	4216902	0
146187	0	4306847	0
146187	0	4631167	0
146187	0	4741857	2
146187	0	4777144	3
146187	0	4921740	0
146187	0	4921741	0
146187	0	5217815	0
146187	0	5238589	0
146187	0	5251981	0
146187	0	5548652	0
146187	0	5548655	0
146187	0	5566562	0
146187	0	5590506	1
146187	0	5746033	0
146187	0	5836454	1
146187	0	5844996	0
146187	0	5929430	0
146187	0	5999108	0
146187	0	6015024	1
146187	0	6015026	1
146187	0	6015027	1
146187	0	6417741	0
146187	0	6430257	1
146187	0	6430258	1
146187	0	6430259	0
146187	0	6430260	1
146187	0	6483699	0
146187	0	6620285	0
146187	0	6929047	0
146187	0	7093332	0
146187	0	7093334	0
146187	0	7096817	0
146187	0	7096819	0
146187	0	7096823	0
146187	0	7126360	0
146187	0	7405002	1
146187	0	744165	2
146187	0	744167	2
146187	0	744171	0
146187	0	7601871	0
146187	0	76342	1
146187	0	76344	1
146187	0	76348	2
146187	0	7704674	1
146187	0	7704676	0
146187	0	7704679	0
146187	0	7772761	0
146187	0	7782525	1
146187	0	7782529	1
146187	0	7836294	0
146187	0	7836296	0
146187	0	7836297	0
146187	0	7956019	1
146187	0	8042965	0
146187	0	8042968	0
146187	0	8042969	0
146187	0	8113798	0
146187	0	8361899	0
146187	0	8361901	0
146187	0	8361902	0
146187	0	8361905	0
146187	0	8434617	2
146187	0	8434618	2
146187	0	8434619	3
146187	0	8434620	2
146187	0	8434621	3
146187	0	8434622	2
146187	0	8434623	3
146187	0	8434624	3
146187	0	8434625	3
146187	0	8434626	3
146187	0	8795490	0
148538	0	1147038	2
148538	0	1147044	3
148538	0	1147046	2
148538	0	1299823	1
148538	0	1299824	2
148538	0	1299830	1
148538	0	1311206	2
148538	0	1311209	2
148538	0	1314489	2
148538	0	1384447	3
148538	0	1384448	3
148538	0	1736918	2
148538	0	1828171	2
148538	0	1950974	2
148538	0	1950976	2
148538	0	1950983	3
148538	0	1969519	2
148538	0	1969521	3
148538	0	1985490	2
148538	0	1985491	3
148538	0	2033795	2
148538	0	2033800	2
148538	0	2177849	2
148538	0	231453	3
148538	0	231455	3
148538	0	23586	1
148538	0	2368188	2
148538	0	2368189	3
148538	0	245016	1
148538	0	2455774	3
148538	0	2455779	2
148538	0	2564821	2
148538	0	2643562	2
148538	0	2915322	2
148538	0	2915323	2
148538	0	332398	1
148538	0	332400	2
148538	0	332401	2
148538	0	332406	2
148538	0	332407	2
148538	0	3353306	2
148538	0	3393970	2
148538	0	3557943	2
148538	0	3588269	2
148538	0	3631449	1
148538	0	3918785	2
148538	0	3918789	2
148538	0	4185812	2
148538	0	4225978	1
148538	0	4264121	2
148538	0	4264123	2
148538	0	4264124	2
148538	0	4447598	2
148538	0	4447601	3
148538	0	4539654	3
148538	0	4539657	2
148538	0	4539663	2
148538	0	4607262	2
148538	0	4607263	3
148538	0	4660637	2
148538	0	4959633	2
148538	0	4959637	3
148538	0	4959638	3
148538	0	5077704	2
148538	0	5077709	1
148538	0	5171599	2
148538	0	5171603	2
148538	0	5171605	3
148538	0	5606202	2
148538	0	581145	2
148538	0	615402	2
148538	0	615407	2
148538	0	6234125	1
148538	0	6377902	2
148538	0	6543862	2
148538	0	6600519	2
148538	0	6697437	2
148538	0	6704661	2
148538	0	6846343	3
148538	0	6894608	2
148538	0	7407803	3
148538	0	7407811	2
148538	0	7407812	2
148538	0	7496116	2
148538	0	753805	2
148538	0	7543015	1
148538	0	784460	2
148538	0	7858769	1
148538	0	8283530	3
148538	0	8283531	3
148538	0	8283532	3
148538	0	8283533	2
148538	0	8388795	2
148538	0	8618875	2
148538	0	985488	2
148538	0	985489	2
148538	0	985490	3
148538	0	985491	3
148538	0	985494	3
148538	0	986845	2
156493	0	1101607	3
156493	0	1277723	3
156493	0	1277725	3
156493	0	1277726	2
156493	0	1277727	3
156493	0	1347266	2
156493	0	1643747	1
156493	0	1939298	1
156493	0	1960255	3
156493	0	1960257	3
156493	0	1960259	3
156493	0	1960260	3
156493	0	1960261	3
156493	0	2123395	2
156493	0	2259179	2
156493	0	2259182	3
156493	0	2259183	3
156493	0	2317807	3
156493	0	2378078	1
156493	0	2378079	1
156493	0	2411918	3
156493	0	2598786	2
156493	0	2598787	2
156493	0	2612486	3
156493	0	2612488	2
156493	0	2612490	2
156493	0	2612491	3
156493	0	2612492	3
156493	0	2612493	3
156493	0	2717163	3
156493	0	2928700	3
156493	0	2928702	3
156493	0	2928704	3
156493	0	2928705	2
156493	0	2928707	3
156493	0	2949801	3
156493	0	2949802	3
156493	0	3218251	2
156493	0	3288595	3
156493	0	3288596	3
156493	0	3288597	3
156493	0	3288598	3
156493	0	3288599	3
156493	0	3288600	3
156493	0	3288601	3
156493	0	3288603	3
156493	0	349638	3
156493	0	349643	3
156493	0	3603920	3
156493	0	3603922	3
156493	0	3603923	2
156493	0	4219345	1
156493	0	4396054	1
156493	0	4400814	2
156493	0	4465044	2
156493	0	4527706	2
156493	0	4542584	3
156493	0	4583221	3
156493	0	4940228	2
156493	0	4940232	1
156493	0	5122747	1
156493	0	5326286	1
156493	0	5346660	2
156493	0	5530082	2
156493	0	6129968	2
156493	0	6139382	3
156493	0	6139386	3
156493	0	6267258	1
156493	0	6524746	3
156493	0	6775071	3
156493	0	6983821	2
156493	0	7371077	3
156493	0	7371078	2
156493	0	7371079	2
156493	0	750111	2
156493	0	8182159	3
156493	0	8182160	3
156493	0	8182161	3
156493	0	8182162	3
156493	0	8182163	2
156493	0	8182165	3
156493	0	8182166	3
156493	0	8245444	2
156493	0	8273011	3
156493	0	8273017	3
156493	0	8273018	0
156493	0	8273019	3
156493	0	8725864	0
156493	0	8820526	3
156493	0	8820527	2
156493	0	8820531	1
156493	0	885944	3
156493	0	892007	1
156493	0	95512	3
156493	0	95514	3
156493	0	95515	3
156493	0	95517	2
156493	0	95518	3
156493	0	95521	3
156493	0	994486	3
168216	0	1090089	2
168216	0	1301465	3
168216	0	1301467	3
168216	0	1301469	3
168216	0	1301472	3
168216	0	1301473	2
168216	0	1301474	3
168216	0	13499	2
168216	0	1381477	3
168216	0	1735358	2
168216	0	1735360	3
168216	0	1860843	2
168216	0	1924796	3
168216	0	1924800	2
168216	0	2036279	3
168216	0	2069992	3
168216	0	2069995	2
168216	0	2210775	3
168216	0	2210780	3
168216	0	2265769	2
168216	0	2659074	2
168216	0	2790904	3
168216	0	2806307	2
168216	0	290826	2
168216	0	3033359	3
168216	0	3174840	2
168216	0	3198687	3
168216	0	3198689	3
168216	0	3344828	3
168216	0	3344834	3
168216	0	3399712	3
168216	0	3399713	3
168216	0	3399715	3
168216	0	3399718	2
168216	0	3463556	3
168216	0	3681095	3
168216	0	3681097	2
168216	0	3830857	3
168216	0	3908773	3
168216	0	3908774	3
168216	0	3908776	3
168216	0	3908777	3
168216	0	4119829	2
168216	0	4191395	3
168216	0	4245218	2
168216	0	4324490	2
168216	0	4324491	2
168216	0	4324492	2
168216	0	4600607	2
168216	0	4600610	2
168216	0	4741403	2
168216	0	4741406	2
168216	0	4792582	3
168216	0	4792583	3
168216	0	5024307	3
168216	0	5024311	2
168216	0	5024313	2
168216	0	5114458	2
168216	0	5293614	2
168216	0	5771045	2
168216	0	5935474	2
168216	0	5935476	3
168216	0	6012600	2
168216	0	6061718	3
168216	0	6061722	3
168216	0	6213322	3
168216	0	6213325	3
168216	0	6219118	2
168216	0	6249512	3
168216	0	6264731	3
168216	0	6264732	3
168216	0	6264734	2
168216	0	6264735	3
168216	0	6282560	2
168216	0	6282561	3
168216	0	6282562	2
168216	0	6282567	3
168216	0	6329932	2
168216	0	6426632	3
168216	0	6426634	3
168216	0	6426638	3
168216	0	6584042	2
168216	0	7337513	3
168216	0	7492755	3
168216	0	7595684	2
168216	0	8048968	2
168216	0	8185131	3
168216	0	8185135	3
168216	0	8185137	3
168216	0	8252763	2
168216	0	8319213	2
168216	0	8639627	2
168216	0	8639630	2
168216	0	8723467	3
168216	0	8731617	3
168216	0	8731618	3
168216	0	8731621	3
168216	0	8731622	3
168216	0	8731623	3
168216	0	8731625	2
182539	0	1094157	1
182539	0	1229197	0
182539	0	1307232	2
182539	0	1307234	2
182539	0	1307235	3
182539	0	146695	0
182539	0	1497952	0
182539	0	1512198	0
182539	0	1638687	3
182539	0	1638689	2
182539	0	1638690	2
182539	0	1638691	1
182539	0	1638694	2
182539	0	1664297	0
182539	0	176563	0
182539	0	1798203	1
182539	0	1956775	1
182539	0	1996675	0
182539	0	1996680	0
182539	0	2009617	1
182539	0	2041085	0
182539	0	2092202	2
182539	0	2165968	2
182539	0	2234015	0
182539	0	2273384	0
182539	0	2787602	2
182539	0	2801795	0
182539	0	2909954	2
182539	0	2909960	2
182539	0	2909961	3
182539	0	3009872	0
182539	0	3009878	0
182539	0	330179	2
182539	0	3760957	2
182539	0	3760964	1
182539	0	3777193	0
182539	0	3858310	0
182539	0	3883077	3
182539	0	3883081	3
182539	0	4370020	1
182539	0	4438902	2
182539	0	4468612	0
182539	0	4730803	2
182539	0	4776378	0
182539	0	4985182	0
182539	0	503147	0
182539	0	5567729	2
182539	0	5567732	2
182539	0	57443	3
182539	0	57444	2
182539	0	57447	3
182539	0	57448	2
182539	0	57449	3
182539	0	57450	1
182539	0	57452	2
182539	0	5756776	0
182539	0	6037973	2
182539	0	6097108	2
182539	0	6135907	1
182539	0	6282906	2
182539	0	6283812	0
182539	0	646260	1
182539	0	6596440	2
182539	0	6783449	2
182539	0	6816574	2
182539	0	6965540	1
182539	0	6980965	3
182539	0	6995118	3
182539	0	7034196	0
182539	0	7085056	0
182539	0	7085057	0
182539	0	7088372	1
182539	0	7291427	0
182539	0	7371255	3
182539	0	7371257	2
182539	0	7371259	3
182539	0	7371261	2
182539	0	7371262	2
182539	0	7439970	0
182539	0	7527837	2
182539	0	7579347	2
182539	0	7583024	2
182539	0	7730613	0
182539	0	7745556	0
182539	0	8299659	3
182539	0	8299661	2
182539	0	8299665	2
182539	0	8299668	2
182539	0	830471	2
182539	0	8349147	0
182539	0	8470381	2
182539	0	8515182	3
182539	0	8636665	0
182539	0	8757178	3
182539	0	8757179	2
182539	0	8757180	3
182539	0	8757181	3
182539	0	8757182	2
182539	0	8757183	2
182539	0	8757184	2
183378	0	1050571	1
183378	0	1239964	3
183378	0	1289489	3
183378	0	1289490	3
183378	0	1289492	3
183378	0	1289493	3
183378	0	1289494	1
183378	0	1289495	1
183378	0	1289496	3
183378	0	1289497	3
183378	0	1666386	2
183378	0	1678836	1
183378	0	2040104	0
183378	0	2040106	0
183378	0	2040111	0
183378	0	2352713	2
183378	0	2352716	3
183378	0	2533259	1
183378	0	2533260	2
183378	0	2533262	1
183378	0	2874543	3
183378	0	3009378	3
183378	0	3093214	3
183378	0	3093217	3
183378	0	3093218	3
183378	0	3185607	3
183378	0	3185611	3
183378	0	327908	2
183378	0	3389578	2
183378	0	3389579	2
183378	0	3389581	3
183378	0	3389582	2
183378	0	3389584	3
183378	0	3867604	1
183378	0	3928768	3
183378	0	3987911	2
183378	0	4493913	2
183378	0	4493914	3
183378	0	4493915	3
183378	0	4493916	3
183378	0	4493917	3
183378	0	4493918	2
183378	0	4493919	2
183378	0	4493920	3
183378	0	4493921	3
183378	0	4493922	2
183378	0	4727412	2
183378	0	4727417	2
183378	0	4727418	3
183378	0	4803847	3
183378	0	4803848	3
183378	0	5391354	2
183378	0	5460939	3
183378	0	5460941	2
183378	0	5534703	3
183378	0	5534707	3
183378	0	5534710	3
183378	0	5534711	3
183378	0	5817927	3
183378	0	6109461	3
183378	0	6150907	0
183378	0	6182925	0
183378	0	6182927	0
183378	0	6548233	1
183378	0	6548235	2
183378	0	7014328	0
183378	0	7398706	3
183378	0	7448291	2
183378	0	7449744	3
183378	0	7449747	2
183378	0	7449748	3
183378	0	7449750	3
183378	0	7449751	3
183378	0	7449752	3
183378	0	749542	3
183378	0	7677975	3
183378	0	7678696	2
183378	0	7718047	3
183378	0	7952868	2
183378	0	8121375	3
183378	0	8121377	2
183378	0	8121380	2
183378	0	823211	2
183378	0	8507874	1
183378	0	8570255	2
183378	0	8570257	3
183378	0	8570258	3
183378	0	8570260	3
183378	0	8570261	3
183378	0	8577213	2
183378	0	8577215	2
183378	0	8767239	3
183378	0	8767240	3
183378	0	8767241	2
183378	0	8794302	2
183378	0	8794303	1
183378	0	8794304	3
183378	0	8794306	3
183378	0	8794307	3
183378	0	8794308	2
19335	0	1143050	3
19335	0	1434829	1
19335	0	1504746	1
19335	0	1504747	1
19335	0	1504748	2
19335	0	161606	2
19335	0	161608	1
19335	0	1717015	2
19335	0	1720387	2
19335	0	1720388	1
19335	0	1720389	2
19335	0	1720391	2
19335	0	1720394	2
19335	0	1720395	2
19335	0	1905037	1
19335	0	2046505	2
19335	0	211275	2
19335	0	2250973	2
19335	0	2303999	1
19335	0	2304004	1
19335	0	2304005	2
19335	0	2459779	2
19335	0	2459780	2
19335	0	2459784	2
19335	0	2594902	1
19335	0	284841	1
19335	0	2874496	0
19335	0	2874497	2
19335	0	2874503	2
19335	0	3045565	2
19335	0	3045567	2
19335	0	3064703	1
19335	0	342431	2
19335	0	3559593	1
19335	0	3559596	1
19335	0	359174	1
19335	0	3615074	1
19335	0	3615077	2
19335	0	3615078	1
19335	0	3615079	1
19335	0	3615080	1
19335	0	3615083	1
19335	0	3709463	1
19335	0	429851	2
19335	0	4480943	1
19335	0	4480945	2
19335	0	4480948	1
19335	0	4937589	1
19335	0	503739	2
19335	0	5078863	1
19335	0	527690	1
19335	0	527692	2
19335	0	527695	0
19335	0	527697	1
19335	0	5508122	1
19335	0	5711211	2
19335	0	5732401	2
19335	0	5732406	1
19335	0	5806604	1
19335	0	5870000	0
19335	0	5920775	1
19335	0	6069804	1
19335	0	6069805	1
19335	0	6452949	2
19335	0	6512137	2
19335	0	6512138	1
19335	0	6512144	3
19335	0	6568704	2
19335	0	6773977	1
19335	0	6902384	1
19335	0	6902386	2
19335	0	6902389	2
19335	0	7050803	2
19335	0	7122355	2
19335	0	7122361	2
19335	0	7267248	1
19335	0	7367410	1
19335	0	7367411	0
19335	0	7454464	1
19335	0	7460276	2
19335	0	7464793	2
19335	0	763108	2
19335	0	763110	1
19335	0	763113	1
19335	0	763117	1
19335	0	7644151	2
19335	0	772227	2
19335	0	772234	2
19335	0	7856992	2
19335	0	7961905	1
19335	0	7961908	2
19335	0	8231218	1
19335	0	8412681	2
19335	0	8412682	2
19335	0	8412683	2
19335	0	8412684	3
19335	0	8633126	2
19335	0	8828697	1
19335	0	8828698	1
19335	0	93557	2
207786	0	1025057	1
207786	0	1029962	2
207786	0	1071464	1
207786	0	1085406	1
207786	0	1335084	2
207786	0	1392579	2
207786	0	1392585	3
207786	0	1432530	1
207786	0	1667536	1
207786	0	1667544	1
207786	0	1731873	0
207786	0	1759929	2
207786	0	201711	1
207786	0	2051015	0
207786	0	2051020	2
207786	0	2051023	0
207786	0	2174683	0
207786	0	2457540	1
207786	0	2457541	1
207786	0	2457542	1
207786	0	2557234	0
207786	0	2658594	0
207786	0	2763917	2
207786	0	2763922	1
207786	0	2775837	0
207786	0	2877168	1
207786	0	2998723	1
207786	0	3103885	0
207786	0	3322527	1
207786	0	3322529	0
207786	0	3352521	0
207786	0	3522830	0
207786	0	3600016	2
207786	0	3632499	1
207786	0	3773663	1
207786	0	3914510	0
207786	0	3931757	1
207786	0	3945573	0
207786	0	4042362	0
207786	0	4218707	2
207786	0	4257473	1
207786	0	4342505	1
207786	0	4393128	0
207786	0	4613065	2
207786	0	4754014	1
207786	0	4759180	1
207786	0	4759183	0
207786	0	4823377	1
207786	0	4900224	0
207786	0	493413	0
207786	0	5170147	1
207786	0	5175108	1
207786	0	5175113	1
207786	0	524445	1
207786	0	524450	1
207786	0	5266140	1
207786	0	5297035	0
207786	0	5297036	1
207786	0	5321444	1
207786	0	5365946	0
207786	0	6031630	2
207786	0	6060398	0
207786	0	6133373	1
207786	0	6145822	0
207786	0	6226369	1
207786	0	6474685	2
207786	0	6584630	0
207786	0	6822431	1
207786	0	6964232	0
207786	0	7016165	0
207786	0	7124120	1
207786	0	7229816	0
207786	0	7229822	1
207786	0	737802	0
207786	0	7510472	3
207786	0	7599318	2
207786	0	7639366	2
207786	0	7643812	1
207786	0	7643819	1
207786	0	7777862	1
207786	0	7777867	1
207786	0	7941579	3
207786	0	7969232	1
207786	0	8053029	1
207786	0	8185061	1
207786	0	8185063	1
207786	0	8185064	0
207786	0	8265334	1
207786	0	8273754	2
207786	0	8273755	1
207786	0	8273756	2
207786	0	8273757	2
207786	0	8273758	3
207786	0	8273759	2
207786	0	8273760	2
207786	0	8273761	3
207786	0	8273762	3
207786	0	8273763	2
207786	0	8316281	0
207786	0	8785524	0
264014	0	1610706	3
264014	0	1610707	3
264014	0	1610711	2
264014	0	1804644	3
264014	0	2223171	2
264014	0	2420367	3
264014	0	2474340	2
264014	0	2474341	2
264014	0	2474342	3
264014	0	2474346	3
264014	0	2498165	2
264014	0	2498169	3
264014	0	331929	3
264014	0	331931	2
264014	0	331932	2
264014	0	331934	3
264014	0	3338821	2
264014	0	3338825	3
264014	0	3338827	3
264014	0	3338828	2
264014	0	3396076	3
264014	0	3577338	2
264014	0	3577341	2
264014	0	3577342	2
264014	0	3577343	2
264014	0	3577344	3
264014	0	3577345	2
264014	0	3577347	2
264014	0	3835935	2
264014	0	3841908	3
264014	0	4259227	3
264014	0	447992	3
264014	0	4647186	3
264014	0	4687213	3
264014	0	4790255	2
264014	0	4834543	2
264014	0	4834547	3
264014	0	4834548	3
264014	0	5151339	3
264014	0	5269173	2
264014	0	528372	3
264014	0	528375	3
264014	0	528379	2
264014	0	528380	3
264014	0	5328095	3
264014	0	5506564	2
264014	0	5611210	3
264014	0	5611211	2
264014	0	5611212	3
264014	0	5611214	3
264014	0	5611218	3
264014	0	5611219	3
264014	0	5635515	3
264014	0	5635519	2
264014	0	5635521	2
264014	0	5816473	2
264014	0	5819142	3
264014	0	5819145	3
264014	0	58386	3
264014	0	5849268	2
264014	0	5849270	2
264014	0	5849711	2
264014	0	5950718	3
264014	0	5950719	3
264014	0	5950720	2
264014	0	5950721	3
264014	0	5950722	3
264014	0	5950723	3
264014	0	5950725	2
264014	0	5950726	3
264014	0	6105566	3
264014	0	6105569	2
264014	0	6105571	3
264014	0	6105572	3
264014	0	6333839	2
264014	0	6334964	2
264014	0	6337909	2
264014	0	6555321	2
264014	0	6555322	3
264014	0	6641238	3
264014	0	667686	2
264014	0	6791755	2
264014	0	6791757	2
264014	0	6791760	3
264014	0	684616	3
264014	0	684618	3
264014	0	7323467	2
264014	0	7326932	3
264014	0	7326934	3
264014	0	7326936	3
264014	0	8012101	3
264014	0	8801661	3
264014	0	935825	3
264014	0	96851	3
264014	0	96852	2
264014	0	96855	3
264014	0	96856	2
264014	0	96857	3
264014	0	96858	3
264014	0	96859	2
359349	0	1394087	2
359349	0	15799	1
359349	0	15800	0
359349	0	15801	1
359349	0	15802	0
359349	0	15803	0
359349	0	15804	0
359349	0	15805	0
359349	0	15806	0
359349	0	15808	1
359349	0	1622452	0
359349	0	1830509	0
359349	0	1830512	2
359349	0	1830516	2
359349	0	1830517	3
359349	0	1979833	1
359349	0	2293820	3
359349	0	2434861	0
359349	0	2444689	1
359349	0	2826510	3
359349	0	2826512	3
359349	0	3126802	1
359349	0	3176539	2
359349	0	3176540	0
359349	0	3176548	0
359349	0	3193824	3
359349	0	3223831	3
359349	0	3223833	3
359349	0	3739664	1
359349	0	3739666	1
359349	0	3900185	3
359349	0	4013723	3
359349	0	4020470	3
359349	0	4020471	1
359349	0	4020472	1
359349	0	4020474	3
359349	0	4020475	2
359349	0	4020477	3
359349	0	4020478	1
359349	0	4020479	0
359349	0	4087265	0
359349	0	4344093	1
359349	0	4344099	1
359349	0	4344100	1
359349	0	4344101	0
359349	0	4474866	1
359349	0	4474870	1
359349	0	4474872	0
359349	0	457673	3
359349	0	4624153	2
359349	0	5155586	0
359349	0	5219970	0
359349	0	5219971	0
359349	0	5219976	0
359349	0	5219977	0
359349	0	5248756	1
359349	0	5345720	2
359349	0	5414623	0
359349	0	5414625	2
359349	0	5615181	3
359349	0	576627	2
359349	0	576628	3
359349	0	576629	3
359349	0	576632	0
359349	0	576635	0
359349	0	5773713	1
359349	0	5773714	1
359349	0	5773715	0
359349	0	5773716	0
359349	0	5773717	1
359349	0	5773719	0
359349	0	5806113	1
359349	0	6108721	3
359349	0	6113313	0
359349	0	6213658	0
359349	0	6226412	0
359349	0	6226414	0
359349	0	6412425	0
359349	0	6440028	1
359349	0	6440029	1
359349	0	6779501	1
359349	0	68647	3
359349	0	68648	3
359349	0	68649	3
359349	0	68650	2
359349	0	68653	2
359349	0	68656	0
359349	0	7062671	1
359349	0	7277971	1
359349	0	7544504	0
359349	0	7579883	1
359349	0	7857633	0
359349	0	7857634	0
359349	0	7857635	0
359349	0	8058867	2
359349	0	8058868	0
359349	0	8058873	2
359349	0	8167113	1
359349	0	8584521	1
359349	0	943229	3
405717	0	1619423	1
405717	0	1849743	2
405717	0	1976406	1
405717	0	2125641	2
405717	0	234955	2
405717	0	2365659	2
405717	0	2365660	1
405717	0	2365661	2
405717	0	2365662	2
405717	0	2365663	1
405717	0	2365664	1
405717	0	2365665	2
405717	0	2616168	1
405717	0	2642838	2
405717	0	2702419	2
405717	0	2702423	2
405717	0	273851	1
405717	0	2747484	2
405717	0	2747485	2
405717	0	2747486	2
405717	0	2747488	3
405717	0	2747489	2
405717	0	2747491	2
405717	0	2747492	2
405717	0	2768521	2
405717	0	28368	2
405717	0	28372	2
405717	0	2879960	2
405717	0	3033900	2
405717	0	3033903	2
405717	0	3033904	2
405717	0	3033905	1
405717	0	3040883	1
405717	0	3274915	2
405717	0	3274918	2
405717	0	3514259	2
405717	0	3986303	2
405717	0	3986305	2
405717	0	3986306	2
405717	0	3986307	2
405717	0	3986308	2
405717	0	3986309	2
405717	0	4232833	2
405717	0	4489661	2
405717	0	4489666	2
405717	0	4577231	1
405717	0	4704973	2
405717	0	4704975	2
405717	0	4704978	2
405717	0	4776928	2
405717	0	4828118	3
405717	0	5079482	2
405717	0	5274649	2
405717	0	5615458	1
405717	0	5638740	2
405717	0	5668741	2
405717	0	5690233	2
405717	0	5690234	1
405717	0	5690237	1
405717	0	576346	1
405717	0	5857570	2
405717	0	6419725	1
405717	0	6426483	1
405717	0	6442862	2
405717	0	6654652	2
405717	0	6654655	2
405717	0	6654658	1
405717	0	6654660	2
405717	0	6741362	2
405717	0	6786304	2
405717	0	702383	2
405717	0	702386	2
405717	0	7170624	1
405717	0	7170625	1
405717	0	7170626	2
405717	0	7170629	1
405717	0	7170630	3
405717	0	7170631	2
405717	0	7201359	1
405717	0	7201361	1
405717	0	7288991	2
405717	0	7288996	2
405717	0	7447941	2
405717	0	7447942	1
405717	0	7447943	2
405717	0	758581	2
405717	0	758582	2
405717	0	758585	2
405717	0	758586	2
405717	0	7589975	2
405717	0	7728831	2
405717	0	7896211	2
405717	0	7896212	2
405717	0	8156519	2
405717	0	8433852	2
405717	0	8433854	3
405717	0	8433856	1
405717	0	8433858	2
405717	0	846414	1
405717	0	931517	2
443396	0	1062726	0
443396	0	1089146	0
443396	0	1091614	1
443396	0	1133058	0
443396	0	119472	1
443396	0	1269427	0
443396	0	1360104	0
443396	0	1525423	0
443396	0	1533746	0
443396	0	1552106	0
443396	0	1608504	0
443396	0	1645100	1
443396	0	1660562	1
443396	0	1913399	0
443396	0	2007121	1
443396	0	2138579	1
443396	0	2316507	0
443396	0	2320326	1
443396	0	2490486	2
443396	0	2498237	0
443396	0	2528057	0
443396	0	257389	0
443396	0	2745552	0
443396	0	2976738	1
443396	0	2976740	1
443396	0	2976741	1
443396	0	3118073	0
443396	0	3131746	0
443396	0	3231289	0
443396	0	3323246	1
443396	0	3440850	2
443396	0	355277	2
443396	0	3617225	2
443396	0	3712489	0
443396	0	3721948	2
443396	0	3834027	0
443396	0	4025397	1
443396	0	4052112	2
443396	0	4060727	0
443396	0	415545	0
443396	0	415552	1
443396	0	4205264	2
443396	0	4271045	0
443396	0	4281721	0
443396	0	4415869	0
443396	0	4433173	0
443396	0	4526747	2
443396	0	453706	2
443396	0	4544490	0
443396	0	456710	2
443396	0	458179	1
443396	0	4792653	0
443396	0	4830647	0
443396	0	4851110	0
443396	0	5048837	2
443396	0	5053511	2
443396	0	5065439	0
443396	0	5073515	0
443396	0	510377	1
443396	0	5202178	0
443396	0	5315644	1
443396	0	5644797	1
443396	0	5836687	0
443396	0	5890955	0
443396	0	5922987	0
443396	0	6411588	0
443396	0	6471278	1
443396	0	6471285	2
443396	0	6863144	1
443396	0	6863145	2
443396	0	691944	0
443396	0	6998055	0
443396	0	7143882	1
443396	0	7188675	0
443396	0	7230688	0
443396	0	7489164	0
443396	0	7722259	1
443396	0	7734655	0
443396	0	7749375	1
443396	0	7810275	0
443396	0	7824761	1
443396	0	7844096	0
443396	0	788091	0
443396	0	7890878	1
443396	0	7890882	1
443396	0	8079039	2
443396	0	8079040	1
443396	0	8083065	0
443396	0	8219243	0
443396	0	8337676	0
443396	0	8383775	0
443396	0	8421784	1
443396	0	843370	1
443396	0	8536118	3
443396	0	8536121	2
443396	0	8536122	2
443396	0	8536123	2
443396	0	8578323	0
443396	0	8613216	0
443396	0	8793491	2
451602	0	1078132	2
451602	0	1078134	2
451602	0	1078138	2
451602	0	1094131	2
451602	0	1094139	2
451602	0	127537	1
451602	0	1277286	2
451602	0	1277290	3
451602	0	1277293	2
451602	0	1277294	0
451602	0	1314129	2
451602	0	1715030	1
451602	0	2084909	2
451602	0	2154597	0
451602	0	2176450	2
451602	0	2176453	2
451602	0	2176455	2
451602	0	2176458	2
451602	0	2176459	2
451602	0	2244874	1
451602	0	2244875	1
451602	0	2244882	1
451602	0	2618829	2
451602	0	2756872	2
451602	0	2922145	1
451602	0	3090664	0
451602	0	3090665	0
451602	0	3090666	1
451602	0	3090667	2
451602	0	3090670	1
451602	0	3090671	0
451602	0	3090672	0
451602	0	3119124	1
451602	0	3177691	3
451602	0	3177694	2
451602	0	3177696	1
451602	0	3177699	2
451602	0	3177700	2
451602	0	3214501	1
451602	0	3371386	2
451602	0	3493825	2
451602	0	370081	1
451602	0	3746406	2
451602	0	4345752	2
451602	0	4453605	2
451602	0	4453606	2
451602	0	4487179	2
451602	0	4874640	2
451602	0	4874641	2
451602	0	4874644	2
451602	0	4874645	2
451602	0	5000376	2
451602	0	5008865	1
451602	0	5053852	2
451602	0	5179245	1
451602	0	5179250	1
451602	0	5179251	3
451602	0	5211036	2
451602	0	5475308	2
451602	0	5475312	2
451602	0	5538936	2
451602	0	5538937	2
451602	0	5538938	2
451602	0	5538942	2
451602	0	5916874	1
451602	0	6132119	1
451602	0	6286973	2
451602	0	6286974	2
451602	0	6286975	2
451602	0	6286976	2
451602	0	6286977	2
451602	0	6286978	2
451602	0	6286979	2
451602	0	6286980	2
451602	0	6286981	2
451602	0	6286982	2
451602	0	6618756	2
451602	0	6775287	1
451602	0	7792100	2
451602	0	7800959	3
451602	0	7800962	2
451602	0	8019873	0
451602	0	8033471	1
451602	0	8214451	2
451602	0	8214452	2
451602	0	8383461	2
451602	0	8383462	2
451602	0	8383463	2
451602	0	8383465	2
451602	0	8390518	2
451602	0	8390525	2
451602	0	8485136	1
451602	0	8540470	2
451602	0	8540473	2
451602	0	8621776	2
451602	0	8742537	2
451602	0	8786896	1
451602	0	930490	2
451602	0	96222	2
451602	0	96229	2
47923	0	129219	2
47923	0	1346412	2
47923	0	1488918	2
47923	0	1488919	2
47923	0	1681331	3
47923	0	1681332	3
47923	0	1681333	3
47923	0	1681334	3
47923	0	1681336	3
47923	0	1681337	3
47923	0	1681338	2
47923	0	1681339	3
47923	0	1681340	3
47923	0	1827449	2
47923	0	1827452	2
47923	0	1868437	2
47923	0	1868438	2
47923	0	1868442	2
47923	0	2044900	3
47923	0	2135499	2
47923	0	2284128	2
47923	0	2284134	2
47923	0	2408264	2
47923	0	2508227	2
47923	0	2699736	2
47923	0	2831042	2
47923	0	291219	2
47923	0	3348834	2
47923	0	3348838	2
47923	0	3630935	2
47923	0	3688361	2
47923	0	4064327	2
47923	0	4064328	2
47923	0	4119528	2
47923	0	4257344	2
47923	0	4257345	2
47923	0	4297620	3
47923	0	4523464	2
47923	0	4652795	3
47923	0	473807	3
47923	0	473809	3
47923	0	5032362	3
47923	0	5032364	2
47923	0	5147526	2
47923	0	5147527	2
47923	0	5147529	2
47923	0	525507	1
47923	0	525511	2
47923	0	525513	1
47923	0	5282403	2
47923	0	5310902	2
47923	0	5417578	2
47923	0	5417580	2
47923	0	5417581	2
47923	0	5417582	3
47923	0	5417584	2
47923	0	5595916	2
47923	0	5898845	2
47923	0	5898846	2
47923	0	5936354	2
47923	0	5966643	2
47923	0	6111296	2
47923	0	618556	2
47923	0	6191	3
47923	0	6210760	2
47923	0	6222131	2
47923	0	6241147	3
47923	0	6241148	3
47923	0	6241150	3
47923	0	6241151	3
47923	0	6241152	3
47923	0	6241153	3
47923	0	6241154	3
47923	0	6272906	2
47923	0	6643066	3
47923	0	6919836	3
47923	0	6919841	2
47923	0	7038128	1
47923	0	7071695	2
47923	0	7137895	2
47923	0	7417276	2
47923	0	7747055	2
47923	0	7902936	2
47923	0	7936847	2
47923	0	8110288	1
47923	0	8110289	2
47923	0	8216702	2
47923	0	829484	2
47923	0	8327407	2
47923	0	8348762	3
47923	0	8418678	3
47923	0	8418681	3
47923	0	8418683	3
47923	0	8418686	3
47923	0	8421421	2
47923	0	8641104	3
47923	0	8641106	3
47923	0	8641107	3
47923	0	913042	3
47923	0	986177	3
489204	0	114148	2
489204	0	1167659	2
489204	0	1225589	2
489204	0	1225591	2
489204	0	1228655	2
489204	0	1231677	2
489204	0	1276947	3
489204	0	1319513	2
489204	0	1418931	2
489204	0	1418933	2
489204	0	1418935	2
489204	0	1418937	2
489204	0	1430550	2
489204	0	152948	2
489204	0	152954	2
489204	0	1538587	2
489204	0	173119	2
489204	0	1759354	2
489204	0	1759357	2
489204	0	1759360	2
489204	0	1778458	2
489204	0	185678	2
489204	0	185679	2
489204	0	1950273	2
489204	0	216490	2
489204	0	216492	2
489204	0	2268651	2
489204	0	2268652	2
489204	0	2268656	2
489204	0	2268657	2
489204	0	3053137	2
489204	0	3053140	2
489204	0	3608627	2
489204	0	3728441	2
489204	0	3728445	2
489204	0	4029846	2
489204	0	4142348	2
489204	0	416864	2
489204	0	4279451	2
489204	0	4387756	2
489204	0	4586570	2
489204	0	4890939	2
489204	0	4917998	2
489204	0	5005765	2
489204	0	5107817	2
489204	0	5107824	2
489204	0	533017	2
489204	0	5541650	2
489204	0	5629373	2
489204	0	5815957	2
489204	0	5842847	2
489204	0	5842850	2
489204	0	5895917	2
489204	0	6087663	2
489204	0	6087666	2
489204	0	6087671	2
489204	0	6327174	2
489204	0	6327175	2
489204	0	6327177	2
489204	0	6327181	2
489204	0	6327182	2
489204	0	6343845	2
489204	0	6362205	2
489204	0	6542578	2
489204	0	66437	2
489204	0	6652051	2
489204	0	6652052	2
489204	0	6661536	2
489204	0	6665318	2
489204	0	6665319	2
489204	0	6665321	2
489204	0	678245	2
489204	0	6894988	2
489204	0	6952550	2
489204	0	6964307	2
489204	0	7113153	2
489204	0	7116533	2
489204	0	753265	2
489204	0	7734612	2
489204	0	8376905	2
489204	0	8376907	2
489204	0	8376910	2
489204	0	8463820	3
489204	0	8463823	3
489204	0	855963	2
489204	0	855967	2
489204	0	855969	2
489204	0	855972	2
489204	0	8594271	2
489204	0	8594272	2
489204	0	8594273	2
489204	0	8594276	2
489204	0	8594277	2
489204	0	8594280	2
489204	0	8737051	2
489204	0	8737053	2
489204	0	8781574	2
489204	0	8781575	2
489204	0	890797	2
489204	0	973923	2
490595	0	1044147	2
490595	0	1160847	3
490595	0	1194055	1
490595	0	1194060	2
490595	0	1288938	2
490595	0	1288942	3
490595	0	1288943	2
490595	0	1288946	2
490595	0	1473259	3
490595	0	1554695	2
490595	0	1620438	2
490595	0	1652460	3
490595	0	1814180	2
490595	0	1929910	3
490595	0	1929911	2
490595	0	2433509	1
490595	0	2668007	0
490595	0	3497870	1
490595	0	3833407	2
490595	0	3833409	2
490595	0	3833413	2
490595	0	3833414	2
490595	0	3937195	2
490595	0	3937196	2
490595	0	3937197	3
490595	0	3937199	2
490595	0	3937200	2
490595	0	3937201	2
490595	0	3937202	2
490595	0	3937203	3
490595	0	3937204	2
490595	0	4082315	1
490595	0	4082319	1
490595	0	4292443	2
490595	0	4737059	3
490595	0	4737060	3
490595	0	4737061	3
490595	0	4737062	2
490595	0	4737063	3
490595	0	4737064	3
490595	0	4737065	3
490595	0	4737066	3
490595	0	4737067	2
490595	0	4737068	2
490595	0	4763066	3
490595	0	4763068	2
490595	0	4763070	2
490595	0	4771671	2
490595	0	4842889	3
490595	0	4842890	3
490595	0	4842891	3
490595	0	4842894	2
490595	0	4842895	2
490595	0	4842896	2
490595	0	4842897	2
490595	0	4865130	1
490595	0	5112294	2
490595	0	5128293	2
490595	0	5247992	3
490595	0	5247999	3
490595	0	5248000	2
490595	0	526093	2
490595	0	5359208	2
490595	0	5359212	2
490595	0	5359213	3
490595	0	549465	3
490595	0	549466	3
490595	0	5633627	2
490595	0	5633631	2
490595	0	6045591	0
490595	0	6045596	0
490595	0	6066623	2
490595	0	6412650	2
490595	0	6686784	3
490595	0	6742119	3
490595	0	6971306	0
490595	0	6976956	2
490595	0	6976960	1
490595	0	7045861	1
490595	0	7065739	1
490595	0	7340532	2
490595	0	7422680	1
490595	0	7698191	2
490595	0	777201	1
490595	0	7839903	2
490595	0	7839904	2
490595	0	7839906	3
490595	0	7968900	2
490595	0	805046	3
490595	0	805047	2
490595	0	805048	3
490595	0	805050	3
490595	0	805051	3
490595	0	805052	2
490595	0	8485139	3
490595	0	8485140	2
490595	0	8485141	3
490595	0	8485142	2
490595	0	8709994	2
490595	0	903932	1
527433	0	1000485	2
527433	0	1101466	2
527433	0	1125933	0
527433	0	1187918	2
527433	0	1212783	1
527433	0	1251475	1
527433	0	1251480	1
527433	0	126710	1
527433	0	1379237	1
527433	0	1379238	1
527433	0	1379239	1
527433	0	1379240	2
527433	0	1379245	2
527433	0	1511548	2
527433	0	1511549	0
527433	0	1511551	1
527433	0	1511553	1
527433	0	1511556	1
527433	0	1664523	2
527433	0	1753604	1
527433	0	1753981	2
527433	0	2496224	1
527433	0	2496227	1
527433	0	2565413	1
527433	0	269422	1
527433	0	269423	1
527433	0	269424	1
527433	0	269425	1
527433	0	269426	1
527433	0	269428	1
527433	0	269430	1
527433	0	2722036	1
527433	0	286501	1
527433	0	291606	1
527433	0	3093197	2
527433	0	3124961	0
527433	0	3136618	1
527433	0	3224400	1
527433	0	3294599	2
527433	0	3294600	1
527433	0	3774360	1
527433	0	3786813	1
527433	0	3835729	2
527433	0	3835731	2
527433	0	3835736	1
527433	0	4046875	1
527433	0	4046876	2
527433	0	4351170	1
527433	0	4351179	1
527433	0	4402992	1
527433	0	4402995	1
527433	0	467601	2
527433	0	4958697	1
527433	0	5466807	2
527433	0	5466809	1
527433	0	5466810	2
527433	0	5479497	1
527433	0	5479502	1
527433	0	5603305	1
527433	0	5672164	1
527433	0	5690943	1
527433	0	6038397	1
527433	0	6038403	1
527433	0	6038404	1
527433	0	6038411	1
527433	0	6065683	1
527433	0	6186391	1
527433	0	6186393	2
527433	0	6186394	1
527433	0	6186395	2
527433	0	6214994	1
527433	0	6214995	0
527433	0	6215001	2
527433	0	6394981	1
527433	0	6398041	2
527433	0	6498113	1
527433	0	653101	1
527433	0	6595634	2
527433	0	6735245	1
527433	0	7514088	1
527433	0	7514090	1
527433	0	7607669	2
527433	0	7748145	1
527433	0	7748146	1
527433	0	8306449	1
527433	0	8306450	2
527433	0	8306451	1
527433	0	8371764	1
527433	0	8617267	1
527433	0	8617269	1
527433	0	8617270	0
527433	0	8617271	3
527433	0	8617272	1
527433	0	8617273	1
527433	0	8617274	1
527433	0	8617276	2
527433	0	8761458	1
527433	0	8827925	2
527433	0	8827928	2
527433	0	953162	2
573724	0	1005335	2
573724	0	1005338	2
573724	0	1005341	2
573724	0	104856	2
573724	0	1165128	2
573724	0	1165129	3
573724	0	1293333	2
573724	0	1509939	1
573724	0	1509940	3
573724	0	1509942	3
573724	0	1509943	2
573724	0	1509944	2
573724	0	162145	2
573724	0	162151	3
573724	0	1816038	3
573724	0	2133806	3
573724	0	2417985	2
573724	0	2635262	3
573724	0	3059590	3
573724	0	3059593	2
573724	0	3146236	3
573724	0	3146238	2
573724	0	3146240	3
573724	0	3365631	3
573724	0	3365632	3
573724	0	3365633	2
573724	0	3365635	2
573724	0	3365636	3
573724	0	3365637	2
573724	0	3365638	3
573724	0	3365639	2
573724	0	340830	2
573724	0	3412325	2
573724	0	3492364	2
573724	0	3617636	2
573724	0	394136	3
573724	0	394138	3
573724	0	394139	3
573724	0	394141	3
573724	0	394142	3
573724	0	4017883	2
573724	0	4041520	2
573724	0	4360246	2
573724	0	5047796	3
573724	0	5185664	2
573724	0	5185671	2
573724	0	5310530	3
573724	0	5339620	3
573724	0	5384308	2
573724	0	5721829	3
573724	0	5721831	3
573724	0	5962420	2
573724	0	5962423	3
573724	0	5962424	2
573724	0	5962425	2
573724	0	5962426	2
573724	0	5962427	2
573724	0	5962428	2
573724	0	6113247	2
573724	0	6496777	2
573724	0	6776717	3
573724	0	7104825	3
573724	0	7104826	3
573724	0	7104827	2
573724	0	7199667	2
573724	0	7199669	3
573724	0	7199672	2
573724	0	7199673	3
573724	0	7199674	2
573724	0	7199675	2
573724	0	7275118	1
573724	0	7384329	2
573724	0	7384331	2
573724	0	7384332	2
573724	0	7384333	2
573724	0	7530702	2
573724	0	7609926	2
573724	0	7609927	3
573724	0	7609928	2
573724	0	7609929	2
573724	0	7609930	2
573724	0	7609932	2
573724	0	7609933	2
573724	0	7674858	3
573724	0	7674859	3
573724	0	7964601	2
573724	0	8047166	2
573724	0	8318905	2
573724	0	8441637	3
573724	0	8441642	3
573724	0	8444726	0
573724	0	8444727	2
573724	0	8444728	3
573724	0	87400	2
573724	0	87404	2
573724	0	87405	3
573724	0	87409	2
573724	0	8833192	3
573724	0	8833194	3
573724	0	8833199	2
833860	0	1187661	1
833860	0	1327051	0
833860	0	1361867	1
833860	0	1501736	2
833860	0	1524399	0
833860	0	1799624	0
833860	0	1889863	2
833860	0	2022685	2
833860	0	2022688	2
833860	0	2022689	2
833860	0	2037474	1
833860	0	2206194	2
833860	0	2206195	2
833860	0	2206196	2
833860	0	2206197	2
833860	0	2206198	1
833860	0	2206200	2
833860	0	223308	0
833860	0	2672510	0
833860	0	2702357	1
833860	0	2792242	1
833860	0	3087477	1
833860	0	3087479	2
833860	0	3087481	2
833860	0	3087483	1
833860	0	3320119	1
833860	0	3394881	0
833860	0	3394884	0
833860	0	3437281	3
833860	0	3437283	1
833860	0	3437284	2
833860	0	3437285	2
833860	0	3437286	2
833860	0	3437288	2
833860	0	3437289	2
833860	0	3437290	2
833860	0	3767859	2
833860	0	4046122	1
833860	0	4431446	2
833860	0	4461904	2
833860	0	474455	0
833860	0	4881965	2
833860	0	4983652	0
833860	0	5167510	2
833860	0	5167512	2
833860	0	5167513	2
833860	0	5167518	2
833860	0	5196182	1
833860	0	5268870	1
833860	0	5268871	1
833860	0	5407712	1
833860	0	5417403	0
833860	0	5652528	0
833860	0	5832657	2
833860	0	5832662	2
833860	0	5832665	2
833860	0	596153	2
833860	0	6083481	1
833860	0	6182014	0
833860	0	6211800	2
833860	0	6211801	2
833860	0	6218032	2
833860	0	6218035	1
833860	0	6218036	1
833860	0	6218040	1
833860	0	6230220	2
833860	0	6230221	2
833860	0	6230222	2
833860	0	6230223	2
833860	0	6230224	2
833860	0	6230225	2
833860	0	6230226	2
833860	0	6230227	2
833860	0	6230228	2
833860	0	6230229	2
833860	0	6301693	2
833860	0	6672273	0
833860	0	6812180	1
833860	0	6875877	1
833860	0	6943598	2
833860	0	6943600	1
833860	0	6943602	1
833860	0	7038170	2
833860	0	7061642	0
833860	0	7140183	0
833860	0	7526106	1
833860	0	767542	1
833860	0	7706738	2
833860	0	771855	2
833860	0	7831470	1
833860	0	7944293	1
833860	0	8344031	2
833860	0	8697642	0
833860	0	8813242	2
833860	0	8833502	2
833860	0	8833504	2
833860	0	8833506	2
833860	0	8833507	2
833860	0	8833509	2
833860	0	918663	2
855410	0	1047903	0
855410	0	107007	0
855410	0	1094085	0
855410	0	1147838	0
855410	0	1186979	1
855410	0	1265640	0
855410	0	1375118	0
855410	0	1601632	0
855410	0	1601633	0
855410	0	1819434	0
855410	0	1823202	0
855410	0	1865662	0
855410	0	1943019	0
855410	0	2077825	0
855410	0	2273664	0
855410	0	2320432	0
855410	0	235313	0
855410	0	2499353	0
855410	0	2531712	0
855410	0	2699630	0
855410	0	2699633	0
855410	0	2890365	3
855410	0	290393	0
855410	0	290399	0
855410	0	2956083	0
855410	0	2956088	0
855410	0	3029131	0
855410	0	3395167	0
855410	0	3616245	0
855410	0	3723413	0
855410	0	3723415	0
855410	0	3899594	0
855410	0	3946565	0
855410	0	3950388	0
855410	0	4280787	0
855410	0	4280789	0
855410	0	4492814	0
855410	0	4492820	0
855410	0	4544524	0
855410	0	4550443	0
855410	0	4550444	0
855410	0	4554616	0
855410	0	4806059	0
855410	0	4806060	0
855410	0	4806061	0
855410	0	4905096	0
855410	0	4949888	0
855410	0	4949892	0
855410	0	5053555	0
855410	0	5053561	0
855410	0	5054952	0
855410	0	5054953	0
855410	0	5170091	0
855410	0	5227585	0
855410	0	5238596	0
855410	0	5501406	0
855410	0	5501411	0
855410	0	5886095	0
855410	0	5980107	0
855410	0	6206276	0
855410	0	6257436	1
855410	0	6385718	0
855410	0	6385723	0
855410	0	6385724	0
855410	0	6438956	0
855410	0	6468667	0
855410	0	6522121	0
855410	0	6658891	0
855410	0	6792307	0
855410	0	681984	0
855410	0	681993	0
855410	0	6897274	0
855410	0	6933293	0
855410	0	7380061	0
855410	0	7835607	0
855410	0	8157623	0
855410	0	8157631	0
855410	0	8157632	0
855410	0	8442441	0
855410	0	8442446	0
855410	0	8458402	0
855410	0	8543388	0
855410	0	8543392	0
855410	0	8543394	0
855410	0	8596531	0
855410	0	8645167	0
855410	0	8647049	0
855410	0	8647051	0
855410	0	8651770	2
855410	0	8651771	2
855410	0	8651772	1
855410	0	8651773	3
855410	0	8651775	2
855410	0	8651776	1
855410	0	8711527	0
855410	0	8792394	0
855410	0	902854	0
855410	0	944479	0
855410	0	995377	0
855410	0	995381	0
87181	0	1059517	2
87181	0	123547	2
87181	0	1700168	2
87181	0	1766470	1
87181	0	1950526	3
87181	0	1950532	3
87181	0	1961300	2
87181	0	1992881	2
87181	0	2024860	2
87181	0	2307974	2
87181	0	2307979	2
87181	0	2530227	2
87181	0	2530252	1
87181	0	2530257	2
87181	0	2556144	1
87181	0	2556149	0
87181	0	2556150	1
87181	0	2556151	2
87181	0	2556153	2
87181	0	2986227	2
87181	0	3216315	2
87181	0	3216319	2
87181	0	3914970	2
87181	0	4632251	2
87181	0	4639455	2
87181	0	4689523	3
87181	0	4689524	2
87181	0	4689525	2
87181	0	47203	0
87181	0	47204	2
87181	0	47206	1
87181	0	47207	2
87181	0	47210	0
87181	0	47211	2
87181	0	47212	2
87181	0	4786305	2
87181	0	5103077	2
87181	0	5103082	2
87181	0	5103083	2
87181	0	5197130	0
87181	0	5197133	0
87181	0	5197135	2
87181	0	5197138	0
87181	0	5469038	3
87181	0	5497677	3
87181	0	5503697	2
87181	0	5753301	2
87181	0	5758954	2
87181	0	5899049	2
87181	0	6129695	2
87181	0	6482229	2
87181	0	6484575	3
87181	0	6484576	3
87181	0	6484577	2
87181	0	6484578	2
87181	0	6521360	2
87181	0	6521365	2
87181	0	6521366	3
87181	0	6521367	2
87181	0	6685092	3
87181	0	6747685	1
87181	0	6774305	2
87181	0	6969187	2
87181	0	7057928	2
87181	0	742425	3
87181	0	7504775	0
87181	0	753721	2
87181	0	7586365	2
87181	0	7666828	1
87181	0	7666831	1
87181	0	8037179	2
87181	0	8049855	2
87181	0	8151921	2
87181	0	8151922	2
87181	0	8151926	2
87181	0	8165400	1
87181	0	8165401	2
87181	0	8165403	1
87181	0	8165404	2
87181	0	8332546	3
87181	0	8332547	3
87181	0	8332551	1
87181	0	8332555	2
87181	0	8356380	2
87181	0	8499367	2
87181	0	8522403	2
87181	0	8534130	3
87181	0	8534133	1
87181	0	8534134	3
87181	0	8534135	2
87181	0	8534136	2
87181	0	8565420	2
87181	0	8614359	2
87181	0	8614360	2
87181	0	8664069	2
87181	0	8683178	2
87181	0	8683181	1
87181	0	8683183	2
87181	0	8683185	3
87181	0	8738510	2
87452	0	110898	1
87452	0	119524	1
87452	0	119526	0
87452	0	1395625	2
87452	0	1395631	2
87452	0	1395633	2
87452	0	1518500	2
87452	0	1533416	2
87452	0	1598547	2
87452	0	1749882	2
87452	0	186931	2
87452	0	186939	2
87452	0	1890452	2
87452	0	2026774	1
87452	0	2026777	1
87452	0	2127122	1
87452	0	2205470	2
87452	0	2624886	2
87452	0	2771908	0
87452	0	3732121	0
87452	0	3809020	0
87452	0	4008486	2
87452	0	4307932	2
87452	0	4307935	2
87452	0	4307936	2
87452	0	4307938	2
87452	0	4307941	2
87452	0	4496461	2
87452	0	4557554	0
87452	0	4634899	2
87452	0	4846191	1
87452	0	4846192	2
87452	0	4846194	2
87452	0	4846197	2
87452	0	4846198	2
87452	0	4866237	2
87452	0	4866238	1
87452	0	4872055	2
87452	0	4993648	2
87452	0	5180105	2
87452	0	5219890	2
87452	0	5286924	2
87452	0	5500606	1
87452	0	5746165	1
87452	0	5746167	1
87452	0	5751686	2
87452	0	5851090	2
87452	0	5851095	2
87452	0	6018160	2
87452	0	6018161	2
87452	0	6018162	2
87452	0	6018163	2
87452	0	6018164	2
87452	0	6018165	2
87452	0	6018166	2
87452	0	6018167	2
87452	0	6018168	2
87452	0	6018169	2
87452	0	6159692	2
87452	0	7166743	1
87452	0	7166746	1
87452	0	7166749	0
87452	0	7166751	0
87452	0	7261521	2
87452	0	7261524	1
87452	0	7304545	2
87452	0	7641652	1
87452	0	7843982	2
87452	0	7843984	2
87452	0	7965004	2
87452	0	7965011	2
87452	0	8055174	2
87452	0	8081930	1
87452	0	8081937	1
87452	0	8126315	1
87452	0	8152220	2
87452	0	8152222	2
87452	0	8152225	2
87452	0	8213478	2
87452	0	8213486	1
87452	0	8333912	2
87452	0	8333913	2
87452	0	8333917	2
87452	0	8333919	2
87452	0	8333920	2
87452	0	8333921	2
87452	0	8436571	2
87452	0	8436572	1
87452	0	8436573	1
87452	0	8436574	2
87452	0	8436575	2
87452	0	8436576	2
87452	0	8436578	2
87452	0	8436579	2
87452	0	8436580	2
87452	0	8819111	2
87452	0	8819112	3
87452	0	8819113	2
87452	0	8819114	2
87452	0	8819116	2
915593	0	1396701	2
915593	0	1396705	2
915593	0	1396708	1
915593	0	1772930	2
915593	0	1972028	2
915593	0	2210590	2
915593	0	2210591	2
915593	0	2210592	2
915593	0	2210593	2
915593	0	2210594	2
915593	0	2210595	2
915593	0	2210596	1
915593	0	2210597	2
915593	0	2588143	2
915593	0	2744909	2
915593	0	2915475	1
915593	0	3069424	2
915593	0	3143377	1
915593	0	3375966	1
915593	0	3485338	2
915593	0	3523602	1
915593	0	3538160	3
915593	0	3538161	2
915593	0	3538163	2
915593	0	3538164	2
915593	0	3538166	2
915593	0	3538168	2
915593	0	3573473	1
915593	0	3573477	2
915593	0	3573478	2
915593	0	3573479	1
915593	0	3890492	1
915593	0	3930156	2
915593	0	3991910	2
915593	0	4566815	1
915593	0	4566816	2
915593	0	4566817	2
915593	0	4566818	2
915593	0	4566819	2
915593	0	4566822	2
915593	0	4566823	1
915593	0	4691129	2
915593	0	4834226	2
915593	0	4998398	2
915593	0	5931262	2
915593	0	5931553	1
915593	0	649106	0
915593	0	6546464	1
915593	0	6761340	1
915593	0	6761341	2
915593	0	6761344	2
915593	0	6761346	1
915593	0	6761348	1
915593	0	6849965	2
915593	0	6923052	2
915593	0	6923054	1
915593	0	698385	0
915593	0	7709320	2
915593	0	7715653	0
915593	0	7715657	0
915593	0	7742098	2
915593	0	7837084	1
915593	0	7837086	1
915593	0	7861751	2
915593	0	8002852	2
915593	0	8029524	2
915593	0	8029525	2
915593	0	8029527	2
915593	0	8029532	1
915593	0	8029533	2
915593	0	8103065	2
915593	0	8103067	2
915593	0	8103068	1
915593	0	8178996	2
915593	0	8178998	2
915593	0	8178999	1
915593	0	8179005	0
915593	0	82105	1
915593	0	82106	2
915593	0	82107	3
915593	0	82108	2
915593	0	82109	0
915593	0	82110	2
915593	0	82111	1
915593	0	82113	2
915593	0	82114	2
915593	0	8275207	2
915593	0	8402968	2
915593	0	8402969	1
915593	0	8402970	2
915593	0	8402971	3
915593	0	8402972	2
915593	0	8402973	2
915593	0	8402974	1
915593	0	8420020	1
915593	0	8455303	2
915593	0	8455304	2
915593	0	8455306	2
915593	0	8681775	1
915593	0	8835904	0
962179	0	1645080	2
962179	0	1882903	1
962179	0	2017001	1
962179	0	2017003	1
962179	0	2131895	1
962179	0	2131896	1
962179	0	2186434	0
962179	0	220191	1
962179	0	2329692	2
962179	0	2329693	2
962179	0	2329694	2
962179	0	2329695	1
962179	0	2329696	2
962179	0	2329697	2
962179	0	2329699	3
962179	0	2329700	1
962179	0	2329701	2
962179	0	2589902	1
962179	0	2589904	1
962179	0	2589905	1
962179	0	2632688	0
962179	0	2697161	1
962179	0	2697162	2
962179	0	2781435	0
962179	0	2978863	1
962179	0	2978864	3
962179	0	2978865	2
962179	0	2978866	3
962179	0	2978867	1
962179	0	2978868	2
962179	0	2978869	2
962179	0	2978870	2
962179	0	2978871	2
962179	0	302861	1
962179	0	302867	1
962179	0	3033200	0
962179	0	3046926	0
962179	0	3111420	0
962179	0	3173623	1
962179	0	3173625	1
962179	0	3422319	1
962179	0	3705165	3
962179	0	3896629	2
962179	0	3896632	2
962179	0	4209397	1
962179	0	4257871	2
962179	0	4257872	2
962179	0	4257873	1
962179	0	4511499	3
962179	0	4511503	2
962179	0	4606386	3
962179	0	4606387	2
962179	0	4606388	1
962179	0	4610583	0
962179	0	5105844	0
962179	0	5268432	0
962179	0	529450	0
962179	0	5329867	1
962179	0	534563	2
962179	0	536176	3
962179	0	536177	1
962179	0	536178	1
962179	0	5653655	0
962179	0	5653656	1
962179	0	5653657	0
962179	0	5653659	3
962179	0	5919340	2
962179	0	5919342	2
962179	0	5931179	0
962179	0	6186348	1
962179	0	6675259	2
962179	0	6675260	2
962179	0	6675262	1
962179	0	6675264	1
962179	0	6898289	3
962179	0	6898293	1
962179	0	6901240	1
962179	0	6904860	1
962179	0	6904861	1
962179	0	6904862	0
962179	0	6904863	1
962179	0	6980697	2
962179	0	7126025	1
962179	0	7428149	1
962179	0	7733807	2
962179	0	7733810	2
962179	0	8032264	1
962179	0	8739706	0
962179	0	8768354	1
962179	0	8785367	2
962179	0	8785368	1
962179	0	8785369	2
962179	0	8785370	1
962179	0	8785371	3
962179	0	8785372	1
962179	0	8785373	1
962179	0	8785374	2
962179	0	8785375	2
962179	0	8811422	0
962179	0	963708	1
