1037798	0	1513331	2
1037798	0	1721695	2
1037798	0	2032698	0
1037798	0	2140944	2
1037798	0	2157450	4
1037798	0	2258762	3
1037798	0	2258763	3
1037798	0	2258765	0
1037798	0	2360245	1
1037798	0	2360247	0
1037798	0	2360251	2
1037798	0	2360252	2
1037798	0	2371320	5
1037798	0	2475414	3
1037798	0	2589019	5
1037798	0	2608688	5
1037798	0	2698086	4
1037798	0	2781960	2
1037798	0	2781962	1
1037798	0	2781965	4
1037798	0	2781966	4
1037798	0	2787508	3
1037798	0	2868737	0
1037798	0	2914156	3
1037798	0	2970891	1
1037798	0	2970892	1
1037798	0	2970895	1
1037798	0	2970896	0
1037798	0	2970897	0
1037798	0	3055262	4
1037798	0	3187018	2
1037798	0	3247266	4
1037798	0	3310851	1
1037798	0	3310854	1
1037798	0	3310855	1
1037798	0	3520700	3
1037798	0	3620983	5
1037798	0	3620986	5
1037798	0	3620991	5
1037798	0	3641634	5
1037798	0	3679721	2
1037798	0	3805294	4
1037798	0	3881172	2
1037798	0	3914692	0
1037798	0	3926211	0
1037798	0	4055260	3
1037798	0	4114353	2
1037798	0	4227882	5
1037798	0	4452513	0
1037798	0	4468467	5
1037798	0	46336	4
1037798	0	4763648	2
1037798	0	4788864	5
1037798	0	4818124	4
1037798	0	4818129	4
1037798	0	4948777	2
1037798	0	4974552	5
1037798	0	5006521	3
1037798	0	5099520	5
1037798	0	5338404	4
1037798	0	5385710	1
1037798	0	6202756	2
1037798	0	6202758	2
1037798	0	6709846	1
1037798	0	6792680	2
1037798	0	6792681	2
1037798	0	6792682	0
1037798	0	6792683	1
1037798	0	6792684	3
1037798	0	6792687	4
1037798	0	6966724	1
1037798	0	7208741	4
1037798	0	7505181	3
1037798	0	7604812	2
1037798	0	7822415	5
1037798	0	7827292	2
1037798	0	7827293	2
1037798	0	7943228	5
1037798	0	7961603	4
1037798	0	8208397	5
1037798	0	8224670	5
1037798	0	8362738	4
1037798	0	8398820	2
1037798	0	8537479	5
1037798	0	8735281	2
1037798	0	8760864	5
1037798	0	8760866	5
1037798	0	8760867	5
1037798	0	8760868	5
1037798	0	8760870	5
1037798	0	8760871	5
1037798	0	8760873	5
1037798	0	8780801	0
1037798	0	8780802	1
1037798	0	8780804	0
1037798	0	8780806	1
1037798	0	8780808	1
1037798	0	8780809	2
1037798	0	8780810	2
1037798	0	994978	5
104861	0	1017092	2
104861	0	1046334	5
104861	0	1046339	5
104861	0	1055594	0
104861	0	1304632	2
104861	0	1313687	4
104861	0	146170	4
104861	0	146174	3
104861	0	1567102	5
104861	0	1675509	0
104861	0	1767224	0
104861	0	1773805	4
104861	0	1773807	5
104861	0	1811410	2
104861	0	1948963	2
104861	0	2202682	1
104861	0	2285415	0
104861	0	2294849	4
104861	0	2377050	4
104861	0	2916631	4
104861	0	3009632	1
104861	0	335342	0
104861	0	3443173	5
104861	0	3443176	5
104861	0	3471756	1
104861	0	3925933	2
104861	0	4017854	4
104861	0	4017855	1
104861	0	4017856	3
104861	0	4017858	2
104861	0	4199743	5
104861	0	4223386	1
104861	0	4230213	1
104861	0	4350439	2
104861	0	459675	2
104861	0	459676	2
104861	0	5138467	5
104861	0	5138468	2
104861	0	5138469	2
104861	0	5138471	5
104861	0	5138472	5
104861	0	5138473	5
104861	0	5138474	1
104861	0	5138476	5
104861	0	5150431	2
104861	0	5248341	4
104861	0	5248342	4
104861	0	5340890	1
104861	0	5340891	1
104861	0	5347273	0
104861	0	5394110	2
104861	0	5394112	1
104861	0	5438821	0
104861	0	5483490	1
104861	0	5667475	3
104861	0	5688415	4
104861	0	5688416	4
104861	0	5688417	5
104861	0	5688418	3
104861	0	5688421	2
104861	0	5703400	2
104861	0	5703401	2
104861	0	5776561	0
104861	0	5801822	4
104861	0	5836442	3
104861	0	599604	2
104861	0	6056676	1
104861	0	6187055	5
104861	0	6187057	1
104861	0	6187058	2
104861	0	6241793	2
104861	0	629270	2
104861	0	629273	4
104861	0	629274	5
104861	0	629276	5
104861	0	629277	2
104861	0	629278	5
104861	0	6351571	2
104861	0	6467577	4
104861	0	6467578	5
104861	0	6467579	3
104861	0	6467580	5
104861	0	6467581	5
104861	0	6585554	2
104861	0	6653674	5
104861	0	6653675	3
104861	0	6653677	4
104861	0	6653678	5
104861	0	6653679	3
104861	0	6658615	2
104861	0	6704672	5
104861	0	6904992	5
104861	0	6904999	2
104861	0	7034375	1
104861	0	715676	4
104861	0	7204477	1
104861	0	7462393	1
104861	0	8069848	0
104861	0	8297146	0
104861	0	8495099	2
1063750	0	1074552	2
1063750	0	1098173	2
1063750	0	1098174	0
1063750	0	1098175	1
1063750	0	118643	5
1063750	0	12266	4
1063750	0	1580962	1
1063750	0	1580964	0
1063750	0	1866482	5
1063750	0	1866486	2
1063750	0	1923499	2
1063750	0	1923500	5
1063750	0	1923506	2
1063750	0	2220585	2
1063750	0	2230089	3
1063750	0	2230090	1
1063750	0	2230091	2
1063750	0	2230095	4
1063750	0	2391460	1
1063750	0	2470328	2
1063750	0	2569813	5
1063750	0	2569816	2
1063750	0	2768117	2
1063750	0	2768123	2
1063750	0	2784782	5
1063750	0	2784784	5
1063750	0	2997842	1
1063750	0	309313	3
1063750	0	3259889	2
1063750	0	3259892	3
1063750	0	330159	2
1063750	0	330165	3
1063750	0	3327045	2
1063750	0	3327046	1
1063750	0	3327047	4
1063750	0	3327048	0
1063750	0	3327050	0
1063750	0	3327052	1
1063750	0	3477418	5
1063750	0	3633198	0
1063750	0	3654234	5
1063750	0	3965092	2
1063750	0	3973418	5
1063750	0	3973423	5
1063750	0	4158202	1
1063750	0	4158205	2
1063750	0	4337526	4
1063750	0	4337527	4
1063750	0	4337528	5
1063750	0	4337530	5
1063750	0	4337532	5
1063750	0	4487118	3
1063750	0	4559130	4
1063750	0	4588654	1
1063750	0	4718161	4
1063750	0	4788295	4
1063750	0	4795722	0
1063750	0	4795723	1
1063750	0	4802036	1
1063750	0	4834969	3
1063750	0	4834974	2
1063750	0	4844348	0
1063750	0	5237507	2
1063750	0	5412858	2
1063750	0	5442711	5
1063750	0	5590581	2
1063750	0	5956099	4
1063750	0	5956102	5
1063750	0	5956106	2
1063750	0	6127389	4
1063750	0	6347205	5
1063750	0	7146781	5
1063750	0	7247264	4
1063750	0	7304887	0
1063750	0	7571423	4
1063750	0	7571424	1
1063750	0	7571428	1
1063750	0	7778354	3
1063750	0	7781459	0
1063750	0	7781460	0
1063750	0	7837936	5
1063750	0	7837937	1
1063750	0	7837938	5
1063750	0	7952964	2
1063750	0	7952965	3
1063750	0	7952966	4
1063750	0	7952967	2
1063750	0	7952971	5
1063750	0	8170640	5
1063750	0	819283	2
1063750	0	819284	2
1063750	0	8239876	4
1063750	0	8239877	5
1063750	0	8384971	1
1063750	0	8384979	4
1063750	0	8640242	2
1063750	0	8722081	5
1063750	0	8821734	5
1063750	0	8821735	5
1063750	0	8821736	3
1103812	0	1214791	5
1103812	0	1294072	2
1103812	0	1434482	2
1103812	0	1614303	5
1103812	0	2060346	4
1103812	0	2332189	5
1103812	0	2473598	2
1103812	0	2535841	3
1103812	0	2541847	3
1103812	0	2581166	2
1103812	0	2586283	5
1103812	0	2703108	4
1103812	0	2703114	1
1103812	0	2720842	4
1103812	0	2730105	3
1103812	0	2750961	5
1103812	0	2750965	5
1103812	0	2790080	5
1103812	0	292716	5
1103812	0	3122425	1
1103812	0	3131753	1
1103812	0	3529443	1
1103812	0	3564774	2
1103812	0	3591090	1
1103812	0	3591092	2
1103812	0	3591094	1
1103812	0	36163	5
1103812	0	3650015	3
1103812	0	3672737	0
1103812	0	3672738	0
1103812	0	3672744	0
1103812	0	3843263	0
1103812	0	3843266	2
1103812	0	3843267	5
1103812	0	3843270	1
1103812	0	3843271	1
1103812	0	3940091	5
1103812	0	3990418	2
1103812	0	4044288	5
1103812	0	4044289	5
1103812	0	4191304	2
1103812	0	4322057	3
1103812	0	4322058	5
1103812	0	4331707	0
1103812	0	4444626	3
1103812	0	4492200	0
1103812	0	4584679	4
1103812	0	4657154	4
1103812	0	4824831	2
1103812	0	4824833	1
1103812	0	4963038	1
1103812	0	4991318	1
1103812	0	5062706	2
1103812	0	5190505	4
1103812	0	5201198	1
1103812	0	5372063	2
1103812	0	5372066	2
1103812	0	5372067	1
1103812	0	5449649	3
1103812	0	5823139	5
1103812	0	5974245	3
1103812	0	5976811	2
1103812	0	6103245	2
1103812	0	6127923	0
1103812	0	6141957	1
1103812	0	621213	5
1103812	0	645467	2
1103812	0	6569474	2
1103812	0	6604321	3
1103812	0	6604326	1
1103812	0	6799729	4
1103812	0	6924733	2
1103812	0	6939499	0
1103812	0	711271	2
1103812	0	7231343	2
1103812	0	7242599	4
1103812	0	7280671	2
1103812	0	7280672	4
1103812	0	7293191	1
1103812	0	7491609	4
1103812	0	7753287	4
1103812	0	7760621	1
1103812	0	7965773	0
1103812	0	8084238	4
1103812	0	8157968	3
1103812	0	8220081	5
1103812	0	8220085	5
1103812	0	8220086	5
1103812	0	8220087	5
1103812	0	8220088	5
1103812	0	8220089	5
1103812	0	8224175	4
1103812	0	8224183	4
1103812	0	8402961	0
1103812	0	865879	5
1103812	0	868008	2
1103812	0	8755009	3
1103812	0	8789820	1
1103812	0	896505	5
1103812	0	961775	5
1106007	0	1266234	2
1106007	0	1294320	0
1106007	0	1334328	5
1106007	0	1334330	5
1106007	0	1334331	5
1106007	0	1334334	5
1106007	0	1334335	5
1106007	0	1334336	5
1106007	0	1560243	3
1106007	0	1700769	3
1106007	0	1892454	2
1106007	0	2186171	1
1106007	0	2384065	3
1106007	0	2464373	1
1106007	0	2464374	3
1106007	0	2464375	5
1106007	0	2464376	2
1106007	0	2464378	0
1106007	0	2464379	0
1106007	0	2513606	2
1106007	0	2513608	1
1106007	0	2513609	0
1106007	0	2672601	5
1106007	0	2672608	5
1106007	0	2777111	4
1106007	0	2798876	3
1106007	0	2866627	4
1106007	0	2866630	3
1106007	0	2866634	0
1106007	0	2960558	5
1106007	0	2960561	5
1106007	0	2960563	5
1106007	0	2960564	4
1106007	0	2960566	5
1106007	0	3058529	1
1106007	0	3058967	1
1106007	0	3184240	4
1106007	0	3390428	4
1106007	0	3530025	2
1106007	0	3537611	2
1106007	0	3759894	1
1106007	0	3859263	1
1106007	0	4004169	2
1106007	0	4004170	4
1106007	0	4004173	4
1106007	0	4173707	4
1106007	0	4173709	5
1106007	0	4173712	5
1106007	0	420111	0
1106007	0	4781863	2
1106007	0	4781867	1
1106007	0	4912192	2
1106007	0	5204536	2
1106007	0	5204537	1
1106007	0	5204538	4
1106007	0	5204539	1
1106007	0	5204540	3
1106007	0	5204544	4
1106007	0	5279697	1
1106007	0	5279699	0
1106007	0	5279702	0
1106007	0	5279704	0
1106007	0	5311662	2
1106007	0	550999	1
1106007	0	551007	1
1106007	0	5571602	2
1106007	0	5571606	2
1106007	0	5774818	5
1106007	0	5780388	5
1106007	0	600704	3
1106007	0	6182968	2
1106007	0	6282108	4
1106007	0	6282110	2
1106007	0	6963994	2
1106007	0	701605	2
1106007	0	7211746	2
1106007	0	746358	5
1106007	0	7685380	5
1106007	0	7685381	4
1106007	0	7685382	4
1106007	0	7685383	4
1106007	0	7685384	4
1106007	0	7685385	5
1106007	0	7685386	4
1106007	0	7685387	2
1106007	0	7685388	5
1106007	0	8141089	3
1106007	0	8199519	2
1106007	0	8199521	5
1106007	0	8204457	5
1106007	0	832999	2
1106007	0	8398353	1
1106007	0	8521668	3
1106007	0	8521673	5
1106007	0	8521674	1
1106007	0	899461	0
1106007	0	899465	2
1106007	0	899467	2
1106007	0	899468	2
1106007	0	904504	2
1110199	0	1123090	5
1110199	0	1144986	0
1110199	0	1144987	4
1110199	0	1321205	4
1110199	0	1592475	2
1110199	0	1592477	2
1110199	0	1809288	1
1110199	0	1890810	0
1110199	0	1901876	5
1110199	0	1901877	5
1110199	0	1901878	5
1110199	0	1901879	5
1110199	0	1901881	5
1110199	0	1901882	5
1110199	0	2301113	3
1110199	0	2301115	3
1110199	0	2301117	2
1110199	0	2301118	0
1110199	0	239443	5
1110199	0	239444	5
1110199	0	2474406	2
1110199	0	2655843	5
1110199	0	2655848	3
1110199	0	2655849	4
1110199	0	2796204	4
1110199	0	2854609	1
1110199	0	2958762	2
1110199	0	3110637	5
1110199	0	313193	0
1110199	0	3135733	4
1110199	0	3230845	1
1110199	0	3270582	1
1110199	0	3270584	2
1110199	0	3272911	4
1110199	0	3272914	0
1110199	0	3515650	3
1110199	0	3519482	2
1110199	0	3838638	5
1110199	0	3838645	5
1110199	0	4057232	5
1110199	0	4489656	4
1110199	0	4496260	2
1110199	0	4504233	5
1110199	0	4511137	5
1110199	0	4511144	4
1110199	0	4558057	0
1110199	0	4588784	5
1110199	0	4624021	0
1110199	0	4674430	2
1110199	0	4800726	2
1110199	0	4800727	1
1110199	0	4800728	1
1110199	0	4800732	1
1110199	0	5049363	4
1110199	0	5074861	1
1110199	0	5172684	4
1110199	0	5387204	2
1110199	0	5387205	2
1110199	0	5479	3
1110199	0	5516092	3
1110199	0	5627957	4
1110199	0	5641717	2
1110199	0	5641718	2
1110199	0	5701621	2
1110199	0	5857920	1
1110199	0	5857921	5
1110199	0	5857923	2
1110199	0	5857924	0
1110199	0	5857925	1
1110199	0	5857927	3
1110199	0	6056861	1
1110199	0	618109	2
1110199	0	627298	0
1110199	0	6368887	5
1110199	0	6368891	4
1110199	0	6382102	0
1110199	0	6392463	5
1110199	0	6573362	2
1110199	0	6594551	2
1110199	0	6594555	1
1110199	0	712232	1
1110199	0	712235	2
1110199	0	7344200	0
1110199	0	7344201	1
1110199	0	7628033	1
1110199	0	7628037	2
1110199	0	7840255	2
1110199	0	789712	4
1110199	0	8160518	5
1110199	0	8160519	5
1110199	0	8160520	5
1110199	0	8160521	5
1110199	0	8160522	4
1110199	0	8160524	2
1110199	0	8160526	4
1110199	0	8160527	5
1110199	0	8404306	3
1110199	0	8404307	3
1110199	0	955120	2
1110199	0	986780	3
1112341	0	1087925	3
1112341	0	1087926	2
1112341	0	1087928	5
1112341	0	1253949	4
1112341	0	1288918	0
1112341	0	1373648	1
1112341	0	1450347	4
1112341	0	2095998	0
1112341	0	2173822	2
1112341	0	2517481	1
1112341	0	2596431	1
1112341	0	2596432	1
1112341	0	2694630	5
1112341	0	2694631	3
1112341	0	2694632	5
1112341	0	2694633	3
1112341	0	2694635	4
1112341	0	2694636	5
1112341	0	2735219	3
1112341	0	2835596	1
1112341	0	3118339	2
1112341	0	3118342	2
1112341	0	3252208	4
1112341	0	3274664	2
1112341	0	3291145	4
1112341	0	3291146	2
1112341	0	3291151	4
1112341	0	3408230	0
1112341	0	3493341	5
1112341	0	3519877	0
1112341	0	3524227	4
1112341	0	3666606	2
1112341	0	3795887	4
1112341	0	3795889	2
1112341	0	4022849	5
1112341	0	4390804	2
1112341	0	4461904	0
1112341	0	4703755	4
1112341	0	4704992	2
1112341	0	4833308	1
1112341	0	4833309	1
1112341	0	4833311	1
1112341	0	4833312	0
1112341	0	4977768	1
1112341	0	5043405	0
1112341	0	508019	2
1112341	0	508020	1
1112341	0	5133283	4
1112341	0	5133287	4
1112341	0	524251	3
1112341	0	5491786	2
1112341	0	550571	2
1112341	0	6164791	5
1112341	0	6227266	3
1112341	0	6303183	3
1112341	0	6311794	2
1112341	0	6311795	5
1112341	0	6311799	4
1112341	0	6311801	5
1112341	0	6339381	2
1112341	0	6459590	5
1112341	0	6478665	3
1112341	0	6715183	1
1112341	0	6715187	1
1112341	0	6726337	4
1112341	0	6726338	5
1112341	0	6726340	5
1112341	0	6726341	5
1112341	0	6726342	5
1112341	0	6726344	5
1112341	0	6726346	0
1112341	0	6873574	0
1112341	0	6947368	0
1112341	0	7079776	5
1112341	0	7615749	4
1112341	0	7708623	2
1112341	0	8134792	4
1112341	0	8139250	2
1112341	0	8139255	5
1112341	0	8139256	5
1112341	0	8139257	5
1112341	0	8139258	5
1112341	0	8326587	5
1112341	0	8326588	2
1112341	0	8337125	5
1112341	0	8337129	5
1112341	0	8442173	5
1112341	0	8442174	2
1112341	0	8442176	2
1112341	0	8442177	2
1112341	0	8442178	1
1112341	0	8442180	2
1112341	0	8606160	3
1112341	0	8606161	3
1112341	0	8651336	5
1112341	0	8700906	2
1112341	0	875123	2
1112341	0	8764445	0
1112341	0	90432	1
1112341	0	90433	2
1113437	0	1066538	4
1113437	0	1280567	1
1113437	0	1280568	5
1113437	0	1280569	2
1113437	0	1280571	2
1113437	0	1454814	3
1113437	0	1681785	5
1113437	0	1768727	4
1113437	0	1896939	3
1113437	0	1896943	5
1113437	0	2001933	4
1113437	0	2001934	4
1113437	0	2001936	4
1113437	0	2226349	5
1113437	0	2354941	3
1113437	0	2354947	5
1113437	0	2595622	0
1113437	0	2595628	0
1113437	0	3026984	3
1113437	0	3089474	2
1113437	0	3125154	5
1113437	0	3125155	2
1113437	0	3325381	2
1113437	0	3687620	2
1113437	0	3880944	3
1113437	0	4016930	2
1113437	0	4016933	2
1113437	0	4016934	2
1113437	0	4016937	2
1113437	0	4016938	4
1113437	0	4216336	2
1113437	0	4367832	5
1113437	0	4412234	3
1113437	0	4473156	4
1113437	0	4473157	5
1113437	0	4498867	4
1113437	0	4751835	5
1113437	0	4751839	2
1113437	0	4981632	0
1113437	0	5188747	3
1113437	0	520325	0
1113437	0	5514586	5
1113437	0	5514592	2
1113437	0	5514594	1
1113437	0	5546288	5
1113437	0	5591647	0
1113437	0	5863434	4
1113437	0	5938418	2
1113437	0	5938419	2
1113437	0	5938421	2
1113437	0	5938425	5
1113437	0	5996691	5
1113437	0	6021902	5
1113437	0	6148219	1
1113437	0	6174328	5
1113437	0	6174329	4
1113437	0	631946	1
1113437	0	631949	5
1113437	0	6593841	3
1113437	0	6593846	4
1113437	0	6597538	0
1113437	0	6688843	4
1113437	0	6688848	2
1113437	0	6792385	2
1113437	0	7263162	1
1113437	0	7263163	0
1113437	0	7377278	2
1113437	0	7385215	1
1113437	0	7385217	1
1113437	0	7385219	2
1113437	0	7385221	4
1113437	0	7385222	5
1113437	0	742037	5
1113437	0	742039	0
1113437	0	742044	5
1113437	0	7890527	2
1113437	0	8128790	4
1113437	0	8128792	2
1113437	0	8128793	2
1113437	0	8128794	4
1113437	0	8128795	4
1113437	0	8128796	5
1113437	0	8128798	3
1113437	0	8162984	1
1113437	0	8361680	1
1113437	0	8503446	3
1113437	0	8503447	1
1113437	0	8503449	1
1113437	0	8503450	2
1113437	0	8503451	0
1113437	0	8503452	0
1113437	0	8503453	2
1113437	0	8503455	1
1113437	0	8729210	1
1113437	0	8729212	5
1113437	0	8729214	1
1113437	0	8729215	1
1113437	0	8729216	5
1113437	0	8729218	5
1113437	0	8729219	5
1114646	0	1203975	2
1114646	0	1320853	0
1114646	0	1320856	0
1114646	0	1713662	0
1114646	0	1884059	5
1114646	0	1919864	2
1114646	0	2003060	2
1114646	0	2201127	5
1114646	0	2245935	2
1114646	0	2245938	2
1114646	0	2312898	0
1114646	0	238332	2
1114646	0	2524143	1
1114646	0	2647994	5
1114646	0	266552	5
1114646	0	2676807	4
1114646	0	2695584	1
1114646	0	288448	2
1114646	0	2911035	3
1114646	0	2911039	4
1114646	0	2911040	3
1114646	0	3056368	5
1114646	0	3184850	2
1114646	0	3184851	2
1114646	0	3249944	2
1114646	0	3467665	4
1114646	0	3480746	1
1114646	0	3480748	1
1114646	0	3996005	0
1114646	0	4145526	2
1114646	0	4329469	2
1114646	0	4332918	5
1114646	0	444374	4
1114646	0	444375	2
1114646	0	444377	3
1114646	0	444380	4
1114646	0	444382	2
1114646	0	4512955	1
1114646	0	4512958	1
1114646	0	4541939	2
1114646	0	4762665	1
1114646	0	4771285	3
1114646	0	4774522	2
1114646	0	482778	0
1114646	0	4919404	2
1114646	0	492400	2
1114646	0	4969553	2
1114646	0	5041692	3
1114646	0	5126393	1
1114646	0	5127880	1
1114646	0	5127884	1
1114646	0	5217702	4
1114646	0	5229617	3
1114646	0	5279567	5
1114646	0	529083	1
1114646	0	5376819	1
1114646	0	5417949	5
1114646	0	5417952	5
1114646	0	5417953	5
1114646	0	5417954	5
1114646	0	54346	2
1114646	0	5533216	0
1114646	0	5640856	3
1114646	0	5640859	4
1114646	0	5661838	4
1114646	0	579554	5
1114646	0	5836029	4
1114646	0	6124144	0
1114646	0	6124145	1
1114646	0	6124147	3
1114646	0	6348309	5
1114646	0	6704400	5
1114646	0	6704401	5
1114646	0	6711103	5
1114646	0	687064	5
1114646	0	6886644	1
1114646	0	7065010	3
1114646	0	7196956	4
1114646	0	7196961	4
1114646	0	771368	5
1114646	0	7726514	1
1114646	0	7762609	2
1114646	0	8117087	4
1114646	0	8117088	2
1114646	0	8117089	5
1114646	0	8117090	5
1114646	0	8117091	5
1114646	0	8117092	5
1114646	0	8117094	5
1114646	0	8117095	4
1114646	0	8117096	5
1114646	0	8327369	4
1114646	0	8329774	2
1114646	0	8363267	0
1114646	0	8363271	0
1114646	0	8385147	2
1114646	0	857788	3
1114646	0	857789	3
1114646	0	857796	1
1114646	0	8665820	5
1114819	0	1009500	2
1114819	0	1248112	2
1114819	0	1302004	5
1114819	0	1302007	5
1114819	0	1315993	5
1114819	0	1315994	5
1114819	0	1315995	5
1114819	0	1315996	5
1114819	0	1315998	4
1114819	0	1316000	2
1114819	0	1419798	2
1114819	0	1419801	1
1114819	0	1625836	5
1114819	0	1724520	4
1114819	0	1724525	5
1114819	0	1724526	1
1114819	0	1735443	2
1114819	0	1738242	5
1114819	0	1738243	4
1114819	0	1738250	5
1114819	0	1816958	0
1114819	0	1852066	1
1114819	0	2008577	2
1114819	0	2136434	5
1114819	0	2212059	4
1114819	0	2477692	2
1114819	0	2590453	1
1114819	0	2590454	2
1114819	0	2590455	2
1114819	0	2831393	0
1114819	0	2879085	2
1114819	0	344350	5
1114819	0	344351	4
1114819	0	3484458	3
1114819	0	3781418	3
1114819	0	3781422	0
1114819	0	3906952	3
1114819	0	3906954	5
1114819	0	3906959	3
1114819	0	4890560	4
1114819	0	5019832	4
1114819	0	5019839	4
1114819	0	5156171	1
1114819	0	5165249	3
1114819	0	534362	3
1114819	0	5521371	5
1114819	0	5521373	3
1114819	0	5628950	0
1114819	0	5628952	5
1114819	0	5628955	0
1114819	0	5718417	1
1114819	0	6202321	1
1114819	0	6820823	2
1114819	0	6900766	5
1114819	0	6900767	2
1114819	0	6900769	1
1114819	0	6900773	2
1114819	0	6900774	5
1114819	0	6941478	3
1114819	0	694735	1
1114819	0	694737	2
1114819	0	7132894	1
1114819	0	7132895	0
1114819	0	750446	0
1114819	0	7588045	3
1114819	0	7803435	3
1114819	0	785027	4
1114819	0	8022276	5
1114819	0	8022280	4
1114819	0	8024890	5
1114819	0	8027206	2
1114819	0	8088111	1
1114819	0	8096817	3
1114819	0	8096824	2
1114819	0	8115435	2
1114819	0	8115439	2
1114819	0	8115440	2
1114819	0	8115700	0
1114819	0	8115701	1
1114819	0	8115705	0
1114819	0	8336225	2
1114819	0	8336229	5
1114819	0	8336230	3
1114819	0	8336232	2
1114819	0	8480574	2
1114819	0	8508255	2
1114819	0	8508259	2
1114819	0	8508263	4
1114819	0	8579835	0
1114819	0	8625086	5
1114819	0	8736056	2
1114819	0	8754397	4
1114819	0	8754398	4
1114819	0	8754404	1
1114819	0	8768742	5
1114819	0	988370	5
1114819	0	988373	2
1114819	0	988374	1
1114819	0	988376	5
1114819	0	988378	1
1115776	0	1024554	2
1115776	0	1036904	5
1115776	0	1131734	2
1115776	0	1470410	0
1115776	0	1551024	2
1115776	0	1583930	2
1115776	0	1593001	4
1115776	0	1593006	4
1115776	0	1729572	4
1115776	0	1729576	4
1115776	0	1931035	3
1115776	0	2052727	4
1115776	0	2052728	3
1115776	0	2052730	5
1115776	0	2054815	5
1115776	0	2054819	5
1115776	0	2364285	5
1115776	0	2379497	2
1115776	0	2463576	0
1115776	0	2514462	2
1115776	0	266655	2
1115776	0	266658	4
1115776	0	266660	4
1115776	0	3344075	3
1115776	0	3411245	5
1115776	0	3469357	5
1115776	0	3626857	0
1115776	0	3626866	1
1115776	0	388122	4
1115776	0	3972605	4
1115776	0	3972606	1
1115776	0	4051141	2
1115776	0	4051145	3
1115776	0	4131485	5
1115776	0	4314169	5
1115776	0	4314171	5
1115776	0	4314172	5
1115776	0	4314174	5
1115776	0	4314175	5
1115776	0	4314176	5
1115776	0	4314178	5
1115776	0	4487937	5
1115776	0	4673198	4
1115776	0	4875857	1
1115776	0	4875858	4
1115776	0	492332	2
1115776	0	499309	2
1115776	0	5264931	5
1115776	0	5366585	2
1115776	0	5442399	0
1115776	0	5605159	3
1115776	0	5605160	2
1115776	0	5741317	0
1115776	0	5741321	0
1115776	0	5741322	0
1115776	0	5756364	2
1115776	0	5756367	1
1115776	0	5817439	0
1115776	0	5950738	4
1115776	0	5992104	1
1115776	0	6064471	2
1115776	0	622467	1
1115776	0	6318781	3
1115776	0	6326329	4
1115776	0	6564290	2
1115776	0	6564291	3
1115776	0	6692795	1
1115776	0	6718802	3
1115776	0	6934010	5
1115776	0	6973128	2
1115776	0	6973131	1
1115776	0	6989198	5
1115776	0	7015926	0
1115776	0	7140932	1
1115776	0	7183516	3
1115776	0	7271776	2
1115776	0	8099693	0
1115776	0	8099694	1
1115776	0	8099695	2
1115776	0	8099698	2
1115776	0	8106317	5
1115776	0	8106318	4
1115776	0	8106320	5
1115776	0	8106321	5
1115776	0	8106322	4
1115776	0	8106323	5
1115776	0	8106324	5
1115776	0	8108813	1
1115776	0	8177307	1
1115776	0	8177308	1
1115776	0	8177309	1
1115776	0	8177313	1
1115776	0	8382248	2
1115776	0	8417615	2
1115776	0	843572	2
1115776	0	8495250	5
1115776	0	8496317	1
1115776	0	8621766	2
1115776	0	8621772	2
1115776	0	900808	2
1117099	0	1123494	1
1117099	0	1123496	3
1117099	0	1252737	2
1117099	0	1389420	5
1117099	0	1445087	1
1117099	0	1542026	2
1117099	0	1798612	5
1117099	0	1798619	4
1117099	0	1798620	5
1117099	0	1986011	0
1117099	0	2109699	2
1117099	0	2128238	1
1117099	0	2128240	2
1117099	0	2157566	2
1117099	0	2867222	2
1117099	0	3019325	1
1117099	0	3104260	1
1117099	0	3104262	4
1117099	0	3104266	2
1117099	0	3128108	0
1117099	0	3128111	0
1117099	0	3128114	0
1117099	0	334615	4
1117099	0	3349612	5
1117099	0	3522902	2
1117099	0	3543106	5
1117099	0	3633442	0
1117099	0	375965	0
1117099	0	3921953	2
1117099	0	3973311	0
1117099	0	3973315	1
1117099	0	4268796	2
1117099	0	4268798	2
1117099	0	4441325	5
1117099	0	4458509	5
1117099	0	4458510	4
1117099	0	4458512	5
1117099	0	4759491	1
1117099	0	4759493	2
1117099	0	4759494	1
1117099	0	4759495	3
1117099	0	4759497	1
1117099	0	514309	2
1117099	0	514314	1
1117099	0	5149273	2
1117099	0	5258462	4
1117099	0	5286535	5
1117099	0	5286538	5
1117099	0	5286539	5
1117099	0	5377585	4
1117099	0	5699286	3
1117099	0	5752877	2
1117099	0	5795852	2
1117099	0	5817484	3
1117099	0	5874016	3
1117099	0	5874017	2
1117099	0	59312	2
1117099	0	5950904	1
1117099	0	5950907	1
1117099	0	5950908	2
1117099	0	5979210	2
1117099	0	5979211	2
1117099	0	6122720	5
1117099	0	6122721	5
1117099	0	6122722	5
1117099	0	6122723	5
1117099	0	6122724	5
1117099	0	6534818	4
1117099	0	6579664	2
1117099	0	6776508	2
1117099	0	6936935	2
1117099	0	6940557	1
1117099	0	6940558	2
1117099	0	6993942	4
1117099	0	700495	3
1117099	0	700497	4
1117099	0	7135561	4
1117099	0	714808	5
1117099	0	7313639	0
1117099	0	7313643	0
1117099	0	7408505	1
1117099	0	74528	3
1117099	0	7610604	3
1117099	0	8019446	3
1117099	0	8072928	0
1117099	0	8072932	1
1117099	0	8093927	4
1117099	0	8093931	5
1117099	0	8093932	5
1117099	0	8093933	4
1117099	0	8093934	5
1117099	0	8144478	3
1117099	0	8208315	5
1117099	0	8446501	5
1117099	0	8446502	4
1117099	0	8446504	4
1117099	0	8446505	5
1117099	0	8446506	4
1117099	0	8714082	5
1117099	0	8838111	5
1121402	0	1249687	2
1121402	0	1323047	4
1121402	0	1323048	3
1121402	0	1429447	1
1121402	0	1429448	1
1121402	0	182364	3
1121402	0	182365	4
1121402	0	182366	5
1121402	0	182367	5
1121402	0	182368	5
1121402	0	182369	5
1121402	0	182370	2
1121402	0	182371	4
1121402	0	182372	5
1121402	0	182373	2
1121402	0	188209	5
1121402	0	188210	4
1121402	0	188211	3
1121402	0	188213	5
1121402	0	188214	4
1121402	0	188215	4
1121402	0	188216	3
1121402	0	188217	3
1121402	0	188218	2
1121402	0	2042119	1
1121402	0	2070714	2
1121402	0	2070717	2
1121402	0	2191941	1
1121402	0	252277	1
1121402	0	2633464	2
1121402	0	2681041	2
1121402	0	2681042	3
1121402	0	2681043	3
1121402	0	2681045	3
1121402	0	2681046	2
1121402	0	2681048	1
1121402	0	3412904	2
1121402	0	3412909	2
1121402	0	3511789	4
1121402	0	3511795	0
1121402	0	3674181	2
1121402	0	3674187	3
1121402	0	3785307	2
1121402	0	3785308	5
1121402	0	3785309	2
1121402	0	3785310	4
1121402	0	4098073	2
1121402	0	4293064	1
1121402	0	43770	2
1121402	0	4449258	5
1121402	0	4449267	5
1121402	0	4486893	0
1121402	0	4616915	3
1121402	0	4620827	4
1121402	0	465101	1
1121402	0	465103	1
1121402	0	4893517	0
1121402	0	4893520	0
1121402	0	5048803	4
1121402	0	5103865	0
1121402	0	5189913	5
1121402	0	5189915	0
1121402	0	5189916	1
1121402	0	53696	0
1121402	0	5662150	0
1121402	0	6001847	4
1121402	0	7011506	4
1121402	0	7059621	2
1121402	0	7125978	3
1121402	0	7125980	5
1121402	0	7125981	5
1121402	0	7125982	4
1121402	0	7125983	5
1121402	0	7125985	4
1121402	0	7125987	5
1121402	0	7142994	5
1121402	0	7144703	2
1121402	0	7144705	2
1121402	0	7144708	2
1121402	0	7144709	2
1121402	0	7244820	1
1121402	0	7350653	1
1121402	0	7489485	2
1121402	0	7489487	2
1121402	0	7489488	1
1121402	0	7489490	0
1121402	0	7922814	2
1121402	0	8052617	5
1121402	0	8052619	5
1121402	0	8052620	5
1121402	0	8052621	5
1121402	0	8052622	5
1121402	0	8052623	5
1121402	0	8052624	5
1121402	0	8089444	5
1121402	0	8235730	5
1121402	0	8301689	0
1121402	0	8710743	1
1121402	0	8710746	0
1121402	0	8710749	2
1121709	0	1019579	0
1121709	0	1130925	2
1121709	0	1282652	3
1121709	0	1337300	1
1121709	0	1392335	3
1121709	0	1428558	0
1121709	0	1544063	4
1121709	0	1752809	3
1121709	0	1752813	2
1121709	0	181615	2
1121709	0	1937668	1
1121709	0	2051808	5
1121709	0	2254681	4
1121709	0	2450177	2
1121709	0	2678200	4
1121709	0	2706639	5
1121709	0	2706640	5
1121709	0	2706641	4
1121709	0	2706644	5
1121709	0	2706645	5
1121709	0	2706646	5
1121709	0	2736650	2
1121709	0	2862716	1
1121709	0	2862721	1
1121709	0	2909240	4
1121709	0	3093171	0
1121709	0	3151648	2
1121709	0	3158258	4
1121709	0	3165925	4
1121709	0	3239097	3
1121709	0	3310721	5
1121709	0	3423059	5
1121709	0	3423060	5
1121709	0	3423061	5
1121709	0	3423062	5
1121709	0	3423063	5
1121709	0	3423066	4
1121709	0	3423067	5
1121709	0	3445593	2
1121709	0	3593845	5
1121709	0	3631771	1
1121709	0	3632519	2
1121709	0	3734255	1
1121709	0	3861963	0
1121709	0	3891393	3
1121709	0	4156464	4
1121709	0	4205676	2
1121709	0	4463685	2
1121709	0	4507184	1
1121709	0	4566164	2
1121709	0	4832967	2
1121709	0	4884996	2
1121709	0	4928911	4
1121709	0	5101496	3
1121709	0	5198518	4
1121709	0	5266215	3
1121709	0	5719061	0
1121709	0	5719086	4
1121709	0	5777842	0
1121709	0	5781689	1
1121709	0	5829861	2
1121709	0	602393	0
1121709	0	6025896	1
1121709	0	6238758	4
1121709	0	6336517	0
1121709	0	6359259	4
1121709	0	6442070	0
1121709	0	6506760	0
1121709	0	6630430	5
1121709	0	700135	4
1121709	0	7050867	2
1121709	0	7313132	2
1121709	0	7397910	2
1121709	0	7473134	2
1121709	0	7473136	2
1121709	0	7473137	3
1121709	0	7473140	2
1121709	0	7656406	1
1121709	0	7741960	1
1121709	0	7783796	1
1121709	0	7996835	1
1121709	0	7996837	1
1121709	0	8024819	1
1121709	0	8049577	5
1121709	0	8049578	5
1121709	0	8049579	5
1121709	0	8049580	5
1121709	0	8049582	5
1121709	0	8049583	5
1121709	0	8049584	5
1121709	0	8049585	5
1121709	0	8049586	5
1121709	0	8392389	2
1121709	0	8621380	3
1121709	0	8655465	3
1121709	0	8655470	2
1121709	0	8784093	2
1121709	0	8798729	0
1121709	0	8811020	2
1121709	0	918204	5
1124210	0	1194682	3
1124210	0	131190	5
1124210	0	1362721	5
1124210	0	1383615	1
1124210	0	1383617	1
1124210	0	1383618	0
1124210	0	1383624	4
1124210	0	148318	2
1124210	0	1689639	5
1124210	0	1701417	2
1124210	0	1702008	2
1124210	0	181177	5
1124210	0	2070279	3
1124210	0	2200000	1
1124210	0	2200002	2
1124210	0	2258591	5
1124210	0	2258592	5
1124210	0	2258595	5
1124210	0	2258596	5
1124210	0	2303835	2
1124210	0	2303836	1
1124210	0	2303838	3
1124210	0	2494577	5
1124210	0	2632284	1
1124210	0	2728448	5
1124210	0	273566	2
1124210	0	3031380	2
1124210	0	3162331	5
1124210	0	3446170	5
1124210	0	3520552	2
1124210	0	3520553	5
1124210	0	3680798	1
1124210	0	3680799	2
1124210	0	3680800	2
1124210	0	3680801	4
1124210	0	3680802	4
1124210	0	3680805	2
1124210	0	371352	4
1124210	0	371357	2
1124210	0	3750823	1
1124210	0	3750824	4
1124210	0	3907021	5
1124210	0	4057442	2
1124210	0	4074148	5
1124210	0	4074149	4
1124210	0	4191083	1
1124210	0	4232134	0
1124210	0	4232139	2
1124210	0	4241350	3
1124210	0	4425464	2
1124210	0	475041	3
1124210	0	4794725	4
1124210	0	4794729	4
1124210	0	4840515	3
1124210	0	4957842	4
1124210	0	4958356	5
1124210	0	502337	4
1124210	0	5056100	5
1124210	0	5125015	1
1124210	0	5281849	1
1124210	0	5303910	0
1124210	0	5366909	1
1124210	0	5366913	1
1124210	0	546154	4
1124210	0	546155	2
1124210	0	546157	3
1124210	0	546158	1
1124210	0	5512675	0
1124210	0	5940130	0
1124210	0	5940134	0
1124210	0	607910	0
1124210	0	6172881	5
1124210	0	6213217	2
1124210	0	6263923	5
1124210	0	6552719	2
1124210	0	6704887	2
1124210	0	6992534	2
1124210	0	7205586	2
1124210	0	7205919	2
1124210	0	7205920	5
1124210	0	7205923	0
1124210	0	7208694	5
1124210	0	7229021	0
1124210	0	7234569	0
1124210	0	7278459	4
1124210	0	7278463	3
1124210	0	729893	1
1124210	0	7443586	5
1124210	0	7526587	4
1124210	0	7566672	2
1124210	0	7566674	1
1124210	0	7566675	4
1124210	0	7581155	5
1124210	0	7746535	3
1124210	0	7756780	1
1124210	0	7756781	5
1124210	0	7832730	3
1124210	0	7851118	1
1124210	0	8026737	5
1124210	0	841738	2
1129237	0	1080294	2
1129237	0	1160807	3
1129237	0	1169297	3
1129237	0	1169301	3
1129237	0	128982	5
1129237	0	128984	5
1129237	0	128989	5
1129237	0	1770027	4
1129237	0	1896189	1
1129237	0	1959030	3
1129237	0	2152821	4
1129237	0	2152828	1
1129237	0	2176863	2
1129237	0	2202086	2
1129237	0	2453794	4
1129237	0	2580204	0
1129237	0	2696926	5
1129237	0	2697746	4
1129237	0	2697752	5
1129237	0	2972916	3
1129237	0	3097761	5
1129237	0	3131122	5
1129237	0	3156016	0
1129237	0	321226	4
1129237	0	3247727	4
1129237	0	3285056	2
1129237	0	3352740	2
1129237	0	3456618	2
1129237	0	3641168	2
1129237	0	3683096	3
1129237	0	3905055	4
1129237	0	3905057	5
1129237	0	3905799	5
1129237	0	3905802	5
1129237	0	3932424	1
1129237	0	3950048	1
1129237	0	4141012	4
1129237	0	4254811	5
1129237	0	4254813	3
1129237	0	4254815	5
1129237	0	4254816	5
1129237	0	4449295	2
1129237	0	4569648	0
1129237	0	461835	2
1129237	0	4773351	2
1129237	0	4787274	2
1129237	0	483367	0
1129237	0	4915547	1
1129237	0	4924434	1
1129237	0	5032115	3
1129237	0	5619502	4
1129237	0	5627214	5
1129237	0	568162	0
1129237	0	5831781	2
1129237	0	5831788	5
1129237	0	5894033	2
1129237	0	5906130	5
1129237	0	5916672	1
1129237	0	6080460	5
1129237	0	6165827	1
1129237	0	6194649	2
1129237	0	6343520	3
1129237	0	6343521	2
1129237	0	6366866	2
1129237	0	6575091	0
1129237	0	6640165	4
1129237	0	6646337	2
1129237	0	6771711	4
1129237	0	6956014	2
1129237	0	7050921	1
1129237	0	7092638	0
1129237	0	7132886	2
1129237	0	7208025	2
1129237	0	7273363	1
1129237	0	7337950	3
1129237	0	7350325	2
1129237	0	7673289	1
1129237	0	767822	0
1129237	0	7688471	1
1129237	0	7874563	4
1129237	0	7874566	2
1129237	0	7911557	5
1129237	0	8033081	2
1129237	0	806652	5
1129237	0	824966	0
1129237	0	8450766	5
1129237	0	8469257	4
1129237	0	8588219	5
1129237	0	8588222	4
1129237	0	8588226	5
1129237	0	8588227	4
1129237	0	8596875	2
1129237	0	8658472	1
1129237	0	8682824	5
1129237	0	8712732	2
1129237	0	895802	1
1129237	0	931707	0
1129237	0	998747	1
1129237	0	998748	5
1129237	0	998751	5
1133167	0	1379370	2
1133167	0	1824479	4
1133167	0	1824480	5
1133167	0	1824481	2
1133167	0	1824484	3
1133167	0	1824485	5
1133167	0	1824486	4
1133167	0	1824487	2
1133167	0	1824488	5
1133167	0	1883272	4
1133167	0	1883273	5
1133167	0	1883276	1
1133167	0	1883280	2
1133167	0	1883281	1
1133167	0	190802	3
1133167	0	190803	5
1133167	0	190804	5
1133167	0	190805	1
1133167	0	190806	5
1133167	0	190808	4
1133167	0	190810	1
1133167	0	190811	2
1133167	0	2070087	0
1133167	0	2276678	4
1133167	0	2419498	1
1133167	0	2613291	2
1133167	0	2613296	3
1133167	0	3023120	4
1133167	0	3023123	3
1133167	0	3074599	5
1133167	0	3355083	2
1133167	0	3391439	3
1133167	0	3944276	0
1133167	0	3944277	0
1133167	0	3953805	1
1133167	0	3953807	4
1133167	0	434119	4
1133167	0	434120	5
1133167	0	434121	4
1133167	0	434123	2
1133167	0	434124	3
1133167	0	434125	4
1133167	0	434126	0
1133167	0	4443375	2
1133167	0	4498473	0
1133167	0	4498474	4
1133167	0	4498476	4
1133167	0	4498477	2
1133167	0	4498478	4
1133167	0	4498479	4
1133167	0	4550240	5
1133167	0	4550243	1
1133167	0	4550244	5
1133167	0	4712279	1
1133167	0	4922619	5
1133167	0	4926197	4
1133167	0	4973626	5
1133167	0	5674623	3
1133167	0	5787117	4
1133167	0	6112586	4
1133167	0	6112587	4
1133167	0	6112590	5
1133167	0	6142	0
1133167	0	6257034	0
1133167	0	6299572	2
1133167	0	6299576	0
1133167	0	6467517	2
1133167	0	6467518	5
1133167	0	6467523	2
1133167	0	6467524	1
1133167	0	7093509	3
1133167	0	7093510	3
1133167	0	7093511	2
1133167	0	7217705	1
1133167	0	7218012	5
1133167	0	7218015	2
1133167	0	7486594	1
1133167	0	7486602	4
1133167	0	7762240	2
1133167	0	7793408	2
1133167	0	7793411	1
1133167	0	8003301	2
1133167	0	8033644	4
1133167	0	8033645	1
1133167	0	8033647	1
1133167	0	8033648	2
1133167	0	8033650	5
1133167	0	8160224	2
1133167	0	8160241	2
1133167	0	8160243	3
1133167	0	823272	0
1133167	0	823274	2
1133167	0	823275	3
1133167	0	823277	2
1133167	0	823280	1
1133167	0	8250498	0
1133167	0	8255704	2
1133167	0	8255705	2
1133167	0	8255706	5
1133167	0	8415743	2
130510	0	1110766	4
130510	0	1159414	5
130510	0	1494930	5
130510	0	1494931	5
130510	0	1494932	4
130510	0	1494933	2
130510	0	1494935	5
130510	0	1494936	5
130510	0	1494938	5
130510	0	1494939	5
130510	0	179622	0
130510	0	179623	0
130510	0	1799013	2
130510	0	1972340	1
130510	0	2079377	3
130510	0	2346969	3
130510	0	2490145	3
130510	0	2490146	3
130510	0	2490150	0
130510	0	2490154	2
130510	0	2839082	0
130510	0	2862515	4
130510	0	2862518	4
130510	0	2862522	3
130510	0	2982053	5
130510	0	3163980	4
130510	0	3525026	0
130510	0	3913770	2
130510	0	3913772	2
130510	0	3913773	2
130510	0	3913774	2
130510	0	3913775	1
130510	0	3913776	1
130510	0	3913778	1
130510	0	3913779	2
130510	0	3995677	4
130510	0	4022904	5
130510	0	417583	3
130510	0	4189500	4
130510	0	4528804	2
130510	0	4528806	1
130510	0	4528807	1
130510	0	4528808	0
130510	0	4528809	1
130510	0	4528810	1
130510	0	4528811	1
130510	0	4528812	2
130510	0	4528813	3
130510	0	4804307	2
130510	0	5685704	2
130510	0	5685705	1
130510	0	5685706	0
130510	0	5685707	2
130510	0	5685708	1
130510	0	5685711	2
130510	0	5930009	2
130510	0	5930010	1
130510	0	5930011	2
130510	0	5930012	3
130510	0	5930013	0
130510	0	5930014	2
130510	0	5930018	2
130510	0	6035035	3
130510	0	6183638	4
130510	0	6229727	1
130510	0	6229732	4
130510	0	6229733	2
130510	0	6486232	4
130510	0	6575500	4
130510	0	6621100	4
130510	0	6677359	0
130510	0	6763277	5
130510	0	6815300	5
130510	0	6881818	2
130510	0	6881820	1
130510	0	7125239	5
130510	0	7203252	5
130510	0	7479905	4
130510	0	7501557	5
130510	0	7501558	5
130510	0	7501563	4
130510	0	7779650	0
130510	0	783657	2
130510	0	783658	1
130510	0	783662	2
130510	0	783664	2
130510	0	783665	0
130510	0	799647	5
130510	0	8083814	5
130510	0	8094068	1
130510	0	8514425	4
130510	0	8612902	5
130510	0	8612903	5
130510	0	8612904	5
130510	0	8612905	5
130510	0	8612906	5
130510	0	8612909	5
130510	0	8612910	5
130510	0	996732	4
130510	0	996740	3
131843	0	1019934	1
131843	0	1019935	2
131843	0	1019936	1
131843	0	1019938	1
131843	0	1101587	0
131843	0	1133058	1
131843	0	1222339	1
131843	0	1429616	4
131843	0	1597975	2
131843	0	1600913	4
131843	0	1621724	2
131843	0	1781040	2
131843	0	1830509	2
131843	0	1895120	2
131843	0	2103970	0
131843	0	2104933	2
131843	0	2126682	1
131843	0	2170725	4
131843	0	2286036	2
131843	0	2378491	2
131843	0	2526491	2
131843	0	2623607	3
131843	0	2623616	2
131843	0	2683747	5
131843	0	2914687	3
131843	0	31718	3
131843	0	3368900	0
131843	0	3432705	2
131843	0	352863	4
131843	0	3564032	0
131843	0	3841396	5
131843	0	3937054	3
131843	0	3937056	2
131843	0	4036688	0
131843	0	4036689	0
131843	0	4036690	0
131843	0	4036695	0
131843	0	4235202	5
131843	0	4235204	1
131843	0	4440568	4
131843	0	4440571	4
131843	0	4461384	2
131843	0	4695186	2
131843	0	5074688	5
131843	0	5124823	2
131843	0	5297238	1
131843	0	5319115	1
131843	0	5324710	2
131843	0	5325671	2
131843	0	5325672	4
131843	0	5325675	2
131843	0	5325677	2
131843	0	5685851	0
131843	0	6028399	3
131843	0	6028403	2
131843	0	6086584	3
131843	0	6086587	4
131843	0	6121785	3
131843	0	6121787	3
131843	0	6335670	5
131843	0	6487859	5
131843	0	6533880	0
131843	0	6779775	5
131843	0	7269086	4
131843	0	7269088	2
131843	0	7269089	4
131843	0	7269092	3
131843	0	7269095	3
131843	0	7759230	2
131843	0	7880471	1
131843	0	8305151	5
131843	0	8305152	5
131843	0	8305153	5
131843	0	8305154	5
131843	0	8305155	5
131843	0	8305156	5
131843	0	8305158	5
131843	0	8382296	4
131843	0	8456963	2
131843	0	8456964	5
131843	0	8456965	4
131843	0	8456966	4
131843	0	8456967	4
131843	0	8456970	4
131843	0	8573227	1
131843	0	8598786	5
131843	0	8598788	5
131843	0	8600961	0
131843	0	8690086	0
131843	0	8710813	5
131843	0	884231	1
131843	0	884234	1
131843	0	895362	2
131843	0	985988	5
131843	0	985989	5
131843	0	985990	5
131843	0	985991	5
131843	0	985992	5
131843	0	985994	5
131843	0	985995	5
146187	0	1077549	1
146187	0	1138801	2
146187	0	1230566	5
146187	0	1254157	4
146187	0	1367167	2
146187	0	1369239	1
146187	0	1493345	0
146187	0	1493352	0
146187	0	1972078	2
146187	0	1995994	2
146187	0	2040185	2
146187	0	2226090	4
146187	0	2226093	3
146187	0	2226094	4
146187	0	2257806	2
146187	0	315525	3
146187	0	3523051	1
146187	0	3615731	4
146187	0	3758956	4
146187	0	3963187	4
146187	0	3963189	3
146187	0	4026486	3
146187	0	4214923	5
146187	0	4214925	5
146187	0	4216895	2
146187	0	4216897	2
146187	0	4216901	2
146187	0	4216902	2
146187	0	4306847	5
146187	0	4631167	2
146187	0	4741857	5
146187	0	4777144	5
146187	0	4921740	2
146187	0	4921741	1
146187	0	5217815	0
146187	0	5238589	3
146187	0	5251981	1
146187	0	5548652	4
146187	0	5548655	2
146187	0	5566562	4
146187	0	5590506	3
146187	0	5746033	4
146187	0	5836454	3
146187	0	5844996	3
146187	0	5929430	4
146187	0	5999108	1
146187	0	6015024	5
146187	0	6015026	5
146187	0	6015027	5
146187	0	6417741	0
146187	0	6430257	3
146187	0	6430258	4
146187	0	6430259	2
146187	0	6430260	2
146187	0	6483699	0
146187	0	6620285	4
146187	0	6929047	0
146187	0	7093332	3
146187	0	7093334	3
146187	0	7096817	2
146187	0	7096819	2
146187	0	7096823	2
146187	0	7126360	0
146187	0	7405002	1
146187	0	744165	5
146187	0	744167	5
146187	0	744171	1
146187	0	7601871	1
146187	0	76342	5
146187	0	76344	4
146187	0	76348	5
146187	0	7704674	2
146187	0	7704676	2
146187	0	7704679	0
146187	0	7772761	2
146187	0	7782525	5
146187	0	7782529	5
146187	0	7836294	1
146187	0	7836296	4
146187	0	7836297	1
146187	0	7956019	1
146187	0	8042965	2
146187	0	8042968	2
146187	0	8042969	2
146187	0	8113798	1
146187	0	8361899	0
146187	0	8361901	0
146187	0	8361902	2
146187	0	8361905	1
146187	0	8434617	5
146187	0	8434618	5
146187	0	8434619	5
146187	0	8434620	5
146187	0	8434621	5
146187	0	8434622	5
146187	0	8434623	5
146187	0	8434624	5
146187	0	8434625	5
146187	0	8434626	5
146187	0	8795490	1
148538	0	1147038	3
148538	0	1147044	4
148538	0	1147046	2
148538	0	1299823	1
148538	0	1299824	0
148538	0	1299830	0
148538	0	1311206	2
148538	0	1311209	2
148538	0	1314489	1
148538	0	1384447	2
148538	0	1384448	2
148538	0	1736918	1
148538	0	1828171	2
148538	0	1950974	3
148538	0	1950976	5
148538	0	1950983	5
148538	0	1969519	1
148538	0	1969521	5
148538	0	1985490	4
148538	0	1985491	3
148538	0	2033795	1
148538	0	2033800	3
148538	0	2177849	1
148538	0	231453	4
148538	0	231455	5
148538	0	23586	0
148538	0	2368188	3
148538	0	2368189	4
148538	0	245016	2
148538	0	2455774	4
148538	0	2455779	2
148538	0	2564821	0
148538	0	2643562	2
148538	0	2915322	1
148538	0	2915323	0
148538	0	332398	0
148538	0	332400	1
148538	0	332401	1
148538	0	332406	2
148538	0	332407	4
148538	0	3353306	5
148538	0	3393970	2
148538	0	3557943	5
148538	0	3588269	3
148538	0	3631449	0
148538	0	3918785	1
148538	0	3918789	2
148538	0	4185812	5
148538	0	4225978	0
148538	0	4264121	2
148538	0	4264123	2
148538	0	4264124	5
148538	0	4447598	1
148538	0	4447601	5
148538	0	4539654	5
148538	0	4539657	5
148538	0	4539663	3
148538	0	4607262	2
148538	0	4607263	5
148538	0	4660637	5
148538	0	4959633	5
148538	0	4959637	4
148538	0	4959638	3
148538	0	5077704	5
148538	0	5077709	0
148538	0	5171599	2
148538	0	5171603	4
148538	0	5171605	4
148538	0	5606202	4
148538	0	581145	2
148538	0	615402	5
148538	0	615407	1
148538	0	6234125	1
148538	0	6377902	3
148538	0	6543862	4
148538	0	6600519	2
148538	0	6697437	1
148538	0	6704661	2
148538	0	6846343	5
148538	0	6894608	5
148538	0	7407803	5
148538	0	7407811	4
148538	0	7407812	5
148538	0	7496116	1
148538	0	753805	2
148538	0	7543015	0
148538	0	784460	2
148538	0	7858769	2
148538	0	8283530	5
148538	0	8283531	5
148538	0	8283532	5
148538	0	8283533	2
148538	0	8388795	2
148538	0	8618875	4
148538	0	985488	4
148538	0	985489	2
148538	0	985490	3
148538	0	985491	5
148538	0	985494	4
148538	0	986845	2
156493	0	1101607	4
156493	0	1277723	2
156493	0	1277725	4
156493	0	1277726	3
156493	0	1277727	5
156493	0	1347266	1
156493	0	1643747	1
156493	0	1939298	0
156493	0	1960255	3
156493	0	1960257	4
156493	0	1960259	2
156493	0	1960260	2
156493	0	1960261	1
156493	0	2123395	1
156493	0	2259179	2
156493	0	2259182	5
156493	0	2259183	4
156493	0	2317807	2
156493	0	2378078	0
156493	0	2378079	0
156493	0	2411918	2
156493	0	2598786	2
156493	0	2598787	3
156493	0	2612486	2
156493	0	2612488	1
156493	0	2612490	1
156493	0	2612491	5
156493	0	2612492	1
156493	0	2612493	5
156493	0	2717163	4
156493	0	2928700	3
156493	0	2928702	5
156493	0	2928704	4
156493	0	2928705	2
156493	0	2928707	5
156493	0	2949801	3
156493	0	2949802	5
156493	0	3218251	1
156493	0	3288595	2
156493	0	3288596	4
156493	0	3288597	5
156493	0	3288598	1
156493	0	3288599	2
156493	0	3288600	5
156493	0	3288601	4
156493	0	3288603	5
156493	0	349638	5
156493	0	349643	2
156493	0	3603920	5
156493	0	3603922	4
156493	0	3603923	2
156493	0	4219345	1
156493	0	4396054	0
156493	0	4400814	1
156493	0	4465044	1
156493	0	4527706	5
156493	0	4542584	4
156493	0	4583221	2
156493	0	4940228	2
156493	0	4940232	0
156493	0	5122747	0
156493	0	5326286	0
156493	0	5346660	2
156493	0	5530082	5
156493	0	6129968	1
156493	0	6139382	4
156493	0	6139386	4
156493	0	6267258	1
156493	0	6524746	3
156493	0	6775071	2
156493	0	6983821	2
156493	0	7371077	5
156493	0	7371078	3
156493	0	7371079	2
156493	0	750111	3
156493	0	8182159	5
156493	0	8182160	3
156493	0	8182161	5
156493	0	8182162	5
156493	0	8182163	5
156493	0	8182165	4
156493	0	8182166	5
156493	0	8245444	2
156493	0	8273011	2
156493	0	8273017	5
156493	0	8273018	1
156493	0	8273019	4
156493	0	8725864	0
156493	0	8820526	5
156493	0	8820527	3
156493	0	8820531	0
156493	0	885944	2
156493	0	892007	0
156493	0	95512	5
156493	0	95514	3
156493	0	95515	2
156493	0	95517	3
156493	0	95518	2
156493	0	95521	2
156493	0	994486	2
168216	0	1090089	0
168216	0	1301465	5
168216	0	1301467	5
168216	0	1301469	4
168216	0	1301472	5
168216	0	1301473	0
168216	0	1301474	4
168216	0	13499	5
168216	0	1381477	5
168216	0	1735358	5
168216	0	1735360	3
168216	0	1860843	1
168216	0	1924796	5
168216	0	1924800	5
168216	0	2036279	5
168216	0	2069992	5
168216	0	2069995	2
168216	0	2210775	3
168216	0	2210780	5
168216	0	2265769	3
168216	0	2659074	5
168216	0	2790904	2
168216	0	2806307	2
168216	0	290826	5
168216	0	3033359	5
168216	0	3174840	5
168216	0	3198687	2
168216	0	3198689	2
168216	0	3344828	4
168216	0	3344834	5
168216	0	3399712	2
168216	0	3399713	3
168216	0	3399715	2
168216	0	3399718	1
168216	0	3463556	1
168216	0	3681095	4
168216	0	3681097	1
168216	0	3830857	5
168216	0	3908773	2
168216	0	3908774	3
168216	0	3908776	2
168216	0	3908777	3
168216	0	4119829	5
168216	0	4191395	4
168216	0	4245218	0
168216	0	4324490	0
168216	0	4324491	2
168216	0	4324492	2
168216	0	4600607	0
168216	0	4600610	1
168216	0	4741403	1
168216	0	4741406	1
168216	0	4792582	5
168216	0	4792583	4
168216	0	5024307	3
168216	0	5024311	0
168216	0	5024313	1
168216	0	5114458	1
168216	0	5293614	3
168216	0	5771045	0
168216	0	5935474	2
168216	0	5935476	2
168216	0	6012600	1
168216	0	6061718	2
168216	0	6061722	2
168216	0	6213322	4
168216	0	6213325	2
168216	0	6219118	0
168216	0	6249512	4
168216	0	6264731	1
168216	0	6264732	2
168216	0	6264734	1
168216	0	6264735	0
168216	0	6282560	2
168216	0	6282561	5
168216	0	6282562	2
168216	0	6282567	4
168216	0	6329932	3
168216	0	6426632	4
168216	0	6426634	2
168216	0	6426638	2
168216	0	6584042	1
168216	0	7337513	5
168216	0	7492755	3
168216	0	7595684	0
168216	0	8048968	1
168216	0	8185131	4
168216	0	8185135	5
168216	0	8185137	2
168216	0	8252763	2
168216	0	8319213	1
168216	0	8639627	5
168216	0	8639630	5
168216	0	8723467	5
168216	0	8731617	2
168216	0	8731618	2
168216	0	8731621	4
168216	0	8731622	4
168216	0	8731623	4
168216	0	8731625	3
182539	0	1094157	2
182539	0	1229197	1
182539	0	1307232	4
182539	0	1307234	4
182539	0	1307235	4
182539	0	146695	1
182539	0	1497952	2
182539	0	1512198	1
182539	0	1638687	5
182539	0	1638689	4
182539	0	1638690	5
182539	0	1638691	2
182539	0	1638694	3
182539	0	1664297	2
182539	0	176563	1
182539	0	1798203	2
182539	0	1956775	2
182539	0	1996675	0
182539	0	1996680	1
182539	0	2009617	2
182539	0	2041085	1
182539	0	2092202	5
182539	0	2165968	5
182539	0	2234015	0
182539	0	2273384	2
182539	0	2787602	2
182539	0	2801795	1
182539	0	2909954	4
182539	0	2909960	3
182539	0	2909961	4
182539	0	3009872	0
182539	0	3009878	0
182539	0	330179	2
182539	0	3760957	5
182539	0	3760964	3
182539	0	3777193	2
182539	0	3858310	2
182539	0	3883077	3
182539	0	3883081	5
182539	0	4370020	3
182539	0	4438902	2
182539	0	4468612	2
182539	0	4730803	4
182539	0	4776378	1
182539	0	4985182	1
182539	0	503147	0
182539	0	5567729	4
182539	0	5567732	5
182539	0	57443	5
182539	0	57444	2
182539	0	57447	5
182539	0	57448	5
182539	0	57449	5
182539	0	57450	3
182539	0	57452	5
182539	0	5756776	0
182539	0	6037973	5
182539	0	6097108	2
182539	0	6135907	3
182539	0	6282906	2
182539	0	6283812	1
182539	0	646260	2
182539	0	6596440	2
182539	0	6783449	5
182539	0	6816574	5
182539	0	6965540	2
182539	0	6980965	5
182539	0	6995118	2
182539	0	7034196	1
182539	0	7085056	0
182539	0	7085057	0
182539	0	7088372	2
182539	0	7291427	1
182539	0	7371255	5
182539	0	7371257	4
182539	0	7371259	4
182539	0	7371261	4
182539	0	7371262	4
182539	0	7439970	1
182539	0	7527837	5
182539	0	7579347	3
182539	0	7583024	5
182539	0	7730613	1
182539	0	7745556	0
182539	0	8299659	3
182539	0	8299661	4
182539	0	8299665	3
182539	0	8299668	5
182539	0	830471	2
182539	0	8349147	1
182539	0	8470381	2
182539	0	8515182	5
182539	0	8636665	0
182539	0	8757178	4
182539	0	8757179	4
182539	0	8757180	5
182539	0	8757181	3
182539	0	8757182	5
182539	0	8757183	2
182539	0	8757184	5
183378	0	1050571	0
183378	0	1239964	2
183378	0	1289489	5
183378	0	1289490	5
183378	0	1289492	5
183378	0	1289493	5
183378	0	1289494	1
183378	0	1289495	2
183378	0	1289496	5
183378	0	1289497	5
183378	0	1666386	1
183378	0	1678836	0
183378	0	2040104	0
183378	0	2040106	0
183378	0	2040111	0
183378	0	2352713	1
183378	0	2352716	4
183378	0	2533259	0
183378	0	2533260	1
183378	0	2533262	1
183378	0	2874543	4
183378	0	3009378	3
183378	0	3093214	5
183378	0	3093217	5
183378	0	3093218	2
183378	0	3185607	4
183378	0	3185611	5
183378	0	327908	2
183378	0	3389578	4
183378	0	3389579	4
183378	0	3389581	3
183378	0	3389582	1
183378	0	3389584	5
183378	0	3867604	1
183378	0	3928768	3
183378	0	3987911	1
183378	0	4493913	3
183378	0	4493914	2
183378	0	4493915	5
183378	0	4493916	3
183378	0	4493917	3
183378	0	4493918	2
183378	0	4493919	1
183378	0	4493920	4
183378	0	4493921	2
183378	0	4493922	2
183378	0	4727412	2
183378	0	4727417	4
183378	0	4727418	3
183378	0	4803847	5
183378	0	4803848	4
183378	0	5391354	2
183378	0	5460939	5
183378	0	5460941	3
183378	0	5534703	3
183378	0	5534707	5
183378	0	5534710	4
183378	0	5534711	3
183378	0	5817927	5
183378	0	6109461	5
183378	0	6150907	0
183378	0	6182925	0
183378	0	6182927	0
183378	0	6548233	1
183378	0	6548235	1
183378	0	7014328	0
183378	0	7398706	4
183378	0	7448291	2
183378	0	7449744	5
183378	0	7449747	2
183378	0	7449748	5
183378	0	7449750	5
183378	0	7449751	4
183378	0	7449752	5
183378	0	749542	5
183378	0	7677975	5
183378	0	7678696	4
183378	0	7718047	2
183378	0	7952868	1
183378	0	8121375	2
183378	0	8121377	2
183378	0	8121380	1
183378	0	823211	2
183378	0	8507874	1
183378	0	8570255	2
183378	0	8570257	5
183378	0	8570258	5
183378	0	8570260	2
183378	0	8570261	2
183378	0	8577213	2
183378	0	8577215	2
183378	0	8767239	3
183378	0	8767240	2
183378	0	8767241	1
183378	0	8794302	2
183378	0	8794303	2
183378	0	8794304	3
183378	0	8794306	2
183378	0	8794307	3
183378	0	8794308	5
19335	0	1143050	4
19335	0	1434829	1
19335	0	1504746	2
19335	0	1504747	1
19335	0	1504748	2
19335	0	161606	5
19335	0	161608	3
19335	0	1717015	5
19335	0	1720387	3
19335	0	1720388	1
19335	0	1720389	4
19335	0	1720391	2
19335	0	1720394	5
19335	0	1720395	4
19335	0	1905037	0
19335	0	2046505	4
19335	0	211275	5
19335	0	2250973	4
19335	0	2303999	2
19335	0	2304004	2
19335	0	2304005	2
19335	0	2459779	2
19335	0	2459780	4
19335	0	2459784	5
19335	0	2594902	0
19335	0	284841	2
19335	0	2874496	0
19335	0	2874497	2
19335	0	2874503	2
19335	0	3045565	5
19335	0	3045567	5
19335	0	3064703	2
19335	0	342431	5
19335	0	3559593	2
19335	0	3559596	2
19335	0	359174	1
19335	0	3615074	1
19335	0	3615077	5
19335	0	3615078	2
19335	0	3615079	1
19335	0	3615080	3
19335	0	3615083	1
19335	0	3709463	4
19335	0	429851	5
19335	0	4480943	3
19335	0	4480945	3
19335	0	4480948	0
19335	0	4937589	2
19335	0	503739	4
19335	0	5078863	3
19335	0	527690	5
19335	0	527692	5
19335	0	527695	0
19335	0	527697	5
19335	0	5508122	5
19335	0	5711211	5
19335	0	5732401	2
19335	0	5732406	1
19335	0	5806604	2
19335	0	5870000	0
19335	0	5920775	4
19335	0	6069804	0
19335	0	6069805	0
19335	0	6452949	5
19335	0	6512137	5
19335	0	6512138	1
19335	0	6512144	5
19335	0	6568704	2
19335	0	6773977	4
19335	0	6902384	3
19335	0	6902386	2
19335	0	6902389	2
19335	0	7050803	5
19335	0	7122355	4
19335	0	7122361	5
19335	0	7267248	2
19335	0	7367410	0
19335	0	7367411	1
19335	0	7454464	1
19335	0	7460276	4
19335	0	7464793	0
19335	0	763108	2
19335	0	763110	2
19335	0	763113	2
19335	0	763117	0
19335	0	7644151	2
19335	0	772227	1
19335	0	772234	4
19335	0	7856992	2
19335	0	7961905	4
19335	0	7961908	4
19335	0	8231218	1
19335	0	8412681	5
19335	0	8412682	5
19335	0	8412683	5
19335	0	8412684	5
19335	0	8633126	1
19335	0	8828697	3
19335	0	8828698	2
19335	0	93557	5
207786	0	1025057	4
207786	0	1029962	5
207786	0	1071464	4
207786	0	1085406	0
207786	0	1335084	5
207786	0	1392579	5
207786	0	1392585	5
207786	0	1432530	1
207786	0	1667536	3
207786	0	1667544	2
207786	0	1731873	2
207786	0	1759929	5
207786	0	201711	1
207786	0	2051015	2
207786	0	2051020	5
207786	0	2051023	0
207786	0	2174683	2
207786	0	2457540	4
207786	0	2457541	3
207786	0	2457542	2
207786	0	2557234	0
207786	0	2658594	1
207786	0	2763917	5
207786	0	2763922	4
207786	0	2775837	2
207786	0	2877168	2
207786	0	2998723	1
207786	0	3103885	1
207786	0	3322527	4
207786	0	3322529	2
207786	0	3352521	0
207786	0	3522830	1
207786	0	3600016	5
207786	0	3632499	2
207786	0	3773663	2
207786	0	3914510	2
207786	0	3931757	3
207786	0	3945573	0
207786	0	4042362	0
207786	0	4218707	5
207786	0	4257473	3
207786	0	4342505	1
207786	0	4393128	3
207786	0	4613065	5
207786	0	4754014	2
207786	0	4759180	4
207786	0	4759183	2
207786	0	4823377	3
207786	0	4900224	2
207786	0	493413	2
207786	0	5170147	4
207786	0	5175108	2
207786	0	5175113	3
207786	0	524445	2
207786	0	524450	3
207786	0	5266140	2
207786	0	5297035	0
207786	0	5297036	4
207786	0	5321444	1
207786	0	5365946	0
207786	0	6031630	5
207786	0	6060398	2
207786	0	6133373	1
207786	0	6145822	1
207786	0	6226369	1
207786	0	6474685	5
207786	0	6584630	3
207786	0	6822431	2
207786	0	6964232	1
207786	0	7016165	1
207786	0	7124120	4
207786	0	7229816	4
207786	0	7229822	4
207786	0	737802	1
207786	0	7510472	5
207786	0	7599318	5
207786	0	7639366	5
207786	0	7643812	4
207786	0	7643819	2
207786	0	7777862	2
207786	0	7777867	3
207786	0	7941579	5
207786	0	7969232	4
207786	0	8053029	1
207786	0	8185061	4
207786	0	8185063	2
207786	0	8185064	0
207786	0	8265334	2
207786	0	8273754	5
207786	0	8273755	4
207786	0	8273756	5
207786	0	8273757	5
207786	0	8273758	5
207786	0	8273759	5
207786	0	8273760	5
207786	0	8273761	5
207786	0	8273762	5
207786	0	8273763	5
207786	0	8316281	0
207786	0	8785524	0
264014	0	1610706	5
264014	0	1610707	5
264014	0	1610711	0
264014	0	1804644	4
264014	0	2223171	4
264014	0	2420367	1
264014	0	2474340	2
264014	0	2474341	1
264014	0	2474342	4
264014	0	2474346	5
264014	0	2498165	0
264014	0	2498169	4
264014	0	331929	2
264014	0	331931	2
264014	0	331932	2
264014	0	331934	2
264014	0	3338821	2
264014	0	3338825	5
264014	0	3338827	5
264014	0	3338828	2
264014	0	3396076	5
264014	0	3577338	1
264014	0	3577341	2
264014	0	3577342	1
264014	0	3577343	0
264014	0	3577344	0
264014	0	3577345	2
264014	0	3577347	1
264014	0	3835935	2
264014	0	3841908	3
264014	0	4259227	2
264014	0	447992	5
264014	0	4647186	2
264014	0	4687213	4
264014	0	4790255	2
264014	0	4834543	4
264014	0	4834547	5
264014	0	4834548	3
264014	0	5151339	3
264014	0	5269173	1
264014	0	528372	4
264014	0	528375	3
264014	0	528379	1
264014	0	528380	4
264014	0	5328095	5
264014	0	5506564	2
264014	0	5611210	2
264014	0	5611211	3
264014	0	5611212	3
264014	0	5611214	3
264014	0	5611218	2
264014	0	5611219	1
264014	0	5635515	2
264014	0	5635519	1
264014	0	5635521	0
264014	0	5816473	1
264014	0	5819142	3
264014	0	5819145	2
264014	0	58386	4
264014	0	5849268	2
264014	0	5849270	2
264014	0	5849711	2
264014	0	5950718	5
264014	0	5950719	5
264014	0	5950720	0
264014	0	5950721	5
264014	0	5950722	5
264014	0	5950723	4
264014	0	5950725	0
264014	0	5950726	5
264014	0	6105566	5
264014	0	6105569	3
264014	0	6105571	3
264014	0	6105572	5
264014	0	6333839	2
264014	0	6334964	1
264014	0	6337909	1
264014	0	6555321	1
264014	0	6555322	4
264014	0	6641238	5
264014	0	667686	4
264014	0	6791755	0
264014	0	6791757	0
264014	0	6791760	5
264014	0	684616	4
264014	0	684618	1
264014	0	7323467	4
264014	0	7326932	2
264014	0	7326934	4
264014	0	7326936	5
264014	0	8012101	5
264014	0	8801661	2
264014	0	935825	5
264014	0	96851	5
264014	0	96852	2
264014	0	96855	5
264014	0	96856	0
264014	0	96857	5
264014	0	96858	5
264014	0	96859	1
359349	0	1394087	5
359349	0	15799	1
359349	0	15800	0
359349	0	15801	0
359349	0	15802	0
359349	0	15803	0
359349	0	15804	0
359349	0	15805	1
359349	0	15806	1
359349	0	15808	2
359349	0	1622452	3
359349	0	1830509	3
359349	0	1830512	5
359349	0	1830516	4
359349	0	1830517	5
359349	0	1979833	2
359349	0	2293820	5
359349	0	2434861	3
359349	0	2444689	4
359349	0	2826510	5
359349	0	2826512	5
359349	0	3126802	2
359349	0	3176539	4
359349	0	3176540	2
359349	0	3176548	1
359349	0	3193824	5
359349	0	3223831	5
359349	0	3223833	5
359349	0	3739664	2
359349	0	3739666	2
359349	0	3900185	5
359349	0	4013723	5
359349	0	4020470	5
359349	0	4020471	2
359349	0	4020472	1
359349	0	4020474	5
359349	0	4020475	4
359349	0	4020477	5
359349	0	4020478	1
359349	0	4020479	1
359349	0	4087265	2
359349	0	4344093	2
359349	0	4344099	3
359349	0	4344100	4
359349	0	4344101	2
359349	0	4474866	4
359349	0	4474870	2
359349	0	4474872	0
359349	0	457673	5
359349	0	4624153	4
359349	0	5155586	1
359349	0	5219970	0
359349	0	5219971	0
359349	0	5219976	3
359349	0	5219977	1
359349	0	5248756	2
359349	0	5345720	4
359349	0	5414623	2
359349	0	5414625	2
359349	0	5615181	5
359349	0	576627	5
359349	0	576628	5
359349	0	576629	5
359349	0	576632	1
359349	0	576635	0
359349	0	5773713	2
359349	0	5773714	1
359349	0	5773715	1
359349	0	5773716	2
359349	0	5773717	1
359349	0	5773719	0
359349	0	5806113	4
359349	0	6108721	5
359349	0	6113313	0
359349	0	6213658	2
359349	0	6226412	2
359349	0	6226414	2
359349	0	6412425	3
359349	0	6440028	3
359349	0	6440029	3
359349	0	6779501	2
359349	0	68647	5
359349	0	68648	5
359349	0	68649	5
359349	0	68650	2
359349	0	68653	4
359349	0	68656	2
359349	0	7062671	4
359349	0	7277971	4
359349	0	7544504	2
359349	0	7579883	4
359349	0	7857633	2
359349	0	7857634	2
359349	0	7857635	1
359349	0	8058867	4
359349	0	8058868	2
359349	0	8058873	5
359349	0	8167113	4
359349	0	8584521	3
359349	0	943229	5
405717	0	1619423	5
405717	0	1849743	3
405717	0	1976406	0
405717	0	2125641	5
405717	0	234955	4
405717	0	2365659	5
405717	0	2365660	0
405717	0	2365661	5
405717	0	2365662	5
405717	0	2365663	4
405717	0	2365664	5
405717	0	2365665	5
405717	0	2616168	3
405717	0	2642838	0
405717	0	2702419	2
405717	0	2702423	4
405717	0	273851	5
405717	0	2747484	3
405717	0	2747485	3
405717	0	2747486	2
405717	0	2747488	2
405717	0	2747489	1
405717	0	2747491	1
405717	0	2747492	5
405717	0	2768521	2
405717	0	28368	1
405717	0	28372	0
405717	0	2879960	0
405717	0	3033900	3
405717	0	3033903	0
405717	0	3033904	2
405717	0	3033905	4
405717	0	3040883	5
405717	0	3274915	2
405717	0	3274918	2
405717	0	3514259	5
405717	0	3986303	0
405717	0	3986305	1
405717	0	3986306	1
405717	0	3986307	1
405717	0	3986308	2
405717	0	3986309	0
405717	0	4232833	5
405717	0	4489661	2
405717	0	4489666	0
405717	0	4577231	4
405717	0	4704973	2
405717	0	4704975	2
405717	0	4704978	5
405717	0	4776928	5
405717	0	4828118	3
405717	0	5079482	5
405717	0	5274649	2
405717	0	5615458	2
405717	0	5638740	2
405717	0	5668741	3
405717	0	5690233	5
405717	0	5690234	4
405717	0	5690237	5
405717	0	576346	5
405717	0	5857570	2
405717	0	6419725	1
405717	0	6426483	3
405717	0	6442862	4
405717	0	6654652	0
405717	0	6654655	4
405717	0	6654658	2
405717	0	6654660	1
405717	0	6741362	3
405717	0	6786304	1
405717	0	702383	1
405717	0	702386	1
405717	0	7170624	2
405717	0	7170625	2
405717	0	7170626	5
405717	0	7170629	5
405717	0	7170630	5
405717	0	7170631	2
405717	0	7201359	1
405717	0	7201361	4
405717	0	7288991	3
405717	0	7288996	4
405717	0	7447941	2
405717	0	7447942	4
405717	0	7447943	2
405717	0	758581	1
405717	0	758582	4
405717	0	758585	1
405717	0	758586	3
405717	0	7589975	2
405717	0	7728831	1
405717	0	7896211	5
405717	0	7896212	5
405717	0	8156519	2
405717	0	8433852	5
405717	0	8433854	5
405717	0	8433856	1
405717	0	8433858	1
405717	0	846414	3
405717	0	931517	4
443396	0	1062726	1
443396	0	1089146	1
443396	0	1091614	3
443396	0	1133058	0
443396	0	119472	3
443396	0	1269427	2
443396	0	1360104	4
443396	0	1525423	2
443396	0	1533746	1
443396	0	1552106	2
443396	0	1608504	1
443396	0	1645100	3
443396	0	1660562	4
443396	0	1913399	2
443396	0	2007121	5
443396	0	2138579	4
443396	0	2316507	1
443396	0	2320326	5
443396	0	2490486	5
443396	0	2498237	3
443396	0	2528057	3
443396	0	257389	2
443396	0	2745552	4
443396	0	2976738	4
443396	0	2976740	2
443396	0	2976741	2
443396	0	3118073	3
443396	0	3131746	2
443396	0	3231289	1
443396	0	3323246	1
443396	0	3440850	5
443396	0	355277	5
443396	0	3617225	5
443396	0	3712489	0
443396	0	3721948	5
443396	0	3834027	0
443396	0	4025397	2
443396	0	4052112	5
443396	0	4060727	2
443396	0	415545	4
443396	0	415552	4
443396	0	4205264	5
443396	0	4271045	5
443396	0	4281721	1
443396	0	4415869	1
443396	0	4433173	1
443396	0	4526747	5
443396	0	453706	2
443396	0	4544490	2
443396	0	456710	5
443396	0	458179	4
443396	0	4792653	2
443396	0	4830647	2
443396	0	4851110	1
443396	0	5048837	5
443396	0	5053511	5
443396	0	5065439	1
443396	0	5073515	2
443396	0	510377	5
443396	0	5202178	2
443396	0	5315644	5
443396	0	5644797	4
443396	0	5836687	4
443396	0	5890955	0
443396	0	5922987	0
443396	0	6411588	4
443396	0	6471278	4
443396	0	6471285	3
443396	0	6863144	2
443396	0	6863145	5
443396	0	691944	2
443396	0	6998055	0
443396	0	7143882	5
443396	0	7188675	2
443396	0	7230688	1
443396	0	7489164	2
443396	0	7722259	5
443396	0	7734655	2
443396	0	7749375	3
443396	0	7810275	1
443396	0	7824761	3
443396	0	7844096	0
443396	0	788091	0
443396	0	7890878	2
443396	0	7890882	3
443396	0	8079039	5
443396	0	8079040	2
443396	0	8083065	2
443396	0	8219243	4
443396	0	8337676	2
443396	0	8383775	1
443396	0	8421784	4
443396	0	843370	2
443396	0	8536118	5
443396	0	8536121	5
443396	0	8536122	5
443396	0	8536123	5
443396	0	8578323	0
443396	0	8613216	0
443396	0	8793491	5
451602	0	1078132	4
451602	0	1078134	0
451602	0	1078138	1
451602	0	1094131	2
451602	0	1094139	3
451602	0	127537	5
451602	0	1277286	0
451602	0	1277290	3
451602	0	1277293	3
451602	0	1277294	1
451602	0	1314129	4
451602	0	1715030	3
451602	0	2084909	2
451602	0	2154597	3
451602	0	2176450	5
451602	0	2176453	4
451602	0	2176455	4
451602	0	2176458	5
451602	0	2176459	5
451602	0	2244874	2
451602	0	2244875	3
451602	0	2244882	5
451602	0	2618829	5
451602	0	2756872	4
451602	0	2922145	0
451602	0	3090664	2
451602	0	3090665	2
451602	0	3090666	2
451602	0	3090667	1
451602	0	3090670	2
451602	0	3090671	0
451602	0	3090672	1
451602	0	3119124	2
451602	0	3177691	2
451602	0	3177694	2
451602	0	3177696	3
451602	0	3177699	5
451602	0	3177700	5
451602	0	3214501	1
451602	0	3371386	4
451602	0	3493825	0
451602	0	370081	3
451602	0	3746406	1
451602	0	4345752	5
451602	0	4453605	2
451602	0	4453606	5
451602	0	4487179	5
451602	0	4874640	2
451602	0	4874641	2
451602	0	4874644	5
451602	0	4874645	1
451602	0	5000376	5
451602	0	5008865	4
451602	0	5053852	0
451602	0	5179245	4
451602	0	5179250	2
451602	0	5179251	3
451602	0	5211036	1
451602	0	5475308	5
451602	0	5475312	4
451602	0	5538936	5
451602	0	5538937	5
451602	0	5538938	4
451602	0	5538942	5
451602	0	5916874	3
451602	0	6132119	4
451602	0	6286973	2
451602	0	6286974	5
451602	0	6286975	1
451602	0	6286976	4
451602	0	6286977	2
451602	0	6286978	1
451602	0	6286979	5
451602	0	6286980	5
451602	0	6286981	5
451602	0	6286982	1
451602	0	6618756	1
451602	0	6775287	2
451602	0	7792100	4
451602	0	7800959	5
451602	0	7800962	2
451602	0	8019873	0
451602	0	8033471	0
451602	0	8214451	1
451602	0	8214452	2
451602	0	8383461	1
451602	0	8383462	2
451602	0	8383463	2
451602	0	8383465	2
451602	0	8390518	4
451602	0	8390525	2
451602	0	8485136	0
451602	0	8540470	5
451602	0	8540473	5
451602	0	8621776	5
451602	0	8742537	0
451602	0	8786896	4
451602	0	930490	0
451602	0	96222	2
451602	0	96229	1
47923	0	129219	0
47923	0	1346412	2
47923	0	1488918	2
47923	0	1488919	2
47923	0	1681331	5
47923	0	1681332	5
47923	0	1681333	5
47923	0	1681334	5
47923	0	1681336	5
47923	0	1681337	4
47923	0	1681338	5
47923	0	1681339	5
47923	0	1681340	5
47923	0	1827449	1
47923	0	1827452	2
47923	0	1868437	4
47923	0	1868438	1
47923	0	1868442	2
47923	0	2044900	3
47923	0	2135499	3
47923	0	2284128	1
47923	0	2284134	1
47923	0	2408264	1
47923	0	2508227	1
47923	0	2699736	0
47923	0	2831042	1
47923	0	291219	1
47923	0	3348834	3
47923	0	3348838	2
47923	0	3630935	2
47923	0	3688361	2
47923	0	4064327	1
47923	0	4064328	0
47923	0	4119528	2
47923	0	4257344	0
47923	0	4257345	0
47923	0	4297620	5
47923	0	4523464	1
47923	0	4652795	4
47923	0	473807	4
47923	0	473809	5
47923	0	5032362	5
47923	0	5032364	2
47923	0	5147526	2
47923	0	5147527	2
47923	0	5147529	4
47923	0	525507	0
47923	0	525511	5
47923	0	525513	1
47923	0	5282403	2
47923	0	5310902	2
47923	0	5417578	0
47923	0	5417580	2
47923	0	5417581	0
47923	0	5417582	5
47923	0	5417584	3
47923	0	5595916	2
47923	0	5898845	3
47923	0	5898846	4
47923	0	5936354	3
47923	0	5966643	3
47923	0	6111296	2
47923	0	618556	5
47923	0	6191	5
47923	0	6210760	1
47923	0	6222131	1
47923	0	6241147	5
47923	0	6241148	4
47923	0	6241150	5
47923	0	6241151	5
47923	0	6241152	5
47923	0	6241153	5
47923	0	6241154	4
47923	0	6272906	2
47923	0	6643066	4
47923	0	6919836	5
47923	0	6919841	2
47923	0	7038128	1
47923	0	7071695	1
47923	0	7137895	1
47923	0	7417276	2
47923	0	7747055	2
47923	0	7902936	3
47923	0	7936847	2
47923	0	8110288	0
47923	0	8110289	1
47923	0	8216702	2
47923	0	829484	0
47923	0	8327407	3
47923	0	8348762	5
47923	0	8418678	4
47923	0	8418681	5
47923	0	8418683	4
47923	0	8418686	4
47923	0	8421421	3
47923	0	8641104	4
47923	0	8641106	5
47923	0	8641107	5
47923	0	913042	4
47923	0	986177	4
489204	0	114148	4
489204	0	1167659	3
489204	0	1225589	5
489204	0	1225591	5
489204	0	1228655	3
489204	0	1231677	5
489204	0	1276947	5
489204	0	1319513	1
489204	0	1418931	1
489204	0	1418933	2
489204	0	1418935	1
489204	0	1418937	2
489204	0	1430550	5
489204	0	152948	3
489204	0	152954	5
489204	0	1538587	5
489204	0	173119	3
489204	0	1759354	3
489204	0	1759357	2
489204	0	1759360	2
489204	0	1778458	5
489204	0	185678	5
489204	0	185679	2
489204	0	1950273	2
489204	0	216490	4
489204	0	216492	4
489204	0	2268651	0
489204	0	2268652	2
489204	0	2268656	1
489204	0	2268657	3
489204	0	3053137	2
489204	0	3053140	1
489204	0	3608627	3
489204	0	3728441	1
489204	0	3728445	5
489204	0	4029846	2
489204	0	4142348	0
489204	0	416864	4
489204	0	4279451	0
489204	0	4387756	2
489204	0	4586570	5
489204	0	4890939	0
489204	0	4917998	2
489204	0	5005765	5
489204	0	5107817	1
489204	0	5107824	1
489204	0	533017	4
489204	0	5541650	5
489204	0	5629373	5
489204	0	5815957	4
489204	0	5842847	5
489204	0	5842850	5
489204	0	5895917	2
489204	0	6087663	0
489204	0	6087666	4
489204	0	6087671	2
489204	0	6327174	5
489204	0	6327175	4
489204	0	6327177	4
489204	0	6327181	1
489204	0	6327182	0
489204	0	6343845	5
489204	0	6362205	1
489204	0	6542578	3
489204	0	66437	1
489204	0	6652051	0
489204	0	6652052	3
489204	0	6661536	5
489204	0	6665318	1
489204	0	6665319	1
489204	0	6665321	4
489204	0	678245	5
489204	0	6894988	5
489204	0	6952550	1
489204	0	6964307	0
489204	0	7113153	2
489204	0	7116533	5
489204	0	753265	2
489204	0	7734612	2
489204	0	8376905	4
489204	0	8376907	2
489204	0	8376910	2
489204	0	8463820	5
489204	0	8463823	5
489204	0	855963	4
489204	0	855967	1
489204	0	855969	2
489204	0	855972	4
489204	0	8594271	2
489204	0	8594272	0
489204	0	8594273	3
489204	0	8594276	0
489204	0	8594277	1
489204	0	8594280	5
489204	0	8737051	4
489204	0	8737053	0
489204	0	8781574	2
489204	0	8781575	2
489204	0	890797	2
489204	0	973923	3
490595	0	1044147	0
490595	0	1160847	5
490595	0	1194055	1
490595	0	1194060	1
490595	0	1288938	4
490595	0	1288942	4
490595	0	1288943	2
490595	0	1288946	4
490595	0	1473259	5
490595	0	1554695	2
490595	0	1620438	3
490595	0	1652460	5
490595	0	1814180	5
490595	0	1929910	5
490595	0	1929911	4
490595	0	2433509	0
490595	0	2668007	0
490595	0	3497870	0
490595	0	3833407	3
490595	0	3833409	1
490595	0	3833413	2
490595	0	3833414	4
490595	0	3937195	3
490595	0	3937196	3
490595	0	3937197	5
490595	0	3937199	1
490595	0	3937200	4
490595	0	3937201	2
490595	0	3937202	1
490595	0	3937203	5
490595	0	3937204	2
490595	0	4082315	0
490595	0	4082319	0
490595	0	4292443	2
490595	0	4737059	4
490595	0	4737060	5
490595	0	4737061	2
490595	0	4737062	2
490595	0	4737063	5
490595	0	4737064	5
490595	0	4737065	5
490595	0	4737066	5
490595	0	4737067	2
490595	0	4737068	4
490595	0	4763066	3
490595	0	4763068	2
490595	0	4763070	2
490595	0	4771671	2
490595	0	4842889	5
490595	0	4842890	5
490595	0	4842891	5
490595	0	4842894	2
490595	0	4842895	1
490595	0	4842896	2
490595	0	4842897	4
490595	0	4865130	2
490595	0	5112294	3
490595	0	5128293	1
490595	0	5247992	5
490595	0	5247999	4
490595	0	5248000	2
490595	0	526093	3
490595	0	5359208	1
490595	0	5359212	2
490595	0	5359213	4
490595	0	549465	4
490595	0	549466	4
490595	0	5633627	1
490595	0	5633631	1
490595	0	6045591	5
490595	0	6045596	5
490595	0	6066623	1
490595	0	6412650	2
490595	0	6686784	5
490595	0	6742119	5
490595	0	6971306	0
490595	0	6976956	1
490595	0	6976960	0
490595	0	7045861	0
490595	0	7065739	0
490595	0	7340532	2
490595	0	7422680	5
490595	0	7698191	1
490595	0	777201	2
490595	0	7839903	3
490595	0	7839904	2
490595	0	7839906	2
490595	0	7968900	2
490595	0	805046	5
490595	0	805047	2
490595	0	805048	5
490595	0	805050	3
490595	0	805051	5
490595	0	805052	1
490595	0	8485139	4
490595	0	8485140	2
490595	0	8485141	5
490595	0	8485142	3
490595	0	8709994	1
490595	0	903932	3
527433	0	1000485	5
527433	0	1101466	3
527433	0	1125933	1
527433	0	1187918	5
527433	0	1212783	2
527433	0	1251475	1
527433	0	1251480	2
527433	0	126710	0
527433	0	1379237	5
527433	0	1379238	2
527433	0	1379239	4
527433	0	1379240	5
527433	0	1379245	5
527433	0	1511548	4
527433	0	1511549	0
527433	0	1511551	4
527433	0	1511553	5
527433	0	1511556	2
527433	0	1664523	5
527433	0	1753604	2
527433	0	1753981	3
527433	0	2496224	3
527433	0	2496227	1
527433	0	2565413	4
527433	0	269422	2
527433	0	269423	3
527433	0	269424	1
527433	0	269425	5
527433	0	269426	4
527433	0	269428	1
527433	0	269430	5
527433	0	2722036	2
527433	0	286501	0
527433	0	291606	2
527433	0	3093197	5
527433	0	3124961	1
527433	0	3136618	1
527433	0	3224400	3
527433	0	3294599	3
527433	0	3294600	1
527433	0	3774360	5
527433	0	3786813	2
527433	0	3835729	4
527433	0	3835731	4
527433	0	3835736	4
527433	0	4046875	1
527433	0	4046876	2
527433	0	4351170	2
527433	0	4351179	0
527433	0	4402992	2
527433	0	4402995	2
527433	0	467601	3
527433	0	4958697	1
527433	0	5466807	5
527433	0	5466809	5
527433	0	5466810	4
527433	0	5479497	0
527433	0	5479502	0
527433	0	5603305	0
527433	0	5672164	3
527433	0	5690943	2
527433	0	6038397	3
527433	0	6038403	3
527433	0	6038404	4
527433	0	6038411	2
527433	0	6065683	2
527433	0	6186391	2
527433	0	6186393	5
527433	0	6186394	0
527433	0	6186395	2
527433	0	6214994	2
527433	0	6214995	4
527433	0	6215001	5
527433	0	6394981	1
527433	0	6398041	5
527433	0	6498113	2
527433	0	653101	2
527433	0	6595634	2
527433	0	6735245	5
527433	0	7514088	1
527433	0	7514090	1
527433	0	7607669	5
527433	0	7748145	2
527433	0	7748146	2
527433	0	8306449	5
527433	0	8306450	5
527433	0	8306451	1
527433	0	8371764	4
527433	0	8617267	4
527433	0	8617269	1
527433	0	8617270	0
527433	0	8617271	5
527433	0	8617272	2
527433	0	8617273	5
527433	0	8617274	4
527433	0	8617276	5
527433	0	8761458	0
527433	0	8827925	5
527433	0	8827928	4
527433	0	953162	2
573724	0	1005335	1
573724	0	1005338	1
573724	0	1005341	0
573724	0	104856	1
573724	0	1165128	1
573724	0	1165129	5
573724	0	1293333	2
573724	0	1509939	0
573724	0	1509940	5
573724	0	1509942	5
573724	0	1509943	2
573724	0	1509944	2
573724	0	162145	0
573724	0	162151	5
573724	0	1816038	5
573724	0	2133806	4
573724	0	2417985	3
573724	0	2635262	5
573724	0	3059590	4
573724	0	3059593	4
573724	0	3146236	3
573724	0	3146238	4
573724	0	3146240	3
573724	0	3365631	3
573724	0	3365632	4
573724	0	3365633	3
573724	0	3365635	2
573724	0	3365636	5
573724	0	3365637	0
573724	0	3365638	5
573724	0	3365639	2
573724	0	340830	2
573724	0	3412325	1
573724	0	3492364	1
573724	0	3617636	4
573724	0	394136	5
573724	0	394138	5
573724	0	394139	4
573724	0	394141	4
573724	0	394142	5
573724	0	4017883	1
573724	0	4041520	2
573724	0	4360246	2
573724	0	5047796	5
573724	0	5185664	4
573724	0	5185671	4
573724	0	5310530	5
573724	0	5339620	5
573724	0	5384308	0
573724	0	5721829	5
573724	0	5721831	4
573724	0	5962420	0
573724	0	5962423	5
573724	0	5962424	1
573724	0	5962425	0
573724	0	5962426	3
573724	0	5962427	2
573724	0	5962428	4
573724	0	6113247	0
573724	0	6496777	2
573724	0	6776717	5
573724	0	7104825	5
573724	0	7104826	4
573724	0	7104827	1
573724	0	7199667	2
573724	0	7199669	5
573724	0	7199672	1
573724	0	7199673	5
573724	0	7199674	0
573724	0	7199675	1
573724	0	7275118	1
573724	0	7384329	1
573724	0	7384331	2
573724	0	7384332	4
573724	0	7384333	1
573724	0	7530702	2
573724	0	7609926	1
573724	0	7609927	2
573724	0	7609928	2
573724	0	7609929	2
573724	0	7609930	2
573724	0	7609932	2
573724	0	7609933	2
573724	0	7674858	1
573724	0	7674859	5
573724	0	7964601	3
573724	0	8047166	2
573724	0	8318905	3
573724	0	8441637	3
573724	0	8441642	5
573724	0	8444726	0
573724	0	8444727	4
573724	0	8444728	3
573724	0	87400	2
573724	0	87404	1
573724	0	87405	5
573724	0	87409	2
573724	0	8833192	5
573724	0	8833194	5
573724	0	8833199	2
833860	0	1187661	2
833860	0	1327051	0
833860	0	1361867	1
833860	0	1501736	1
833860	0	1524399	0
833860	0	1799624	0
833860	0	1889863	3
833860	0	2022685	2
833860	0	2022688	5
833860	0	2022689	2
833860	0	2037474	1
833860	0	2206194	5
833860	0	2206195	5
833860	0	2206196	5
833860	0	2206197	4
833860	0	2206198	5
833860	0	2206200	2
833860	0	223308	0
833860	0	2672510	0
833860	0	2702357	5
833860	0	2792242	4
833860	0	3087477	0
833860	0	3087479	4
833860	0	3087481	3
833860	0	3087483	0
833860	0	3320119	2
833860	0	3394881	1
833860	0	3394884	0
833860	0	3437281	5
833860	0	3437283	2
833860	0	3437284	4
833860	0	3437285	2
833860	0	3437286	3
833860	0	3437288	3
833860	0	3437289	4
833860	0	3437290	2
833860	0	3767859	2
833860	0	4046122	3
833860	0	4431446	4
833860	0	4461904	1
833860	0	474455	1
833860	0	4881965	5
833860	0	4983652	1
833860	0	5167510	5
833860	0	5167512	5
833860	0	5167513	5
833860	0	5167518	5
833860	0	5196182	2
833860	0	5268870	1
833860	0	5268871	0
833860	0	5407712	3
833860	0	5417403	0
833860	0	5652528	1
833860	0	5832657	5
833860	0	5832662	2
833860	0	5832665	2
833860	0	596153	5
833860	0	6083481	2
833860	0	6182014	1
833860	0	6211800	2
833860	0	6211801	2
833860	0	6218032	3
833860	0	6218035	4
833860	0	6218036	4
833860	0	6218040	4
833860	0	6230220	4
833860	0	6230221	5
833860	0	6230222	4
833860	0	6230223	5
833860	0	6230224	2
833860	0	6230225	5
833860	0	6230226	5
833860	0	6230227	4
833860	0	6230228	2
833860	0	6230229	2
833860	0	6301693	2
833860	0	6672273	3
833860	0	6812180	2
833860	0	6875877	5
833860	0	6943598	1
833860	0	6943600	1
833860	0	6943602	1
833860	0	7038170	3
833860	0	7061642	1
833860	0	7140183	1
833860	0	7526106	4
833860	0	767542	2
833860	0	7706738	5
833860	0	771855	5
833860	0	7831470	2
833860	0	7944293	2
833860	0	8344031	4
833860	0	8697642	2
833860	0	8813242	2
833860	0	8833502	5
833860	0	8833504	5
833860	0	8833506	4
833860	0	8833507	3
833860	0	8833509	5
833860	0	918663	5
855410	0	1047903	5
855410	0	107007	0
855410	0	1094085	3
855410	0	1147838	4
855410	0	1186979	5
855410	0	1265640	3
855410	0	1375118	2
855410	0	1601632	1
855410	0	1601633	2
855410	0	1819434	5
855410	0	1823202	2
855410	0	1865662	0
855410	0	1943019	1
855410	0	2077825	1
855410	0	2273664	5
855410	0	2320432	3
855410	0	235313	1
855410	0	2499353	3
855410	0	2531712	4
855410	0	2699630	2
855410	0	2699633	1
855410	0	2890365	5
855410	0	290393	5
855410	0	290399	3
855410	0	2956083	2
855410	0	2956088	2
855410	0	3029131	2
855410	0	3395167	5
855410	0	3616245	4
855410	0	3723413	2
855410	0	3723415	2
855410	0	3899594	2
855410	0	3946565	0
855410	0	3950388	2
855410	0	4280787	2
855410	0	4280789	2
855410	0	4492814	2
855410	0	4492820	1
855410	0	4544524	3
855410	0	4550443	5
855410	0	4550444	4
855410	0	4554616	0
855410	0	4806059	1
855410	0	4806060	0
855410	0	4806061	0
855410	0	4905096	2
855410	0	4949888	1
855410	0	4949892	2
855410	0	5053555	3
855410	0	5053561	3
855410	0	5054952	3
855410	0	5054953	4
855410	0	5170091	4
855410	0	5227585	0
855410	0	5238596	3
855410	0	5501406	4
855410	0	5501411	5
855410	0	5886095	2
855410	0	5980107	2
855410	0	6206276	0
855410	0	6257436	5
855410	0	6385718	5
855410	0	6385723	4
855410	0	6385724	5
855410	0	6438956	2
855410	0	6468667	1
855410	0	6522121	5
855410	0	6658891	2
855410	0	6792307	4
855410	0	681984	1
855410	0	681993	2
855410	0	6897274	0
855410	0	6933293	3
855410	0	7380061	5
855410	0	7835607	4
855410	0	8157623	2
855410	0	8157631	2
855410	0	8157632	2
855410	0	8442441	1
855410	0	8442446	0
855410	0	8458402	3
855410	0	8543388	5
855410	0	8543392	5
855410	0	8543394	4
855410	0	8596531	5
855410	0	8645167	5
855410	0	8647049	1
855410	0	8647051	1
855410	0	8651770	5
855410	0	8651771	5
855410	0	8651772	5
855410	0	8651773	5
855410	0	8651775	5
855410	0	8651776	3
855410	0	8711527	4
855410	0	8792394	2
855410	0	902854	4
855410	0	944479	5
855410	0	995377	1
855410	0	995381	1
87181	0	1059517	3
87181	0	123547	1
87181	0	1700168	4
87181	0	1766470	2
87181	0	1950526	4
87181	0	1950532	5
87181	0	1961300	2
87181	0	1992881	3
87181	0	2024860	3
87181	0	2307974	4
87181	0	2307979	2
87181	0	2530227	5
87181	0	2530252	1
87181	0	2530257	2
87181	0	2556144	2
87181	0	2556149	0
87181	0	2556150	1
87181	0	2556151	3
87181	0	2556153	4
87181	0	2986227	5
87181	0	3216315	5
87181	0	3216319	4
87181	0	3914970	5
87181	0	4632251	2
87181	0	4639455	4
87181	0	4689523	5
87181	0	4689524	1
87181	0	4689525	3
87181	0	47203	0
87181	0	47204	1
87181	0	47206	0
87181	0	47207	2
87181	0	47210	0
87181	0	47211	2
87181	0	47212	2
87181	0	4786305	5
87181	0	5103077	3
87181	0	5103082	3
87181	0	5103083	3
87181	0	5197130	0
87181	0	5197133	1
87181	0	5197135	2
87181	0	5197138	0
87181	0	5469038	5
87181	0	5497677	4
87181	0	5503697	2
87181	0	5753301	5
87181	0	5758954	2
87181	0	5899049	5
87181	0	6129695	2
87181	0	6482229	3
87181	0	6484575	5
87181	0	6484576	5
87181	0	6484577	4
87181	0	6484578	2
87181	0	6521360	1
87181	0	6521365	2
87181	0	6521366	5
87181	0	6521367	4
87181	0	6685092	5
87181	0	6747685	1
87181	0	6774305	5
87181	0	6969187	3
87181	0	7057928	2
87181	0	742425	5
87181	0	7504775	0
87181	0	753721	4
87181	0	7586365	5
87181	0	7666828	0
87181	0	7666831	2
87181	0	8037179	2
87181	0	8049855	5
87181	0	8151921	2
87181	0	8151922	2
87181	0	8151926	4
87181	0	8165400	0
87181	0	8165401	5
87181	0	8165403	0
87181	0	8165404	1
87181	0	8332546	5
87181	0	8332547	5
87181	0	8332551	2
87181	0	8332555	2
87181	0	8356380	4
87181	0	8499367	4
87181	0	8522403	2
87181	0	8534130	5
87181	0	8534133	1
87181	0	8534134	5
87181	0	8534135	3
87181	0	8534136	1
87181	0	8565420	4
87181	0	8614359	1
87181	0	8614360	1
87181	0	8664069	1
87181	0	8683178	2
87181	0	8683181	1
87181	0	8683183	5
87181	0	8683185	5
87181	0	8738510	2
87452	0	110898	1
87452	0	119524	0
87452	0	119526	1
87452	0	1395625	2
87452	0	1395631	3
87452	0	1395633	5
87452	0	1518500	4
87452	0	1533416	4
87452	0	1598547	1
87452	0	1749882	4
87452	0	186931	5
87452	0	186939	4
87452	0	1890452	5
87452	0	2026774	0
87452	0	2026777	0
87452	0	2127122	1
87452	0	2205470	2
87452	0	2624886	5
87452	0	2771908	0
87452	0	3732121	1
87452	0	3809020	0
87452	0	4008486	5
87452	0	4307932	5
87452	0	4307935	2
87452	0	4307936	4
87452	0	4307938	2
87452	0	4307941	3
87452	0	4496461	1
87452	0	4557554	0
87452	0	4634899	3
87452	0	4846191	2
87452	0	4846192	2
87452	0	4846194	2
87452	0	4846197	5
87452	0	4846198	2
87452	0	4866237	1
87452	0	4866238	1
87452	0	4872055	2
87452	0	4993648	2
87452	0	5180105	2
87452	0	5219890	1
87452	0	5286924	5
87452	0	5500606	2
87452	0	5746165	1
87452	0	5746167	0
87452	0	5751686	4
87452	0	5851090	4
87452	0	5851095	5
87452	0	6018160	5
87452	0	6018161	2
87452	0	6018162	5
87452	0	6018163	2
87452	0	6018164	5
87452	0	6018165	5
87452	0	6018166	3
87452	0	6018167	2
87452	0	6018168	5
87452	0	6018169	2
87452	0	6159692	2
87452	0	7166743	1
87452	0	7166746	0
87452	0	7166749	0
87452	0	7166751	1
87452	0	7261521	2
87452	0	7261524	2
87452	0	7304545	5
87452	0	7641652	4
87452	0	7843982	3
87452	0	7843984	2
87452	0	7965004	5
87452	0	7965011	3
87452	0	8055174	1
87452	0	8081930	3
87452	0	8081937	4
87452	0	8126315	0
87452	0	8152220	3
87452	0	8152222	4
87452	0	8152225	5
87452	0	8213478	5
87452	0	8213486	1
87452	0	8333912	5
87452	0	8333913	5
87452	0	8333917	5
87452	0	8333919	5
87452	0	8333920	4
87452	0	8333921	5
87452	0	8436571	3
87452	0	8436572	2
87452	0	8436573	4
87452	0	8436574	2
87452	0	8436575	1
87452	0	8436576	2
87452	0	8436578	2
87452	0	8436579	2
87452	0	8436580	2
87452	0	8819111	4
87452	0	8819112	5
87452	0	8819113	4
87452	0	8819114	5
87452	0	8819116	4
915593	0	1396701	2
915593	0	1396705	4
915593	0	1396708	3
915593	0	1772930	2
915593	0	1972028	4
915593	0	2210590	2
915593	0	2210591	2
915593	0	2210592	5
915593	0	2210593	5
915593	0	2210594	2
915593	0	2210595	2
915593	0	2210596	1
915593	0	2210597	3
915593	0	2588143	5
915593	0	2744909	3
915593	0	2915475	3
915593	0	3069424	4
915593	0	3143377	1
915593	0	3375966	4
915593	0	3485338	4
915593	0	3523602	0
915593	0	3538160	5
915593	0	3538161	2
915593	0	3538163	5
915593	0	3538164	2
915593	0	3538166	2
915593	0	3538168	5
915593	0	3573473	2
915593	0	3573477	2
915593	0	3573478	5
915593	0	3573479	2
915593	0	3890492	1
915593	0	3930156	3
915593	0	3991910	3
915593	0	4566815	1
915593	0	4566816	1
915593	0	4566817	1
915593	0	4566818	5
915593	0	4566819	2
915593	0	4566822	4
915593	0	4566823	2
915593	0	4691129	2
915593	0	4834226	3
915593	0	4998398	5
915593	0	5931262	4
915593	0	5931553	3
915593	0	649106	0
915593	0	6546464	1
915593	0	6761340	1
915593	0	6761341	2
915593	0	6761344	4
915593	0	6761346	0
915593	0	6761348	1
915593	0	6849965	4
915593	0	6923052	5
915593	0	6923054	1
915593	0	698385	0
915593	0	7709320	5
915593	0	7715653	0
915593	0	7715657	0
915593	0	7742098	3
915593	0	7837084	1
915593	0	7837086	1
915593	0	7861751	4
915593	0	8002852	4
915593	0	8029524	5
915593	0	8029525	4
915593	0	8029527	5
915593	0	8029532	1
915593	0	8029533	5
915593	0	8103065	5
915593	0	8103067	5
915593	0	8103068	0
915593	0	8178996	5
915593	0	8178998	4
915593	0	8178999	2
915593	0	8179005	0
915593	0	82105	2
915593	0	82106	5
915593	0	82107	5
915593	0	82108	5
915593	0	82109	0
915593	0	82110	5
915593	0	82111	2
915593	0	82113	5
915593	0	82114	2
915593	0	8275207	3
915593	0	8402968	2
915593	0	8402969	1
915593	0	8402970	2
915593	0	8402971	5
915593	0	8402972	5
915593	0	8402973	2
915593	0	8402974	2
915593	0	8420020	4
915593	0	8455303	5
915593	0	8455304	4
915593	0	8455306	2
915593	0	8681775	1
915593	0	8835904	0
962179	0	1645080	4
962179	0	1882903	2
962179	0	2017001	2
962179	0	2017003	1
962179	0	2131895	2
962179	0	2131896	2
962179	0	2186434	4
962179	0	220191	0
962179	0	2329692	5
962179	0	2329693	4
962179	0	2329694	2
962179	0	2329695	5
962179	0	2329696	5
962179	0	2329697	5
962179	0	2329699	5
962179	0	2329700	3
962179	0	2329701	4
962179	0	2589902	3
962179	0	2589904	2
962179	0	2589905	3
962179	0	2632688	2
962179	0	2697161	1
962179	0	2697162	3
962179	0	2781435	1
962179	0	2978863	3
962179	0	2978864	5
962179	0	2978865	4
962179	0	2978866	5
962179	0	2978867	2
962179	0	2978868	2
962179	0	2978869	4
962179	0	2978870	5
962179	0	2978871	4
962179	0	302861	5
962179	0	302867	1
962179	0	3033200	1
962179	0	3046926	0
962179	0	3111420	0
962179	0	3173623	0
962179	0	3173625	1
962179	0	3422319	1
962179	0	3705165	5
962179	0	3896629	2
962179	0	3896632	4
962179	0	4209397	2
962179	0	4257871	4
962179	0	4257872	4
962179	0	4257873	2
962179	0	4511499	5
962179	0	4511503	5
962179	0	4606386	5
962179	0	4606387	5
962179	0	4606388	2
962179	0	4610583	0
962179	0	5105844	0
962179	0	5268432	1
962179	0	529450	1
962179	0	5329867	4
962179	0	534563	5
962179	0	536176	5
962179	0	536177	1
962179	0	536178	2
962179	0	5653655	2
962179	0	5653656	2
962179	0	5653657	2
962179	0	5653659	5
962179	0	5919340	5
962179	0	5919342	5
962179	0	5931179	1
962179	0	6186348	4
962179	0	6675259	5
962179	0	6675260	5
962179	0	6675262	2
962179	0	6675264	3
962179	0	6898289	5
962179	0	6898293	2
962179	0	6901240	3
962179	0	6904860	0
962179	0	6904861	1
962179	0	6904862	1
962179	0	6904863	0
962179	0	6980697	5
962179	0	7126025	1
962179	0	7428149	3
962179	0	7733807	4
962179	0	7733810	3
962179	0	8032264	0
962179	0	8739706	1
962179	0	8768354	2
962179	0	8785367	4
962179	0	8785368	2
962179	0	8785369	5
962179	0	8785370	1
962179	0	8785371	5
962179	0	8785372	2
962179	0	8785373	2
962179	0	8785374	4
962179	0	8785375	3
962179	0	8811422	0
962179	0	963708	2
