1037798	0	2157450	1
1037798	0	2157456	1
1037798	0	2258765	0
1037798	0	2360247	0
1037798	0	2360252	0
1037798	0	2781960	1
1037798	0	2781965	2
1037798	0	2781966	2
1037798	0	2787508	1
1037798	0	3167284	2
1037798	0	3387556	5
1037798	0	3620983	5
1037798	0	3620986	5
1037798	0	3620991	5
1037798	0	3641634	5
1037798	0	3641640	5
1037798	0	4055260	2
1037798	0	4095286	4
1037798	0	4114288	4
1037798	0	4182093	3
1037798	0	4227882	1
1037798	0	4291373	1
1037798	0	4468467	5
1037798	0	4788864	2
1037798	0	4818124	2
1037798	0	4818129	5
1037798	0	4974552	4
1037798	0	5006527	1
1037798	0	5438881	2
1037798	0	6060285	3
1037798	0	6792682	0
1037798	0	6792685	4
1037798	0	6963992	4
1037798	0	720665	3
1037798	0	7466652	4
1037798	0	7822415	5
1037798	0	7961603	2
1037798	0	7967207	5
1037798	0	8224670	2
1037798	0	8537479	4
1037798	0	8760864	1
1037798	0	8760865	2
1037798	0	8760866	5
1037798	0	8760867	2
1037798	0	8760868	3
1037798	0	8760870	4
1037798	0	8760871	5
1037798	0	8760873	2
1037798	0	8780802	0
1037798	0	994978	3
104861	0	1017092	2
104861	0	1046334	4
104861	0	1046339	5
104861	0	1055594	0
104861	0	1304632	2
104861	0	1313687	5
104861	0	1357961	1
104861	0	1442348	2
104861	0	146170	4
104861	0	146174	5
104861	0	1567102	1
104861	0	171927	5
104861	0	1773805	4
104861	0	1773807	5
104861	0	1811410	1
104861	0	1948963	5
104861	0	2158194	1
104861	0	2294849	2
104861	0	2377050	1
104861	0	2497738	0
104861	0	2600385	0
104861	0	2611066	5
104861	0	3443173	2
104861	0	3443176	5
104861	0	3925933	5
104861	0	4017854	1
104861	0	4017856	1
104861	0	4017858	0
104861	0	409268	2
104861	0	4199743	4
104861	0	4350439	1
104861	0	4583548	4
104861	0	459675	3
104861	0	459676	2
104861	0	4717134	0
104861	0	5138467	5
104861	0	5138469	1
104861	0	5138471	5
104861	0	5138472	3
104861	0	5138473	5
104861	0	5138474	1
104861	0	5138476	5
104861	0	5150431	2
104861	0	5248340	2
104861	0	5248341	4
104861	0	5405670	0
104861	0	5667475	2
104861	0	5688415	4
104861	0	5688416	5
104861	0	5688417	5
104861	0	5688418	5
104861	0	5688420	5
104861	0	5703400	2
104861	0	5703401	3
104861	0	5801822	4
104861	0	5836442	4
104861	0	5864689	0
104861	0	5864693	1
104861	0	599604	5
104861	0	6156641	0
104861	0	6187055	2
104861	0	629273	3
104861	0	629274	2
104861	0	629276	3
104861	0	629277	5
104861	0	629278	3
104861	0	6351571	2
104861	0	6467577	3
104861	0	6467580	2
104861	0	6467581	2
104861	0	6585554	4
104861	0	6653674	2
104861	0	6653676	1
104861	0	6653677	1
104861	0	6653678	4
104861	0	6653679	1
104861	0	6658615	3
104861	0	6704672	5
104861	0	6904992	2
104861	0	7034375	4
104861	0	715676	2
104861	0	7462393	0
104861	0	7506029	5
104861	0	8259116	2
104861	0	8260035	2
104861	0	8349574	5
104861	0	8495099	2
104861	0	8546158	4
104861	0	8546162	3
1063750	0	1074552	3
1063750	0	118643	4
1063750	0	12266	3
1063750	0	1747827	0
1063750	0	1866486	5
1063750	0	1923499	3
1063750	0	1923500	2
1063750	0	1923506	5
1063750	0	2220585	5
1063750	0	2230089	5
1063750	0	2230090	2
1063750	0	2391456	2
1063750	0	2391457	2
1063750	0	2470328	2
1063750	0	2496767	2
1063750	0	2516	0
1063750	0	2768117	5
1063750	0	2768123	5
1063750	0	2868845	1
1063750	0	2881841	0
1063750	0	2997653	0
1063750	0	3076179	2
1063750	0	309313	5
1063750	0	3259884	3
1063750	0	3259889	4
1063750	0	3259892	4
1063750	0	330159	4
1063750	0	330165	4
1063750	0	3327051	1
1063750	0	3610446	2
1063750	0	3654231	2
1063750	0	3973418	5
1063750	0	3973423	4
1063750	0	4158202	2
1063750	0	4164404	0
1063750	0	4329899	1
1063750	0	4337526	5
1063750	0	4337527	5
1063750	0	4337529	4
1063750	0	4337532	4
1063750	0	4349323	0
1063750	0	4414266	1
1063750	0	4718159	2
1063750	0	4718161	5
1063750	0	4788295	2
1063750	0	4788296	1
1063750	0	4788297	1
1063750	0	4788299	1
1063750	0	4823168	1
1063750	0	4823169	1
1063750	0	4834969	3
1063750	0	4834974	3
1063750	0	5123011	0
1063750	0	5442711	5
1063750	0	5442717	1
1063750	0	5956099	5
1063750	0	5956102	3
1063750	0	6093904	0
1063750	0	6127389	5
1063750	0	6347205	3
1063750	0	6436703	1
1063750	0	6666451	2
1063750	0	7146781	2
1063750	0	7571423	5
1063750	0	7571428	2
1063750	0	7778351	2
1063750	0	7778354	5
1063750	0	7781460	1
1063750	0	7837936	2
1063750	0	7837938	4
1063750	0	7952964	2
1063750	0	7952965	4
1063750	0	7952966	2
1063750	0	7952971	5
1063750	0	8170640	4
1063750	0	819283	2
1063750	0	819284	1
1063750	0	8239876	4
1063750	0	8239877	5
1063750	0	8384979	5
1063750	0	8640242	5
1063750	0	8670789	0
1063750	0	8722081	2
1063750	0	8821734	5
1063750	0	8821735	4
1103812	0	1214791	0
1103812	0	1583317	5
1103812	0	1614303	5
1103812	0	1659850	4
1103812	0	1659852	3
1103812	0	2332189	5
1103812	0	2703108	2
1103812	0	2703111	2
1103812	0	2750961	5
1103812	0	2750965	5
1103812	0	2790080	2
1103812	0	3591090	1
1103812	0	3672737	1
1103812	0	3672744	1
1103812	0	3843263	2
1103812	0	3843267	4
1103812	0	3843269	3
1103812	0	3940091	3
1103812	0	4044289	0
1103812	0	4292848	4
1103812	0	4401695	5
1103812	0	4455026	0
1103812	0	4679037	2
1103812	0	4679038	2
1103812	0	4824831	2
1103812	0	4937953	1
1103812	0	5190505	2
1103812	0	5823139	1
1103812	0	5974245	1
1103812	0	6289840	4
1103812	0	6569474	1
1103812	0	7430771	2
1103812	0	7753287	2
1103812	0	8157968	4
1103812	0	8220081	3
1103812	0	8220085	5
1103812	0	8220086	5
1103812	0	8220087	5
1103812	0	8220088	5
1103812	0	8220089	5
1103812	0	8224175	2
1103812	0	8224183	4
1103812	0	8293805	4
1103812	0	955560	0
1103812	0	961775	0
1106007	0	1334328	5
1106007	0	1334330	2
1106007	0	1334334	3
1106007	0	1334335	4
1106007	0	1334336	5
1106007	0	1530299	0
1106007	0	2143418	1
1106007	0	2384069	2
1106007	0	2464375	5
1106007	0	2621981	0
1106007	0	2672601	5
1106007	0	2672608	4
1106007	0	2777113	2
1106007	0	2960558	5
1106007	0	2960561	2
1106007	0	2960563	5
1106007	0	2960566	5
1106007	0	3390428	3
1106007	0	3537614	0
1106007	0	4173709	5
1106007	0	4173712	5
1106007	0	4382105	0
1106007	0	5174765	1
1106007	0	5279699	0
1106007	0	5774818	4
1106007	0	5780388	2
1106007	0	5836920	1
1106007	0	6126194	2
1106007	0	6126197	3
1106007	0	6209484	4
1106007	0	7211746	1
1106007	0	746358	2
1106007	0	765663	1
1106007	0	7685383	2
1106007	0	7685384	4
1106007	0	7685385	3
1106007	0	7685388	2
1106007	0	7726655	1
1106007	0	8199521	2
1106007	0	8204457	5
1106007	0	8521673	4
1110199	0	167604	0
1110199	0	1901876	5
1110199	0	1901877	3
1110199	0	1901878	5
1110199	0	1901879	3
1110199	0	1901881	4
1110199	0	1901882	5
1110199	0	2218462	1
1110199	0	239444	2
1110199	0	2474406	4
1110199	0	2796199	5
1110199	0	2796830	1
1110199	0	3647394	2
1110199	0	3838638	5
1110199	0	3838645	2
1110199	0	398442	0
1110199	0	4053652	5
1110199	0	4057232	1
1110199	0	4489656	1
1110199	0	4504233	2
1110199	0	4511137	5
1110199	0	4511144	1
1110199	0	4588784	3
1110199	0	4949578	1
1110199	0	5172684	4
1110199	0	5172688	2
1110199	0	5218014	1
1110199	0	554521	0
1110199	0	5857921	2
1110199	0	6368887	3
1110199	0	6368891	2
1110199	0	6392463	4
1110199	0	6392469	2
1110199	0	7174098	4
1110199	0	7221366	5
1110199	0	7369955	2
1110199	0	7628031	0
1110199	0	7680811	5
1110199	0	8160518	5
1110199	0	8160519	4
1110199	0	8160520	5
1110199	0	8160523	2
1110199	0	8160524	0
1110199	0	8160527	4
1110199	0	8301971	2
1112341	0	1267520	1
1112341	0	1369482	3
1112341	0	1373651	1
1112341	0	1450347	3
1112341	0	2096427	0
1112341	0	2096429	0
1112341	0	2253155	3
1112341	0	2626927	5
1112341	0	2663365	4
1112341	0	2694630	3
1112341	0	2694636	5
1112341	0	2694637	4
1112341	0	2735215	1
1112341	0	2735219	1
1112341	0	3118343	4
1112341	0	3493341	5
1112341	0	3795887	2
1112341	0	3795896	2
1112341	0	4022846	4
1112341	0	4022849	5
1112341	0	4416075	2
1112341	0	4703755	2
1112341	0	4977768	0
1112341	0	5043405	1
1112341	0	524251	2
1112341	0	550571	1
1112341	0	6016292	0
1112341	0	6102033	1
1112341	0	6164791	5
1112341	0	6311795	5
1112341	0	6311801	3
1112341	0	6342847	2
1112341	0	6478665	2
1112341	0	6681382	2
1112341	0	6726340	5
1112341	0	6726341	5
1112341	0	6726342	4
1112341	0	6726344	5
1112341	0	6726345	5
1112341	0	6726346	2
1112341	0	6740558	0
1112341	0	6903063	2
1112341	0	7079776	5
1112341	0	7079779	3
1112341	0	7242813	0
1112341	0	8139249	4
1112341	0	8139250	2
1112341	0	8139251	1
1112341	0	8139253	4
1112341	0	8139255	5
1112341	0	8139256	5
1112341	0	8139257	5
1112341	0	8139258	5
1112341	0	8326588	2
1112341	0	8337125	4
1112341	0	8337129	4
1112341	0	8442178	2
1112341	0	8606160	2
1112341	0	8606161	2
1112341	0	90432	1
1113437	0	1066532	4
1113437	0	1066538	3
1113437	0	1280568	5
1113437	0	1280569	1
1113437	0	1454814	5
1113437	0	1768727	2
1113437	0	2001933	2
1113437	0	2001934	2
1113437	0	2226349	5
1113437	0	2354940	2
1113437	0	2354941	2
1113437	0	2354947	5
1113437	0	2595628	0
1113437	0	2884191	4
1113437	0	3125154	3
1113437	0	3518300	1
1113437	0	3880944	5
1113437	0	4016930	2
1113437	0	4016937	1
1113437	0	4367832	4
1113437	0	4473156	5
1113437	0	4473157	5
1113437	0	4498864	5
1113437	0	4498867	3
1113437	0	4751835	5
1113437	0	4751839	1
1113437	0	4981632	1
1113437	0	5188746	1
1113437	0	5188747	2
1113437	0	520325	0
1113437	0	5328098	5
1113437	0	5346404	5
1113437	0	5514586	5
1113437	0	5546288	4
1113437	0	5546289	2
1113437	0	5938418	0
1113437	0	5938425	4
1113437	0	5996691	5
1113437	0	5996693	2
1113437	0	6021898	4
1113437	0	6021902	4
1113437	0	6174328	5
1113437	0	6302495	0
1113437	0	631949	2
1113437	0	6455610	3
1113437	0	6486041	1
1113437	0	6593846	4
1113437	0	6597538	0
1113437	0	7377275	0
1113437	0	7377277	5
1113437	0	7385219	2
1113437	0	7385222	2
1113437	0	742037	3
1113437	0	742040	3
1113437	0	742044	2
1113437	0	7618564	0
1113437	0	8128790	2
1113437	0	8128793	1
1113437	0	8128794	4
1113437	0	8128796	2
1113437	0	8128798	2
1113437	0	8162984	1
1113437	0	8729219	4
1114646	0	1884059	2
1114646	0	2201127	3
1114646	0	2647994	5
1114646	0	266552	1
1114646	0	2911039	2
1114646	0	2911040	1
1114646	0	2931848	0
1114646	0	3056368	2
1114646	0	4332918	2
1114646	0	444374	5
1114646	0	444375	0
1114646	0	444377	2
1114646	0	444380	5
1114646	0	444382	0
1114646	0	5279567	5
1114646	0	5417949	2
1114646	0	5417952	5
1114646	0	5417953	5
1114646	0	5417954	5
1114646	0	5569142	3
1114646	0	5640859	2
1114646	0	579554	1
1114646	0	5959593	4
1114646	0	6704400	1
1114646	0	6704401	3
1114646	0	6711103	5
1114646	0	687064	2
1114646	0	7196961	2
1114646	0	771368	2
1114646	0	7984234	4
1114646	0	8117087	1
1114646	0	8117089	4
1114646	0	8117090	3
1114646	0	8117091	5
1114646	0	8117092	4
1114646	0	8117093	0
1114646	0	8117094	4
1114646	0	8117096	4
1114646	0	8665820	1
1114819	0	1248112	1
1114819	0	1302004	4
1114819	0	1315993	3
1114819	0	1315994	5
1114819	0	1315995	5
1114819	0	1315996	2
1114819	0	1315998	3
1114819	0	1625836	4
1114819	0	1724520	5
1114819	0	1724525	3
1114819	0	1724528	0
1114819	0	1738242	2
1114819	0	1738250	5
1114819	0	2136434	4
1114819	0	344350	4
1114819	0	3484458	2
1114819	0	3781418	5
1114819	0	3906954	2
1114819	0	3906959	2
1114819	0	4890560	2
1114819	0	5165249	1
1114819	0	534362	1
1114819	0	5521371	4
1114819	0	5521373	3
1114819	0	5628952	1
1114819	0	6900766	2
1114819	0	6900774	5
1114819	0	6941478	5
1114819	0	694737	1
1114819	0	785027	4
1114819	0	8022276	5
1114819	0	8022277	0
1114819	0	8022280	5
1114819	0	8115435	0
1114819	0	8115439	0
1114819	0	8115440	2
1114819	0	8336229	4
1114819	0	8336230	1
1114819	0	8508263	5
1114819	0	8625086	2
1114819	0	8754397	1
1114819	0	8754398	3
1114819	0	8754404	0
1114819	0	988370	2
1114819	0	988373	2
1114819	0	988376	5
1115776	0	1551024	0
1115776	0	1729576	1
1115776	0	2052730	2
1115776	0	2364285	2
1115776	0	3081626	1
1115776	0	3344355	5
1115776	0	3469357	5
1115776	0	4131485	2
1115776	0	4314169	4
1115776	0	4314170	4
1115776	0	4314171	1
1115776	0	4314172	5
1115776	0	4314173	5
1115776	0	4314174	4
1115776	0	4314175	3
1115776	0	4314176	5
1115776	0	4314178	2
1115776	0	4487937	2
1115776	0	5264931	4
1115776	0	5599692	4
1115776	0	5605159	1
1115776	0	5950738	1
1115776	0	600966	0
1115776	0	6989198	3
1115776	0	8106317	5
1115776	0	8106318	0
1115776	0	8106320	5
1115776	0	8106321	5
1115776	0	8106322	0
1115776	0	8106323	2
1115776	0	8106324	2
1115776	0	8495250	3
1115776	0	8673352	2
1117099	0	1068642	0
1117099	0	1123496	1
1117099	0	1389420	5
1117099	0	1445087	1
1117099	0	1798612	5
1117099	0	1798620	3
1117099	0	2715359	0
1117099	0	3104260	1
1117099	0	3349612	5
1117099	0	3522902	2
1117099	0	3543106	5
1117099	0	4131489	0
1117099	0	4441325	2
1117099	0	4458509	3
1117099	0	4458512	4
1117099	0	4573811	3
1117099	0	514314	1
1117099	0	5286535	2
1117099	0	5286538	5
1117099	0	5286539	5
1117099	0	6122720	3
1117099	0	6122721	2
1117099	0	6122722	5
1117099	0	6122723	4
1117099	0	6534818	2
1117099	0	6993942	2
1117099	0	714808	5
1117099	0	7163733	0
1117099	0	7407593	1
1117099	0	8019446	1
1117099	0	8093931	2
1117099	0	8093932	4
1117099	0	8093934	5
1117099	0	8446501	4
1117099	0	8446504	2
1117099	0	8446505	4
1117099	0	8446506	2
1117099	0	8838111	4
1121402	0	182366	2
1121402	0	182368	5
1121402	0	182369	5
1121402	0	182370	0
1121402	0	182372	5
1121402	0	182373	0
1121402	0	188211	2
1121402	0	188213	5
1121402	0	188214	1
1121402	0	188217	1
1121402	0	188218	1
1121402	0	3511789	2
1121402	0	3785308	2
1121402	0	3785309	1
1121402	0	4293064	0
1121402	0	5189913	5
1121402	0	7125980	5
1121402	0	7125981	5
1121402	0	7125983	4
1121402	0	7125987	3
1121402	0	7142994	2
1121402	0	8052617	2
1121402	0	8052620	4
1121402	0	8052621	2
1121402	0	8052622	4
1121402	0	8052623	3
1121402	0	8052624	3
1121402	0	8089444	4
1121709	0	1112487	3
1121709	0	1114393	2
1121709	0	1392360	2
1121709	0	1640511	0
1121709	0	16845	4
1121709	0	2051808	5
1121709	0	2517708	2
1121709	0	2615981	4
1121709	0	2662730	0
1121709	0	2851223	2
1121709	0	3030903	0
1121709	0	3064096	2
1121709	0	3381112	5
1121709	0	3423059	5
1121709	0	3423060	4
1121709	0	3423061	5
1121709	0	3423062	5
1121709	0	3423063	3
1121709	0	3423064	5
1121709	0	3423065	4
1121709	0	3423066	0
1121709	0	3423067	5
1121709	0	3446958	0
1121709	0	3552218	1
1121709	0	3691568	1
1121709	0	3833130	2
1121709	0	3875032	1
1121709	0	402054	1
1121709	0	4580131	2
1121709	0	4580133	3
1121709	0	4644464	3
1121709	0	4836900	3
1121709	0	5014378	0
1121709	0	511306	2
1121709	0	5264299	2
1121709	0	6007524	1
1121709	0	6600	4
1121709	0	6630430	2
1121709	0	669004	1
1121709	0	701349	2
1121709	0	7209949	2
1121709	0	7565881	5
1121709	0	8049577	5
1121709	0	8049578	5
1121709	0	8049579	4
1121709	0	8049580	5
1121709	0	8049582	4
1121709	0	8049583	5
1121709	0	8049584	5
1121709	0	8049585	5
1121709	0	8049586	3
1121709	0	8283424	4
1121709	0	8297863	1
1121709	0	8500135	2
1121709	0	862855	1
1121709	0	88402	1
1121709	0	950984	2
1124210	0	131190	5
1124210	0	1383617	2
1124210	0	1383624	2
1124210	0	1689639	5
1124210	0	1702009	2
1124210	0	181177	2
1124210	0	2070515	5
1124210	0	2089544	2
1124210	0	2258591	4
1124210	0	2258592	4
1124210	0	2258593	3
1124210	0	2258594	4
1124210	0	2258595	2
1124210	0	2258596	2
1124210	0	2258597	5
1124210	0	2433601	3
1124210	0	2433604	3
1124210	0	2461683	4
1124210	0	2494574	5
1124210	0	2494577	2
1124210	0	2650269	4
1124210	0	2685123	5
1124210	0	2728448	4
1124210	0	2753148	5
1124210	0	3162331	2
1124210	0	3289568	5
1124210	0	3466956	4
1124210	0	3517427	4
1124210	0	3520550	1
1124210	0	3520553	1
1124210	0	3546600	1
1124210	0	3573857	1
1124210	0	3680798	1
1124210	0	3680800	1
1124210	0	3680801	0
1124210	0	3680802	1
1124210	0	3859923	1
1124210	0	3937735	1
1124210	0	3944481	0
1124210	0	4074146	2
1124210	0	4074149	1
1124210	0	4425464	0
1124210	0	4648414	3
1124210	0	475041	1
1124210	0	4794725	2
1124210	0	4942992	5
1124210	0	4957842	2
1124210	0	4958358	2
1124210	0	5032711	4
1124210	0	5039696	2
1124210	0	5056100	2
1124210	0	5281846	1
1124210	0	546158	0
1124210	0	555792	2
1124210	0	5587711	3
1124210	0	5664148	4
1124210	0	5940134	0
1124210	0	5941717	4
1124210	0	607910	0
1124210	0	6146809	5
1124210	0	6233255	3
1124210	0	6255796	5
1124210	0	6498977	3
1124210	0	6541864	2
1124210	0	6541868	5
1124210	0	6814012	2
1124210	0	6814015	2
1124210	0	6814017	2
1124210	0	6992534	0
1124210	0	7203360	5
1124210	0	7205919	0
1124210	0	7205920	2
1124210	0	7224102	5
1124210	0	7234570	1
1124210	0	7278463	1
1124210	0	7443583	5
1124210	0	7443586	4
1124210	0	7695217	2
1124210	0	7756779	0
1124210	0	7806221	4
1124210	0	7806222	5
1124210	0	7851118	0
1124210	0	8026735	3
1124210	0	8026737	4
1124210	0	8026740	3
1124210	0	8026743	5
1124210	0	8087702	5
1124210	0	8355477	5
1124210	0	8492305	3
1124210	0	8547690	5
1124210	0	8650642	5
1124210	0	8802909	5
1124210	0	92049	5
1124210	0	931165	2
1129237	0	128982	5
1129237	0	128984	5
1129237	0	128989	4
1129237	0	1721142	1
1129237	0	2152821	3
1129237	0	2697746	2
1129237	0	2697752	4
1129237	0	3131122	4
1129237	0	3683096	2
1129237	0	3905055	2
1129237	0	3905057	5
1129237	0	3905802	2
1129237	0	4254811	3
1129237	0	4254815	2
1129237	0	4254816	3
1129237	0	4884964	4
1129237	0	5619502	1
1129237	0	5627214	4
1129237	0	5906130	5
1129237	0	6080460	5
1129237	0	6343520	1
1129237	0	7874566	0
1129237	0	7911557	2
1129237	0	806652	2
1129237	0	8203445	0
1129237	0	8450766	1
1129237	0	8588122	5
1129237	0	8588219	2
1129237	0	8588222	0
1129237	0	8588226	0
1129237	0	8588227	1
1129237	0	8682824	5
1129237	0	998748	5
1129237	0	998751	3
1133167	0	1379370	1
1133167	0	1824479	4
1133167	0	1824480	4
1133167	0	1824484	2
1133167	0	1824485	3
1133167	0	1824486	2
1133167	0	1824488	4
1133167	0	1883272	2
1133167	0	1883273	2
1133167	0	1883281	0
1133167	0	190803	4
1133167	0	190804	5
1133167	0	190806	2
1133167	0	190809	1
1133167	0	2010281	4
1133167	0	2276678	2
1133167	0	3023120	5
1133167	0	3023123	4
1133167	0	3074599	5
1133167	0	3355083	1
1133167	0	3421898	2
1133167	0	3421900	0
1133167	0	3421903	5
1133167	0	3421906	4
1133167	0	3953805	1
1133167	0	434120	3
1133167	0	434121	5
1133167	0	434124	0
1133167	0	434125	4
1133167	0	4443370	0
1133167	0	4443375	0
1133167	0	4498474	2
1133167	0	4498479	5
1133167	0	4550240	5
1133167	0	4550244	5
1133167	0	4712273	3
1133167	0	4712279	5
1133167	0	4922619	5
1133167	0	4926197	3
1133167	0	4926204	4
1133167	0	4973626	2
1133167	0	563738	5
1133167	0	5674622	5
1133167	0	5674623	2
1133167	0	5787117	2
1133167	0	6112586	5
1133167	0	6112587	3
1133167	0	6112590	5
1133167	0	6112592	0
1133167	0	6257038	3
1133167	0	6467518	5
1133167	0	6467522	1
1133167	0	6467523	2
1133167	0	6467524	1
1133167	0	7093509	3
1133167	0	7218012	2
1133167	0	7793408	2
1133167	0	7793409	1
1133167	0	8033644	2
1133167	0	8033645	4
1133167	0	8033650	2
1133167	0	8160224	1
1133167	0	8160230	0
1133167	0	8160241	1
1133167	0	8160243	2
1133167	0	823274	5
1133167	0	823275	1
1133167	0	8255705	1
1133167	0	8255706	5
130510	0	1110766	2
130510	0	1494930	3
130510	0	1494932	2
130510	0	1494934	5
130510	0	1494935	2
130510	0	1494936	5
130510	0	1494938	4
130510	0	1494939	4
130510	0	1972336	0
130510	0	203718	4
130510	0	2982053	4
130510	0	3155839	1
130510	0	3913773	1
130510	0	3913778	0
130510	0	4722583	1
130510	0	5148418	0
130510	0	5732822	0
130510	0	6835270	2
130510	0	7125238	1
130510	0	7125239	2
130510	0	7125241	2
130510	0	7501557	4
130510	0	7501558	5
130510	0	7501563	2
130510	0	799647	5
130510	0	8354778	1
130510	0	8612902	3
130510	0	8612903	5
130510	0	8612904	4
130510	0	8612905	3
130510	0	8612906	5
130510	0	8612909	5
130510	0	8612910	5
130510	0	996732	2
130510	0	996740	2
131843	0	2041693	4
131843	0	31718	2
131843	0	3432705	2
131843	0	348760	1
131843	0	3841396	3
131843	0	3937054	1
131843	0	4136087	1
131843	0	4338356	3
131843	0	4806979	4
131843	0	5715075	1
131843	0	6121785	1
131843	0	6629203	0
131843	0	6863389	2
131843	0	8305151	5
131843	0	8305152	5
131843	0	8305153	5
131843	0	8305154	5
131843	0	8305155	5
131843	0	8305156	5
131843	0	8305158	5
131843	0	8456964	2
131843	0	8456965	2
131843	0	8456967	2
131843	0	8456970	3
131843	0	8710812	2
131843	0	8710813	2
131843	0	935618	1
131843	0	935619	0
131843	0	935621	0
131843	0	935626	0
131843	0	985988	4
131843	0	985989	4
131843	0	985990	3
131843	0	985991	5
131843	0	985992	4
131843	0	985994	5
131843	0	985995	2
146187	0	2226093	2
146187	0	3615731	0
146187	0	4214925	0
146187	0	4741857	3
146187	0	4777144	5
146187	0	6015025	2
146187	0	6015026	2
146187	0	6430258	0
146187	0	744165	3
146187	0	744167	2
146187	0	76348	2
146187	0	8434617	4
146187	0	8434618	1
146187	0	8434619	5
146187	0	8434620	1
146187	0	8434621	4
146187	0	8434622	1
146187	0	8434623	4
146187	0	8434624	5
146187	0	8434625	5
146187	0	8434626	5
148538	0	1299824	2
148538	0	1311206	5
148538	0	1311209	4
148538	0	1384447	5
148538	0	1384448	5
148538	0	1828171	2
148538	0	1950974	2
148538	0	1950976	3
148538	0	1950979	1
148538	0	1950983	3
148538	0	1969519	1
148538	0	1969521	2
148538	0	1985491	4
148538	0	2033800	3
148538	0	208314	2
148538	0	231453	5
148538	0	231455	5
148538	0	2455774	5
148538	0	2455775	5
148538	0	2915327	1
148538	0	332400	0
148538	0	332401	1
148538	0	3353306	4
148538	0	3557943	2
148538	0	3918785	2
148538	0	398535	5
148538	0	4185812	2
148538	0	4264129	0
148538	0	4447598	1
148538	0	4447601	5
148538	0	4539654	4
148538	0	4539657	2
148538	0	4607263	3
148538	0	4959638	5
148538	0	5077704	4
148538	0	5077707	0
148538	0	5077709	0
148538	0	5171603	2
148538	0	615407	2
148538	0	6697437	1
148538	0	6846343	4
148538	0	6894608	3
148538	0	7407803	5
148538	0	7407812	2
148538	0	8283527	0
148538	0	8283530	1
148538	0	8283531	5
148538	0	8283532	4
148538	0	985488	0
148538	0	985490	3
148538	0	985491	5
148538	0	985494	2
156493	0	1034435	0
156493	0	1171595	0
156493	0	1277723	2
156493	0	1277725	2
156493	0	1277727	2
156493	0	1960255	1
156493	0	1960257	1
156493	0	1960259	3
156493	0	1960260	2
156493	0	2259183	4
156493	0	2317807	4
156493	0	2411918	5
156493	0	2598786	1
156493	0	2598787	3
156493	0	2612490	0
156493	0	2612491	3
156493	0	2612492	1
156493	0	2612493	5
156493	0	2717163	5
156493	0	2928702	5
156493	0	2928707	1
156493	0	2949801	4
156493	0	2949802	5
156493	0	3288595	2
156493	0	3288596	4
156493	0	3288597	5
156493	0	3288598	1
156493	0	3288600	2
156493	0	3288601	2
156493	0	3288603	2
156493	0	349638	5
156493	0	3603920	4
156493	0	4527706	0
156493	0	4583221	2
156493	0	5479187	0
156493	0	5530082	2
156493	0	6139382	2
156493	0	6139386	5
156493	0	6524746	5
156493	0	6775071	3
156493	0	7371077	5
156493	0	8182159	3
156493	0	8182160	4
156493	0	8182161	5
156493	0	8182162	5
156493	0	8182165	4
156493	0	8182166	1
156493	0	8273017	5
156493	0	8273019	4
156493	0	8393766	1
156493	0	8820526	2
156493	0	885944	2
156493	0	911790	0
156493	0	95512	5
156493	0	95514	4
156493	0	95517	1
156493	0	95518	3
156493	0	95521	2
168216	0	1183706	2
168216	0	1301465	5
168216	0	1301466	0
168216	0	1301467	5
168216	0	1301469	5
168216	0	1301471	1
168216	0	1301472	5
168216	0	1301474	4
168216	0	13499	1
168216	0	1381477	4
168216	0	1735358	2
168216	0	1735360	1
168216	0	1924796	2
168216	0	1924800	1
168216	0	2036279	5
168216	0	2069992	2
168216	0	2210775	4
168216	0	2210780	3
168216	0	2265769	2
168216	0	2659074	1
168216	0	2790904	5
168216	0	2806307	0
168216	0	290826	2
168216	0	3174840	3
168216	0	3198687	5
168216	0	3198689	5
168216	0	3344828	2
168216	0	3344837	0
168216	0	3399713	5
168216	0	3681095	5
168216	0	3830857	4
168216	0	3908773	3
168216	0	3908774	4
168216	0	3908776	5
168216	0	3908777	5
168216	0	4191395	3
168216	0	4324492	0
168216	0	4600607	0
168216	0	5024307	2
168216	0	5935476	2
168216	0	6061718	2
168216	0	6061722	1
168216	0	6213322	5
168216	0	6213325	4
168216	0	6264731	0
168216	0	6264733	2
168216	0	6282561	2
168216	0	6426632	4
168216	0	6426634	3
168216	0	6584042	1
168216	0	7337513	4
168216	0	7492753	1
168216	0	8185131	4
168216	0	8185135	5
168216	0	8185137	5
168216	0	8252763	1
168216	0	8639633	2
168216	0	8723467	2
168216	0	8731617	2
168216	0	8731621	4
168216	0	8731622	3
168216	0	8731623	2
168216	0	8731624	0
182539	0	1307235	1
182539	0	1638687	5
182539	0	1638689	0
182539	0	1638690	0
182539	0	1654895	4
182539	0	2092202	2
182539	0	2165968	5
182539	0	2909959	4
182539	0	2909960	1
182539	0	2909961	2
182539	0	3293878	3
182539	0	330179	0
182539	0	3389569	0
182539	0	3760957	0
182539	0	3883077	2
182539	0	3883081	4
182539	0	4448399	2
182539	0	4487755	2
182539	0	5567729	5
182539	0	5567732	2
182539	0	57443	3
182539	0	57444	1
182539	0	57447	5
182539	0	57448	1
182539	0	57449	5
182539	0	57452	4
182539	0	6097108	3
182539	0	6282909	5
182539	0	6783449	0
182539	0	6807900	5
182539	0	6816571	5
182539	0	6816572	4
182539	0	6816573	4
182539	0	6816576	4
182539	0	6980965	5
182539	0	7050579	4
182539	0	721170	2
182539	0	7371255	5
182539	0	7371257	2
182539	0	7371259	1
182539	0	7371261	1
182539	0	7371262	1
182539	0	7408022	3
182539	0	7527837	2
182539	0	7583024	5
182539	0	762792	5
182539	0	7690609	5
182539	0	7807063	2
182539	0	7883763	2
182539	0	8299659	2
182539	0	8299660	1
182539	0	8299668	2
182539	0	8515182	5
182539	0	8598792	3
182539	0	8757178	1
182539	0	8757179	4
182539	0	8757180	2
182539	0	8757181	2
182539	0	8757182	3
183378	0	1289489	5
183378	0	1289490	4
183378	0	1289492	3
183378	0	1289496	5
183378	0	1289497	5
183378	0	2089154	0
183378	0	2493332	2
183378	0	2533260	1
183378	0	3093215	2
183378	0	3185611	3
183378	0	4493914	2
183378	0	4493915	3
183378	0	4493916	2
183378	0	4493920	2
183378	0	4493921	1
183378	0	4803847	4
183378	0	4803848	5
183378	0	4803850	0
183378	0	4856305	0
183378	0	5534703	2
183378	0	5534707	5
183378	0	5534711	2
183378	0	5817927	5
183378	0	7398706	4
183378	0	7449744	4
183378	0	7449748	5
183378	0	7449752	2
183378	0	7677975	4
183378	0	7952865	1
183378	0	8121380	0
183378	0	8570256	2
183378	0	8570257	5
183378	0	8570258	5
183378	0	8577215	1
183378	0	8794302	1
183378	0	8794304	3
183378	0	8794308	1
19335	0	1143050	2
19335	0	1389478	1
19335	0	1389479	1
19335	0	1469573	5
19335	0	161606	2
19335	0	1717015	4
19335	0	1720387	3
19335	0	1720388	0
19335	0	1720389	2
19335	0	1720393	0
19335	0	1720394	5
19335	0	1720395	3
19335	0	1726	2
19335	0	1729	2
19335	0	1915754	2
19335	0	2020519	5
19335	0	2046505	2
19335	0	211275	5
19335	0	2250973	1
19335	0	2304005	1
19335	0	2437769	1
19335	0	2874497	3
19335	0	2874503	4
19335	0	3045567	1
19335	0	3175481	5
19335	0	3175484	5
19335	0	342431	1
19335	0	354219	0
19335	0	3615077	5
19335	0	3615079	2
19335	0	429851	1
19335	0	4480942	5
19335	0	4480943	5
19335	0	4480945	3
19335	0	478232	5
19335	0	4843828	5
19335	0	5078863	0
19335	0	527690	4
19335	0	527692	4
19335	0	527695	0
19335	0	527697	2
19335	0	5508122	1
19335	0	5732401	4
19335	0	584350	4
19335	0	6124004	2
19335	0	6294314	3
19335	0	6452949	2
19335	0	6510257	2
19335	0	6512137	4
19335	0	6512144	5
19335	0	6773977	5
19335	0	6902386	3
19335	0	6999135	0
19335	0	7042455	2
19335	0	7050803	0
19335	0	7122355	2
19335	0	7235457	5
19335	0	7267248	2
19335	0	7460273	4
19335	0	772225	5
19335	0	772234	3
19335	0	7856992	5
19335	0	8061829	5
19335	0	8151642	1
19335	0	8151650	0
19335	0	819168	1
19335	0	8412681	4
19335	0	8412682	2
19335	0	8412683	2
19335	0	8412684	2
19335	0	8412685	2
19335	0	8412687	3
19335	0	8635981	5
19335	0	8635984	4
19335	0	8786632	5
19335	0	93557	4
207786	0	1029962	5
207786	0	1392579	4
207786	0	1392585	4
207786	0	1667536	1
207786	0	2051020	1
207786	0	2763917	2
207786	0	2998723	0
207786	0	4218707	3
207786	0	4613065	3
207786	0	5175109	0
207786	0	6031630	5
207786	0	7510472	5
207786	0	7599318	5
207786	0	7639366	2
207786	0	7941579	3
207786	0	8185064	1
207786	0	8273754	2
207786	0	8273755	1
207786	0	8273757	2
207786	0	8273758	4
207786	0	8273759	4
207786	0	8273760	5
207786	0	8273761	5
207786	0	8273762	2
207786	0	8273763	2
207786	0	8367880	0
264014	0	1610706	5
264014	0	1610707	5
264014	0	1610711	1
264014	0	1610712	0
264014	0	1804644	3
264014	0	2223171	2
264014	0	2474346	5
264014	0	2572557	0
264014	0	2688537	0
264014	0	3338825	4
264014	0	3338827	2
264014	0	3338828	1
264014	0	3372501	2
264014	0	3396076	5
264014	0	3666584	1
264014	0	4239616	0
264014	0	447992	2
264014	0	4647186	5
264014	0	4687213	2
264014	0	4834547	4
264014	0	4834548	5
264014	0	528372	3
264014	0	528380	5
264014	0	5328095	2
264014	0	5611210	1
264014	0	5611219	1
264014	0	5635521	0
264014	0	5950718	5
264014	0	5950719	2
264014	0	5950721	3
264014	0	5950722	3
264014	0	5950723	2
264014	0	5950726	2
264014	0	6105566	5
264014	0	6105572	5
264014	0	6555322	4
264014	0	6641238	5
264014	0	6791760	4
264014	0	684616	5
264014	0	7326934	2
264014	0	8012101	4
264014	0	935825	2
264014	0	96851	3
264014	0	96852	1
264014	0	96854	1
264014	0	96855	2
264014	0	96857	4
264014	0	96858	4
359349	0	1394087	2
359349	0	15800	0
359349	0	1830517	4
359349	0	2293820	2
359349	0	2826510	3
359349	0	2826512	5
359349	0	3193824	3
359349	0	3223831	5
359349	0	3223833	2
359349	0	3900185	1
359349	0	4013723	4
359349	0	4020470	2
359349	0	4020477	3
359349	0	4463573	0
359349	0	457673	4
359349	0	5219977	0
359349	0	5615181	2
359349	0	576628	2
359349	0	576629	1
359349	0	6108721	4
359349	0	68647	5
359349	0	68648	5
359349	0	68649	5
359349	0	68653	1
359349	0	8058873	1
359349	0	943229	5
405717	0	1589738	5
405717	0	1849743	2
405717	0	1984962	2
405717	0	2125641	5
405717	0	2365659	3
405717	0	2365660	0
405717	0	2365661	2
405717	0	2365664	4
405717	0	2365665	2
405717	0	2514107	1
405717	0	2642838	3
405717	0	2702419	2
405717	0	2702423	1
405717	0	273851	5
405717	0	2747484	3
405717	0	2747485	3
405717	0	2747488	5
405717	0	2747492	1
405717	0	2879960	0
405717	0	3033900	2
405717	0	3274915	5
405717	0	3274918	4
405717	0	3803378	4
405717	0	3986303	1
405717	0	4432155	4
405717	0	4704973	2
405717	0	4704975	2
405717	0	4704978	1
405717	0	4828118	5
405717	0	5079482	2
405717	0	5274649	5
405717	0	5428443	2
405717	0	5638740	0
405717	0	576346	0
405717	0	6426483	4
405717	0	6442862	5
405717	0	6654653	2
405717	0	6654655	4
405717	0	6678050	3
405717	0	702391	2
405717	0	7170626	4
405717	0	7170630	5
405717	0	7288990	2
405717	0	7288996	4
405717	0	7447941	5
405717	0	7447943	5
405717	0	758582	1
405717	0	758586	1
405717	0	7728831	2
405717	0	7896211	0
405717	0	7965240	5
405717	0	8156519	0
405717	0	8433852	5
405717	0	8433854	4
405717	0	8433858	1
443396	0	1055834	3
443396	0	1305463	2
443396	0	1360104	1
443396	0	1465664	5
443396	0	1465667	4
443396	0	1525423	0
443396	0	1843486	0
443396	0	1852807	5
443396	0	1852813	5
443396	0	2007121	1
443396	0	2138579	1
443396	0	2143845	2
443396	0	2143847	2
443396	0	2143849	4
443396	0	215693	5
443396	0	2373504	5
443396	0	2490482	4
443396	0	2490486	3
443396	0	3007982	4
443396	0	3103988	4
443396	0	3103995	3
443396	0	3118073	0
443396	0	3256974	1
443396	0	3299623	4
443396	0	3323246	1
443396	0	3440850	5
443396	0	3526411	1
443396	0	355277	2
443396	0	3599520	4
443396	0	3617225	2
443396	0	368001	2
443396	0	3721948	5
443396	0	4041361	3
443396	0	4052112	5
443396	0	4052116	2
443396	0	4052118	2
443396	0	4052120	2
443396	0	415545	0
443396	0	4205261	3
443396	0	4205264	4
443396	0	4236355	4
443396	0	4271045	1
443396	0	4511531	5
443396	0	4526741	2
443396	0	4526744	5
443396	0	4526747	2
443396	0	453706	5
443396	0	456708	4
443396	0	456710	4
443396	0	458179	1
443396	0	4638554	2
443396	0	4676619	2
443396	0	4774806	3
443396	0	4792649	1
443396	0	4792650	3
443396	0	4792652	2
443396	0	4792653	0
443396	0	4792654	5
443396	0	4792655	1
443396	0	483935	0
443396	0	4896251	1
443396	0	4935430	2
443396	0	5048838	5
443396	0	5048839	5
443396	0	5053511	5
443396	0	5065439	0
443396	0	5644797	2
443396	0	6953654	2
443396	0	6974032	2
443396	0	7251120	2
443396	0	7422742	5
443396	0	7620278	0
443396	0	7620279	0
443396	0	8079039	2
443396	0	8079040	1
443396	0	8079043	5
443396	0	8079046	3
443396	0	8171402	2
443396	0	8188606	1
443396	0	8329279	3
443396	0	8348187	4
443396	0	8536118	5
443396	0	8536121	5
443396	0	8536122	5
443396	0	8536123	5
443396	0	8793491	4
451602	0	1094138	4
451602	0	127537	1
451602	0	1277289	1
451602	0	1277290	2
451602	0	1277293	4
451602	0	1302756	4
451602	0	1314129	5
451602	0	1626653	0
451602	0	1897982	3
451602	0	2176450	2
451602	0	2176453	2
451602	0	2176454	2
451602	0	2176455	2
451602	0	2176458	5
451602	0	2176459	5
451602	0	2244882	1
451602	0	2312864	2
451602	0	2618829	5
451602	0	2922145	0
451602	0	3090666	0
451602	0	3177691	5
451602	0	3177699	3
451602	0	3790251	5
451602	0	4176454	0
451602	0	4345752	1
451602	0	4453605	2
451602	0	4453608	4
451602	0	4874640	1
451602	0	4874641	4
451602	0	5000376	3
451602	0	5179251	5
451602	0	5475308	4
451602	0	5538936	4
451602	0	5538937	5
451602	0	5538938	3
451602	0	5538942	5
451602	0	5655693	2
451602	0	6286975	2
451602	0	6286977	2
451602	0	6286980	5
451602	0	6286981	1
451602	0	654120	5
451602	0	6719255	0
451602	0	7800959	5
451602	0	7804169	3
451602	0	7804170	4
451602	0	8019873	0
451602	0	8033470	3
451602	0	8214452	1
451602	0	8383461	2
451602	0	8390518	2
451602	0	8390525	2
451602	0	8540470	4
451602	0	8540473	5
451602	0	8621776	2
451602	0	8621784	1
451602	0	8787234	5
451602	0	998695	1
47923	0	1681332	5
47923	0	1681334	5
47923	0	1681336	5
47923	0	1681338	3
47923	0	1681339	4
47923	0	1868437	2
47923	0	3348834	1
47923	0	3348838	1
47923	0	3986046	0
47923	0	4297620	5
47923	0	473809	4
47923	0	5032362	2
47923	0	5147527	0
47923	0	5417580	0
47923	0	5417582	5
47923	0	618556	1
47923	0	6191	0
47923	0	6241147	5
47923	0	6241148	2
47923	0	6241150	2
47923	0	6241151	5
47923	0	6241152	1
47923	0	6241153	2
47923	0	6241154	3
47923	0	6643066	2
47923	0	6919836	1
47923	0	8348762	2
47923	0	8418681	5
47923	0	8418683	2
47923	0	8418686	4
47923	0	8641104	2
47923	0	8641106	4
47923	0	8641107	4
47923	0	913042	4
47923	0	986177	3
489204	0	1038489	0
489204	0	1051492	4
489204	0	1051494	5
489204	0	1051498	3
489204	0	113238	4
489204	0	1225589	3
489204	0	1225591	4
489204	0	1228655	2
489204	0	1231677	4
489204	0	1276947	5
489204	0	1310106	0
489204	0	1310107	0
489204	0	1310108	0
489204	0	1360627	4
489204	0	136257	1
489204	0	1430550	5
489204	0	1479542	4
489204	0	152948	0
489204	0	152954	2
489204	0	1538587	4
489204	0	1759354	2
489204	0	1777014	5
489204	0	1778458	3
489204	0	185678	4
489204	0	1950269	0
489204	0	2053095	2
489204	0	2163701	2
489204	0	216490	4
489204	0	216492	1
489204	0	2268651	2
489204	0	2268652	3
489204	0	2268657	0
489204	0	3438216	5
489204	0	35919	2
489204	0	3623668	5
489204	0	3728445	2
489204	0	385083	3
489204	0	3980126	3
489204	0	4088951	3
489204	0	4387756	1
489204	0	4586570	5
489204	0	46493	5
489204	0	4890939	1
489204	0	4917998	2
489204	0	4918005	2
489204	0	4927308	5
489204	0	5005765	5
489204	0	533017	5
489204	0	5519177	2
489204	0	5541650	3
489204	0	5583224	0
489204	0	5629373	4
489204	0	5815957	2
489204	0	5842847	2
489204	0	5842850	5
489204	0	5895917	4
489204	0	6084785	5
489204	0	6087666	2
489204	0	6087671	1
489204	0	6327174	4
489204	0	6327175	5
489204	0	6327177	2
489204	0	6327181	1
489204	0	6343845	5
489204	0	6536367	5
489204	0	6542578	2
489204	0	6581771	2
489204	0	6652052	2
489204	0	6665319	2
489204	0	678245	1
489204	0	6816322	1
489204	0	6894988	5
489204	0	7113153	1
489204	0	7116533	4
489204	0	753265	1
489204	0	7564977	1
489204	0	7564980	0
489204	0	7923800	2
489204	0	8054792	4
489204	0	8376905	2
489204	0	8376910	0
489204	0	8463820	5
489204	0	8463823	5
489204	0	852250	5
489204	0	852257	5
489204	0	855963	3
489204	0	855972	2
489204	0	8585816	3
489204	0	8594271	1
489204	0	8594272	2
489204	0	8594280	1
489204	0	872467	5
489204	0	872470	5
489204	0	8737051	2
489204	0	8737053	2
489204	0	8781574	1
489204	0	8781577	5
489204	0	890797	4
489204	0	973923	1
490595	0	1160847	4
490595	0	1288938	1
490595	0	1652460	5
490595	0	1929910	5
490595	0	1929911	2
490595	0	3572695	2
490595	0	3833407	3
490595	0	3937196	0
490595	0	3937197	2
490595	0	3937200	1
490595	0	3937203	2
490595	0	4082315	0
490595	0	4737059	4
490595	0	4737060	5
490595	0	4737061	1
490595	0	4737063	4
490595	0	4737064	1
490595	0	4737065	5
490595	0	4737066	5
490595	0	4737067	0
490595	0	4842889	2
490595	0	4842890	5
490595	0	4842891	5
490595	0	4842897	1
490595	0	5112294	2
490595	0	5247992	1
490595	0	5247999	2
490595	0	549465	3
490595	0	6045591	4
490595	0	6066626	0
490595	0	6742119	3
490595	0	7839904	2
490595	0	7839906	3
490595	0	805046	4
490595	0	805048	2
490595	0	805051	5
490595	0	8485139	4
490595	0	8485141	2
490595	0	903932	5
527433	0	1187918	4
527433	0	1217016	5
527433	0	1251475	0
527433	0	1379236	5
527433	0	1379237	5
527433	0	1379240	5
527433	0	1379245	2
527433	0	1511548	2
527433	0	1664518	2
527433	0	1664523	3
527433	0	1993691	3
527433	0	1993699	2
527433	0	2045580	4
527433	0	2331989	1
527433	0	2496224	1
527433	0	2565413	1
527433	0	269422	2
527433	0	269423	0
527433	0	269425	2
527433	0	269426	2
527433	0	269428	1
527433	0	269430	2
527433	0	2722036	2
527433	0	3093197	5
527433	0	3294599	3
527433	0	3425595	5
527433	0	3786813	0
527433	0	3835729	4
527433	0	3835731	5
527433	0	3835732	4
527433	0	3835736	1
527433	0	4046876	4
527433	0	4064455	5
527433	0	4351170	2
527433	0	4402992	1
527433	0	467601	5
527433	0	4903731	0
527433	0	4958697	0
527433	0	5466807	5
527433	0	5466810	1
527433	0	547444	2
527433	0	5603301	1
527433	0	5629888	3
527433	0	5672164	2
527433	0	5672170	4
527433	0	5690943	0
527433	0	6015377	2
527433	0	6038397	1
527433	0	6065675	5
527433	0	6186391	2
527433	0	6186393	3
527433	0	6215001	5
527433	0	6215002	2
527433	0	6398041	3
527433	0	6667279	4
527433	0	729489	2
527433	0	7357591	4
527433	0	7607669	5
527433	0	7799466	4
527433	0	8306449	3
527433	0	8306450	5
527433	0	8306451	0
527433	0	8322920	5
527433	0	8617271	5
527433	0	8617273	1
527433	0	8617274	1
527433	0	8617276	4
527433	0	8827925	5
527433	0	8827928	4
527433	0	975967	2
573724	0	1165129	3
573724	0	1509940	1
573724	0	1509942	2
573724	0	162151	4
573724	0	1816038	4
573724	0	2133806	2
573724	0	2417985	0
573724	0	2635262	5
573724	0	3146236	0
573724	0	3146238	1
573724	0	3365631	1
573724	0	3365633	1
573724	0	3365636	2
573724	0	3365638	5
573724	0	394136	2
573724	0	394139	0
573724	0	394142	5
573724	0	4017883	0
573724	0	5047796	4
573724	0	5310530	3
573724	0	5339620	5
573724	0	5721829	5
573724	0	6776717	3
573724	0	7104825	2
573724	0	7104826	5
573724	0	7199669	5
573724	0	7199673	2
573724	0	7384325	2
573724	0	7384332	1
573724	0	7609927	2
573724	0	7674859	4
573724	0	8441642	4
573724	0	87405	4
573724	0	8833192	2
573724	0	8833194	5
833860	0	115142	1
833860	0	1400521	0
833860	0	1524402	0
833860	0	1524406	0
833860	0	1579406	1
833860	0	1889863	3
833860	0	2022688	4
833860	0	2188108	2
833860	0	2206194	4
833860	0	2206195	5
833860	0	2206196	4
833860	0	2206197	4
833860	0	2206198	3
833860	0	2206200	3
833860	0	2386361	2
833860	0	2654110	1
833860	0	2702357	3
833860	0	3087481	2
833860	0	3337877	1
833860	0	3421947	3
833860	0	3437281	5
833860	0	3437284	2
833860	0	3437285	4
833860	0	3437286	4
833860	0	3437288	5
833860	0	3437289	2
833860	0	3437290	3
833860	0	3924121	1
833860	0	4086002	1
833860	0	4431446	5
833860	0	4565899	0
833860	0	4881965	5
833860	0	4983652	2
833860	0	5012386	5
833860	0	5167510	4
833860	0	5167512	2
833860	0	5167513	5
833860	0	5167518	4
833860	0	5652528	1
833860	0	5832657	5
833860	0	6209174	0
833860	0	6211801	2
833860	0	6218032	5
833860	0	6230220	4
833860	0	6230221	5
833860	0	6230222	3
833860	0	6230223	5
833860	0	6230225	5
833860	0	6230226	5
833860	0	6230227	2
833860	0	6230228	2
833860	0	6230229	2
833860	0	6297606	0
833860	0	6621549	1
833860	0	6875877	2
833860	0	7038170	5
833860	0	7140183	1
833860	0	7435480	1
833860	0	756921	2
833860	0	7706738	2
833860	0	771855	2
833860	0	8344031	5
833860	0	8683095	0
833860	0	8833502	4
833860	0	8833504	2
833860	0	8833506	2
833860	0	8833509	5
855410	0	103039	5
855410	0	1047903	5
855410	0	1094091	5
855410	0	1147809	1
855410	0	1147810	1
855410	0	1147811	1
855410	0	1186979	5
855410	0	133350	4
855410	0	1394855	5
855410	0	1441918	1
855410	0	1599285	5
855410	0	1685597	1
855410	0	1824277	5
855410	0	1824278	2
855410	0	1947769	5
855410	0	2117094	4
855410	0	212609	2
855410	0	2273664	2
855410	0	2350118	0
855410	0	2402680	0
855410	0	2499355	5
855410	0	2506511	0
855410	0	2890365	5
855410	0	2969826	4
855410	0	3530756	5
855410	0	3530757	5
855410	0	3530758	5
855410	0	3530762	5
855410	0	369516	1
855410	0	3723410	2
855410	0	3723411	3
855410	0	3723413	2
855410	0	3723415	2
855410	0	3920974	2
855410	0	3946561	1
855410	0	4084193	1
855410	0	4406031	0
855410	0	4616842	5
855410	0	4636144	0
855410	0	4708041	5
855410	0	4708042	4
855410	0	4708045	4
855410	0	4708046	5
855410	0	4708047	5
855410	0	4733967	2
855410	0	4980050	5
855410	0	5053555	2
855410	0	5053561	3
855410	0	5095701	3
855410	0	5095702	4
855410	0	5239970	0
855410	0	5465915	2
855410	0	5608554	2
855410	0	5723210	2
855410	0	5799774	4
855410	0	5962462	2
855410	0	6257436	4
855410	0	6385718	4
855410	0	6385724	4
855410	0	6481239	5
855410	0	6481240	2
855410	0	6522121	3
855410	0	6615899	1
855410	0	6647485	0
855410	0	681984	2
855410	0	681987	2
855410	0	681993	2
855410	0	7031506	4
855410	0	7099015	0
855410	0	71807	2
855410	0	7210777	0
855410	0	722968	3
855410	0	7340395	5
855410	0	7380061	1
855410	0	7548527	3
855410	0	7747483	0
855410	0	8157623	1
855410	0	8157624	3
855410	0	8157632	1
855410	0	8271172	2
855410	0	8543392	2
855410	0	862689	3
855410	0	862695	1
855410	0	8645167	3
855410	0	8651770	5
855410	0	8651771	5
855410	0	8651772	4
855410	0	8651773	5
855410	0	8651775	5
855410	0	8651776	4
855410	0	8651778	4
855410	0	8663507	3
855410	0	8671032	2
855410	0	8671033	2
855410	0	8720966	5
855410	0	8776516	2
855410	0	8776519	3
855410	0	8776520	1
855410	0	8792394	0
855410	0	884430	1
855410	0	889438	4
855410	0	902854	2
855410	0	936546	2
855410	0	944479	2
87181	0	1179100	2
87181	0	123547	1
87181	0	1950526	2
87181	0	1950532	3
87181	0	2530227	5
87181	0	2986227	2
87181	0	3216315	1
87181	0	3216319	4
87181	0	4190143	1
87181	0	4689523	5
87181	0	4689525	2
87181	0	47210	0
87181	0	4786305	2
87181	0	5103077	2
87181	0	5197130	0
87181	0	5197135	1
87181	0	5469038	3
87181	0	5497677	4
87181	0	6484575	3
87181	0	6484576	2
87181	0	6484578	1
87181	0	6521366	4
87181	0	6685092	5
87181	0	742425	5
87181	0	7666831	0
87181	0	8151926	1
87181	0	8332546	5
87181	0	8332547	5
87181	0	8332550	2
87181	0	8332555	2
87181	0	8499367	5
87181	0	8534129	3
87181	0	8534130	5
87181	0	8534134	5
87181	0	8565420	4
87181	0	8683178	0
87181	0	8683185	4
87452	0	1395625	1
87452	0	1395631	0
87452	0	1598547	4
87452	0	1749882	0
87452	0	186931	1
87452	0	186939	5
87452	0	2624886	5
87452	0	3242437	5
87452	0	4008486	2
87452	0	4634899	3
87452	0	4866237	3
87452	0	4872055	2
87452	0	4993648	1
87452	0	5180105	2
87452	0	5286924	3
87452	0	5296736	2
87452	0	5751686	1
87452	0	5851090	4
87452	0	5851095	2
87452	0	6018160	5
87452	0	6018162	3
87452	0	6018163	2
87452	0	6018164	3
87452	0	6018165	5
87452	0	6018166	2
87452	0	6018168	4
87452	0	7843984	1
87452	0	7965004	4
87452	0	7965005	5
87452	0	7965007	2
87452	0	7965008	5
87452	0	7965010	5
87452	0	8055167	2
87452	0	8152220	2
87452	0	8152222	4
87452	0	8213478	5
87452	0	8333912	5
87452	0	8333916	5
87452	0	8333917	4
87452	0	8333918	5
87452	0	8333919	0
87452	0	8333920	2
87452	0	8333921	4
87452	0	8436571	1
87452	0	8436578	1
87452	0	8436579	0
87452	0	861789	2
87452	0	8680815	5
87452	0	8819111	0
87452	0	8819112	3
87452	0	8819113	2
87452	0	8819116	0
915593	0	1396701	2
915593	0	1772930	3
915593	0	1972028	2
915593	0	2210592	4
915593	0	2210593	4
915593	0	275726	3
915593	0	2923496	3
915593	0	2923497	0
915593	0	3485338	1
915593	0	3523599	0
915593	0	3538160	5
915593	0	3538161	0
915593	0	3538163	4
915593	0	3538164	4
915593	0	3538166	2
915593	0	3538168	2
915593	0	4566816	1
915593	0	4566818	5
915593	0	4566819	2
915593	0	4566822	1
915593	0	4834226	2
915593	0	4998398	2
915593	0	5774009	1
915593	0	5931262	2
915593	0	5931266	0
915593	0	5931268	1
915593	0	5931269	3
915593	0	6181638	0
915593	0	6761341	4
915593	0	6761344	4
915593	0	6923052	2
915593	0	7709320	5
915593	0	7861749	0
915593	0	7861755	5
915593	0	8002855	2
915593	0	8029524	5
915593	0	8029525	4
915593	0	8029527	5
915593	0	8029531	2
915593	0	8029533	1
915593	0	8103065	2
915593	0	8103067	1
915593	0	8178996	4
915593	0	8178998	3
915593	0	82105	2
915593	0	82106	5
915593	0	82107	5
915593	0	82108	5
915593	0	82110	5
915593	0	82113	4
915593	0	8402969	1
915593	0	8402970	2
915593	0	8402971	5
915593	0	8402972	5
915593	0	8455304	5
962179	0	1645080	2
962179	0	1645086	1
962179	0	1645087	2
962179	0	2329697	4
962179	0	2329699	5
962179	0	2329701	2
962179	0	2978864	4
962179	0	2978866	5
962179	0	2978870	2
962179	0	302861	2
962179	0	3705165	5
962179	0	3896632	3
962179	0	4257873	2
962179	0	4309122	0
962179	0	4511499	5
962179	0	4511501	1
962179	0	4511503	3
962179	0	4511504	1
962179	0	4606386	5
962179	0	4606387	5
962179	0	534563	2
962179	0	536176	5
962179	0	5427063	0
962179	0	5653652	1
962179	0	5653659	5
962179	0	5773189	0
962179	0	5919340	4
962179	0	5919342	4
962179	0	6675259	3
962179	0	6898289	4
962179	0	6980697	4
962179	0	8689054	0
962179	0	8689056	1
962179	0	8689057	1
962179	0	8785367	3
962179	0	8785369	2
962179	0	8785371	5
962179	0	8785374	2
