1037798	0	1668145	2
1037798	0	1693397	5
1037798	0	2081844	1
1037798	0	2258762	3
1037798	0	2258763	5
1037798	0	2258765	4
1037798	0	2360245	2
1037798	0	2360246	3
1037798	0	2360247	1
1037798	0	2360249	3
1037798	0	2360251	2
1037798	0	2360252	3
1037798	0	2781960	2
1037798	0	2781962	4
1037798	0	2781965	2
1037798	0	2781966	5
1037798	0	2787508	5
1037798	0	2840240	1
1037798	0	2868740	2
1037798	0	2970891	2
1037798	0	2970892	0
1037798	0	2970895	0
1037798	0	2970897	1
1037798	0	2989290	3
1037798	0	3055262	2
1037798	0	3078992	1
1037798	0	3187018	2
1037798	0	3245239	2
1037798	0	3265446	2
1037798	0	3265449	2
1037798	0	3265450	2
1037798	0	3265451	5
1037798	0	3274897	3
1037798	0	3310848	0
1037798	0	3310851	2
1037798	0	3310854	1
1037798	0	3310855	1
1037798	0	3375471	1
1037798	0	3405265	1
1037798	0	3620983	5
1037798	0	3620986	5
1037798	0	3620991	5
1037798	0	3641634	5
1037798	0	3788223	0
1037798	0	3805294	4
1037798	0	3914692	4
1037798	0	3958148	5
1037798	0	4571199	1
1037798	0	4618582	0
1037798	0	4640082	1
1037798	0	4715286	2
1037798	0	4818124	4
1037798	0	4818129	3
1037798	0	4824239	5
1037798	0	4824243	2
1037798	0	4867051	0
1037798	0	4932830	0
1037798	0	4948770	3
1037798	0	4948775	2
1037798	0	4948777	4
1037798	0	5006521	5
1037798	0	5006527	5
1037798	0	5099520	5
1037798	0	5326070	2
1037798	0	5685966	4
1037798	0	6030393	4
1037798	0	6915000	0
1037798	0	6963992	5
1037798	0	7208741	5
1037798	0	7281941	0
1037798	0	7412882	0
1037798	0	7465379	3
1037798	0	7604812	2
1037798	0	7689060	4
1037798	0	7779667	4
1037798	0	7817007	1
1037798	0	7817011	1
1037798	0	7822415	5
1037798	0	793254	4
1037798	0	7961603	2
1037798	0	8199019	2
1037798	0	8199025	2
1037798	0	8208397	5
1037798	0	8223340	4
1037798	0	8346417	2
1037798	0	8417606	2
1037798	0	8417608	2
1037798	0	8537479	5
1037798	0	8760864	5
1037798	0	8760865	4
1037798	0	8760866	5
1037798	0	8760867	5
1037798	0	8760870	5
1037798	0	8760871	5
1037798	0	8760873	5
1037798	0	8766193	4
1037798	0	8780802	3
1037798	0	8780804	1
1037798	0	8780809	4
1037798	0	8780810	1
104861	0	1017092	5
104861	0	1046334	2
104861	0	1046339	5
104861	0	1058524	0
104861	0	1304632	1
104861	0	1424216	0
104861	0	1453718	0
104861	0	146170	5
104861	0	146171	2
104861	0	146172	2
104861	0	146174	2
104861	0	1567102	4
104861	0	1773805	4
104861	0	1773807	2
104861	0	1811410	1
104861	0	1948963	4
104861	0	2377050	2
104861	0	257138	4
104861	0	2611066	0
104861	0	2916631	5
104861	0	3329746	2
104861	0	3443173	5
104861	0	3443176	1
104861	0	3925933	2
104861	0	4017854	3
104861	0	4017855	0
104861	0	4017856	4
104861	0	4017858	3
104861	0	4230210	2
104861	0	4230213	1
104861	0	4350439	2
104861	0	454829	5
104861	0	459676	3
104861	0	505928	3
104861	0	5091798	0
104861	0	5138467	5
104861	0	5138468	2
104861	0	5138469	2
104861	0	5138471	1
104861	0	5138472	2
104861	0	5138473	5
104861	0	5138474	5
104861	0	5138476	0
104861	0	5150431	1
104861	0	5248340	2
104861	0	5248341	5
104861	0	5340891	0
104861	0	5394110	1
104861	0	5394112	0
104861	0	5483490	4
104861	0	5652262	2
104861	0	5652264	1
104861	0	5652266	2
104861	0	5667474	1
104861	0	5667475	3
104861	0	5688415	5
104861	0	5688416	3
104861	0	5688417	4
104861	0	5688418	2
104861	0	5688421	1
104861	0	5703400	2
104861	0	5703401	4
104861	0	5776561	3
104861	0	5801822	5
104861	0	5836442	5
104861	0	5864695	1
104861	0	599604	5
104861	0	6187055	4
104861	0	6187058	1
104861	0	6241793	4
104861	0	629270	4
104861	0	629273	5
104861	0	629274	5
104861	0	629276	5
104861	0	629277	2
104861	0	629278	2
104861	0	6467577	4
104861	0	6467578	2
104861	0	6467579	2
104861	0	6467580	4
104861	0	6467581	4
104861	0	6585554	5
104861	0	6653674	5
104861	0	6653675	2
104861	0	6653676	5
104861	0	6653677	5
104861	0	6653678	5
104861	0	6704672	5
104861	0	6904992	2
104861	0	7034375	1
104861	0	7302612	4
104861	0	8138536	3
104861	0	8260035	1
104861	0	8349574	1
104861	0	8482618	3
104861	0	8495099	3
104861	0	8546158	5
104861	0	8546160	2
104861	0	8546162	5
104861	0	863349	0
1063750	0	1074552	2
1063750	0	118643	0
1063750	0	143600	1
1063750	0	1580962	3
1063750	0	1580964	1
1063750	0	1866482	2
1063750	0	1866486	0
1063750	0	1922590	4
1063750	0	1923506	5
1063750	0	2230089	4
1063750	0	2230091	0
1063750	0	2230095	0
1063750	0	2470328	5
1063750	0	2569816	2
1063750	0	2768123	0
1063750	0	2787250	2
1063750	0	309313	5
1063750	0	3134992	3
1063750	0	3134994	3
1063750	0	3259884	2
1063750	0	3259889	5
1063750	0	3259891	2
1063750	0	3259892	5
1063750	0	330159	5
1063750	0	330165	5
1063750	0	3327047	2
1063750	0	3327049	2
1063750	0	3327050	1
1063750	0	3327053	4
1063750	0	3327054	5
1063750	0	340263	2
1063750	0	3654231	0
1063750	0	3654236	3
1063750	0	3973418	5
1063750	0	3973423	5
1063750	0	3994446	2
1063750	0	4158202	3
1063750	0	4158205	3
1063750	0	4182558	1
1063750	0	4337526	5
1063750	0	4337527	5
1063750	0	4337528	4
1063750	0	4337529	5
1063750	0	4337532	4
1063750	0	4487115	2
1063750	0	4542127	1
1063750	0	4559130	1
1063750	0	4718157	1
1063750	0	4718159	0
1063750	0	4718161	2
1063750	0	4788295	4
1063750	0	4795722	3
1063750	0	4802036	0
1063750	0	4834969	5
1063750	0	4834974	2
1063750	0	5062363	1
1063750	0	5237507	2
1063750	0	5256198	2
1063750	0	5360360	1
1063750	0	5423928	2
1063750	0	5423929	2
1063750	0	5423931	3
1063750	0	5442711	4
1063750	0	5590573	0
1063750	0	5590575	1
1063750	0	5590581	0
1063750	0	5956099	4
1063750	0	5956102	5
1063750	0	5956106	2
1063750	0	6127385	4
1063750	0	6127387	2
1063750	0	6127389	5
1063750	0	7247263	2
1063750	0	7247264	1
1063750	0	7571423	5
1063750	0	7571424	1
1063750	0	7571428	2
1063750	0	7778348	1
1063750	0	7778351	3
1063750	0	7778354	2
1063750	0	7837936	5
1063750	0	7837938	3
1063750	0	7952964	4
1063750	0	7952965	5
1063750	0	7952966	5
1063750	0	7952967	5
1063750	0	7952971	5
1063750	0	8183810	2
1063750	0	819283	1
1063750	0	819284	4
1063750	0	8239876	4
1063750	0	8239877	5
1063750	0	8384971	4
1063750	0	8384978	1
1063750	0	8418269	5
1063750	0	8640242	4
1063750	0	8821734	4
1063750	0	8821735	2
1063750	0	8821736	5
1063750	0	8821737	2
1103812	0	1214791	1
1103812	0	1294072	4
1103812	0	1659852	5
1103812	0	1881756	2
1103812	0	1991366	2
1103812	0	1996540	1
1103812	0	2093195	1
1103812	0	2108518	5
1103812	0	2137472	0
1103812	0	2156106	2
1103812	0	2156110	0
1103812	0	2226743	4
1103812	0	2586283	4
1103812	0	2602251	5
1103812	0	2703108	5
1103812	0	2703110	3
1103812	0	2703111	1
1103812	0	2703114	4
1103812	0	2720842	2
1103812	0	2920657	1
1103812	0	2920658	2
1103812	0	292717	2
1103812	0	292718	3
1103812	0	292719	1
1103812	0	292721	1
1103812	0	3591090	4
1103812	0	3591092	4
1103812	0	3591094	5
1103812	0	3672737	3
1103812	0	3672738	2
1103812	0	3672744	1
1103812	0	3789475	1
1103812	0	3843267	5
1103812	0	3843269	5
1103812	0	3843271	5
1103812	0	3870791	0
1103812	0	3940091	5
1103812	0	3964593	4
1103812	0	4044288	2
1103812	0	4044289	1
1103812	0	4044290	3
1103812	0	4059664	2
1103812	0	4241925	0
1103812	0	4241929	2
1103812	0	4292848	5
1103812	0	4322056	4
1103812	0	4322057	2
1103812	0	4322058	3
1103812	0	4469205	5
1103812	0	4566582	0
1103812	0	4824831	2
1103812	0	4937953	5
1103812	0	5116383	0
1103812	0	5156597	2
1103812	0	5175448	2
1103812	0	5372063	2
1103812	0	5416250	1
1103812	0	5757954	0
1103812	0	5974245	2
1103812	0	5976811	4
1103812	0	6103245	2
1103812	0	6128049	4
1103812	0	6230372	1
1103812	0	6254481	0
1103812	0	6294457	1
1103812	0	6569474	3
1103812	0	6604321	5
1103812	0	6627381	2
1103812	0	6842213	2
1103812	0	6924733	3
1103812	0	7242599	1
1103812	0	7246728	4
1103812	0	7259761	2
1103812	0	7280664	5
1103812	0	7280672	0
1103812	0	737449	1
1103812	0	737450	2
1103812	0	737451	4
1103812	0	737454	2
1103812	0	7430769	4
1103812	0	7430771	5
1103812	0	7491609	5
1103812	0	7729484	3
1103812	0	7873020	5
1103812	0	8157968	5
1103812	0	8205165	3
1103812	0	8220081	5
1103812	0	8220085	5
1103812	0	8220086	5
1103812	0	8220087	5
1103812	0	8220089	5
1103812	0	8224175	2
1103812	0	8224177	3
1103812	0	8224183	5
1103812	0	8293805	4
1103812	0	865879	5
1103812	0	8755009	4
1103812	0	896505	2
1103812	0	955560	0
1103812	0	961775	2
1106007	0	1294320	0
1106007	0	1334328	5
1106007	0	1334330	5
1106007	0	1334331	4
1106007	0	1334332	2
1106007	0	1334334	5
1106007	0	1334335	5
1106007	0	1334336	5
1106007	0	1560243	3
1106007	0	2186171	1
1106007	0	2317280	2
1106007	0	2464373	4
1106007	0	2464374	1
1106007	0	2464375	5
1106007	0	2464376	2
1106007	0	2464377	2
1106007	0	2464378	4
1106007	0	2464379	3
1106007	0	2464382	3
1106007	0	2513606	4
1106007	0	2513608	2
1106007	0	2513609	2
1106007	0	2603424	1
1106007	0	2621976	0
1106007	0	2672601	5
1106007	0	2672608	4
1106007	0	2777111	5
1106007	0	2798876	2
1106007	0	2866627	0
1106007	0	2866633	0
1106007	0	2960558	5
1106007	0	2960561	4
1106007	0	2960563	5
1106007	0	2960564	5
1106007	0	2960566	4
1106007	0	3184240	1
1106007	0	3530025	0
1106007	0	3537611	5
1106007	0	3567188	1
1106007	0	3759894	2
1106007	0	4004166	2
1106007	0	4004169	4
1106007	0	4004170	5
1106007	0	4004173	2
1106007	0	4089153	2
1106007	0	4102293	1
1106007	0	4114225	1
1106007	0	4173709	5
1106007	0	4173712	5
1106007	0	4382098	2
1106007	0	4382102	0
1106007	0	4382105	5
1106007	0	4781863	2
1106007	0	4781867	3
1106007	0	4794671	1
1106007	0	5174765	0
1106007	0	5204536	5
1106007	0	5204538	0
1106007	0	5204544	4
1106007	0	5279699	2
1106007	0	5279702	4
1106007	0	5279704	4
1106007	0	5774817	5
1106007	0	5774818	5
1106007	0	5780388	4
1106007	0	5836920	1
1106007	0	5993698	2
1106007	0	6126197	1
1106007	0	6182968	2
1106007	0	6209484	4
1106007	0	6282108	3
1106007	0	6282110	3
1106007	0	6303269	2
1106007	0	6963994	3
1106007	0	7343428	0
1106007	0	746358	2
1106007	0	7685380	4
1106007	0	7685382	3
1106007	0	7685383	5
1106007	0	7685384	5
1106007	0	7685385	5
1106007	0	7685386	1
1106007	0	7685387	2
1106007	0	7685388	5
1106007	0	7726655	2
1106007	0	7978149	2
1106007	0	8141084	2
1106007	0	8141089	2
1106007	0	8199521	4
1106007	0	8204457	5
1106007	0	8204463	1
1106007	0	8204464	2
1106007	0	8214505	0
1106007	0	8521668	1
1106007	0	8521673	5
1106007	0	8521674	1
1106007	0	899461	1
1106007	0	899465	2
1106007	0	899467	3
1106007	0	899468	3
1110199	0	100114	5
1110199	0	1144987	2
1110199	0	1592475	3
1110199	0	1592477	1
1110199	0	1778454	0
1110199	0	1809286	2
1110199	0	1901876	5
1110199	0	1901877	5
1110199	0	1901878	5
1110199	0	1901879	5
1110199	0	1901881	5
1110199	0	1901882	5
1110199	0	2094434	2
1110199	0	227145	2
1110199	0	2301115	3
1110199	0	2316525	2
1110199	0	239444	5
1110199	0	2474406	2
1110199	0	2621289	1
1110199	0	2649042	4
1110199	0	2655848	5
1110199	0	2655849	4
1110199	0	2657991	1
1110199	0	2796204	2
1110199	0	2854608	2
1110199	0	291162	3
1110199	0	2923633	2
1110199	0	3226995	5
1110199	0	3238116	2
1110199	0	3270582	1
1110199	0	3270584	3
1110199	0	328010	1
1110199	0	3515650	4
1110199	0	362174	4
1110199	0	3647394	4
1110199	0	3838638	5
1110199	0	3838645	2
1110199	0	3865139	1
1110199	0	3865142	5
1110199	0	4027239	3
1110199	0	4057232	2
1110199	0	421	5
1110199	0	4489656	5
1110199	0	4504233	5
1110199	0	4511137	5
1110199	0	4511144	5
1110199	0	4674430	1
1110199	0	4800726	1
1110199	0	4800728	2
1110199	0	4800731	1
1110199	0	4800732	4
1110199	0	5049363	4
1110199	0	5060491	3
1110199	0	5074861	1
1110199	0	5387204	2
1110199	0	5479	4
1110199	0	5516092	5
1110199	0	5641717	4
1110199	0	5641718	3
1110199	0	5857919	1
1110199	0	5857920	2
1110199	0	5857921	4
1110199	0	5857924	1
1110199	0	5857925	2
1110199	0	6056861	3
1110199	0	618109	4
1110199	0	6368891	5
1110199	0	6392463	5
1110199	0	6392469	3
1110199	0	6573362	2
1110199	0	6594555	2
1110199	0	6734090	0
1110199	0	68578	5
1110199	0	6993901	2
1110199	0	712229	1
1110199	0	7221487	2
1110199	0	7221489	0
1110199	0	7344200	0
1110199	0	7362622	0
1110199	0	7439380	0
1110199	0	7842393	0
1110199	0	8157172	4
1110199	0	8157174	4
1110199	0	8160518	5
1110199	0	8160519	5
1110199	0	8160520	5
1110199	0	8160521	0
1110199	0	8160523	4
1110199	0	8160524	0
1110199	0	8160526	3
1110199	0	8160527	5
1110199	0	830201	2
1110199	0	8404306	2
1110199	0	8404307	1
1110199	0	847931	0
1110199	0	863984	2
1110199	0	863987	1
1110199	0	955120	2
1110199	0	975292	2
1110199	0	986780	4
1112341	0	1228459	0
1112341	0	1373648	4
1112341	0	1373651	2
1112341	0	2095995	1
1112341	0	2095998	2
1112341	0	2173822	2
1112341	0	2253155	5
1112341	0	2386656	3
1112341	0	2468298	4
1112341	0	2596431	4
1112341	0	2596432	1
1112341	0	2663365	3
1112341	0	2694630	4
1112341	0	2694631	0
1112341	0	2694632	2
1112341	0	2694633	2
1112341	0	2694635	4
1112341	0	2694636	5
1112341	0	2694637	5
1112341	0	2694638	4
1112341	0	2735215	2
1112341	0	2735219	4
1112341	0	2841738	3
1112341	0	3252208	2
1112341	0	3274664	1
1112341	0	3274669	0
1112341	0	3291145	5
1112341	0	3291146	2
1112341	0	3291148	3
1112341	0	3291151	2
1112341	0	3352255	2
1112341	0	3524227	5
1112341	0	3795887	4
1112341	0	3795896	3
1112341	0	3922197	2
1112341	0	4022846	5
1112341	0	4022849	4
1112341	0	4390804	2
1112341	0	4416075	3
1112341	0	4561900	0
1112341	0	478773	1
1112341	0	4977768	2
1112341	0	5043407	1
1112341	0	5043413	0
1112341	0	508019	3
1112341	0	5133283	1
1112341	0	5133287	1
1112341	0	524251	1
1112341	0	550571	1
1112341	0	6164791	5
1112341	0	6311794	5
1112341	0	6311795	5
1112341	0	6311799	2
1112341	0	6311801	5
1112341	0	6342847	5
1112341	0	6459590	2
1112341	0	6459592	1
1112341	0	6681382	2
1112341	0	6681384	0
1112341	0	6681385	2
1112341	0	6726337	5
1112341	0	6726338	4
1112341	0	6726340	5
1112341	0	6726342	4
1112341	0	6726344	5
1112341	0	6726346	0
1112341	0	6903063	5
1112341	0	6947368	4
1112341	0	7079776	5
1112341	0	7088037	2
1112341	0	7194370	2
1112341	0	7194371	2
1112341	0	7194372	1
1112341	0	7194374	1
1112341	0	7492851	0
1112341	0	7615749	0
1112341	0	7615752	5
1112341	0	7708623	3
1112341	0	7708629	2
1112341	0	7880073	1
1112341	0	8134792	3
1112341	0	8134796	1
1112341	0	8139253	5
1112341	0	8139255	5
1112341	0	8139256	5
1112341	0	8139257	5
1112341	0	8139258	5
1112341	0	8326587	2
1112341	0	8326588	4
1112341	0	8337125	5
1112341	0	8337129	4
1112341	0	8442174	2
1112341	0	8442176	2
1112341	0	8442177	4
1112341	0	8442178	1
1112341	0	8442180	3
1112341	0	8474289	0
1112341	0	8606160	5
1112341	0	8606161	5
1112341	0	875123	2
1113437	0	1066538	3
1113437	0	1280244	5
1113437	0	1280568	5
1113437	0	1280569	2
1113437	0	1280570	1
1113437	0	1454814	5
1113437	0	1768727	5
1113437	0	1768729	1
1113437	0	1896939	2
1113437	0	1896943	1
1113437	0	2001933	0
1113437	0	2001934	4
1113437	0	2226349	5
1113437	0	2305870	0
1113437	0	2354940	5
1113437	0	2354941	1
1113437	0	2354947	4
1113437	0	2595623	1
1113437	0	2595628	5
1113437	0	2884191	5
1113437	0	3026984	0
1113437	0	3089474	4
1113437	0	3125154	5
1113437	0	3880944	4
1113437	0	4016930	3
1113437	0	4016933	1
1113437	0	4016934	0
1113437	0	4016937	1
1113437	0	4016939	1
1113437	0	4064657	0
1113437	0	4216336	2
1113437	0	4367832	2
1113437	0	4473156	2
1113437	0	4473157	4
1113437	0	4498867	5
1113437	0	4751835	5
1113437	0	4751837	2
1113437	0	4751839	2
1113437	0	5188745	3
1113437	0	5188746	0
1113437	0	5188747	2
1113437	0	5188751	1
1113437	0	5346399	1
1113437	0	5346404	2
1113437	0	5362609	1
1113437	0	5514586	3
1113437	0	5514589	0
1113437	0	5546288	5
1113437	0	555333	2
1113437	0	555340	2
1113437	0	5781997	1
1113437	0	5938418	2
1113437	0	5938420	5
1113437	0	5938421	2
1113437	0	5938425	4
1113437	0	5938426	3
1113437	0	5996691	3
1113437	0	5996693	5
1113437	0	6017938	4
1113437	0	6017945	2
1113437	0	6021902	5
1113437	0	6174328	5
1113437	0	631949	5
1113437	0	6455610	2
1113437	0	6593841	2
1113437	0	6593842	1
1113437	0	6593846	2
1113437	0	6597538	1
1113437	0	6688843	4
1113437	0	6688848	4
1113437	0	7377270	0
1113437	0	7377271	5
1113437	0	7377275	5
1113437	0	7385215	2
1113437	0	7385217	0
1113437	0	7385219	2
1113437	0	7385221	4
1113437	0	7385222	5
1113437	0	742037	5
1113437	0	742040	4
1113437	0	742042	2
1113437	0	742044	5
1113437	0	742045	2
1113437	0	7497495	5
1113437	0	7890527	3
1113437	0	8128790	5
1113437	0	8128793	0
1113437	0	8128794	5
1113437	0	8128795	2
1113437	0	8128799	1
1113437	0	8162984	2
1113437	0	8503447	3
1113437	0	8503450	4
1113437	0	8503451	2
1113437	0	8503453	4
1113437	0	8503455	4
1113437	0	8729212	4
1113437	0	8729216	3
1113437	0	8729218	2
1113437	0	8729219	3
1114646	0	1029800	1
1114646	0	1092561	2
1114646	0	1262730	2
1114646	0	1262731	2
1114646	0	1304419	5
1114646	0	1304420	2
1114646	0	1566448	3
1114646	0	1612682	3
1114646	0	1713625	3
1114646	0	1834998	2
1114646	0	1964991	1
1114646	0	2022387	0
1114646	0	2180675	2
1114646	0	2180676	4
1114646	0	2180679	2
1114646	0	2180680	3
1114646	0	2180681	3
1114646	0	2180682	2
1114646	0	218636	4
1114646	0	2245935	4
1114646	0	2475349	0
1114646	0	2475352	1
1114646	0	2524143	5
1114646	0	2647994	5
1114646	0	266552	5
1114646	0	2689906	2
1114646	0	2695583	5
1114646	0	2695584	4
1114646	0	2911035	5
1114646	0	2911040	4
1114646	0	2920691	2
1114646	0	2920692	2
1114646	0	2931846	2
1114646	0	2931848	3
1114646	0	3036935	3
1114646	0	3044326	1
1114646	0	3234628	1
1114646	0	355643	0
1114646	0	3862734	4
1114646	0	3928491	2
1114646	0	3942330	3
1114646	0	3988011	1
1114646	0	4031078	1
1114646	0	4298437	5
1114646	0	444374	5
1114646	0	444375	5
1114646	0	444380	5
1114646	0	4553944	1
1114646	0	4694680	4
1114646	0	4694682	0
1114646	0	4694686	0
1114646	0	4695602	2
1114646	0	4695603	2
1114646	0	4969104	5
1114646	0	501560	1
1114646	0	5133385	1
1114646	0	5139287	0
1114646	0	5140466	3
1114646	0	5279567	5
1114646	0	5640856	2
1114646	0	5640859	5
1114646	0	5746856	2
1114646	0	5775469	0
1114646	0	5911409	4
1114646	0	5948732	4
1114646	0	6034385	2
1114646	0	6124144	1
1114646	0	6124145	2
1114646	0	6378933	2
1114646	0	6378941	0
1114646	0	6644245	4
1114646	0	6704400	5
1114646	0	6704401	5
1114646	0	6722658	1
1114646	0	6764330	0
1114646	0	7037697	5
1114646	0	7098750	1
1114646	0	7166314	3
1114646	0	7234440	5
1114646	0	7403628	0
1114646	0	7531387	2
1114646	0	7531391	5
1114646	0	7675374	4
1114646	0	7675379	2
1114646	0	7948885	2
1114646	0	8117087	4
1114646	0	8117089	5
1114646	0	8117090	5
1114646	0	8117091	5
1114646	0	8117094	5
1114646	0	8117096	5
1114646	0	8212098	2
1114646	0	831444	4
1114646	0	8329774	4
1114646	0	843464	2
1114646	0	857788	5
1114646	0	8662669	1
1114646	0	8665820	5
1114646	0	8736509	1
1114646	0	966296	4
1114819	0	1009500	3
1114819	0	1248112	5
1114819	0	1302004	4
1114819	0	1302007	3
1114819	0	1315993	5
1114819	0	1315994	5
1114819	0	1315996	3
1114819	0	1315998	5
1114819	0	1419798	5
1114819	0	1419801	2
1114819	0	1625836	2
1114819	0	1724520	5
1114819	0	1724521	2
1114819	0	1724525	5
1114819	0	1724526	1
1114819	0	1724528	3
1114819	0	1735443	3
1114819	0	1738242	2
1114819	0	1738250	5
1114819	0	1816958	5
1114819	0	1852066	4
1114819	0	2212059	5
1114819	0	2477692	2
1114819	0	255279	1
1114819	0	2590451	2
1114819	0	2590453	2
1114819	0	2590454	1
1114819	0	2590455	1
1114819	0	2831393	2
1114819	0	344350	4
1114819	0	344351	2
1114819	0	3484458	4
1114819	0	3781418	5
1114819	0	3781419	1
1114819	0	3906952	4
1114819	0	3906954	2
1114819	0	3906959	4
1114819	0	4890560	5
1114819	0	5019832	0
1114819	0	5019839	3
1114819	0	5156171	1
1114819	0	5165249	4
1114819	0	534362	2
1114819	0	5521371	5
1114819	0	5521373	5
1114819	0	5628950	0
1114819	0	5628952	5
1114819	0	5718417	2
1114819	0	6202321	1
1114819	0	6564169	0
1114819	0	6900766	5
1114819	0	6900767	0
1114819	0	6900769	1
1114819	0	6900773	5
1114819	0	6900774	4
1114819	0	6941478	5
1114819	0	694735	0
1114819	0	694737	5
1114819	0	7132894	1
1114819	0	750446	2
1114819	0	7588045	1
1114819	0	7803429	2
1114819	0	7803435	4
1114819	0	785027	4
1114819	0	785028	2
1114819	0	8022276	5
1114819	0	8022279	1
1114819	0	8022280	5
1114819	0	8024890	2
1114819	0	8027206	1
1114819	0	8027210	2
1114819	0	8088109	2
1114819	0	8088111	2
1114819	0	8096817	2
1114819	0	8096824	4
1114819	0	8115435	4
1114819	0	8115439	3
1114819	0	8115440	5
1114819	0	8115700	2
1114819	0	8115705	3
1114819	0	8336225	3
1114819	0	8336229	2
1114819	0	8336230	3
1114819	0	8336232	0
1114819	0	8480574	4
1114819	0	8508255	0
1114819	0	8508259	0
1114819	0	8508263	5
1114819	0	8579830	0
1114819	0	8579832	0
1114819	0	8625086	5
1114819	0	8736056	2
1114819	0	8754397	2
1114819	0	8754398	2
1114819	0	8754404	1
1114819	0	8768742	1
1114819	0	988370	4
1114819	0	988373	5
1114819	0	988376	4
1114819	0	988378	1
1115776	0	1014595	1
1115776	0	1031044	1
1115776	0	1036904	3
1115776	0	1059921	2
1115776	0	1068769	2
1115776	0	1134851	1
1115776	0	1143727	1
1115776	0	1282792	2
1115776	0	1286495	1
1115776	0	1397089	2
1115776	0	1402571	2
1115776	0	1461944	1
1115776	0	1551024	4
1115776	0	1593001	2
1115776	0	1593006	3
1115776	0	1729572	5
1115776	0	1729576	3
1115776	0	1758373	1
1115776	0	1864868	2
1115776	0	1966458	4
1115776	0	2120345	2
1115776	0	2210164	5
1115776	0	2236540	2
1115776	0	2514462	2
1115776	0	2579216	3
1115776	0	2579218	0
1115776	0	2813898	2
1115776	0	2813901	4
1115776	0	2837985	0
1115776	0	3469357	5
1115776	0	3564568	0
1115776	0	3607500	2
1115776	0	3641822	2
1115776	0	3797905	1
1115776	0	3923601	3
1115776	0	4059004	4
1115776	0	4131485	5
1115776	0	4298199	1
1115776	0	4314169	5
1115776	0	4314170	5
1115776	0	4314171	4
1115776	0	4314173	5
1115776	0	4314174	5
1115776	0	4314175	5
1115776	0	4314176	5
1115776	0	455489	1
1115776	0	4689931	4
1115776	0	4745971	5
1115776	0	4981720	0
1115776	0	5022043	1
1115776	0	5124440	4
1115776	0	5599687	5
1115776	0	5599692	5
1115776	0	5752822	2
1115776	0	577820	0
1115776	0	5900625	5
1115776	0	6037179	4
1115776	0	6044207	0
1115776	0	6150628	0
1115776	0	622467	2
1115776	0	6247337	3
1115776	0	6316241	2
1115776	0	642039	4
1115776	0	6648060	4
1115776	0	6705802	2
1115776	0	6705804	4
1115776	0	6705805	1
1115776	0	6705806	4
1115776	0	6705807	4
1115776	0	6705808	2
1115776	0	6705811	3
1115776	0	6935971	2
1115776	0	6973128	5
1115776	0	6989198	5
1115776	0	707643	2
1115776	0	7129170	0
1115776	0	7129179	5
1115776	0	7171247	4
1115776	0	729789	2
1115776	0	7462690	1
1115776	0	7693347	2
1115776	0	7779192	0
1115776	0	790229	3
1115776	0	790232	3
1115776	0	8106317	5
1115776	0	8106318	4
1115776	0	8106320	5
1115776	0	8106321	5
1115776	0	8106322	5
1115776	0	8106323	2
1115776	0	8106324	5
1115776	0	8177309	0
1115776	0	830976	1
1115776	0	8357383	2
1115776	0	8495250	5
1115776	0	8495256	5
1115776	0	8621772	5
1115776	0	8673352	2
1115776	0	8757348	3
1115776	0	900809	1
1117099	0	1000103	2
1117099	0	1042612	2
1117099	0	1123494	4
1117099	0	1123496	1
1117099	0	1250347	1
1117099	0	1252737	1
1117099	0	1389420	5
1117099	0	1445087	5
1117099	0	1542026	1
1117099	0	1798612	4
1117099	0	1798620	5
1117099	0	189601	2
1117099	0	2109695	1
1117099	0	2113599	2
1117099	0	2620701	1
1117099	0	3097070	2
1117099	0	3104260	3
1117099	0	3104266	2
1117099	0	3108942	0
1117099	0	3128109	2
1117099	0	334615	5
1117099	0	3349609	2
1117099	0	3349612	2
1117099	0	3522902	2
1117099	0	3543106	5
1117099	0	3633442	0
1117099	0	3921953	2
1117099	0	4016466	1
1117099	0	4441325	5
1117099	0	4458506	4
1117099	0	4458507	4
1117099	0	4458509	5
1117099	0	4458510	5
1117099	0	4458512	5
1117099	0	4528327	0
1117099	0	4698220	2
1117099	0	4815809	2
1117099	0	484696	2
1117099	0	5020963	2
1117099	0	514314	4
1117099	0	5258462	2
1117099	0	5278136	2
1117099	0	5286535	3
1117099	0	5286538	5
1117099	0	5286539	5
1117099	0	5354862	1
1117099	0	5699286	4
1117099	0	5752877	2
1117099	0	5874017	2
1117099	0	5950908	1
1117099	0	5978474	0
1117099	0	5979211	2
1117099	0	6122720	5
1117099	0	6122721	5
1117099	0	6122722	5
1117099	0	6122723	5
1117099	0	6122724	4
1117099	0	6178371	0
1117099	0	6398915	1
1117099	0	6411781	3
1117099	0	6411786	5
1117099	0	6534818	4
1117099	0	6776508	0
1117099	0	6832520	0
1117099	0	6858988	4
1117099	0	6912420	1
1117099	0	6917898	4
1117099	0	6940549	2
1117099	0	6940550	1
1117099	0	6940552	4
1117099	0	6940553	1
1117099	0	6940555	3
1117099	0	6940556	1
1117099	0	6940557	4
1117099	0	6940558	5
1117099	0	6993942	5
1117099	0	700498	0
1117099	0	714808	5
1117099	0	7163733	3
1117099	0	7261488	2
1117099	0	7313639	0
1117099	0	7313643	0
1117099	0	7514071	1
1117099	0	7514072	2
1117099	0	7610604	2
1117099	0	8019446	3
1117099	0	8072929	5
1117099	0	8093927	4
1117099	0	8093931	5
1117099	0	8093932	5
1117099	0	8093934	5
1117099	0	809963	3
1117099	0	8144478	3
1117099	0	8446501	5
1117099	0	8446502	3
1117099	0	8446504	3
1117099	0	8446505	4
1117099	0	8446506	4
1117099	0	8714082	5
1117099	0	8838111	2
1121402	0	100212	1
1121402	0	1111229	1
1121402	0	1249682	5
1121402	0	1249685	1
1121402	0	1249687	4
1121402	0	1249689	2
1121402	0	1275439	2
1121402	0	1323047	2
1121402	0	1323048	2
1121402	0	1429447	2
1121402	0	1508436	2
1121402	0	182364	4
1121402	0	182365	5
1121402	0	182366	5
1121402	0	182367	5
1121402	0	182368	5
1121402	0	182369	5
1121402	0	182370	2
1121402	0	182371	0
1121402	0	182372	5
1121402	0	182373	2
1121402	0	18281	3
1121402	0	188209	5
1121402	0	188210	5
1121402	0	188211	4
1121402	0	188213	5
1121402	0	188214	1
1121402	0	188215	5
1121402	0	188216	4
1121402	0	188217	2
1121402	0	188218	0
1121402	0	1902388	2
1121402	0	1902392	3
1121402	0	2042119	4
1121402	0	2191941	2
1121402	0	2516420	2
1121402	0	2664284	1
1121402	0	2681041	2
1121402	0	2681045	1
1121402	0	2681048	4
1121402	0	2765629	0
1121402	0	2914522	2
1121402	0	2938358	0
1121402	0	2938359	0
1121402	0	3368448	2
1121402	0	3412904	3
1121402	0	3412909	3
1121402	0	3511789	4
1121402	0	3511795	4
1121402	0	3674187	3
1121402	0	3691381	4
1121402	0	3785307	5
1121402	0	3785308	5
1121402	0	3785309	5
1121402	0	3785310	5
1121402	0	4140833	1
1121402	0	43770	3
1121402	0	4620823	1
1121402	0	465105	0
1121402	0	4671455	1
1121402	0	4797699	2
1121402	0	4893520	2
1121402	0	5189911	0
1121402	0	5189913	5
1121402	0	5662146	1
1121402	0	5662147	2
1121402	0	5662150	3
1121402	0	5894958	2
1121402	0	6001847	4
1121402	0	63087	2
1121402	0	6319745	1
1121402	0	6873412	1
1121402	0	7125978	4
1121402	0	7125980	5
1121402	0	7125981	5
1121402	0	7125982	1
1121402	0	7125983	5
1121402	0	7125985	4
1121402	0	7125987	5
1121402	0	7134098	0
1121402	0	7142994	2
1121402	0	7196397	2
1121402	0	7489485	2
1121402	0	7489486	2
1121402	0	7489487	3
1121402	0	7489488	1
1121402	0	7775354	4
1121402	0	8052617	4
1121402	0	8052619	5
1121402	0	8052620	5
1121402	0	8052621	5
1121402	0	8052622	5
1121402	0	8052623	4
1121402	0	8052624	5
1121402	0	8102106	3
1121402	0	8356941	1
1121402	0	8376430	2
1121402	0	8469784	0
1121402	0	879274	0
1121402	0	8836130	3
1121709	0	1578771	0
1121709	0	1752809	3
1121709	0	1752813	2
1121709	0	1764269	5
1121709	0	1764270	3
1121709	0	1764272	1
1121709	0	1767105	1
1121709	0	181615	4
1121709	0	2046428	2
1121709	0	2046431	2
1121709	0	2046433	4
1121709	0	2051808	5
1121709	0	2051809	2
1121709	0	2051813	4
1121709	0	210479	0
1121709	0	2133181	3
1121709	0	2133183	2
1121709	0	2422660	2
1121709	0	2422665	4
1121709	0	2422667	2
1121709	0	2486852	1
1121709	0	2703197	3
1121709	0	2703203	1
1121709	0	2706640	1
1121709	0	2706644	3
1121709	0	2706645	2
1121709	0	2706646	5
1121709	0	3059199	1
1121709	0	3115495	1
1121709	0	3124096	1
1121709	0	3151648	1
1121709	0	3158259	2
1121709	0	3165925	2
1121709	0	3312963	3
1121709	0	3423059	5
1121709	0	3423061	5
1121709	0	3423062	5
1121709	0	3423063	5
1121709	0	3423064	5
1121709	0	3423065	5
1121709	0	3423067	5
1121709	0	3451595	4
1121709	0	3465619	1
1121709	0	3469590	4
1121709	0	356326	4
1121709	0	3632519	4
1121709	0	3762335	2
1121709	0	3823024	2
1121709	0	3968031	1
1121709	0	4089247	0
1121709	0	4135691	5
1121709	0	4153489	2
1121709	0	4556902	1
1121709	0	4566164	4
1121709	0	4566169	2
1121709	0	487598	4
1121709	0	4928895	5
1121709	0	5027050	2
1121709	0	555963	5
1121709	0	555965	0
1121709	0	555970	2
1121709	0	5614874	0
1121709	0	5707731	2
1121709	0	5716707	2
1121709	0	5716708	3
1121709	0	5963606	1
1121709	0	6115793	2
1121709	0	6166394	4
1121709	0	6216040	0
1121709	0	626887	4
1121709	0	6381007	0
1121709	0	6850861	2
1121709	0	696351	0
1121709	0	700135	3
1121709	0	7339512	4
1121709	0	7460019	2
1121709	0	7465195	0
1121709	0	788051	2
1121709	0	8024810	2
1121709	0	8024811	3
1121709	0	8024819	3
1121709	0	8049577	5
1121709	0	8049578	5
1121709	0	8049580	5
1121709	0	8049582	5
1121709	0	8049583	5
1121709	0	8049584	5
1121709	0	8049585	5
1121709	0	8049586	5
1121709	0	8114448	2
1121709	0	8297863	4
1121709	0	8535271	2
1121709	0	8558420	5
1121709	0	8610864	4
1121709	0	8614743	5
1121709	0	8668847	1
1121709	0	8668848	1
1121709	0	8776540	0
1121709	0	8800882	5
1121709	0	918204	5
1124210	0	1027213	2
1124210	0	1120858	2
1124210	0	1194689	3
1124210	0	1251133	4
1124210	0	1251135	2
1124210	0	1362721	4
1124210	0	1383615	0
1124210	0	1383617	2
1124210	0	1383624	5
1124210	0	1702008	3
1124210	0	1702010	5
1124210	0	181177	5
1124210	0	2089544	5
1124210	0	2199998	1
1124210	0	2220482	1
1124210	0	2258591	5
1124210	0	2258592	5
1124210	0	2258596	5
1124210	0	2303834	4
1124210	0	2303836	4
1124210	0	2632281	1
1124210	0	2632288	1
1124210	0	2728448	5
1124210	0	273573	5
1124210	0	2754117	2
1124210	0	2895509	5
1124210	0	3031380	5
1124210	0	3046380	2
1124210	0	3057000	2
1124210	0	3152177	1
1124210	0	3426722	0
1124210	0	3446170	4
1124210	0	3520550	1
1124210	0	3520551	0
1124210	0	3520553	4
1124210	0	3546600	0
1124210	0	3573857	5
1124210	0	3607859	4
1124210	0	3680798	5
1124210	0	3680799	2
1124210	0	3680801	3
1124210	0	3680802	5
1124210	0	3680805	5
1124210	0	371351	2
1124210	0	371352	3
1124210	0	371357	2
1124210	0	3722759	3
1124210	0	3750818	0
1124210	0	3750819	1
1124210	0	3750823	2
1124210	0	3937735	5
1124210	0	4057442	4
1124210	0	4074146	4
1124210	0	4074152	5
1124210	0	4425464	2
1124210	0	4706417	2
1124210	0	4794725	5
1124210	0	4794729	1
1124210	0	4840515	0
1124210	0	4957842	3
1124210	0	4958356	3
1124210	0	4958358	3
1124210	0	502337	2
1124210	0	5056100	0
1124210	0	5056103	3
1124210	0	5281846	5
1124210	0	5281849	2
1124210	0	5366912	0
1124210	0	546154	3
1124210	0	546158	1
1124210	0	555792	5
1124210	0	5681258	2
1124210	0	5938409	4
1124210	0	5940130	2
1124210	0	6186845	0
1124210	0	6263923	2
1124210	0	6263926	2
1124210	0	6363262	2
1124210	0	6704887	4
1124210	0	6896369	1
1124210	0	6896372	2
1124210	0	6992534	5
1124210	0	6992537	1
1124210	0	7205923	1
1124210	0	7208694	2
1124210	0	7234570	1
1124210	0	7278459	1
1124210	0	7278463	0
1124210	0	7443586	5
1124210	0	7566672	1
1124210	0	7566675	2
1124210	0	7581155	5
1124210	0	7746535	4
1124210	0	7756779	4
1124210	0	7756780	2
1124210	0	7756781	4
1124210	0	7835796	2
1124210	0	7851118	4
1124210	0	8026737	5
1124210	0	829948	5
1129237	0	1020793	5
1129237	0	1080294	5
1129237	0	1128332	3
1129237	0	1160807	3
1129237	0	120308	2
1129237	0	120313	1
1129237	0	120314	0
1129237	0	120315	2
1129237	0	128982	5
1129237	0	128984	5
1129237	0	128986	5
1129237	0	128989	5
1129237	0	1460453	0
1129237	0	1549858	2
1129237	0	1768895	3
1129237	0	1770027	2
1129237	0	1857133	1
1129237	0	2152821	5
1129237	0	2189983	0
1129237	0	2189992	0
1129237	0	2580204	4
1129237	0	2696926	5
1129237	0	2697746	4
1129237	0	2697752	5
1129237	0	275594	0
1129237	0	2972916	2
1129237	0	3016192	2
1129237	0	302210	3
1129237	0	305086	1
1129237	0	3195674	4
1129237	0	3227129	2
1129237	0	3352740	3
1129237	0	3641168	1
1129237	0	3683096	5
1129237	0	3905055	5
1129237	0	3905057	5
1129237	0	3905799	2
1129237	0	3905800	5
1129237	0	3905802	5
1129237	0	3905804	2
1129237	0	4066969	2
1129237	0	4141004	0
1129237	0	4141005	1
1129237	0	4141009	2
1129237	0	4141012	4
1129237	0	4254811	5
1129237	0	4254815	5
1129237	0	4254816	5
1129237	0	4509081	1
1129237	0	461835	3
1129237	0	4801130	3
1129237	0	4904403	2
1129237	0	4904405	2
1129237	0	4915547	4
1129237	0	5619502	4
1129237	0	5831781	4
1129237	0	5831788	2
1129237	0	5906130	5
1129237	0	5906134	5
1129237	0	5916672	2
1129237	0	6063090	0
1129237	0	6080452	2
1129237	0	6080460	5
1129237	0	6080461	1
1129237	0	6122985	1
1129237	0	6172874	3
1129237	0	6285414	4
1129237	0	6343520	2
1129237	0	6343521	5
1129237	0	6343523	1
1129237	0	6366866	1
1129237	0	6575090	3
1129237	0	6640165	4
1129237	0	6718101	0
1129237	0	6903787	2
1129237	0	6956014	1
1129237	0	7049948	2
1129237	0	7049951	2
1129237	0	7050921	1
1129237	0	710733	4
1129237	0	7397082	2
1129237	0	767820	1
1129237	0	7911557	4
1129237	0	8093065	0
1129237	0	8093067	2
1129237	0	8165055	2
1129237	0	8217253	5
1129237	0	824966	3
1129237	0	8373739	1
1129237	0	8431281	2
1129237	0	8450766	4
1129237	0	8469255	4
1129237	0	8588219	5
1129237	0	8588222	1
1129237	0	8588223	0
1129237	0	8588226	2
1129237	0	8588227	5
1129237	0	8682824	4
1129237	0	998748	5
1129237	0	998751	4
1133167	0	1379370	5
1133167	0	1824479	5
1133167	0	1824480	5
1133167	0	1824481	0
1133167	0	1824483	1
1133167	0	1824484	4
1133167	0	1824485	5
1133167	0	1824486	5
1133167	0	1824487	1
1133167	0	1824488	5
1133167	0	1883272	1
1133167	0	1883273	3
1133167	0	1883276	0
1133167	0	1883280	1
1133167	0	1883281	2
1133167	0	190802	4
1133167	0	190803	5
1133167	0	190804	5
1133167	0	190805	0
1133167	0	190806	5
1133167	0	190809	2
1133167	0	190810	2
1133167	0	190811	1
1133167	0	2010281	5
1133167	0	2276678	5
1133167	0	2613291	3
1133167	0	2613296	3
1133167	0	3023120	3
1133167	0	3023123	5
1133167	0	3074598	2
1133167	0	3074599	4
1133167	0	3355083	2
1133167	0	3391439	3
1133167	0	3421898	1
1133167	0	3421899	2
1133167	0	3421900	1
1133167	0	3421906	5
1133167	0	3953805	2
1133167	0	434119	4
1133167	0	434120	4
1133167	0	434121	5
1133167	0	434123	1
1133167	0	434125	5
1133167	0	4443370	0
1133167	0	4443375	2
1133167	0	4498474	5
1133167	0	4498476	3
1133167	0	4498477	0
1133167	0	4498479	4
1133167	0	4550240	5
1133167	0	4550243	1
1133167	0	4550244	2
1133167	0	4712279	2
1133167	0	4922619	5
1133167	0	4926197	4
1133167	0	4926204	4
1133167	0	4973626	5
1133167	0	5674623	4
1133167	0	5787117	3
1133167	0	6103289	5
1133167	0	6112585	5
1133167	0	6112586	4
1133167	0	6112587	4
1133167	0	6112590	4
1133167	0	6142	2
1133167	0	6257034	1
1133167	0	6299575	4
1133167	0	6467518	5
1133167	0	6467523	0
1133167	0	7093509	2
1133167	0	7093510	2
1133167	0	7093511	2
1133167	0	7093513	0
1133167	0	7217705	3
1133167	0	7218015	5
1133167	0	7218016	1
1133167	0	7486600	2
1133167	0	7486602	4
1133167	0	7762240	0
1133167	0	7793408	2
1133167	0	7793409	5
1133167	0	7793411	0
1133167	0	7793414	2
1133167	0	7793416	1
1133167	0	8003301	2
1133167	0	8033644	3
1133167	0	8033645	2
1133167	0	8033647	2
1133167	0	8033650	3
1133167	0	8160224	0
1133167	0	8160241	2
1133167	0	8160243	2
1133167	0	823272	4
1133167	0	823274	1
1133167	0	823275	1
1133167	0	823276	1
1133167	0	823277	2
1133167	0	8255705	2
1133167	0	8255706	5
1133167	0	8415743	2
130510	0	1023333	2
130510	0	1024747	2
130510	0	1075438	5
130510	0	1086581	1
130510	0	1244228	4
130510	0	1262133	4
130510	0	133053	2
130510	0	1494930	5
130510	0	1494931	5
130510	0	1494935	5
130510	0	1494936	5
130510	0	1494938	5
130510	0	1494939	5
130510	0	1672906	0
130510	0	1881833	5
130510	0	1881837	4
130510	0	203714	5
130510	0	203718	3
130510	0	203721	3
130510	0	2407055	1
130510	0	2407059	2
130510	0	2407061	5
130510	0	2689146	4
130510	0	3185954	2
130510	0	319552	4
130510	0	3217576	3
130510	0	3351230	3
130510	0	3825435	0
130510	0	3922560	2
130510	0	3922562	0
130510	0	3922565	3
130510	0	3922567	2
130510	0	3944664	0
130510	0	4237516	2
130510	0	4237523	2
130510	0	435588	4
130510	0	474935	0
130510	0	474939	4
130510	0	4979634	2
130510	0	5148415	2
130510	0	5148418	5
130510	0	5255918	3
130510	0	5622536	1
130510	0	5667812	1
130510	0	5668638	4
130510	0	5668641	4
130510	0	5668642	5
130510	0	5668645	2
130510	0	5742790	1
130510	0	584737	2
130510	0	5984058	4
130510	0	5988738	1
130510	0	6172269	0
130510	0	6237995	4
130510	0	6412174	3
130510	0	6542824	2
130510	0	6614911	2
130510	0	6614916	0
130510	0	665170	1
130510	0	6685197	2
130510	0	6780516	1
130510	0	6780520	2
130510	0	6797524	2
130510	0	6835270	5
130510	0	7125239	5
130510	0	7125241	0
130510	0	7127694	0
130510	0	7129387	4
130510	0	7129391	3
130510	0	7136329	1
130510	0	7220651	1
130510	0	7226975	2
130510	0	7226977	2
130510	0	7442006	3
130510	0	7501557	5
130510	0	7501558	5
130510	0	7569030	5
130510	0	768251	4
130510	0	7717233	5
130510	0	799647	5
130510	0	7997887	1
130510	0	8094072	1
130510	0	8287348	4
130510	0	8287352	2
130510	0	8354777	2
130510	0	8354778	2
130510	0	8384388	1
130510	0	8384389	1
130510	0	8612902	5
130510	0	8612903	5
130510	0	8612904	5
130510	0	8612905	4
130510	0	8612906	5
130510	0	8612909	5
130510	0	8612910	5
130510	0	8617103	2
130510	0	87224	0
130510	0	87227	2
130510	0	905737	1
130510	0	956561	3
131843	0	1096618	5
131843	0	1208161	0
131843	0	1412225	2
131843	0	1505736	0
131843	0	1568857	4
131843	0	1568859	0
131843	0	1792434	0
131843	0	1810541	2
131843	0	1811758	3
131843	0	1842861	1
131843	0	1958967	4
131843	0	2010626	0
131843	0	20432	1
131843	0	2084839	5
131843	0	2162844	5
131843	0	2287018	2
131843	0	2348818	4
131843	0	2493973	2
131843	0	2493976	2
131843	0	2493980	0
131843	0	2581898	2
131843	0	25837	5
131843	0	2703804	1
131843	0	2820664	1
131843	0	2929665	2
131843	0	3049466	0
131843	0	3049467	4
131843	0	3049468	3
131843	0	3049470	3
131843	0	3049471	2
131843	0	3049474	4
131843	0	3336280	2
131843	0	348760	1
131843	0	3527399	2
131843	0	3590884	2
131843	0	3690753	2
131843	0	4091094	2
131843	0	4136087	3
131843	0	427728	1
131843	0	4338356	5
131843	0	4439041	0
131843	0	4471157	4
131843	0	4766288	1
131843	0	488608	3
131843	0	4996623	1
131843	0	5103706	4
131843	0	5212622	4
131843	0	5318362	1
131843	0	5597629	2
131843	0	569918	2
131843	0	5715075	1
131843	0	6041799	4
131843	0	6041800	2
131843	0	6121785	4
131843	0	6121787	5
131843	0	631979	1
131843	0	6491660	1
131843	0	6524077	4
131843	0	6524083	1
131843	0	6629203	2
131843	0	6629206	5
131843	0	6863388	5
131843	0	6863389	5
131843	0	7191466	4
131843	0	7474324	2
131843	0	7748962	3
131843	0	8083953	2
131843	0	8098280	2
131843	0	8132210	2
131843	0	8187665	4
131843	0	8187667	3
131843	0	8187668	0
131843	0	8187672	3
131843	0	8305152	5
131843	0	8305153	5
131843	0	8305156	5
131843	0	8305158	5
131843	0	8456967	3
131843	0	8484009	3
131843	0	8495582	1
131843	0	8495584	0
131843	0	8495587	2
131843	0	8495589	1
131843	0	8710813	5
131843	0	8727566	2
131843	0	8780259	5
131843	0	926337	5
131843	0	935618	2
131843	0	935619	2
131843	0	935620	5
131843	0	935621	5
131843	0	935623	4
131843	0	935626	4
131843	0	985988	5
131843	0	985989	5
131843	0	985990	5
131843	0	985991	5
131843	0	985992	5
131843	0	985994	5
131843	0	985995	5
146187	0	1028972	2
146187	0	1073946	2
146187	0	1077549	4
146187	0	1220481	2
146187	0	1230566	2
146187	0	1246738	1
146187	0	1367173	1
146187	0	1369241	2
146187	0	1543946	0
146187	0	1636405	0
146187	0	1841192	3
146187	0	1841197	1
146187	0	1884866	2
146187	0	1937161	2
146187	0	1972078	1
146187	0	2009635	1
146187	0	2226093	5
146187	0	2246719	1
146187	0	2246721	0
146187	0	2257806	2
146187	0	2257810	4
146187	0	2345122	1
146187	0	2365484	2
146187	0	2444447	5
146187	0	2918498	0
146187	0	3017615	5
146187	0	3017618	2
146187	0	3129298	2
146187	0	315525	3
146187	0	3241340	2
146187	0	3593186	1
146187	0	3615731	4
146187	0	3891371	0
146187	0	3963184	0
146187	0	3963185	4
146187	0	3963187	5
146187	0	4214923	5
146187	0	4214925	4
146187	0	45008	1
146187	0	4619183	0
146187	0	4741857	5
146187	0	4777144	5
146187	0	4878079	1
146187	0	4921740	4
146187	0	4921741	2
146187	0	4992658	2
146187	0	5217815	3
146187	0	5238589	0
146187	0	5238595	4
146187	0	5332230	2
146187	0	5566562	2
146187	0	5566569	2
146187	0	5590506	4
146187	0	5590508	2
146187	0	5746033	4
146187	0	5746034	1
146187	0	5836454	3
146187	0	5836455	4
146187	0	5999108	2
146187	0	6015024	5
146187	0	6015026	4
146187	0	6015027	3
146187	0	6430258	4
146187	0	6430260	5
146187	0	6483698	3
146187	0	6483699	3
146187	0	6483701	2
146187	0	6929047	2
146187	0	7021122	1
146187	0	7021127	1
146187	0	7021128	2
146187	0	7405002	5
146187	0	744163	4
146187	0	744165	5
146187	0	744166	0
146187	0	744167	5
146187	0	744171	0
146187	0	76342	3
146187	0	76344	5
146187	0	76346	3
146187	0	76348	5
146187	0	76349	2
146187	0	76350	5
146187	0	7704674	4
146187	0	7704677	3
146187	0	7704679	1
146187	0	7772761	2
146187	0	7956019	2
146187	0	8434617	5
146187	0	8434618	5
146187	0	8434619	5
146187	0	8434620	5
146187	0	8434621	5
146187	0	8434622	5
146187	0	8434623	5
146187	0	8434624	5
146187	0	8434625	5
146187	0	8434626	5
146187	0	8489394	1
146187	0	8664004	4
148538	0	1147038	2
148538	0	1147044	5
148538	0	1299824	3
148538	0	1311206	0
148538	0	1311209	2
148538	0	1384447	4
148538	0	1384448	4
148538	0	153920	2
148538	0	1671257	2
148538	0	1736918	1
148538	0	1746240	1
148538	0	1828171	5
148538	0	1950976	4
148538	0	1950979	2
148538	0	1950983	2
148538	0	1969519	2
148538	0	1969520	3
148538	0	1969521	5
148538	0	1985491	4
148538	0	2033800	2
148538	0	208314	2
148538	0	231450	0
148538	0	231453	4
148538	0	231455	5
148538	0	23586	3
148538	0	23588	0
148538	0	2368189	4
148538	0	2643562	2
148538	0	2731875	2
148538	0	2915322	2
148538	0	2915323	3
148538	0	2993239	2
148538	0	332400	2
148538	0	332401	5
148538	0	332402	1
148538	0	332406	4
148538	0	3353306	4
148538	0	3545040	1
148538	0	3557943	5
148538	0	3631449	4
148538	0	3752521	0
148538	0	3918785	5
148538	0	3997733	0
148538	0	4185812	4
148538	0	4185814	4
148538	0	4264121	1
148538	0	4264129	1
148538	0	4447598	5
148538	0	4447601	5
148538	0	451558	1
148538	0	4539654	5
148538	0	4539657	4
148538	0	4539659	2
148538	0	4539660	2
148538	0	4539663	3
148538	0	4553351	1
148538	0	4607262	1
148538	0	4607263	2
148538	0	4959637	2
148538	0	4959638	5
148538	0	4997090	0
148538	0	5077704	5
148538	0	5077707	4
148538	0	5171599	4
148538	0	5171603	5
148538	0	5171605	1
148538	0	5592682	3
148538	0	581145	2
148538	0	615402	0
148538	0	615407	3
148538	0	6353501	1
148538	0	6485499	2
148538	0	6517685	3
148538	0	6518598	0
148538	0	6543862	1
148538	0	6697437	5
148538	0	6704661	3
148538	0	6787071	5
148538	0	6846340	0
148538	0	6846343	2
148538	0	6853480	2
148538	0	6894608	5
148538	0	7157817	4
148538	0	7407803	5
148538	0	7407812	5
148538	0	8139872	1
148538	0	8283527	5
148538	0	8283531	5
148538	0	8283532	5
148538	0	844359	1
148538	0	844360	0
148538	0	844363	2
148538	0	8618875	1
148538	0	985487	2
148538	0	985488	5
148538	0	985489	2
148538	0	985490	5
148538	0	985491	5
148538	0	985492	3
148538	0	985494	5
156493	0	1101603	5
156493	0	1101607	2
156493	0	1277720	2
156493	0	1277725	2
156493	0	1277726	3
156493	0	1277727	4
156493	0	1960255	5
156493	0	1960257	5
156493	0	1960259	0
156493	0	1960260	5
156493	0	1960261	5
156493	0	2123395	0
156493	0	2259179	4
156493	0	2259180	2
156493	0	2259182	1
156493	0	2259183	2
156493	0	2317807	5
156493	0	2378078	4
156493	0	2411918	5
156493	0	2598786	4
156493	0	2598787	4
156493	0	2612486	2
156493	0	2612490	3
156493	0	2612491	5
156493	0	2612492	3
156493	0	2612493	5
156493	0	2616512	1
156493	0	2708309	1
156493	0	2717163	5
156493	0	2928700	0
156493	0	2928702	0
156493	0	2928704	1
156493	0	2928705	4
156493	0	2928707	5
156493	0	2949801	2
156493	0	2949802	2
156493	0	3288595	4
156493	0	3288596	4
156493	0	3288597	3
156493	0	3288598	2
156493	0	3288599	3
156493	0	3288600	5
156493	0	3288601	5
156493	0	3288603	4
156493	0	349638	2
156493	0	349640	1
156493	0	349643	5
156493	0	349644	2
156493	0	3603920	2
156493	0	3603922	1
156493	0	4396054	0
156493	0	4527706	4
156493	0	4583221	5
156493	0	4940228	2
156493	0	4940232	2
156493	0	5346660	2
156493	0	5479187	5
156493	0	5530082	2
156493	0	5555919	0
156493	0	5752576	1
156493	0	6139383	1
156493	0	6139386	5
156493	0	627305	0
156493	0	627311	4
156493	0	6524746	0
156493	0	6775071	5
156493	0	7371077	3
156493	0	7371078	2
156493	0	7371079	4
156493	0	7371081	1
156493	0	7431316	2
156493	0	750111	1
156493	0	8029433	0
156493	0	8182159	5
156493	0	8182160	2
156493	0	8182161	4
156493	0	8182162	5
156493	0	8182165	5
156493	0	8182166	2
156493	0	8245444	0
156493	0	8266017	2
156493	0	8273011	3
156493	0	8273017	3
156493	0	8273018	1
156493	0	8273019	5
156493	0	8820526	4
156493	0	8820527	1
156493	0	885944	2
156493	0	892013	1
156493	0	911790	5
156493	0	911791	3
156493	0	911794	5
156493	0	911795	2
156493	0	95512	5
156493	0	95514	3
156493	0	95515	4
156493	0	95518	1
156493	0	95519	2
156493	0	95521	2
156493	0	994486	1
168216	0	1090089	2
168216	0	1090095	0
168216	0	1183706	4
168216	0	1301465	5
168216	0	1301466	5
168216	0	1301467	2
168216	0	1301469	5
168216	0	1301471	5
168216	0	1301472	5
168216	0	1301473	2
168216	0	1301474	3
168216	0	13499	2
168216	0	1381477	5
168216	0	1735360	5
168216	0	1860843	1
168216	0	2036279	2
168216	0	2210775	2
168216	0	2210780	2
168216	0	2265769	2
168216	0	2790904	2
168216	0	2806307	1
168216	0	3198681	0
168216	0	3198683	0
168216	0	3198686	5
168216	0	3198687	4
168216	0	3198689	2
168216	0	3344828	5
168216	0	3344837	5
168216	0	3399712	0
168216	0	3399713	5
168216	0	3399715	4
168216	0	3399716	4
168216	0	3399718	2
168216	0	3463556	3
168216	0	3681093	5
168216	0	3681095	5
168216	0	3681097	0
168216	0	3681100	4
168216	0	3830857	5
168216	0	3908773	4
168216	0	3908774	5
168216	0	3908775	2
168216	0	3908776	3
168216	0	3908777	2
168216	0	4191395	0
168216	0	4191396	1
168216	0	4245218	2
168216	0	4324490	0
168216	0	4324491	1
168216	0	4324492	4
168216	0	4600607	3
168216	0	4600610	2
168216	0	5004346	1
168216	0	5024307	1
168216	0	5024311	2
168216	0	5024313	2
168216	0	5114458	2
168216	0	5935474	1
168216	0	5935476	5
168216	0	6012600	3
168216	0	6061718	4
168216	0	6061721	1
168216	0	6061722	2
168216	0	6061726	3
168216	0	6213322	3
168216	0	6213323	1
168216	0	6213324	1
168216	0	6213325	4
168216	0	6219118	4
168216	0	6264731	4
168216	0	6264732	2
168216	0	6264733	4
168216	0	6264734	4
168216	0	6264735	2
168216	0	6282560	2
168216	0	6426630	4
168216	0	6426631	4
168216	0	6426632	5
168216	0	6426633	3
168216	0	6426634	5
168216	0	6426637	0
168216	0	6426638	2
168216	0	6584042	1
168216	0	7337513	1
168216	0	7492751	3
168216	0	7492755	3
168216	0	7595682	2
168216	0	7595684	0
168216	0	8048968	1
168216	0	8185131	5
168216	0	8185135	5
168216	0	8185137	5
168216	0	8319218	1
168216	0	856274	0
168216	0	8731617	5
168216	0	8731618	1
168216	0	8731621	5
168216	0	8731622	5
168216	0	8731623	5
168216	0	8731624	2
182539	0	1138302	1
182539	0	1307232	4
182539	0	1307234	5
182539	0	1307235	5
182539	0	1631878	0
182539	0	1638687	5
182539	0	1638689	5
182539	0	1638690	5
182539	0	1798203	4
182539	0	1798209	1
182539	0	1882552	4
182539	0	1938505	0
182539	0	1956769	4
182539	0	1956775	4
182539	0	2009617	4
182539	0	2041085	2
182539	0	2041086	1
182539	0	2273384	3
182539	0	2635847	0
182539	0	2787602	3
182539	0	2792292	3
182539	0	2898184	3
182539	0	2909954	4
182539	0	2909960	4
182539	0	2909961	5
182539	0	330179	2
182539	0	3389569	5
182539	0	3411356	0
182539	0	3412553	0
182539	0	3448160	1
182539	0	3760957	2
182539	0	3760960	1
182539	0	3883077	5
182539	0	3883081	3
182539	0	4468612	1
182539	0	4481306	5
182539	0	4502746	3
182539	0	4680571	1
182539	0	4730803	5
182539	0	5020094	2
182539	0	5167181	0
182539	0	5238129	3
182539	0	5289650	1
182539	0	5407068	2
182539	0	5418437	1
182539	0	5567729	3
182539	0	57443	5
182539	0	57444	2
182539	0	57447	5
182539	0	57448	4
182539	0	57449	5
182539	0	57450	2
182539	0	5871834	4
182539	0	5922040	0
182539	0	5927340	2
182539	0	6037973	4
182539	0	6097108	0
182539	0	6282906	4
182539	0	6282907	3
182539	0	6282909	0
182539	0	6807899	1
182539	0	6816571	2
182539	0	6816572	2
182539	0	6816573	2
182539	0	6816574	1
182539	0	6816576	2
182539	0	6816577	2
182539	0	6816579	5
182539	0	6878266	1
182539	0	6893378	3
182539	0	6895489	2
182539	0	6895490	1
182539	0	6895491	5
182539	0	6895494	2
182539	0	6895498	2
182539	0	7088372	2
182539	0	7203204	2
182539	0	7371255	5
182539	0	7371257	4
182539	0	7371259	5
182539	0	7371261	4
182539	0	7371262	5
182539	0	7579347	2
182539	0	7579350	2
182539	0	7583024	5
182539	0	8141165	1
182539	0	8263097	1
182539	0	8299659	5
182539	0	8299661	0
182539	0	8299665	4
182539	0	8299668	5
182539	0	830471	2
182539	0	8430328	5
182539	0	8617642	2
182539	0	8757178	5
182539	0	8757179	2
182539	0	8757180	5
182539	0	8757181	5
182539	0	8757183	2
182539	0	999065	2
183378	0	1014273	0
183378	0	1050571	2
183378	0	1289489	5
183378	0	1289490	5
183378	0	1289492	5
183378	0	1289493	5
183378	0	1289494	3
183378	0	1289495	2
183378	0	1289496	5
183378	0	1289497	5
183378	0	1623917	0
183378	0	1730037	2
183378	0	1730041	1
183378	0	1730044	2
183378	0	2352713	3
183378	0	2458929	1
183378	0	2458930	1
183378	0	2533256	5
183378	0	3093214	4
183378	0	3093215	0
183378	0	3116669	2
183378	0	3116670	2
183378	0	3116671	2
183378	0	3116672	1
183378	0	3185607	4
183378	0	3185611	5
183378	0	3195586	0
183378	0	327908	1
183378	0	331489	2
183378	0	3389578	4
183378	0	3389579	4
183378	0	3389580	1
183378	0	3389581	4
183378	0	3389585	0
183378	0	3922973	0
183378	0	4493913	4
183378	0	4493914	4
183378	0	4493915	5
183378	0	4493916	4
183378	0	4493917	4
183378	0	4493918	1
183378	0	4493920	4
183378	0	4493921	3
183378	0	4493922	1
183378	0	4727412	2
183378	0	4727417	5
183378	0	4727418	0
183378	0	4803847	5
183378	0	4803848	5
183378	0	5064308	2
183378	0	5146119	4
183378	0	5352985	2
183378	0	5352987	2
183378	0	5352988	1
183378	0	5352991	1
183378	0	5352992	2
183378	0	5460936	3
183378	0	5460939	5
183378	0	5460941	2
183378	0	5534703	5
183378	0	5534707	5
183378	0	5534710	2
183378	0	5534711	3
183378	0	5817927	3
183378	0	6109461	3
183378	0	6182927	1
183378	0	6332454	0
183378	0	6548233	2
183378	0	6548235	4
183378	0	6711439	2
183378	0	6711446	2
183378	0	7052828	1
183378	0	7449744	5
183378	0	7449747	1
183378	0	7449748	5
183378	0	7449750	3
183378	0	7449751	5
183378	0	7449752	5
183378	0	749539	2
183378	0	749540	2
183378	0	749542	2
183378	0	7593941	2
183378	0	7678696	4
183378	0	7703397	3
183378	0	7952868	2
183378	0	8107956	2
183378	0	8121375	5
183378	0	8121377	1
183378	0	8507877	1
183378	0	8570257	5
183378	0	8570258	5
183378	0	8570260	3
183378	0	8767240	4
183378	0	8767241	2
183378	0	8794302	0
183378	0	8794303	0
183378	0	8794304	5
183378	0	8794306	4
183378	0	8794307	5
183378	0	8794308	5
19335	0	1143050	5
19335	0	1160863	3
19335	0	1160871	5
19335	0	1169915	2
19335	0	1316347	2
19335	0	132896	1
19335	0	1374917	0
19335	0	1504744	1
19335	0	1504746	3
19335	0	1504748	0
19335	0	1568083	2
19335	0	161606	4
19335	0	1717015	5
19335	0	1720387	5
19335	0	1720388	2
19335	0	1720389	3
19335	0	1720391	2
19335	0	1720393	5
19335	0	1720395	2
19335	0	1905037	2
19335	0	1906594	2
19335	0	1906597	2
19335	0	1915755	5
19335	0	211275	2
19335	0	2250973	0
19335	0	2304004	4
19335	0	2304005	5
19335	0	2437769	3
19335	0	2459779	5
19335	0	2874497	1
19335	0	2874503	2
19335	0	29850	5
19335	0	3121938	2
19335	0	3175484	5
19335	0	342431	5
19335	0	354219	5
19335	0	3559593	4
19335	0	3559596	1
19335	0	3615077	5
19335	0	3615078	2
19335	0	3615080	2
19335	0	3615083	2
19335	0	429850	2
19335	0	429851	4
19335	0	4480942	1
19335	0	4480943	0
19335	0	4480945	1
19335	0	4482795	0
19335	0	5051739	4
19335	0	5078863	4
19335	0	5091471	0
19335	0	527692	5
19335	0	527695	5
19335	0	527697	4
19335	0	5508122	1
19335	0	554950	5
19335	0	5711215	2
19335	0	5711216	1
19335	0	584350	4
19335	0	5870000	2
19335	0	6184951	4
19335	0	6238007	1
19335	0	6510257	4
19335	0	6512137	3
19335	0	6512138	5
19335	0	6512144	5
19335	0	677305	2
19335	0	6902384	3
19335	0	6902386	3
19335	0	6902389	2
19335	0	7050803	0
19335	0	7122355	0
19335	0	7198045	1
19335	0	7235457	2
19335	0	7267248	1
19335	0	7367411	4
19335	0	7454464	2
19335	0	7464793	0
19335	0	7692043	1
19335	0	772227	0
19335	0	772234	3
19335	0	7763208	1
19335	0	7783924	2
19335	0	7915861	1
19335	0	7961908	4
19335	0	8015294	5
19335	0	8061829	4
19335	0	8061830	1
19335	0	8231218	3
19335	0	8412681	5
19335	0	8412682	5
19335	0	8412683	5
19335	0	8412684	5
19335	0	8633126	4
19335	0	8754859	3
19335	0	8786632	2
19335	0	8828697	4
19335	0	8828698	2
19335	0	8828699	5
19335	0	93557	5
207786	0	106270	5
207786	0	1081011	4
207786	0	1335084	3
207786	0	1392585	5
207786	0	1667536	4
207786	0	1667542	0
207786	0	1667544	2
207786	0	1935627	0
207786	0	2051016	1
207786	0	2051020	5
207786	0	2051023	2
207786	0	2113005	1
207786	0	2253658	0
207786	0	2406561	4
207786	0	2440415	1
207786	0	2457541	3
207786	0	2457542	4
207786	0	2621344	5
207786	0	2704919	2
207786	0	2763917	5
207786	0	2763922	2
207786	0	2775837	2
207786	0	2969232	2
207786	0	3308288	1
207786	0	3322527	1
207786	0	3855672	4
207786	0	3896738	0
207786	0	4058692	1
207786	0	4218707	5
207786	0	4342505	2
207786	0	4393128	2
207786	0	4393134	5
207786	0	4599409	5
207786	0	4599411	2
207786	0	4613061	4
207786	0	4613063	4
207786	0	4613065	5
207786	0	4672265	2
207786	0	4724265	2
207786	0	4759179	1
207786	0	4759180	5
207786	0	4759183	2
207786	0	4826651	2
207786	0	4900224	2
207786	0	4908979	2
207786	0	493415	2
207786	0	493416	2
207786	0	5175109	5
207786	0	5175113	3
207786	0	524450	5
207786	0	5266140	2
207786	0	5288615	5
207786	0	5288617	0
207786	0	5297036	4
207786	0	5297038	2
207786	0	5624830	1
207786	0	5624831	3
207786	0	5845832	4
207786	0	5845834	4
207786	0	6031623	4
207786	0	6031626	4
207786	0	6031630	4
207786	0	6390609	1
207786	0	6526575	2
207786	0	6563691	1
207786	0	6736451	2
207786	0	6822431	3
207786	0	688492	1
207786	0	7124129	2
207786	0	7401955	0
207786	0	7510472	5
207786	0	7605691	2
207786	0	7622404	3
207786	0	7622406	2
207786	0	7639366	5
207786	0	7643812	1
207786	0	7643819	2
207786	0	7941579	5
207786	0	7963300	1
207786	0	7963301	0
207786	0	8049019	4
207786	0	8053029	3
207786	0	8185061	0
207786	0	8185064	1
207786	0	8185065	1
207786	0	8185069	0
207786	0	8211377	5
207786	0	8273754	5
207786	0	8273755	5
207786	0	8273757	4
207786	0	8273758	5
207786	0	8273759	5
207786	0	8273760	5
207786	0	8273761	5
207786	0	8273762	5
207786	0	8273763	5
207786	0	8367876	3
207786	0	8367880	3
207786	0	8441727	3
207786	0	860807	0
264014	0	1610706	4
264014	0	1610707	0
264014	0	1610710	1
264014	0	1610711	1
264014	0	1804644	2
264014	0	2223171	3
264014	0	2420367	4
264014	0	2474340	2
264014	0	2474341	1
264014	0	2474342	2
264014	0	2474346	4
264014	0	2498165	3
264014	0	2498169	4
264014	0	2572557	4
264014	0	2689662	2
264014	0	331929	1
264014	0	331931	2
264014	0	331932	2
264014	0	331934	3
264014	0	3338821	5
264014	0	3338822	4
264014	0	3338825	4
264014	0	3338827	5
264014	0	3338828	5
264014	0	3372501	5
264014	0	3396076	5
264014	0	3577341	1
264014	0	3577342	0
264014	0	3577343	3
264014	0	3577344	2
264014	0	3577345	1
264014	0	3577347	3
264014	0	3666584	2
264014	0	3841908	2
264014	0	3841909	2
264014	0	4259227	5
264014	0	447992	4
264014	0	4647186	0
264014	0	4687213	2
264014	0	4710717	0
264014	0	4834543	0
264014	0	4834544	4
264014	0	4834547	5
264014	0	4834548	5
264014	0	528372	2
264014	0	528375	0
264014	0	528379	5
264014	0	528380	1
264014	0	5328095	5
264014	0	5583424	1
264014	0	5611210	2
264014	0	5611211	2
264014	0	5611212	2
264014	0	5611213	0
264014	0	5611214	3
264014	0	5611218	5
264014	0	5611219	4
264014	0	5635515	4
264014	0	5635519	1
264014	0	5635521	2
264014	0	5635522	0
264014	0	5819142	0
264014	0	5819145	1
264014	0	58386	4
264014	0	5849268	1
264014	0	5849270	2
264014	0	5950718	3
264014	0	5950719	5
264014	0	5950721	5
264014	0	5950722	5
264014	0	5950723	5
264014	0	5950724	1
264014	0	5950726	5
264014	0	6105566	3
264014	0	6105569	4
264014	0	6105571	2
264014	0	6105572	5
264014	0	6333839	2
264014	0	6334964	1
264014	0	6337909	2
264014	0	6413951	1
264014	0	6555322	2
264014	0	6641238	5
264014	0	6791760	5
264014	0	684616	3
264014	0	7323467	1
264014	0	7323471	0
264014	0	7326932	3
264014	0	7326934	5
264014	0	7326936	4
264014	0	8012101	5
264014	0	8801661	5
264014	0	935825	4
264014	0	96851	5
264014	0	96852	2
264014	0	96854	2
264014	0	96855	5
264014	0	96857	5
264014	0	96858	2
264014	0	96859	2
359349	0	1394087	4
359349	0	15800	1
359349	0	15801	1
359349	0	15805	1
359349	0	15808	1
359349	0	1622452	3
359349	0	1622455	2
359349	0	1622457	1
359349	0	1830509	5
359349	0	1830512	4
359349	0	1830516	4
359349	0	1830517	5
359349	0	1892864	1
359349	0	2293820	5
359349	0	2490397	2
359349	0	2826510	5
359349	0	2826511	0
359349	0	2826512	5
359349	0	2826513	1
359349	0	3126806	3
359349	0	3176539	2
359349	0	3176541	2
359349	0	3176542	2
359349	0	3187960	2
359349	0	3193824	5
359349	0	3215620	0
359349	0	3223831	5
359349	0	3223833	5
359349	0	3265497	4
359349	0	3645754	2
359349	0	3645755	2
359349	0	3739664	3
359349	0	3739666	2
359349	0	3893098	2
359349	0	3900185	5
359349	0	4013723	5
359349	0	4020470	4
359349	0	4020471	3
359349	0	4020472	0
359349	0	4020474	1
359349	0	4020475	1
359349	0	4020476	4
359349	0	4020477	4
359349	0	4020478	4
359349	0	4020479	4
359349	0	4087265	2
359349	0	4344099	1
359349	0	4344101	2
359349	0	4463568	1
359349	0	4474866	3
359349	0	457673	5
359349	0	4624153	4
359349	0	4881617	3
359349	0	5219970	2
359349	0	5219971	4
359349	0	5219972	5
359349	0	5219973	0
359349	0	5219976	4
359349	0	5219977	1
359349	0	5414623	3
359349	0	5547394	5
359349	0	5613485	2
359349	0	5615181	5
359349	0	5615187	0
359349	0	576627	3
359349	0	576628	5
359349	0	576629	5
359349	0	576631	0
359349	0	576632	4
359349	0	576634	3
359349	0	576635	4
359349	0	5773713	2
359349	0	5773716	2
359349	0	5773717	0
359349	0	5773718	0
359349	0	5806110	5
359349	0	6081008	2
359349	0	6108721	5
359349	0	6226414	0
359349	0	6440028	3
359349	0	68647	5
359349	0	68648	5
359349	0	68649	5
359349	0	68650	2
359349	0	68653	5
359349	0	68656	2
359349	0	7015246	1
359349	0	7062669	0
359349	0	7062671	2
359349	0	7277971	2
359349	0	7544501	2
359349	0	7544503	1
359349	0	7544505	2
359349	0	7579883	5
359349	0	8058867	4
359349	0	8058873	5
359349	0	8125299	2
359349	0	8167114	1
359349	0	8748954	2
359349	0	943229	5
405717	0	1849743	5
405717	0	1976406	1
405717	0	1984962	5
405717	0	2002865	1
405717	0	2125641	0
405717	0	2280962	1
405717	0	2347443	1
405717	0	2365659	5
405717	0	2365660	2
405717	0	2365662	2
405717	0	2365663	2
405717	0	2365665	2
405717	0	2514107	5
405717	0	2642838	5
405717	0	2702419	5
405717	0	2702423	4
405717	0	273851	5
405717	0	2747484	5
405717	0	2747485	4
405717	0	2747486	5
405717	0	2747491	5
405717	0	2747492	4
405717	0	2768521	1
405717	0	28372	2
405717	0	2879959	0
405717	0	2879960	4
405717	0	2879963	4
405717	0	2879964	2
405717	0	3033900	5
405717	0	3033903	3
405717	0	3033904	1
405717	0	3033905	0
405717	0	3040883	1
405717	0	3274915	2
405717	0	3274918	3
405717	0	3274946	4
405717	0	3274947	0
405717	0	3514259	3
405717	0	3986303	1
405717	0	3986305	3
405717	0	3986306	2
405717	0	3986307	4
405717	0	3986308	4
405717	0	3986309	1
405717	0	4489661	3
405717	0	4489666	2
405717	0	4612478	1
405717	0	4704973	5
405717	0	4704975	5
405717	0	4704978	3
405717	0	4776928	5
405717	0	4804772	1
405717	0	4804774	0
405717	0	4828118	5
405717	0	4987955	2
405717	0	5079482	2
405717	0	5638740	4
405717	0	5690233	0
405717	0	5690234	1
405717	0	5690237	0
405717	0	6419725	2
405717	0	6442862	2
405717	0	6654652	1
405717	0	6654653	5
405717	0	6654655	2
405717	0	6654658	2
405717	0	6654660	1
405717	0	6725571	4
405717	0	702383	3
405717	0	702386	2
405717	0	7170624	2
405717	0	7170625	2
405717	0	7170626	5
405717	0	7170629	2
405717	0	7170630	5
405717	0	7170631	2
405717	0	7201359	2
405717	0	7201361	4
405717	0	7288990	5
405717	0	7288996	5
405717	0	7447941	4
405717	0	7447942	3
405717	0	7447943	3
405717	0	758582	5
405717	0	758586	4
405717	0	7589975	5
405717	0	7728831	3
405717	0	7896211	5
405717	0	7896212	0
405717	0	8156519	5
405717	0	8433852	5
405717	0	8433854	4
405717	0	8433856	2
405717	0	8433858	2
405717	0	8433860	4
405717	0	8510161	2
405717	0	8610271	1
405717	0	8674360	0
405717	0	8689634	0
405717	0	8689639	2
443396	0	1130886	4
443396	0	1135750	0
443396	0	1305463	2
443396	0	1474266	5
443396	0	1474272	4
443396	0	1474273	3
443396	0	1474275	3
443396	0	1515376	1
443396	0	156039	1
443396	0	1852807	5
443396	0	1852809	1
443396	0	1852813	2
443396	0	1852815	0
443396	0	1886308	2
443396	0	2007121	5
443396	0	2143849	3
443396	0	215692	1
443396	0	215693	5
443396	0	2347288	5
443396	0	2373504	5
443396	0	2490482	5
443396	0	2490486	5
443396	0	2562345	2
443396	0	2638081	1
443396	0	2783346	2
443396	0	2795882	3
443396	0	2983440	2
443396	0	3103988	5
443396	0	3103990	2
443396	0	3103991	5
443396	0	3103993	2
443396	0	3103994	5
443396	0	3103995	5
443396	0	3103996	3
443396	0	3143561	4
443396	0	3143566	1
443396	0	3143567	2
443396	0	3203454	2
443396	0	3256974	1
443396	0	3299623	1
443396	0	3323246	3
443396	0	3340080	2
443396	0	3617224	2
443396	0	3636507	4
443396	0	401022	2
443396	0	4041358	4
443396	0	4052112	5
443396	0	4052116	5
443396	0	4052118	4
443396	0	4052120	5
443396	0	4064886	1
443396	0	4236355	5
443396	0	4378963	0
443396	0	4526747	5
443396	0	456708	1
443396	0	4676619	4
443396	0	4708168	4
443396	0	4774806	4
443396	0	4774809	5
443396	0	4896249	2
443396	0	5065439	3
443396	0	5083543	2
443396	0	5308674	2
443396	0	5311404	1
443396	0	5515423	0
443396	0	5515424	2
443396	0	5530640	0
443396	0	5607635	2
443396	0	5836915	0
443396	0	5836917	1
443396	0	5937130	4
443396	0	5943262	1
443396	0	5943263	2
443396	0	6179578	4
443396	0	6179582	2
443396	0	6639382	0
443396	0	6716493	0
443396	0	6881583	3
443396	0	6953654	5
443396	0	6974030	5
443396	0	6974032	2
443396	0	7099882	1
443396	0	7251120	4
443396	0	7275626	0
443396	0	7703621	0
443396	0	7856436	1
443396	0	7985417	2
443396	0	8128953	2
443396	0	8128954	3
443396	0	8128958	2
443396	0	8171402	4
443396	0	8188606	4
443396	0	8329276	4
443396	0	8329277	2
443396	0	8329278	3
443396	0	8329279	5
443396	0	8536118	5
443396	0	8536121	5
443396	0	8536123	5
443396	0	8793491	5
451602	0	1078133	3
451602	0	1078134	2
451602	0	1094131	4
451602	0	1094139	1
451602	0	127537	0
451602	0	1277286	1
451602	0	1277287	4
451602	0	1277289	2
451602	0	1277290	5
451602	0	1277293	2
451602	0	1277294	5
451602	0	1314125	0
451602	0	1314126	0
451602	0	1314127	0
451602	0	1626653	2
451602	0	1640289	0
451602	0	1715030	1
451602	0	2084909	2
451602	0	2176450	5
451602	0	2176453	5
451602	0	2176455	4
451602	0	2176458	5
451602	0	2176459	5
451602	0	2231421	2
451602	0	2244874	3
451602	0	2312864	5
451602	0	2486933	1
451602	0	2486937	3
451602	0	2922145	2
451602	0	2942560	1
451602	0	3090664	2
451602	0	3090666	3
451602	0	3090667	4
451602	0	3090670	3
451602	0	3119126	1
451602	0	3177691	5
451602	0	3177694	2
451602	0	3177699	1
451602	0	3493825	1
451602	0	3493827	2
451602	0	4453605	5
451602	0	4453606	2
451602	0	4453608	3
451602	0	4487185	2
451602	0	4550410	2
451602	0	4559055	2
451602	0	4874640	5
451602	0	4874641	2
451602	0	4874645	2
451602	0	5053852	2
451602	0	5053854	5
451602	0	5179245	2
451602	0	5179246	1
451602	0	5179249	0
451602	0	5179250	1
451602	0	5179251	5
451602	0	5211036	3
451602	0	5475308	5
451602	0	5475312	0
451602	0	5538936	4
451602	0	5538938	5
451602	0	5538942	1
451602	0	5655693	5
451602	0	5655695	5
451602	0	5897795	4
451602	0	6132119	3
451602	0	6286973	0
451602	0	6286975	5
451602	0	6286976	5
451602	0	6286977	5
451602	0	6286978	4
451602	0	6286979	3
451602	0	6286980	4
451602	0	6286981	2
451602	0	6286982	2
451602	0	654120	5
451602	0	6618755	1
451602	0	6618756	4
451602	0	6719255	1
451602	0	7800959	2
451602	0	7804169	5
451602	0	8019873	1
451602	0	8025740	1
451602	0	8214451	3
451602	0	8214452	4
451602	0	8295166	4
451602	0	8383461	5
451602	0	8383462	2
451602	0	8383463	0
451602	0	8383465	2
451602	0	8390518	5
451602	0	8390525	5
451602	0	8485131	0
451602	0	8485136	2
451602	0	8540468	5
451602	0	8540470	2
451602	0	8540473	4
451602	0	8621776	4
451602	0	96222	4
451602	0	96229	4
47923	0	1346412	4
47923	0	1346419	4
47923	0	1488918	2
47923	0	1508656	2
47923	0	1508658	2
47923	0	1508659	1
47923	0	1569550	0
47923	0	1681331	5
47923	0	1681332	5
47923	0	1681334	5
47923	0	1681336	4
47923	0	1681337	3
47923	0	1681339	5
47923	0	1681340	3
47923	0	1827449	5
47923	0	1868437	3
47923	0	1868438	1
47923	0	1960681	1
47923	0	2297110	0
47923	0	2508227	3
47923	0	2670112	2
47923	0	2699736	2
47923	0	2831042	3
47923	0	2838668	0
47923	0	291219	4
47923	0	3348838	5
47923	0	3630935	4
47923	0	3688361	3
47923	0	3853973	2
47923	0	3853976	2
47923	0	3883230	1
47923	0	3946163	1
47923	0	4202492	2
47923	0	4297620	5
47923	0	4523464	3
47923	0	4652795	5
47923	0	473807	4
47923	0	473809	5
47923	0	5032362	5
47923	0	5032364	1
47923	0	5137400	1
47923	0	5147526	2
47923	0	5147528	0
47923	0	5147529	2
47923	0	525511	2
47923	0	5282403	2
47923	0	5310899	4
47923	0	5417577	1
47923	0	5417578	1
47923	0	5417579	0
47923	0	5417581	0
47923	0	5417582	5
47923	0	5417584	2
47923	0	5586331	4
47923	0	5595916	0
47923	0	566677	2
47923	0	5878044	4
47923	0	5936354	0
47923	0	5966643	2
47923	0	6067090	1
47923	0	618554	2
47923	0	618556	2
47923	0	6191	5
47923	0	6222131	2
47923	0	6241147	5
47923	0	6241148	5
47923	0	6241150	4
47923	0	6241151	3
47923	0	6241152	5
47923	0	6241153	4
47923	0	6241154	4
47923	0	6272906	3
47923	0	6626703	2
47923	0	6643066	5
47923	0	6919836	5
47923	0	7071691	1
47923	0	7071695	2
47923	0	7086728	2
47923	0	7417276	3
47923	0	7644552	1
47923	0	766019	2
47923	0	7902936	1
47923	0	7936847	2
47923	0	8327407	4
47923	0	8348762	5
47923	0	8418678	4
47923	0	8418681	5
47923	0	8418683	5
47923	0	8418684	0
47923	0	8418686	5
47923	0	8421421	2
47923	0	8619129	0
47923	0	8641104	4
47923	0	8641106	5
47923	0	8641107	5
47923	0	8808653	1
47923	0	913042	5
47923	0	913045	1
47923	0	917160	2
47923	0	986177	5
489204	0	1038489	2
489204	0	1051498	5
489204	0	114148	4
489204	0	1225589	2
489204	0	1225591	5
489204	0	1228655	0
489204	0	1231677	5
489204	0	136257	5
489204	0	1418933	2
489204	0	1479542	5
489204	0	152948	1
489204	0	152951	4
489204	0	152954	2
489204	0	1538587	3
489204	0	1759354	0
489204	0	1759357	2
489204	0	1777014	5
489204	0	1778458	3
489204	0	1778462	0
489204	0	1887699	4
489204	0	2016623	2
489204	0	2163701	5
489204	0	216492	4
489204	0	2268651	3
489204	0	2268652	2
489204	0	2268656	2
489204	0	2798565	0
489204	0	2915961	2
489204	0	2915963	3
489204	0	2959687	5
489204	0	3053140	2
489204	0	34397	2
489204	0	3503620	0
489204	0	3728445	5
489204	0	385083	5
489204	0	3898929	3
489204	0	4029846	2
489204	0	4159416	2
489204	0	416864	1
489204	0	4218637	0
489204	0	4279451	0
489204	0	4387756	5
489204	0	4586570	5
489204	0	46493	2
489204	0	46496	1
489204	0	4892626	4
489204	0	4917998	2
489204	0	4918001	2
489204	0	4927308	5
489204	0	533011	1
489204	0	533017	2
489204	0	535375	1
489204	0	5399753	4
489204	0	5480215	3
489204	0	5524072	3
489204	0	5629373	1
489204	0	5815957	1
489204	0	5856571	3
489204	0	5895917	4
489204	0	6087666	4
489204	0	6087671	2
489204	0	6327174	4
489204	0	6327175	2
489204	0	6327176	0
489204	0	6327177	5
489204	0	6327181	4
489204	0	6327182	5
489204	0	6542578	5
489204	0	66437	2
489204	0	6652052	5
489204	0	678245	2
489204	0	6816322	3
489204	0	6988530	2
489204	0	7108296	1
489204	0	7113090	0
489204	0	7113153	5
489204	0	7116533	5
489204	0	753265	3
489204	0	7576597	4
489204	0	7734612	4
489204	0	8376905	5
489204	0	8376906	4
489204	0	852250	1
489204	0	855963	5
489204	0	855967	0
489204	0	855969	2
489204	0	855972	4
489204	0	8585816	1
489204	0	8594271	2
489204	0	8594272	1
489204	0	8594273	1
489204	0	8594276	1
489204	0	8594277	1
489204	0	8594280	5
489204	0	872467	5
489204	0	872470	5
489204	0	8729935	1
489204	0	8737051	5
489204	0	8781574	4
489204	0	973923	2
490595	0	1160847	5
490595	0	1288942	2
490595	0	1288943	2
490595	0	1288946	2
490595	0	1370801	2
490595	0	1370802	1
490595	0	1473259	4
490595	0	1652460	5
490595	0	1929910	5
490595	0	1929911	4
490595	0	2433509	1
490595	0	3497870	2
490595	0	3497876	3
490595	0	3833407	5
490595	0	3833409	3
490595	0	3833413	2
490595	0	3833414	5
490595	0	3837431	5
490595	0	3937195	4
490595	0	3937196	4
490595	0	3937197	5
490595	0	3937200	5
490595	0	3937201	1
490595	0	3937202	4
490595	0	3937203	4
490595	0	4082315	5
490595	0	4082319	1
490595	0	4082324	1
490595	0	4604269	2
490595	0	4737059	5
490595	0	4737060	5
490595	0	4737061	5
490595	0	4737062	2
490595	0	4737063	5
490595	0	4737064	5
490595	0	4737065	2
490595	0	4737066	2
490595	0	4737067	2
490595	0	4737068	1
490595	0	4763066	2
490595	0	4842889	5
490595	0	4842890	5
490595	0	4842891	5
490595	0	4842894	3
490595	0	4842895	4
490595	0	4842896	3
490595	0	4842897	5
490595	0	4905043	1
490595	0	4954285	2
490595	0	4954289	0
490595	0	5112294	2
490595	0	5128293	0
490595	0	5247992	5
490595	0	5247999	4
490595	0	5248000	3
490595	0	526093	3
490595	0	5359212	1
490595	0	5359213	2
490595	0	549465	5
490595	0	549466	2
490595	0	559485	0
490595	0	5612095	2
490595	0	5612099	2
490595	0	5633631	2
490595	0	6045591	1
490595	0	6045596	2
490595	0	6192935	1
490595	0	6686784	3
490595	0	6742119	4
490595	0	6976961	3
490595	0	7045861	1
490595	0	7065743	3
490595	0	7192856	0
490595	0	7192859	0
490595	0	7192862	1
490595	0	7340532	4
490595	0	7340533	0
490595	0	7422680	3
490595	0	7698191	0
490595	0	7698199	4
490595	0	777201	0
490595	0	7839903	1
490595	0	7839904	2
490595	0	7839905	1
490595	0	7839906	5
490595	0	7839908	2
490595	0	7957548	4
490595	0	7957550	2
490595	0	805046	5
490595	0	805047	4
490595	0	805048	4
490595	0	805049	0
490595	0	805051	5
490595	0	805052	0
490595	0	8406244	1
490595	0	8485139	5
490595	0	8485140	4
490595	0	8485141	5
490595	0	8716499	2
490595	0	903932	2
527433	0	1125933	3
527433	0	1212784	1
527433	0	1212787	2
527433	0	124440	0
527433	0	1251475	2
527433	0	1251480	2
527433	0	1379236	5
527433	0	1379237	5
527433	0	1379238	5
527433	0	1379240	5
527433	0	1379245	2
527433	0	1404580	4
527433	0	1511548	2
527433	0	1511549	3
527433	0	1511551	2
527433	0	1511556	3
527433	0	1664518	5
527433	0	1753604	2
527433	0	2045580	5
527433	0	2331983	0
527433	0	2331989	2
527433	0	2496224	1
527433	0	2496227	4
527433	0	2565413	0
527433	0	2649533	4
527433	0	269422	1
527433	0	269423	2
527433	0	269424	4
527433	0	269425	5
527433	0	269426	5
527433	0	269428	2
527433	0	269430	5
527433	0	2722034	2
527433	0	2722036	3
527433	0	2931558	1
527433	0	2931562	4
527433	0	3294599	5
527433	0	3294600	3
527433	0	3774357	2
527433	0	3774360	0
527433	0	3786813	4
527433	0	3835729	5
527433	0	3835731	5
527433	0	3835732	5
527433	0	3835735	2
527433	0	3973284	5
527433	0	4064455	4
527433	0	4064457	0
527433	0	422236	5
527433	0	4351179	2
527433	0	4402992	3
527433	0	4402995	2
527433	0	467601	5
527433	0	4903731	2
527433	0	4958696	2
527433	0	4958697	2
527433	0	5034544	2
527433	0	5154358	4
527433	0	5295980	1
527433	0	5466807	5
527433	0	5466810	0
527433	0	5466812	2
527433	0	5479497	4
527433	0	5479502	2
527433	0	5603305	1
527433	0	5672170	4
527433	0	5690938	3
527433	0	5690947	2
527433	0	5878263	0
527433	0	6015377	3
527433	0	6038397	3
527433	0	6065674	5
527433	0	6065681	4
527433	0	6186391	5
527433	0	6186393	4
527433	0	6186394	1
527433	0	6186395	4
527433	0	6215001	5
527433	0	6215002	2
527433	0	6398043	1
527433	0	653101	2
527433	0	6743088	0
527433	0	6743093	1
527433	0	7357591	5
527433	0	7514088	0
527433	0	7607669	4
527433	0	8306449	4
527433	0	8306451	5
527433	0	8371764	1
527433	0	8617267	1
527433	0	8617269	1
527433	0	8617270	1
527433	0	8617271	5
527433	0	8617273	5
527433	0	8617275	0
527433	0	8617276	1
527433	0	8761458	1
527433	0	8827925	5
527433	0	8827928	3
527433	0	975967	2
573724	0	1005335	1
573724	0	1005338	1
573724	0	1021036	3
573724	0	104856	1
573724	0	1165128	3
573724	0	1165129	5
573724	0	1293333	2
573724	0	1509940	4
573724	0	1509942	5
573724	0	1509943	0
573724	0	1509944	1
573724	0	162151	4
573724	0	1816038	5
573724	0	2133806	5
573724	0	2186124	0
573724	0	2417985	2
573724	0	2635262	2
573724	0	305009	1
573724	0	3059589	1
573724	0	3059590	2
573724	0	3059592	3
573724	0	3059593	5
573724	0	3146236	5
573724	0	3146238	5
573724	0	3146240	2
573724	0	3365631	4
573724	0	3365632	5
573724	0	3365633	1
573724	0	3365634	0
573724	0	3365635	3
573724	0	3365636	4
573724	0	3365637	0
573724	0	3365638	5
573724	0	3365639	1
573724	0	3365640	0
573724	0	3492364	0
573724	0	3546092	2
573724	0	3617636	4
573724	0	3795243	4
573724	0	394136	2
573724	0	394138	3
573724	0	394139	4
573724	0	394141	3
573724	0	394142	5
573724	0	4360246	2
573724	0	5047796	4
573724	0	5185664	2
573724	0	5185671	1
573724	0	5310530	5
573724	0	5339620	5
573724	0	5384308	1
573724	0	5721829	4
573724	0	5721831	5
573724	0	5962420	0
573724	0	5962423	5
573724	0	5962424	2
573724	0	5962426	2
573724	0	5962428	4
573724	0	6496777	2
573724	0	6776717	5
573724	0	7104825	5
573724	0	7104826	0
573724	0	7104827	1
573724	0	7199667	1
573724	0	7199669	5
573724	0	7199672	2
573724	0	7199673	4
573724	0	7199675	4
573724	0	7384329	2
573724	0	7384331	3
573724	0	7384332	5
573724	0	7384333	2
573724	0	7530702	2
573724	0	7609926	2
573724	0	7609927	3
573724	0	7609928	4
573724	0	7609929	0
573724	0	7609930	2
573724	0	7609932	2
573724	0	7674854	0
573724	0	7674858	2
573724	0	7674859	5
573724	0	7964601	3
573724	0	8047166	2
573724	0	8047170	4
573724	0	8047172	1
573724	0	8441637	5
573724	0	8441642	5
573724	0	8444727	4
573724	0	8444728	2
573724	0	8444730	5
573724	0	8690218	3
573724	0	8728790	1
573724	0	87400	2
573724	0	87404	2
573724	0	87405	5
573724	0	87409	2
573724	0	8833192	5
573724	0	8833194	5
573724	0	8833199	1
833860	0	115142	4
833860	0	1187661	3
833860	0	1219653	1
833860	0	1361867	4
833860	0	1361868	4
833860	0	1521600	2
833860	0	1603168	0
833860	0	1733841	4
833860	0	1889863	5
833860	0	1913651	2
833860	0	2022688	2
833860	0	2037474	2
833860	0	207381	0
833860	0	2206194	5
833860	0	2206195	3
833860	0	2206196	2
833860	0	2206197	5
833860	0	2206198	2
833860	0	2206199	2
833860	0	2206200	3
833860	0	2654110	3
833860	0	2702357	5
833860	0	2702358	1
833860	0	3087477	2
833860	0	3087481	5
833860	0	3087483	2
833860	0	3096	4
833860	0	3162226	4
833860	0	3318545	2
833860	0	3421947	2
833860	0	3437281	5
833860	0	3437283	5
833860	0	3437284	1
833860	0	3437285	4
833860	0	3437286	2
833860	0	3437288	5
833860	0	3437289	1
833860	0	3437290	5
833860	0	3494809	4
833860	0	3990986	1
833860	0	4046122	2
833860	0	4046123	1
833860	0	4046129	2
833860	0	4121472	0
833860	0	4229067	2
833860	0	4544257	0
833860	0	456068	0
833860	0	4881965	5
833860	0	5082855	1
833860	0	5167510	5
833860	0	5167511	0
833860	0	5167512	2
833860	0	5167513	5
833860	0	5167514	0
833860	0	5167518	2
833860	0	5255471	2
833860	0	5268870	1
833860	0	5832657	2
833860	0	5897836	4
833860	0	5897837	1
833860	0	5897839	2
833860	0	596153	2
833860	0	5988243	1
833860	0	6083481	4
833860	0	6218032	5
833860	0	6218035	1
833860	0	6218036	3
833860	0	6218040	0
833860	0	6230220	4
833860	0	6230221	5
833860	0	6230222	5
833860	0	6230223	3
833860	0	6230224	4
833860	0	6230225	5
833860	0	6230226	5
833860	0	6230227	5
833860	0	6230228	4
833860	0	6230229	2
833860	0	6292957	5
833860	0	6804392	4
833860	0	6812180	2
833860	0	6875877	3
833860	0	7038169	5
833860	0	7038170	3
833860	0	7061642	5
833860	0	771855	4
833860	0	7944293	5
833860	0	8344031	5
833860	0	8400004	1
833860	0	8400005	1
833860	0	8400007	1
833860	0	8697642	3
833860	0	8705868	0
833860	0	8767220	2
833860	0	8767221	0
833860	0	8833502	3
833860	0	8833504	5
833860	0	8833506	2
833860	0	8833509	5
833860	0	921798	1
855410	0	1018504	1
855410	0	1028259	2
855410	0	103039	4
855410	0	1039206	2
855410	0	1039210	0
855410	0	1200408	5
855410	0	1328798	0
855410	0	133350	5
855410	0	1394855	5
855410	0	1461779	5
855410	0	1494093	2
855410	0	1494095	4
855410	0	1494097	5
855410	0	1625109	3
855410	0	1625111	4
855410	0	1687125	0
855410	0	1751632	0
855410	0	1756333	2
855410	0	1821211	3
855410	0	1947640	5
855410	0	1947769	3
855410	0	2117094	5
855410	0	212609	2
855410	0	217349	3
855410	0	2219618	2
855410	0	2395815	2
855410	0	2402680	5
855410	0	263328	2
855410	0	2637679	1
855410	0	2854643	0
855410	0	2976406	4
855410	0	2989045	0
855410	0	3357223	2
855410	0	3530756	4
855410	0	3530757	5
855410	0	3530758	4
855410	0	3530762	5
855410	0	364430	1
855410	0	3670425	3
855410	0	3923830	2
855410	0	3956603	1
855410	0	4096017	3
855410	0	4253173	5
855410	0	4279706	1
855410	0	4616840	2
855410	0	4616842	5
855410	0	4708041	5
855410	0	4708042	5
855410	0	4708045	2
855410	0	4708046	5
855410	0	4708047	5
855410	0	4733967	5
855410	0	4778582	2
855410	0	4930970	1
855410	0	5012968	5
855410	0	5022594	1
855410	0	5106715	1
855410	0	5577267	1
855410	0	5608554	1
855410	0	5740974	4
855410	0	5740979	0
855410	0	5740982	2
855410	0	621485	2
855410	0	6432578	1
855410	0	6481240	2
855410	0	6561011	2
855410	0	6566606	0
855410	0	6815713	2
855410	0	6815714	3
855410	0	6815715	2
855410	0	6859966	4
855410	0	6859967	0
855410	0	7031506	1
855410	0	7031507	2
855410	0	7031508	2
855410	0	7031509	4
855410	0	7031514	5
855410	0	7043020	2
855410	0	7063035	0
855410	0	71807	4
855410	0	7225358	2
855410	0	7329903	4
855410	0	7548527	4
855410	0	8180251	3
855410	0	828650	4
855410	0	8391962	1
855410	0	8402605	1
855410	0	847674	3
855410	0	8496293	4
855410	0	8651770	5
855410	0	8651771	5
855410	0	8651772	5
855410	0	8651773	5
855410	0	8651775	5
855410	0	8651778	5
855410	0	8776516	2
855410	0	889438	4
855410	0	936544	2
855410	0	936546	3
855410	0	992162	1
87181	0	1054971	1
87181	0	1059517	1
87181	0	123547	4
87181	0	1622419	4
87181	0	1622428	1
87181	0	1700168	5
87181	0	1766470	1
87181	0	1852747	0
87181	0	1902827	0
87181	0	1950526	2
87181	0	1950532	4
87181	0	2307974	2
87181	0	2307979	4
87181	0	2307980	3
87181	0	2528292	1
87181	0	2528296	1
87181	0	2530227	5
87181	0	2530252	0
87181	0	2530257	0
87181	0	2556144	3
87181	0	2556146	5
87181	0	2556150	1
87181	0	2556151	2
87181	0	2556153	1
87181	0	2986227	5
87181	0	2993464	3
87181	0	3216315	5
87181	0	3363613	4
87181	0	3363614	1
87181	0	3363615	1
87181	0	3914970	1
87181	0	4632251	2
87181	0	4639455	5
87181	0	4689523	5
87181	0	4689524	5
87181	0	4689525	4
87181	0	47203	2
87181	0	47205	0
87181	0	47206	2
87181	0	47207	2
87181	0	47210	2
87181	0	47211	2
87181	0	47212	3
87181	0	4786305	2
87181	0	5103077	5
87181	0	5103079	1
87181	0	5197130	2
87181	0	5197133	3
87181	0	5197135	4
87181	0	5197136	0
87181	0	5197138	0
87181	0	5469038	4
87181	0	5497677	4
87181	0	5753301	5
87181	0	5758954	2
87181	0	5899049	2
87181	0	6429125	1
87181	0	6484575	5
87181	0	6484576	5
87181	0	6484577	2
87181	0	6484578	2
87181	0	6521360	5
87181	0	6521366	5
87181	0	6521367	0
87181	0	6685092	5
87181	0	6774305	4
87181	0	6969187	4
87181	0	7057928	2
87181	0	742425	5
87181	0	7504775	3
87181	0	7586365	2
87181	0	7666828	2
87181	0	7666831	4
87181	0	8151921	3
87181	0	8151922	0
87181	0	8151926	1
87181	0	8165400	0
87181	0	8165401	3
87181	0	8165403	1
87181	0	8165404	2
87181	0	8201558	3
87181	0	8332546	5
87181	0	8332547	5
87181	0	8332550	2
87181	0	8332551	2
87181	0	8332553	5
87181	0	8332555	5
87181	0	8522403	2
87181	0	8534129	5
87181	0	8534130	5
87181	0	8534133	2
87181	0	8534134	5
87181	0	8534135	4
87181	0	8534136	3
87181	0	8565420	5
87181	0	8664069	4
87181	0	8683178	2
87181	0	8683181	2
87181	0	8683183	4
87181	0	8683185	5
87452	0	1383633	0
87452	0	1395625	3
87452	0	1395631	2
87452	0	1395633	4
87452	0	1598547	4
87452	0	1723781	1
87452	0	186931	2
87452	0	186939	4
87452	0	1890452	1
87452	0	2026777	1
87452	0	2205470	4
87452	0	2282213	5
87452	0	2310395	2
87452	0	2624886	5
87452	0	2732501	1
87452	0	3191900	5
87452	0	3242437	4
87452	0	3732898	0
87452	0	3809020	0
87452	0	4008486	4
87452	0	408552	3
87452	0	4307932	4
87452	0	4307936	5
87452	0	4634896	0
87452	0	4634899	2
87452	0	4634903	2
87452	0	4634904	2
87452	0	4872055	5
87452	0	4993648	5
87452	0	5052039	0
87452	0	5219890	3
87452	0	5286924	5
87452	0	5506226	4
87452	0	5694209	0
87452	0	5694210	4
87452	0	5746167	5
87452	0	5751686	5
87452	0	5851090	3
87452	0	5851095	3
87452	0	5851096	1
87452	0	6018160	5
87452	0	6018161	2
87452	0	6018162	5
87452	0	6018163	5
87452	0	6018164	4
87452	0	6018165	4
87452	0	6018166	4
87452	0	6018167	3
87452	0	6018168	5
87452	0	6018169	1
87452	0	6289834	2
87452	0	6478928	2
87452	0	6600187	1
87452	0	7166743	1
87452	0	7166746	4
87452	0	7166749	1
87452	0	7304545	2
87452	0	7426326	1
87452	0	7426331	2
87452	0	7481965	2
87452	0	7843982	2
87452	0	7843984	2
87452	0	7965004	4
87452	0	7965005	5
87452	0	7965008	3
87452	0	7965010	5
87452	0	7965011	2
87452	0	8055174	5
87452	0	8081937	0
87452	0	8110621	5
87452	0	8126315	2
87452	0	8152220	5
87452	0	8152222	2
87452	0	8152223	1
87452	0	8152225	0
87452	0	8333912	5
87452	0	8333916	5
87452	0	8333917	5
87452	0	8333918	5
87452	0	8333919	3
87452	0	8333920	2
87452	0	8333921	0
87452	0	8344197	0
87452	0	8436571	2
87452	0	8436572	2
87452	0	8436574	2
87452	0	8436575	3
87452	0	8436576	2
87452	0	8436578	1
87452	0	8436579	5
87452	0	8453304	2
87452	0	8680815	5
87452	0	8680816	1
87452	0	8787615	2
87452	0	8819111	2
87452	0	8819112	5
87452	0	8819113	3
87452	0	8819114	4
87452	0	8819116	1
87452	0	994547	1
915593	0	1396701	1
915593	0	1396702	0
915593	0	1396705	2
915593	0	1396706	1
915593	0	1396707	2
915593	0	1772930	1
915593	0	1772932	1
915593	0	2210590	2
915593	0	2210591	1
915593	0	2210592	5
915593	0	2210593	4
915593	0	2210594	3
915593	0	2210595	4
915593	0	2210596	2
915593	0	2210597	4
915593	0	2210598	0
915593	0	2210599	2
915593	0	2588143	1
915593	0	2637186	1
915593	0	3143377	3
915593	0	3523599	2
915593	0	3523602	2
915593	0	3538159	2
915593	0	3538160	5
915593	0	3538161	4
915593	0	3538162	3
915593	0	3538163	5
915593	0	3538164	4
915593	0	3538165	1
915593	0	3538166	4
915593	0	3538167	5
915593	0	3538168	5
915593	0	3573473	2
915593	0	3573478	1
915593	0	3573479	4
915593	0	3991910	2
915593	0	4566815	4
915593	0	4566816	2
915593	0	4566817	3
915593	0	4566818	5
915593	0	4566819	3
915593	0	4566822	5
915593	0	4566823	4
915593	0	4691129	2
915593	0	4834226	5
915593	0	4998398	5
915593	0	5931266	4
915593	0	5931553	2
915593	0	6761341	2
915593	0	6761344	4
915593	0	6761345	5
915593	0	6761346	1
915593	0	6761348	1
915593	0	6923052	4
915593	0	6923055	0
915593	0	704072	2
915593	0	7709320	4
915593	0	7742098	2
915593	0	7837084	3
915593	0	7837086	3
915593	0	7861749	0
915593	0	7861751	1
915593	0	8002852	2
915593	0	8029524	5
915593	0	8029525	2
915593	0	8029527	5
915593	0	8029530	5
915593	0	8029532	2
915593	0	8029533	1
915593	0	8103065	5
915593	0	8103067	0
915593	0	8103068	3
915593	0	8178996	5
915593	0	8178998	4
915593	0	8178999	2
915593	0	8179000	1
915593	0	8179001	1
915593	0	8179003	0
915593	0	82105	5
915593	0	82106	5
915593	0	82107	5
915593	0	82108	5
915593	0	82109	2
915593	0	82110	5
915593	0	82111	4
915593	0	82113	5
915593	0	8275207	5
915593	0	8402967	2
915593	0	8402968	3
915593	0	8402969	0
915593	0	8402970	2
915593	0	8402971	5
915593	0	8402972	5
915593	0	8402973	0
915593	0	8402974	0
915593	0	8455301	3
915593	0	8455302	2
915593	0	8455304	5
915593	0	8455306	2
915593	0	8736930	0
962179	0	1006865	2
962179	0	1371846	3
962179	0	1645080	5
962179	0	1882903	2
962179	0	2121342	1
962179	0	2131895	4
962179	0	220191	1
962179	0	2329692	5
962179	0	2329693	3
962179	0	2329696	3
962179	0	2329697	4
962179	0	2329699	5
962179	0	2329700	2
962179	0	2329701	3
962179	0	2372123	2
962179	0	2433077	1
962179	0	2697161	2
962179	0	2781435	5
962179	0	2978864	5
962179	0	2978865	4
962179	0	2978866	5
962179	0	2978867	4
962179	0	2978868	5
962179	0	2978869	5
962179	0	2978870	5
962179	0	2978871	5
962179	0	302861	1
962179	0	302867	3
962179	0	3033200	1
962179	0	3046928	1
962179	0	3156128	0
962179	0	3173625	4
962179	0	3202309	0
962179	0	3422319	4
962179	0	3544337	2
962179	0	3705165	5
962179	0	3958152	1
962179	0	4257871	5
962179	0	4257872	3
962179	0	4257873	3
962179	0	4511499	5
962179	0	4511500	0
962179	0	4511502	4
962179	0	4511503	4
962179	0	4606386	5
962179	0	4606387	5
962179	0	4606388	1
962179	0	4610583	3
962179	0	5105844	2
962179	0	5123740	0
962179	0	5198217	1
962179	0	5282332	0
962179	0	529450	2
962179	0	5329867	2
962179	0	5340	1
962179	0	534563	2
962179	0	536176	5
962179	0	536177	4
962179	0	536178	2
962179	0	5653652	2
962179	0	5653653	0
962179	0	5653656	4
962179	0	5653657	2
962179	0	5653659	5
962179	0	5919340	5
962179	0	5919342	5
962179	0	5931179	1
962179	0	6675259	5
962179	0	6675260	5
962179	0	6675262	4
962179	0	6675264	2
962179	0	6700397	0
962179	0	6848170	2
962179	0	6898289	4
962179	0	6898293	3
962179	0	6904860	2
962179	0	6904861	2
962179	0	6904862	2
962179	0	6904863	3
962179	0	6980697	5
962179	0	7126017	1
962179	0	7126025	4
962179	0	7260027	4
962179	0	7344694	2
962179	0	7428149	4
962179	0	7733807	2
962179	0	7733810	2
962179	0	7851535	0
962179	0	8032264	2
962179	0	8362124	1
962179	0	8768974	1
962179	0	8785367	5
962179	0	8785368	2
962179	0	8785369	5
962179	0	8785370	0
962179	0	8785371	5
962179	0	8785373	2
962179	0	8785374	2
962179	0	8785375	0
962179	0	931124	1
