1037798	0	1209094	2
1037798	0	1721695	3
1037798	0	1840397	3
1037798	0	1978023	2
1037798	0	2032698	1
1037798	0	2081844	3
1037798	0	2258763	2
1037798	0	2258765	0
1037798	0	2301338	4
1037798	0	2360245	2
1037798	0	2360247	2
1037798	0	2360248	2
1037798	0	2360251	2
1037798	0	2360252	2
1037798	0	2592345	4
1037798	0	2592348	0
1037798	0	2764063	2
1037798	0	2764065	3
1037798	0	2764068	2
1037798	0	2781966	5
1037798	0	2787508	4
1037798	0	2868737	1
1037798	0	2970890	1
1037798	0	2970891	1
1037798	0	2970892	0
1037798	0	2970894	2
1037798	0	2970895	0
1037798	0	2970896	2
1037798	0	2970897	0
1037798	0	2972024	0
1037798	0	2972025	3
1037798	0	2972030	2
1037798	0	3082786	5
1037798	0	3082795	5
1037798	0	3247266	5
1037798	0	3310854	1
1037798	0	3310855	2
1037798	0	3531480	1
1037798	0	3531483	0
1037798	0	3592912	4
1037798	0	3592919	4
1037798	0	3620983	5
1037798	0	3620986	5
1037798	0	3620991	5
1037798	0	3673849	2
1037798	0	3681010	4
1037798	0	3914692	1
1037798	0	3942397	4
1037798	0	4055260	5
1037798	0	4114288	5
1037798	0	4182093	5
1037798	0	4297404	1
1037798	0	4948770	0
1037798	0	4948777	0
1037798	0	4978060	2
1037798	0	5006527	5
1037798	0	5385710	2
1037798	0	6017285	1
1037798	0	6202756	4
1037798	0	6202758	5
1037798	0	6495169	5
1037798	0	6526047	3
1037798	0	6526054	5
1037798	0	6578678	4
1037798	0	6709844	4
1037798	0	6709849	2
1037798	0	6792680	2
1037798	0	6792681	3
1037798	0	6792682	0
1037798	0	6792683	3
1037798	0	6792685	5
1037798	0	7137653	1
1037798	0	7183038	4
1037798	0	7208739	1
1037798	0	7604811	2
1037798	0	7604812	2
1037798	0	7604814	1
1037798	0	7604815	1
1037798	0	7604818	2
1037798	0	7822415	5
1037798	0	7855580	3
1037798	0	7855583	4
1037798	0	7881055	3
1037798	0	7961603	5
1037798	0	811305	4
1037798	0	8248629	4
1037798	0	8611968	5
1037798	0	8760864	4
1037798	0	8760865	5
1037798	0	8760866	5
1037798	0	8760867	5
1037798	0	8760868	5
1037798	0	8760870	5
1037798	0	8760871	5
1037798	0	8760873	5
1037798	0	8780801	2
1037798	0	8780808	2
1037798	0	8780809	2
1037798	0	938344	1
1037798	0	938351	1
104861	0	1017092	2
104861	0	1046334	5
104861	0	1046339	5
104861	0	1188307	0
104861	0	1313687	5
104861	0	1442348	3
104861	0	1453544	1
104861	0	146169	2
104861	0	146170	5
104861	0	146171	2
104861	0	146172	4
104861	0	146174	5
104861	0	1567102	2
104861	0	171927	5
104861	0	1773805	4
104861	0	1773807	5
104861	0	1948963	5
104861	0	2158194	2
104861	0	2278231	1
104861	0	2294849	2
104861	0	236954	1
104861	0	2377050	2
104861	0	3443173	2
104861	0	3443176	5
104861	0	3567536	0
104861	0	3567537	0
104861	0	3925933	5
104861	0	4017854	2
104861	0	4017856	1
104861	0	4017858	1
104861	0	4199743	4
104861	0	4315436	1
104861	0	4350439	2
104861	0	4583548	5
104861	0	459676	2
104861	0	5091798	1
104861	0	5138467	5
104861	0	5138468	3
104861	0	5138469	2
104861	0	5138470	3
104861	0	5138472	4
104861	0	5138473	5
104861	0	5138474	1
104861	0	5150431	2
104861	0	5248341	5
104861	0	5652262	3
104861	0	5652266	2
104861	0	5667475	2
104861	0	5677644	1
104861	0	5688415	5
104861	0	5688416	5
104861	0	5688417	5
104861	0	5688418	5
104861	0	5688421	2
104861	0	5703400	3
104861	0	5703401	3
104861	0	5801822	4
104861	0	5836442	4
104861	0	5855223	0
104861	0	5855224	1
104861	0	5855225	0
104861	0	5855226	0
104861	0	5855227	1
104861	0	599604	5
104861	0	6023329	0
104861	0	6023331	0
104861	0	6068433	0
104861	0	6187055	2
104861	0	6187057	2
104861	0	6187058	1
104861	0	629270	4
104861	0	629273	4
104861	0	629274	3
104861	0	629276	4
104861	0	629277	5
104861	0	629278	4
104861	0	6351571	3
104861	0	6467577	4
104861	0	6467578	5
104861	0	6467580	2
104861	0	6467581	2
104861	0	6585554	4
104861	0	6653674	3
104861	0	6653675	4
104861	0	6653676	1
104861	0	6653677	2
104861	0	6653678	4
104861	0	6653679	2
104861	0	6704672	5
104861	0	6851724	0
104861	0	6904999	2
104861	0	7034375	4
104861	0	7185282	5
104861	0	7186725	1
104861	0	7486800	1
104861	0	7506029	5
104861	0	8260035	2
104861	0	8495099	3
104861	0	8546158	5
104861	0	8546160	2
1063750	0	1074552	4
1063750	0	1098175	1
1063750	0	118643	5
1063750	0	1523265	2
1063750	0	1580964	1
1063750	0	1866482	4
1063750	0	1866486	5
1063750	0	1922590	1
1063750	0	1923500	3
1063750	0	1923506	5
1063750	0	2185613	2
1063750	0	2230089	5
1063750	0	2230090	2
1063750	0	2230091	2
1063750	0	2391456	3
1063750	0	2391457	1
1063750	0	2391460	2
1063750	0	2470328	4
1063750	0	2569816	3
1063750	0	2768117	5
1063750	0	2768123	5
1063750	0	2947512	0
1063750	0	3063827	2
1063750	0	3076179	3
1063750	0	309313	5
1063750	0	3259884	4
1063750	0	3259885	3
1063750	0	3259889	5
1063750	0	3259891	4
1063750	0	330159	4
1063750	0	3327045	4
1063750	0	3327049	4
1063750	0	3327050	0
1063750	0	3327052	2
1063750	0	3327053	4
1063750	0	3327054	4
1063750	0	3477418	2
1063750	0	3654231	1
1063750	0	3654234	2
1063750	0	3965096	1
1063750	0	3973418	5
1063750	0	3973423	5
1063750	0	3994446	2
1063750	0	4158202	2
1063750	0	4158205	2
1063750	0	4337526	5
1063750	0	4337527	5
1063750	0	4337528	2
1063750	0	4337529	5
1063750	0	4337532	4
1063750	0	4487113	2
1063750	0	4487118	3
1063750	0	4542127	2
1063750	0	4759819	1
1063750	0	4802036	2
1063750	0	4834969	4
1063750	0	4844348	0
1063750	0	5062363	1
1063750	0	5237507	2
1063750	0	5256198	0
1063750	0	5269958	0
1063750	0	5360360	2
1063750	0	5412858	3
1063750	0	5442711	5
1063750	0	5501489	0
1063750	0	5590573	3
1063750	0	5590575	2
1063750	0	5956099	5
1063750	0	5956102	4
1063750	0	5956104	1
1063750	0	5956106	2
1063750	0	6127385	1
1063750	0	6127389	5
1063750	0	6347205	4
1063750	0	7247264	2
1063750	0	7247268	0
1063750	0	7304887	0
1063750	0	7571423	5
1063750	0	7571428	3
1063750	0	7571429	1
1063750	0	7717144	0
1063750	0	775089	0
1063750	0	7778351	1
1063750	0	7837938	5
1063750	0	7952965	5
1063750	0	7952966	2
1063750	0	7952967	2
1063750	0	7952971	5
1063750	0	8170636	2
1063750	0	8170640	5
1063750	0	819283	1
1063750	0	819284	1
1063750	0	8239876	4
1063750	0	8239877	5
1063750	0	8239878	1
1063750	0	8384971	2
1063750	0	8640242	5
1063750	0	8722081	3
1063750	0	8821734	5
1063750	0	8821735	5
1103812	0	1419875	1
1103812	0	1602354	1
1103812	0	1614303	5
1103812	0	1659850	5
1103812	0	1659852	5
1103812	0	1783580	4
1103812	0	190061	1
1103812	0	2273556	0
1103812	0	231647	2
1103812	0	2394563	2
1103812	0	2541847	1
1103812	0	2544058	1
1103812	0	2586283	3
1103812	0	2703108	4
1103812	0	2703109	5
1103812	0	2703110	5
1103812	0	2703111	4
1103812	0	2703114	4
1103812	0	2725227	1
1103812	0	2794321	0
1103812	0	2945095	5
1103812	0	3431717	2
1103812	0	3591090	2
1103812	0	3591091	1
1103812	0	3591092	4
1103812	0	3591093	3
1103812	0	3591094	4
1103812	0	3591098	4
1103812	0	3591099	2
1103812	0	3672737	2
1103812	0	3672738	1
1103812	0	3672744	2
1103812	0	3843267	5
1103812	0	3940091	5
1103812	0	4102302	2
1103812	0	4108511	1
1103812	0	4194870	2
1103812	0	4322058	3
1103812	0	4679037	3
1103812	0	4679038	3
1103812	0	4726837	5
1103812	0	4726838	2
1103812	0	476179	5
1103812	0	476183	5
1103812	0	4824830	5
1103812	0	4824831	4
1103812	0	4824833	3
1103812	0	4824834	2
1103812	0	4824836	5
1103812	0	484648	1
1103812	0	4860798	1
1103812	0	4879957	4
1103812	0	4879959	5
1103812	0	4885128	0
1103812	0	4937953	2
1103812	0	5190505	3
1103812	0	5725710	5
1103812	0	5950140	0
1103812	0	5974245	3
1103812	0	5976811	2
1103812	0	6103245	0
1103812	0	6187272	0
1103812	0	6289840	5
1103812	0	6294457	1
1103812	0	645467	2
1103812	0	6569474	2
1103812	0	6842213	2
1103812	0	6924733	4
1103812	0	720110	2
1103812	0	7209201	2
1103812	0	7231343	2
1103812	0	7234273	0
1103812	0	7246728	4
1103812	0	737457	2
1103812	0	7430769	2
1103812	0	7430771	4
1103812	0	7491609	2
1103812	0	7491610	2
1103812	0	7775402	3
1103812	0	7844921	0
1103812	0	7860450	3
1103812	0	8084238	2
1103812	0	8157968	5
1103812	0	8190381	2
1103812	0	8220080	5
1103812	0	8220085	5
1103812	0	8220086	5
1103812	0	8220087	5
1103812	0	8220089	5
1103812	0	8224175	4
1103812	0	8224181	5
1103812	0	8224183	5
1103812	0	8293805	5
1103812	0	8388942	4
1103812	0	8402961	1
1103812	0	8755009	1
1103812	0	8789820	4
1103812	0	8822007	1
1103812	0	955560	0
1103812	0	961775	0
1106007	0	1294320	3
1106007	0	1334328	5
1106007	0	1334330	5
1106007	0	1334331	4
1106007	0	1334332	0
1106007	0	1334333	4
1106007	0	1334334	5
1106007	0	1334335	5
1106007	0	1334336	5
1106007	0	1334337	2
1106007	0	1560243	3
1106007	0	1560245	2
1106007	0	1628791	3
1106007	0	1700769	1
1106007	0	1892454	2
1106007	0	1918089	4
1106007	0	2186171	2
1106007	0	2240978	1
1106007	0	2384065	2
1106007	0	2384068	2
1106007	0	2464373	2
1106007	0	2464374	4
1106007	0	2464375	5
1106007	0	2464376	3
1106007	0	2464377	1
1106007	0	2464378	2
1106007	0	2464379	2
1106007	0	2464382	1
1106007	0	2513608	0
1106007	0	2513609	2
1106007	0	2621976	1
1106007	0	2672601	5
1106007	0	2672608	5
1106007	0	2777111	4
1106007	0	285891	3
1106007	0	2866630	5
1106007	0	2866634	3
1106007	0	2960558	5
1106007	0	2960563	5
1106007	0	2960564	2
1106007	0	2960566	5
1106007	0	3537611	1
1106007	0	4004166	0
1106007	0	4004167	2
1106007	0	4004169	2
1106007	0	4004170	4
1106007	0	4004173	2
1106007	0	4089153	2
1106007	0	4102293	1
1106007	0	4120342	1
1106007	0	4173707	2
1106007	0	4173709	5
1106007	0	4173712	5
1106007	0	420111	0
1106007	0	4781863	0
1106007	0	4781867	1
1106007	0	4921576	3
1106007	0	5174765	2
1106007	0	5204536	2
1106007	0	5204537	4
1106007	0	5204538	5
1106007	0	5204539	4
1106007	0	5204540	4
1106007	0	5204544	3
1106007	0	5279699	1
1106007	0	5279701	1
1106007	0	5279702	0
1106007	0	5279704	0
1106007	0	5429391	2
1106007	0	550999	4
1106007	0	551007	3
1106007	0	5774818	5
1106007	0	5780388	5
1106007	0	6126193	1
1106007	0	6209484	5
1106007	0	6303269	0
1106007	0	6582343	2
1106007	0	701605	1
1106007	0	7158637	1
1106007	0	7211746	4
1106007	0	746358	4
1106007	0	7500586	0
1106007	0	7685380	5
1106007	0	7685382	3
1106007	0	7685383	5
1106007	0	7685384	5
1106007	0	7685385	5
1106007	0	7685388	5
1106007	0	8141089	2
1106007	0	8199519	4
1106007	0	8199521	4
1106007	0	8199523	2
1106007	0	8204457	5
1106007	0	8204464	0
1106007	0	8348781	1
1106007	0	8521668	4
1106007	0	8521673	5
1106007	0	8787870	2
1106007	0	899465	2
1106007	0	899467	2
1110199	0	100114	2
1110199	0	1123090	5
1110199	0	1144987	4
1110199	0	1324194	3
1110199	0	1592477	1
1110199	0	1778449	4
1110199	0	1901876	5
1110199	0	1901877	5
1110199	0	1901878	5
1110199	0	1901879	5
1110199	0	1901881	5
1110199	0	1901882	5
1110199	0	2080928	2
1110199	0	227145	0
1110199	0	2301115	4
1110199	0	2301119	5
1110199	0	2316524	1
1110199	0	2379864	5
1110199	0	239444	5
1110199	0	2474406	5
1110199	0	2655848	5
1110199	0	2657987	2
1110199	0	2657991	0
1110199	0	2854609	2
1110199	0	2923632	0
1110199	0	2923633	1
1110199	0	3238116	2
1110199	0	3523642	1
1110199	0	3524270	1
1110199	0	3588624	0
1110199	0	362174	1
1110199	0	3647394	5
1110199	0	3838638	5
1110199	0	3838645	4
1110199	0	3865139	2
1110199	0	3873119	3
1110199	0	4027239	2
1110199	0	4053652	5
1110199	0	4057232	3
1110199	0	421	2
1110199	0	4489656	3
1110199	0	4504233	5
1110199	0	4511137	5
1110199	0	4511144	2
1110199	0	4624021	2
1110199	0	4674430	1
1110199	0	468870	2
1110199	0	4800732	2
1110199	0	5060486	1
1110199	0	5060492	2
1110199	0	5198207	2
1110199	0	5218014	3
1110199	0	5387211	4
1110199	0	5387212	4
1110199	0	5396612	0
1110199	0	5479	4
1110199	0	5516092	3
1110199	0	557956	3
1110199	0	5701621	2
1110199	0	5824926	1
1110199	0	5824927	2
1110199	0	5857919	1
1110199	0	5857921	4
1110199	0	5857925	4
1110199	0	627298	2
1110199	0	6368887	5
1110199	0	6368891	4
1110199	0	6392463	5
1110199	0	6392469	3
1110199	0	68578	2
1110199	0	68586	0
1110199	0	6993901	4
1110199	0	7085489	2
1110199	0	7085492	2
1110199	0	712236	3
1110199	0	7143611	2
1110199	0	7163268	1
1110199	0	7221366	5
1110199	0	7409320	4
1110199	0	7439380	2
1110199	0	7842393	1
1110199	0	789712	3
1110199	0	8157172	1
1110199	0	8157174	0
1110199	0	8160518	5
1110199	0	8160519	5
1110199	0	8160520	5
1110199	0	8160522	4
1110199	0	8160523	5
1110199	0	8160524	0
1110199	0	8160526	2
1110199	0	8160527	5
1110199	0	836529	2
1110199	0	8404306	2
1110199	0	847930	4
1110199	0	847931	0
1110199	0	8549936	4
1110199	0	8625338	1
1110199	0	8625340	1
1110199	0	975292	0
1112341	0	1087925	4
1112341	0	1087926	4
1112341	0	1087928	4
1112341	0	1174734	1
1112341	0	1373648	0
1112341	0	1422694	4
1112341	0	1450347	4
1112341	0	1450349	4
1112341	0	1450351	1
1112341	0	192644	0
1112341	0	2095998	2
1112341	0	2096427	0
1112341	0	2173818	1
1112341	0	2173819	2
1112341	0	2173822	2
1112341	0	2209055	2
1112341	0	2253155	5
1112341	0	2596431	0
1112341	0	2596432	2
1112341	0	2626927	5
1112341	0	2663365	5
1112341	0	2694630	5
1112341	0	2694632	4
1112341	0	2694635	5
1112341	0	2694636	5
1112341	0	2694637	5
1112341	0	2735215	2
1112341	0	2735220	2
1112341	0	2835596	2
1112341	0	3025458	1
1112341	0	3030497	2
1112341	0	3252208	2
1112341	0	3291145	4
1112341	0	3291151	2
1112341	0	3524227	2
1112341	0	3795887	3
1112341	0	3795896	3
1112341	0	3922197	3
1112341	0	3961587	1
1112341	0	4022846	5
1112341	0	4022849	5
1112341	0	4254335	1
1112341	0	4400233	2
1112341	0	4416075	2
1112341	0	4663306	0
1112341	0	4703755	3
1112341	0	4704992	1
1112341	0	478772	4
1112341	0	4833308	1
1112341	0	4833311	2
1112341	0	4977768	0
1112341	0	5043405	1
1112341	0	5043407	2
1112341	0	5043408	1
1112341	0	5043410	0
1112341	0	508019	2
1112341	0	550571	2
1112341	0	5934807	5
1112341	0	6164791	5
1112341	0	6311795	5
1112341	0	6311799	4
1112341	0	6342847	3
1112341	0	6422795	2
1112341	0	6459596	2
1112341	0	6681382	4
1112341	0	6681384	2
1112341	0	6726337	4
1112341	0	6726340	5
1112341	0	6726341	5
1112341	0	6726342	5
1112341	0	6726344	5
1112341	0	6726346	2
1112341	0	6903059	5
1112341	0	6973589	2
1112341	0	7079774	0
1112341	0	7079776	5
1112341	0	7194370	1
1112341	0	7194371	1
1112341	0	7194374	1
1112341	0	7242813	0
1112341	0	7324913	0
1112341	0	7615749	4
1112341	0	7708623	5
1112341	0	7708629	1
1112341	0	7880073	1
1112341	0	8134792	3
1112341	0	8139257	5
1112341	0	8139258	5
1112341	0	8326584	5
1112341	0	8326588	2
1112341	0	8337125	5
1112341	0	8442174	3
1112341	0	8442176	5
1112341	0	8442177	2
1112341	0	8442178	3
1112341	0	8442180	3
1112341	0	8606160	3
1112341	0	8606161	4
1112341	0	8700909	5
1112341	0	875123	4
1113437	0	1066531	1
1113437	0	1066538	5
1113437	0	1280568	5
1113437	0	1280569	1
1113437	0	1280570	3
1113437	0	1681785	4
1113437	0	1768727	5
1113437	0	1768729	0
1113437	0	1896939	4
1113437	0	2001933	3
1113437	0	2001934	3
1113437	0	2226349	5
1113437	0	2354940	4
1113437	0	2354947	5
1113437	0	2884191	5
1113437	0	3026984	2
1113437	0	3125154	5
1113437	0	3125155	2
1113437	0	3687620	2
1113437	0	3880944	5
1113437	0	4016930	2
1113437	0	4016931	0
1113437	0	4016933	3
1113437	0	4016934	1
1113437	0	4016937	1
1113437	0	4216336	0
1113437	0	4367832	5
1113437	0	4412230	3
1113437	0	4473156	5
1113437	0	4473157	5
1113437	0	4498867	5
1113437	0	4628484	0
1113437	0	4751834	4
1113437	0	4751835	5
1113437	0	4751839	1
1113437	0	5188746	1
1113437	0	5188747	2
1113437	0	5188751	3
1113437	0	5328098	5
1113437	0	5346399	0
1113437	0	5514586	5
1113437	0	5514589	3
1113437	0	5514592	2
1113437	0	5546286	1
1113437	0	5546288	5
1113437	0	5546289	2
1113437	0	5591644	2
1113437	0	5938418	0
1113437	0	5938420	4
1113437	0	5938421	2
1113437	0	5938425	5
1113437	0	5938426	4
1113437	0	594251	2
1113437	0	6017939	5
1113437	0	6017945	1
1113437	0	6021902	5
1113437	0	6021905	3
1113437	0	6174327	2
1113437	0	6174328	5
1113437	0	6174329	2
1113437	0	631949	4
1113437	0	6455610	5
1113437	0	6593841	3
1113437	0	6593842	2
1113437	0	6688843	4
1113437	0	7263162	1
1113437	0	7377270	4
1113437	0	7377272	2
1113437	0	7377274	1
1113437	0	7377276	1
1113437	0	7377277	5
1113437	0	7377278	2
1113437	0	7385215	1
1113437	0	7385216	0
1113437	0	7385217	0
1113437	0	7385219	2
1113437	0	7385221	2
1113437	0	7385222	4
1113437	0	742037	5
1113437	0	742042	2
1113437	0	742044	4
1113437	0	742045	2
1113437	0	7497495	4
1113437	0	7890527	1
1113437	0	8128790	4
1113437	0	8128793	2
1113437	0	8128794	5
1113437	0	8128796	4
1113437	0	8128798	4
1113437	0	8162984	2
1113437	0	8503446	3
1113437	0	8503447	1
1113437	0	8503449	0
1113437	0	8503450	2
1113437	0	8503453	0
1113437	0	8503455	1
1113437	0	8729212	2
1113437	0	8729216	2
1113437	0	8729218	2
1113437	0	8729219	5
1114646	0	1014934	2
1114646	0	1069580	2
1114646	0	1437685	0
1114646	0	1533512	0
1114646	0	1533513	1
1114646	0	1533515	1
1114646	0	1533517	2
1114646	0	1811711	3
1114646	0	190438	2
1114646	0	2201127	5
1114646	0	2450728	0
1114646	0	2524143	1
1114646	0	2596910	1
1114646	0	2647994	5
1114646	0	266552	5
1114646	0	266555	3
1114646	0	2695353	4
1114646	0	2695583	0
1114646	0	2695584	2
1114646	0	2911035	4
1114646	0	2931848	2
1114646	0	2931851	1
1114646	0	3036935	2
1114646	0	3184850	4
1114646	0	3184851	4
1114646	0	3221858	2
1114646	0	3439626	1
1114646	0	3467665	5
1114646	0	3480743	1
1114646	0	3480744	1
1114646	0	3480745	0
1114646	0	3633307	2
1114646	0	3712097	2
1114646	0	3712098	2
1114646	0	3828281	4
1114646	0	4332918	5
1114646	0	444374	5
1114646	0	444375	4
1114646	0	444376	4
1114646	0	444377	5
1114646	0	444379	3
1114646	0	444380	5
1114646	0	444382	3
1114646	0	4533626	4
1114646	0	4573290	2
1114646	0	4969104	0
1114646	0	5041692	5
1114646	0	5127883	1
1114646	0	5127884	2
1114646	0	5133385	0
1114646	0	5217702	5
1114646	0	5279567	5
1114646	0	5337015	1
1114646	0	5417954	5
1114646	0	5531625	2
1114646	0	5637550	3
1114646	0	5640856	4
1114646	0	5640859	5
1114646	0	5729529	3
1114646	0	6247571	1
1114646	0	6484457	2
1114646	0	6704400	5
1114646	0	6704401	5
1114646	0	6868858	2
1114646	0	6996839	1
1114646	0	7078019	1
1114646	0	7078020	1
1114646	0	708455	3
1114646	0	7098750	0
1114646	0	7163815	3
1114646	0	7173756	0
1114646	0	7196961	5
1114646	0	7665520	1
1114646	0	7675379	2
1114646	0	7931424	2
1114646	0	7961851	0
1114646	0	7961857	2
1114646	0	8117087	4
1114646	0	8117088	4
1114646	0	8117089	5
1114646	0	8117090	5
1114646	0	8117091	5
1114646	0	8117092	5
1114646	0	8117093	3
1114646	0	8117095	5
1114646	0	8117096	5
1114646	0	8148968	2
1114646	0	8185549	4
1114646	0	831444	4
1114646	0	8327123	3
1114646	0	8327128	2
1114646	0	8327369	5
1114646	0	83451	2
1114646	0	857788	4
1114646	0	857789	5
1114646	0	8624973	4
1114646	0	8665820	5
1114646	0	8691521	2
1114646	0	8697543	2
1114646	0	981782	2
1114819	0	1009500	1
1114819	0	1245298	1
1114819	0	1248112	3
1114819	0	1302004	5
1114819	0	1302007	5
1114819	0	1315993	5
1114819	0	1315994	5
1114819	0	1315995	5
1114819	0	1315996	4
1114819	0	1315998	5
1114819	0	1419798	2
1114819	0	1419801	1
1114819	0	1625836	5
1114819	0	1724519	2
1114819	0	1724520	5
1114819	0	1724521	4
1114819	0	1724523	0
1114819	0	1724525	5
1114819	0	1724526	1
1114819	0	1724528	2
1114819	0	1735443	1
1114819	0	1738242	5
1114819	0	1738250	5
1114819	0	1816958	1
1114819	0	1852066	1
1114819	0	2185129	2
1114819	0	2212059	3
1114819	0	2477692	3
1114819	0	2590451	2
1114819	0	2590453	2
1114819	0	2590454	4
1114819	0	2694515	0
1114819	0	2831393	0
1114819	0	344350	5
1114819	0	344351	3
1114819	0	3484458	4
1114819	0	3781418	5
1114819	0	3906952	3
1114819	0	3906954	4
1114819	0	3906959	4
1114819	0	4890560	4
1114819	0	5019830	1
1114819	0	5165249	4
1114819	0	534362	2
1114819	0	5521371	5
1114819	0	5521373	5
1114819	0	5628952	3
1114819	0	5628955	0
1114819	0	5628956	2
1114819	0	5718417	1
1114819	0	6202319	0
1114819	0	6202321	1
1114819	0	6564169	2
1114819	0	6900766	4
1114819	0	6900767	4
1114819	0	6900769	2
1114819	0	6900773	4
1114819	0	6900774	5
1114819	0	6941478	5
1114819	0	694735	1
1114819	0	694737	2
1114819	0	7132894	1
1114819	0	7132899	3
1114819	0	750446	0
1114819	0	7588045	2
1114819	0	7803429	2
1114819	0	7803435	4
1114819	0	7803436	3
1114819	0	785027	5
1114819	0	785028	2
1114819	0	8022276	5
1114819	0	8022279	0
1114819	0	8022280	5
1114819	0	8027206	2
1114819	0	8088109	0
1114819	0	8096817	2
1114819	0	8096824	2
1114819	0	8115435	2
1114819	0	8115439	2
1114819	0	8115440	4
1114819	0	8115700	0
1114819	0	8115701	1
1114819	0	8115705	0
1114819	0	8336225	2
1114819	0	8336229	5
1114819	0	8336230	3
1114819	0	8336232	1
1114819	0	8480574	2
1114819	0	8508255	2
1114819	0	8508259	3
1114819	0	8508263	5
1114819	0	8625086	5
1114819	0	8736056	2
1114819	0	8754397	2
1114819	0	8754398	5
1114819	0	988369	1
1114819	0	988370	4
1114819	0	988373	4
1114819	0	988376	5
1114819	0	988378	2
1115776	0	1036904	5
1115776	0	1124084	4
1115776	0	1185823	0
1115776	0	132248	1
1115776	0	1403193	4
1115776	0	1440028	3
1115776	0	1440032	5
1115776	0	1729576	4
1115776	0	1729578	4
1115776	0	1801365	3
1115776	0	1841229	1
1115776	0	1954745	1
1115776	0	2274143	1
1115776	0	2514464	3
1115776	0	258694	1
1115776	0	286324	1
1115776	0	2903178	2
1115776	0	3052538	2
1115776	0	3203281	3
1115776	0	3208044	1
1115776	0	3208048	2
1115776	0	3469357	5
1115776	0	3607500	3
1115776	0	3797905	0
1115776	0	3894150	1
1115776	0	3958789	3
1115776	0	4131485	5
1115776	0	4314169	5
1115776	0	4314170	5
1115776	0	4314171	4
1115776	0	4314172	5
1115776	0	4314173	5
1115776	0	4314174	5
1115776	0	4314175	5
1115776	0	4314176	5
1115776	0	4314178	5
1115776	0	4719028	2
1115776	0	480793	5
1115776	0	480800	3
1115776	0	5075548	2
1115776	0	5075549	2
1115776	0	5264931	5
1115776	0	5296057	0
1115776	0	5377134	0
1115776	0	5430503	0
1115776	0	5599687	5
1115776	0	5599692	5
1115776	0	5605159	4
1115776	0	5605160	4
1115776	0	5728138	3
1115776	0	5739711	0
1115776	0	5756367	2
1115776	0	5906403	2
1115776	0	6055286	1
1115776	0	6120353	2
1115776	0	6354957	2
1115776	0	642039	0
1115776	0	6564291	2
1115776	0	660826	2
1115776	0	6616846	2
1115776	0	6747926	4
1115776	0	691189	0
1115776	0	691191	0
1115776	0	691192	0
1115776	0	691193	1
1115776	0	6973128	2
1115776	0	6989198	5
1115776	0	7129179	5
1115776	0	7183516	4
1115776	0	7218333	4
1115776	0	7609847	1
1115776	0	7779192	4
1115776	0	7996312	1
1115776	0	8099694	2
1115776	0	8099695	2
1115776	0	8106317	5
1115776	0	8106318	4
1115776	0	8106320	5
1115776	0	8106321	5
1115776	0	8106322	2
1115776	0	8106324	5
1115776	0	8108815	2
1115776	0	8108818	2
1115776	0	8124741	3
1115776	0	8172080	1
1115776	0	8172089	3
1115776	0	8241264	4
1115776	0	8495250	5
1115776	0	8495256	5
1115776	0	8616787	4
1115776	0	8616791	2
1115776	0	8621772	2
1115776	0	8632360	2
1115776	0	8632364	2
1115776	0	8673352	5
1115776	0	8757348	2
1115776	0	8769950	1
1115776	0	900808	1
1115776	0	900809	2
1115776	0	941057	4
1117099	0	1013796	2
1117099	0	1013797	2
1117099	0	103429	2
1117099	0	1123494	4
1117099	0	1123496	2
1117099	0	1196648	5
1117099	0	1252737	4
1117099	0	1371220	1
1117099	0	1445087	4
1117099	0	1505895	1
1117099	0	1542026	3
1117099	0	1542027	0
1117099	0	1544425	0
1117099	0	1586363	0
1117099	0	1620739	1
1117099	0	171427	2
1117099	0	171431	5
1117099	0	1718725	1
1117099	0	1798612	5
1117099	0	1798620	5
1117099	0	2022009	2
1117099	0	2109696	2
1117099	0	2109699	2
1117099	0	2413643	1
1117099	0	290076	2
1117099	0	297115	1
1117099	0	3104260	3
1117099	0	3104262	5
1117099	0	3104266	5
1117099	0	3222379	4
1117099	0	334615	5
1117099	0	3427787	2
1117099	0	3522902	5
1117099	0	3543106	5
1117099	0	365442	2
1117099	0	379387	2
1117099	0	3921953	1
1117099	0	4256788	3
1117099	0	4407002	2
1117099	0	4428779	2
1117099	0	4441325	5
1117099	0	4457444	2
1117099	0	4627808	1
1117099	0	4695635	1
1117099	0	4759495	1
1117099	0	4759497	3
1117099	0	4805755	0
1117099	0	4815809	0
1117099	0	49923	5
1117099	0	514309	5
1117099	0	514314	4
1117099	0	5278136	1
1117099	0	5286539	5
1117099	0	5462111	0
1117099	0	5462177	2
1117099	0	5699286	4
1117099	0	5752877	4
1117099	0	5784445	2
1117099	0	5817498	1
1117099	0	5874015	2
1117099	0	5874017	3
1117099	0	5941242	0
1117099	0	5979211	4
1117099	0	6122720	5
1117099	0	6122721	5
1117099	0	6122722	5
1117099	0	6122723	5
1117099	0	613685	0
1117099	0	6428916	2
1117099	0	6579664	5
1117099	0	6735875	1
1117099	0	6858988	2
1117099	0	6858989	4
1117099	0	6858992	4
1117099	0	6858996	2
1117099	0	6917898	1
1117099	0	6940552	5
1117099	0	6940555	5
1117099	0	6940557	4
1117099	0	6940558	4
1117099	0	6993942	5
1117099	0	7104723	4
1117099	0	7163733	0
1117099	0	7446984	3
1117099	0	74528	1
1117099	0	7495383	3
1117099	0	7514072	3
1117099	0	7663165	2
1117099	0	7828034	2
1117099	0	8019446	4
1117099	0	8093931	5
1117099	0	8093932	5
1117099	0	810081	4
1117099	0	8144478	2
1117099	0	8322336	0
1117099	0	8446501	5
1117099	0	8446505	5
1117099	0	878215	2
1117099	0	96635	3
1117099	0	989011	3
1121402	0	1042911	0
1121402	0	1249684	1
1121402	0	1249687	3
1121402	0	1249689	3
1121402	0	1276590	1
1121402	0	1323047	4
1121402	0	1323048	3
1121402	0	1429447	2
1121402	0	1429448	3
1121402	0	182364	4
1121402	0	182365	5
1121402	0	182366	5
1121402	0	182367	5
1121402	0	182368	5
1121402	0	182369	5
1121402	0	182370	1
1121402	0	182371	5
1121402	0	182372	5
1121402	0	182373	1
1121402	0	18275	1
1121402	0	18281	1
1121402	0	188209	5
1121402	0	188210	4
1121402	0	188211	4
1121402	0	188213	5
1121402	0	188214	4
1121402	0	188215	3
1121402	0	188216	4
1121402	0	188217	3
1121402	0	188218	4
1121402	0	1902386	1
1121402	0	1902387	1
1121402	0	1902388	4
1121402	0	1902392	2
1121402	0	1917419	2
1121402	0	2042119	2
1121402	0	2191941	1
1121402	0	2279040	0
1121402	0	2681041	1
1121402	0	2681045	3
1121402	0	2681046	1
1121402	0	2681048	1
1121402	0	3368448	2
1121402	0	3412904	2
1121402	0	3412909	3
1121402	0	3511789	5
1121402	0	3511795	2
1121402	0	3674183	2
1121402	0	3674187	2
1121402	0	3785307	2
1121402	0	3785308	5
1121402	0	3785309	2
1121402	0	3785310	4
1121402	0	4140833	2
1121402	0	43770	2
1121402	0	4620823	2
1121402	0	4620824	4
1121402	0	4620825	0
1121402	0	465109	2
1121402	0	5034217	0
1121402	0	5075673	2
1121402	0	5189911	2
1121402	0	5189913	5
1121402	0	5189914	2
1121402	0	55107	1
1121402	0	5587406	0
1121402	0	6001847	4
1121402	0	6392403	5
1121402	0	6900252	0
1121402	0	7017644	2
1121402	0	7059621	2
1121402	0	7098133	4
1121402	0	7125978	2
1121402	0	7125980	5
1121402	0	7125981	5
1121402	0	7125982	4
1121402	0	7125983	5
1121402	0	7125985	3
1121402	0	7125987	5
1121402	0	7134098	4
1121402	0	7142994	5
1121402	0	719124	2
1121402	0	7489485	3
1121402	0	7489486	2
1121402	0	7489487	2
1121402	0	7489488	0
1121402	0	7922814	1
1121402	0	8052617	4
1121402	0	8052619	5
1121402	0	8052620	5
1121402	0	8052621	5
1121402	0	8052622	5
1121402	0	8052623	5
1121402	0	8052624	5
1121402	0	879269	2
1121402	0	879273	0
1121402	0	879274	1
1121402	0	879278	0
1121402	0	8832490	0
1121402	0	993571	5
1121709	0	1003169	1
1121709	0	1095839	2
1121709	0	1095840	2
1121709	0	1095843	1
1121709	0	1282649	4
1121709	0	1282650	3
1121709	0	1332616	2
1121709	0	1332619	4
1121709	0	1752809	5
1121709	0	1752813	5
1121709	0	1995720	2
1121709	0	2051808	5
1121709	0	2051809	3
1121709	0	2051813	4
1121709	0	2167471	3
1121709	0	2438570	2
1121709	0	2537336	4
1121709	0	2537338	4
1121709	0	2537342	2
1121709	0	2706640	4
1121709	0	2706641	4
1121709	0	2706644	4
1121709	0	2706645	4
1121709	0	2706646	3
1121709	0	2735690	1
1121709	0	2735693	0
1121709	0	2742340	4
1121709	0	2940488	4
1121709	0	3030903	1
1121709	0	3158259	2
1121709	0	3165920	0
1121709	0	3165925	2
1121709	0	3334736	2
1121709	0	3423059	5
1121709	0	3423061	5
1121709	0	3423062	5
1121709	0	3423063	5
1121709	0	3423064	5
1121709	0	3423065	5
1121709	0	3423066	1
1121709	0	3423067	5
1121709	0	3762335	1
1121709	0	402054	2
1121709	0	425277	1
1121709	0	4438922	2
1121709	0	4463685	4
1121709	0	4668637	2
1121709	0	4697993	5
1121709	0	4883830	2
1121709	0	4935799	3
1121709	0	5014376	0
1121709	0	5014377	0
1121709	0	5014379	2
1121709	0	5014381	0
1121709	0	5014383	0
1121709	0	5092299	1
1121709	0	5231773	3
1121709	0	5346935	2
1121709	0	5463186	5
1121709	0	5707731	3
1121709	0	5938791	2
1121709	0	6026592	4
1121709	0	606074	2
1121709	0	606077	1
1121709	0	607064	2
1121709	0	6184887	1
1121709	0	6267737	4
1121709	0	6413363	5
1121709	0	6430192	2
1121709	0	6526914	1
1121709	0	6526915	0
1121709	0	6655453	3
1121709	0	6889434	1
1121709	0	6956259	0
1121709	0	700135	5
1121709	0	7313132	2
1121709	0	736611	5
1121709	0	7473134	1
1121709	0	7473136	0
1121709	0	7473137	1
1121709	0	7473140	2
1121709	0	8049577	5
1121709	0	8049578	5
1121709	0	8049579	5
1121709	0	8049580	5
1121709	0	8049582	5
1121709	0	8049583	5
1121709	0	8049584	5
1121709	0	8049585	5
1121709	0	8049586	5
1121709	0	8075352	3
1121709	0	8086376	0
1121709	0	8621375	4
1121709	0	8621380	2
1121709	0	868985	2
1121709	0	8722214	1
1121709	0	8722217	3
1121709	0	904704	2
1121709	0	904705	2
1121709	0	918204	5
1124210	0	11188	1
1124210	0	131190	5
1124210	0	1663644	1
1124210	0	1689639	5
1124210	0	1689640	2
1124210	0	176311	1
1124210	0	181175	4
1124210	0	181177	3
1124210	0	2085193	3
1124210	0	2089544	1
1124210	0	2258591	5
1124210	0	2258592	5
1124210	0	2258593	4
1124210	0	2258594	5
1124210	0	2258595	2
1124210	0	2258596	2
1124210	0	2258597	5
1124210	0	2258598	4
1124210	0	2274316	0
1124210	0	2399822	3
1124210	0	2433601	4
1124210	0	2433603	4
1124210	0	2433604	4
1124210	0	2461683	5
1124210	0	2494574	5
1124210	0	2494577	2
1124210	0	2500613	0
1124210	0	2553372	2
1124210	0	2650269	5
1124210	0	2728447	2
1124210	0	2728448	5
1124210	0	2753154	1
1124210	0	2806527	5
1124210	0	2859501	2
1124210	0	2958024	0
1124210	0	3031380	1
1124210	0	3162331	2
1124210	0	3263731	5
1124210	0	3289568	5
1124210	0	3466956	5
1124210	0	3587916	2
1124210	0	3657632	0
1124210	0	3750819	0
1124210	0	3848316	2
1124210	0	3848320	2
1124210	0	4002456	4
1124210	0	4303129	5
1124210	0	4553374	2
1124210	0	4648414	4
1124210	0	4651924	0
1124210	0	5032711	5
1124210	0	5056100	1
1124210	0	5098936	3
1124210	0	5098941	2
1124210	0	5281851	1
1124210	0	5401029	1
1124210	0	5463029	0
1124210	0	555792	1
1124210	0	5587711	4
1124210	0	5941717	4
1124210	0	6233255	4
1124210	0	6278958	1
1124210	0	6507996	4
1124210	0	6541864	3
1124210	0	6541866	3
1124210	0	6620551	2
1124210	0	6636929	0
1124210	0	6636931	2
1124210	0	6689006	2
1124210	0	6689009	2
1124210	0	6697410	2
1124210	0	6697412	2
1124210	0	7208694	1
1124210	0	7275367	2
1124210	0	7443583	5
1124210	0	7443586	5
1124210	0	7492993	1
1124210	0	7695217	2
1124210	0	7695224	3
1124210	0	7806221	5
1124210	0	7942807	3
1124210	0	8007295	0
1124210	0	8026735	4
1124210	0	8026737	5
1124210	0	8026739	2
1124210	0	8026740	4
1124210	0	8026743	5
1124210	0	8068727	1
1124210	0	8087696	3
1124210	0	8355477	5
1124210	0	8355483	5
1124210	0	8492305	4
1124210	0	8547690	5
1124210	0	8650641	2
1124210	0	8650642	5
1124210	0	8838005	1
1124210	0	926158	0
1124210	0	931162	2
1124210	0	931165	3
1124210	0	97689	2
1129237	0	1020793	2
1129237	0	120308	3
1129237	0	128982	5
1129237	0	128984	5
1129237	0	128986	2
1129237	0	128989	5
1129237	0	1296733	1
1129237	0	1676091	1
1129237	0	1850247	1
1129237	0	1904265	1
1129237	0	2152821	5
1129237	0	2152828	2
1129237	0	2522498	2
1129237	0	2580204	3
1129237	0	262487	0
1129237	0	2696926	4
1129237	0	2697745	3
1129237	0	2697746	5
1129237	0	2697752	5
1129237	0	2913079	1
1129237	0	2955243	2
1129237	0	3016192	2
1129237	0	302210	4
1129237	0	3153068	3
1129237	0	3227129	2
1129237	0	3279719	2
1129237	0	3636928	1
1129237	0	3641168	2
1129237	0	3683093	0
1129237	0	3683096	5
1129237	0	3808540	3
1129237	0	3900321	3
1129237	0	3905055	5
1129237	0	3905057	5
1129237	0	3905799	4
1129237	0	3905800	2
1129237	0	3905802	5
1129237	0	3905804	3
1129237	0	3979165	0
1129237	0	4141012	4
1129237	0	4254811	5
1129237	0	4254815	5
1129237	0	4254816	5
1129237	0	4486837	3
1129237	0	4569648	2
1129237	0	4801130	2
1129237	0	4884964	5
1129237	0	4915547	2
1129237	0	4946421	4
1129237	0	5187914	0
1129237	0	5310842	2
1129237	0	5310848	1
1129237	0	5619502	4
1129237	0	5644809	1
1129237	0	5644811	1
1129237	0	5831781	4
1129237	0	5831788	5
1129237	0	5906128	2
1129237	0	5906130	5
1129237	0	5906131	3
1129237	0	5906135	2
1129237	0	6080460	5
1129237	0	6343520	4
1129237	0	6343521	4
1129237	0	6447015	2
1129237	0	6640165	2
1129237	0	6903787	2
1129237	0	6956014	4
1129237	0	6969789	1
1129237	0	7050921	2
1129237	0	710733	4
1129237	0	7397082	1
1129237	0	7482392	2
1129237	0	7770526	0
1129237	0	7788682	2
1129237	0	7911557	5
1129237	0	806652	5
1129237	0	806653	0
1129237	0	8165055	4
1129237	0	8179084	1
1129237	0	8180273	1
1129237	0	824966	3
1129237	0	8431277	0
1129237	0	8431281	0
1129237	0	8450766	5
1129237	0	8469257	4
1129237	0	8588122	5
1129237	0	8588219	5
1129237	0	8588222	1
1129237	0	8588223	4
1129237	0	8588226	0
1129237	0	8588227	4
1129237	0	8596875	2
1129237	0	8630512	1
1129237	0	8658472	0
1129237	0	8682824	5
1129237	0	8710041	2
1129237	0	931707	2
1129237	0	998748	5
1129237	0	998751	5
1133167	0	1824479	5
1133167	0	1824480	5
1133167	0	1824481	4
1133167	0	1824483	5
1133167	0	1824484	3
1133167	0	1824485	4
1133167	0	1824486	3
1133167	0	1824487	2
1133167	0	1824488	5
1133167	0	1883272	3
1133167	0	1883273	4
1133167	0	1883276	2
1133167	0	1883281	1
1133167	0	190802	3
1133167	0	190803	5
1133167	0	190804	5
1133167	0	190805	2
1133167	0	190806	4
1133167	0	190809	1
1133167	0	190810	4
1133167	0	190811	2
1133167	0	2070087	1
1133167	0	2276678	2
1133167	0	2613291	2
1133167	0	2613296	2
1133167	0	3023120	5
1133167	0	3023121	0
1133167	0	3023123	5
1133167	0	3074598	0
1133167	0	3074599	5
1133167	0	3391439	2
1133167	0	3421898	2
1133167	0	3421899	2
1133167	0	3421900	0
1133167	0	3421906	5
1133167	0	3953805	1
1133167	0	434119	5
1133167	0	434120	4
1133167	0	434121	5
1133167	0	434125	5
1133167	0	4443371	0
1133167	0	4498473	1
1133167	0	4498474	4
1133167	0	4498475	3
1133167	0	4498476	3
1133167	0	4498478	1
1133167	0	4498479	5
1133167	0	4550240	5
1133167	0	4550243	0
1133167	0	4550244	5
1133167	0	4712273	4
1133167	0	4712275	1
1133167	0	4922619	5
1133167	0	4926197	4
1133167	0	4926201	0
1133167	0	4926202	0
1133167	0	4973626	4
1133167	0	5674623	2
1133167	0	5787117	2
1133167	0	6103289	1
1133167	0	6103291	2
1133167	0	6112586	5
1133167	0	6112587	4
1133167	0	6112590	5
1133167	0	6142	1
1133167	0	6467517	2
1133167	0	6467518	5
1133167	0	6467523	4
1133167	0	6467524	1
1133167	0	7093509	4
1133167	0	7093510	1
1133167	0	7093511	1
1133167	0	7093513	3
1133167	0	7217705	2
1133167	0	7217706	0
1133167	0	7218012	4
1133167	0	7218015	2
1133167	0	7486599	2
1133167	0	7486600	2
1133167	0	7486602	5
1133167	0	7762240	2
1133167	0	7793408	2
1133167	0	7793411	1
1133167	0	8003301	3
1133167	0	8033644	2
1133167	0	8033645	5
1133167	0	8033646	0
1133167	0	8033650	3
1133167	0	8160224	2
1133167	0	8160241	2
1133167	0	8160243	3
1133167	0	823272	5
1133167	0	823274	5
1133167	0	823275	2
1133167	0	823276	1
1133167	0	823277	4
1133167	0	8255705	1
1133167	0	8255706	5
1133167	0	8415743	2
1133167	0	8415744	0
130510	0	1105286	2
130510	0	1105290	3
130510	0	1244228	5
130510	0	1262132	3
130510	0	1262133	4
130510	0	1494930	5
130510	0	1494931	5
130510	0	1494932	5
130510	0	1494933	3
130510	0	1494934	5
130510	0	1494935	5
130510	0	1494936	5
130510	0	1494937	4
130510	0	1494938	5
130510	0	1494939	5
130510	0	1672906	3
130510	0	1766823	2
130510	0	1766826	0
130510	0	1864987	0
130510	0	1881833	4
130510	0	1881837	4
130510	0	1881838	4
130510	0	203714	3
130510	0	203718	5
130510	0	203721	4
130510	0	2407055	2
130510	0	2407058	2
130510	0	2407059	2
130510	0	2420310	5
130510	0	2796250	2
130510	0	2867680	1
130510	0	2881568	1
130510	0	2961567	3
130510	0	2982053	5
130510	0	3155834	2
130510	0	3155835	3
130510	0	3155837	2
130510	0	3155838	1
130510	0	3155839	2
130510	0	3155840	1
130510	0	3360244	2
130510	0	3913776	1
130510	0	4110458	0
130510	0	4110466	0
130510	0	4237516	0
130510	0	435588	0
130510	0	440976	1
130510	0	440978	0
130510	0	440983	2
130510	0	4528807	1
130510	0	4722583	1
130510	0	4748168	1
130510	0	474935	4
130510	0	5563751	0
130510	0	5622536	4
130510	0	5668640	4
130510	0	5668642	5
130510	0	5685707	2
130510	0	5732822	1
130510	0	5930013	1
130510	0	5984058	4
130510	0	6061506	1
130510	0	6061509	1
130510	0	6172269	0
130510	0	6229733	2
130510	0	6542824	2
130510	0	6614912	3
130510	0	6614916	2
130510	0	6703266	1
130510	0	6763277	4
130510	0	6780516	2
130510	0	6780520	3
130510	0	7125238	2
130510	0	7125239	4
130510	0	7125241	5
130510	0	7127694	2
130510	0	7129386	2
130510	0	7226977	4
130510	0	7501557	5
130510	0	7501558	5
130510	0	7501563	5
130510	0	768251	4
130510	0	7717233	2
130510	0	7840605	2
130510	0	799647	5
130510	0	80569	0
130510	0	8180119	2
130510	0	8287348	2
130510	0	8354778	2
130510	0	8384389	2
130510	0	8545281	4
130510	0	8612902	5
130510	0	8612903	5
130510	0	8612904	5
130510	0	8612905	5
130510	0	8612906	5
130510	0	8612909	5
130510	0	8612910	5
130510	0	956561	1
130510	0	996732	3
131843	0	1208161	2
131843	0	1222365	1
131843	0	1236267	4
131843	0	1288377	1
131843	0	1412225	4
131843	0	1429616	5
131843	0	1505736	2
131843	0	1594343	0
131843	0	1802988	3
131843	0	2056477	2
131843	0	2162844	4
131843	0	2241185	3
131843	0	2287018	4
131843	0	2458106	1
131843	0	2459046	2
131843	0	2795042	2
131843	0	2801714	2
131843	0	29030	4
131843	0	3047939	0
131843	0	3047940	1
131843	0	3092525	0
131843	0	3434695	1
131843	0	348759	2
131843	0	348760	2
131843	0	3527399	3
131843	0	3537787	5
131843	0	3553324	1
131843	0	3748231	1
131843	0	3841396	5
131843	0	3967164	2
131843	0	3967168	1
131843	0	4091094	4
131843	0	427728	5
131843	0	4440571	1
131843	0	4634395	5
131843	0	4634396	3
131843	0	4634397	4
131843	0	4634399	3
131843	0	4634400	4
131843	0	4634403	2
131843	0	4765732	2
131843	0	4765734	0
131843	0	4806979	5
131843	0	5103706	5
131843	0	5145702	0
131843	0	5145703	0
131843	0	5212622	4
131843	0	5212625	5
131843	0	5380690	2
131843	0	5423790	4
131843	0	5548319	3
131843	0	5548322	2
131843	0	5548323	5
131843	0	5548326	2
131843	0	5548327	2
131843	0	557332	1
131843	0	5715075	3
131843	0	5715079	2
131843	0	598554	0
131843	0	6121785	2
131843	0	6121787	2
131843	0	6143366	1
131843	0	6148486	5
131843	0	6195680	0
131843	0	6629203	2
131843	0	6629204	1
131843	0	6629206	2
131843	0	6667009	2
131843	0	6715415	3
131843	0	6803494	1
131843	0	6823129	3
131843	0	6863388	5
131843	0	6863389	5
131843	0	7141299	5
131843	0	7617276	0
131843	0	7635161	4
131843	0	8023784	1
131843	0	8069412	4
131843	0	8083953	3
131843	0	8102759	4
131843	0	8187665	2
131843	0	8187667	2
131843	0	8288868	4
131843	0	8305152	5
131843	0	8305153	5
131843	0	8305154	5
131843	0	8305155	5
131843	0	8305156	5
131843	0	8305158	5
131843	0	8327609	0
131843	0	8541969	2
131843	0	8731141	5
131843	0	8780259	2
131843	0	8780262	4
131843	0	8814234	1
131843	0	985988	5
131843	0	985990	5
131843	0	985991	5
131843	0	985992	5
131843	0	985994	5
146187	0	1028972	4
146187	0	1077549	1
146187	0	1110459	2
146187	0	1110463	3
146187	0	1144277	0
146187	0	1230566	4
146187	0	1312853	0
146187	0	1367167	4
146187	0	1367176	2
146187	0	1804746	0
146187	0	1841192	3
146187	0	1841195	3
146187	0	1841196	3
146187	0	1841197	2
146187	0	1869476	0
146187	0	1869481	0
146187	0	1972078	2
146187	0	1995994	1
146187	0	2009635	2
146187	0	2226093	5
146187	0	2246719	3
146187	0	2246721	2
146187	0	2257806	5
146187	0	2257810	2
146187	0	2365484	1
146187	0	3129298	1
146187	0	3129304	2
146187	0	315525	5
146187	0	3203261	4
146187	0	3615731	5
146187	0	3963187	4
146187	0	3963189	4
146187	0	4214923	5
146187	0	4214924	1
146187	0	4214925	4
146187	0	4216902	4
146187	0	4604562	1
146187	0	4777144	5
146187	0	4777148	4
146187	0	4921740	2
146187	0	4921741	2
146187	0	5050456	0
146187	0	5050464	0
146187	0	5238589	2
146187	0	5746033	3
146187	0	5746034	1
146187	0	5746036	0
146187	0	5836454	4
146187	0	5929433	3
146187	0	5999108	2
146187	0	6015025	5
146187	0	6015026	5
146187	0	6015027	4
146187	0	6073802	2
146187	0	6430257	2
146187	0	6430258	4
146187	0	6430259	2
146187	0	6430260	5
146187	0	6447377	3
146187	0	6483698	1
146187	0	6483701	1
146187	0	6483703	1
146187	0	6623314	1
146187	0	6929047	0
146187	0	7093332	2
146187	0	7093334	1
146187	0	7126360	2
146187	0	7405002	5
146187	0	744163	2
146187	0	744165	5
146187	0	744166	2
146187	0	744167	5
146187	0	744171	2
146187	0	76342	5
146187	0	76343	3
146187	0	76344	4
146187	0	76346	1
146187	0	76348	5
146187	0	76349	5
146187	0	76350	4
146187	0	76351	4
146187	0	7704674	2
146187	0	7704676	1
146187	0	7704677	2
146187	0	7772761	2
146187	0	7772762	0
146187	0	7836297	1
146187	0	7956019	3
146187	0	8113798	2
146187	0	8350557	2
146187	0	8434617	5
146187	0	8434618	5
146187	0	8434619	5
146187	0	8434620	5
146187	0	8434621	5
146187	0	8434622	5
146187	0	8434623	5
146187	0	8434624	5
146187	0	8434625	5
146187	0	8434626	5
148538	0	1147044	2
148538	0	1299824	4
148538	0	1311206	5
148538	0	1314489	4
148538	0	1384448	5
148538	0	1449786	1
148538	0	153920	2
148538	0	1568620	2
148538	0	1573498	1
148538	0	1828165	2
148538	0	1828171	2
148538	0	1950978	5
148538	0	1950983	5
148538	0	1967433	1
148538	0	1969519	2
148538	0	1969520	2
148538	0	1969521	4
148538	0	1985490	2
148538	0	1985491	5
148538	0	2033795	4
148538	0	208314	3
148538	0	2177849	4
148538	0	231453	5
148538	0	231455	5
148538	0	2368186	5
148538	0	2368189	5
148538	0	2455774	5
148538	0	2643562	4
148538	0	2731875	0
148538	0	2915322	2
148538	0	2915323	2
148538	0	2993239	0
148538	0	332400	2
148538	0	332401	2
148538	0	332402	4
148538	0	332406	4
148538	0	332407	1
148538	0	3353306	5
148538	0	3545040	2
148538	0	3693074	1
148538	0	3918785	3
148538	0	3997733	2
148538	0	4185812	3
148538	0	4185814	5
148538	0	4264121	3
148538	0	4264123	4
148538	0	4264124	5
148538	0	4264128	5
148538	0	4264129	0
148538	0	4447598	2
148538	0	4447601	5
148538	0	451558	0
148538	0	4539654	5
148538	0	4539657	3
148538	0	4539659	2
148538	0	4607262	2
148538	0	4607263	4
148538	0	4959633	5
148538	0	4959638	5
148538	0	5077704	5
148538	0	5077707	1
148538	0	5171603	2
148538	0	5171605	2
148538	0	5588133	0
148538	0	581145	3
148538	0	6037737	2
148538	0	615402	3
148538	0	615407	2
148538	0	6377909	2
148538	0	6543862	3
148538	0	6600519	3
148538	0	6697435	5
148538	0	6697437	2
148538	0	6846338	0
148538	0	6846340	4
148538	0	6846343	5
148538	0	6853480	1
148538	0	6873981	1
148538	0	6894608	4
148538	0	6894610	1
148538	0	7407803	5
148538	0	7407811	2
148538	0	7407812	4
148538	0	748721	1
148538	0	7529434	1
148538	0	7696389	0
148538	0	7796765	1
148538	0	8283527	0
148538	0	8283530	2
148538	0	8283531	5
148538	0	8283532	5
148538	0	929016	1
148538	0	985487	0
148538	0	985488	0
148538	0	985489	3
148538	0	985490	4
148538	0	985491	5
148538	0	985492	1
148538	0	985494	4
148538	0	986845	1
156493	0	1034435	0
156493	0	1101607	2
156493	0	1277720	2
156493	0	1277723	2
156493	0	1277725	2
156493	0	1277726	2
156493	0	1277727	2
156493	0	1347267	0
156493	0	1960254	1
156493	0	1960255	2
156493	0	1960257	1
156493	0	1960259	4
156493	0	1960260	2
156493	0	1960261	2
156493	0	2259179	2
156493	0	2259180	2
156493	0	2259182	5
156493	0	2259183	5
156493	0	2317807	5
156493	0	2411918	5
156493	0	2598786	2
156493	0	2598787	5
156493	0	2612486	2
156493	0	2612490	1
156493	0	2612491	4
156493	0	2612492	1
156493	0	2612493	5
156493	0	2616509	1
156493	0	2616512	1
156493	0	2717163	5
156493	0	2928700	3
156493	0	2928702	5
156493	0	2928704	3
156493	0	2928705	1
156493	0	2928707	2
156493	0	2949801	5
156493	0	2949802	5
156493	0	316872	2
156493	0	3258872	1
156493	0	3288595	3
156493	0	3288596	5
156493	0	3288597	5
156493	0	3288598	2
156493	0	3288599	2
156493	0	3288600	2
156493	0	3288601	3
156493	0	3288603	4
156493	0	349638	5
156493	0	349641	3
156493	0	349643	2
156493	0	349645	2
156493	0	3603920	5
156493	0	3603922	1
156493	0	3603923	0
156493	0	4542584	3
156493	0	4583221	4
156493	0	4648575	0
156493	0	4940228	2
156493	0	5346660	3
156493	0	5479183	0
156493	0	5530082	3
156493	0	5555919	4
156493	0	6139382	4
156493	0	6139383	2
156493	0	6139386	5
156493	0	6139387	2
156493	0	6524746	5
156493	0	6775071	4
156493	0	7371077	5
156493	0	7371078	4
156493	0	7371079	0
156493	0	7431316	1
156493	0	750111	1
156493	0	7529421	0
156493	0	7663269	2
156493	0	8029433	1
156493	0	8182159	4
156493	0	8182160	4
156493	0	8182161	5
156493	0	8182162	5
156493	0	8182163	1
156493	0	8182165	5
156493	0	8182166	1
156493	0	8245444	3
156493	0	8266017	2
156493	0	8273011	3
156493	0	8273017	5
156493	0	8273019	5
156493	0	8300113	0
156493	0	8820526	4
156493	0	885944	4
156493	0	911790	0
156493	0	95512	5
156493	0	95513	5
156493	0	95514	5
156493	0	95515	4
156493	0	95517	1
156493	0	95518	4
156493	0	95519	0
156493	0	95521	4
168216	0	1090089	1
168216	0	1090095	1
168216	0	1183706	3
168216	0	1301465	5
168216	0	1301466	0
168216	0	1301467	5
168216	0	1301468	1
168216	0	1301469	5
168216	0	1301471	3
168216	0	1301472	5
168216	0	1301473	1
168216	0	1301474	5
168216	0	13499	2
168216	0	1381477	5
168216	0	1735360	2
168216	0	2036279	5
168216	0	2210774	2
168216	0	2210775	5
168216	0	2210780	4
168216	0	2265769	3
168216	0	2790904	5
168216	0	3198680	0
168216	0	3198682	4
168216	0	3198684	0
168216	0	3198687	5
168216	0	3198689	5
168216	0	3344828	4
168216	0	3344832	0
168216	0	3344837	2
168216	0	3399712	3
168216	0	3399713	5
168216	0	3399715	5
168216	0	3399716	1
168216	0	3463556	2
168216	0	3681094	1
168216	0	3681095	5
168216	0	3681100	2
168216	0	3830857	5
168216	0	3908773	4
168216	0	3908774	5
168216	0	3908775	2
168216	0	3908776	5
168216	0	3908777	5
168216	0	3908778	1
168216	0	3908779	3
168216	0	4191395	4
168216	0	4245218	2
168216	0	4245223	1
168216	0	4324487	2
168216	0	4324491	2
168216	0	4324492	2
168216	0	4600607	0
168216	0	4600610	1
168216	0	5024307	4
168216	0	5024311	0
168216	0	5114458	1
168216	0	5935474	2
168216	0	5935476	4
168216	0	6012600	1
168216	0	6061718	4
168216	0	6061721	4
168216	0	6061722	3
168216	0	6061726	1
168216	0	6213322	5
168216	0	6213323	0
168216	0	6213324	2
168216	0	6213325	5
168216	0	6219118	2
168216	0	6264731	2
168216	0	6264732	3
168216	0	6264733	4
168216	0	6264734	2
168216	0	6264735	1
168216	0	6329932	1
168216	0	6426630	2
168216	0	6426631	3
168216	0	6426632	5
168216	0	6426633	0
168216	0	6426634	4
168216	0	6426637	0
168216	0	6426638	4
168216	0	6555034	2
168216	0	661750	2
168216	0	7337516	2
168216	0	7492753	2
168216	0	7492754	2
168216	0	7492755	4
168216	0	7595682	2
168216	0	8185131	5
168216	0	8185134	2
168216	0	8185135	5
168216	0	8185137	5
168216	0	8252763	2
168216	0	8731617	3
168216	0	8731620	0
168216	0	8731621	5
168216	0	8731622	4
168216	0	8731623	4
168216	0	8731624	1
168216	0	8731625	3
182539	0	1307232	2
182539	0	1307234	3
182539	0	1307235	3
182539	0	1504285	2
182539	0	1638687	5
182539	0	1638689	1
182539	0	1638690	2
182539	0	1664294	2
182539	0	1870363	4
182539	0	1879109	4
182539	0	2009617	1
182539	0	2009629	0
182539	0	2384731	1
182539	0	2384735	2
182539	0	2431122	2
182539	0	2674442	1
182539	0	2787602	3
182539	0	2823144	2
182539	0	2909954	4
182539	0	2909957	5
182539	0	2909959	5
182539	0	2909960	3
182539	0	2909961	4
182539	0	3293878	5
182539	0	3412555	1
182539	0	3760955	0
182539	0	3760957	2
182539	0	3760964	1
182539	0	3883077	3
182539	0	3883081	5
182539	0	423215	2
182539	0	4448399	4
182539	0	4468608	0
182539	0	4537743	0
182539	0	4730803	3
182539	0	4746166	2
182539	0	5020094	2
182539	0	5072935	1
182539	0	5317950	5
182539	0	5567729	5
182539	0	5567732	4
182539	0	57443	5
182539	0	57444	2
182539	0	57447	5
182539	0	57448	2
182539	0	57449	5
182539	0	57450	1
182539	0	57452	5
182539	0	6037973	2
182539	0	6081115	2
182539	0	6135907	1
182539	0	6413049	1
182539	0	6564983	4
182539	0	6596440	4
182539	0	6807899	2
182539	0	6807900	5
182539	0	6816571	5
182539	0	6816572	5
182539	0	6816573	5
182539	0	6816574	4
182539	0	6816576	5
182539	0	6816577	0
182539	0	6816579	3
182539	0	6933529	1
182539	0	697572	0
182539	0	6995118	0
182539	0	7050579	5
182539	0	7085057	0
182539	0	7153689	2
182539	0	7371253	3
182539	0	7371255	5
182539	0	7371257	4
182539	0	7371259	3
182539	0	7371261	2
182539	0	7371262	2
182539	0	7408022	5
182539	0	7527837	4
182539	0	7579347	2
182539	0	7579351	0
182539	0	7583024	5
182539	0	762792	5
182539	0	762795	1
182539	0	7686297	1
182539	0	7690609	5
182539	0	7807063	5
182539	0	8008661	0
182539	0	80372	2
182539	0	8112551	2
182539	0	8180622	2
182539	0	8299659	4
182539	0	8299660	2
182539	0	8299661	2
182539	0	8299665	1
182539	0	8299668	4
182539	0	8515182	5
182539	0	8757178	3
182539	0	8757179	5
182539	0	8757180	4
182539	0	8757181	4
182539	0	8757183	1
183378	0	1050571	0
183378	0	1289489	5
183378	0	1289490	5
183378	0	1289493	5
183378	0	1289495	2
183378	0	1289496	5
183378	0	1289497	5
183378	0	1730042	0
183378	0	1730858	1
183378	0	1960310	4
183378	0	2234245	3
183378	0	2352713	2
183378	0	2352716	5
183378	0	2874543	4
183378	0	3093214	5
183378	0	3093215	2
183378	0	3093217	5
183378	0	3185607	2
183378	0	3185611	5
183378	0	327908	2
183378	0	3389578	2
183378	0	3389579	2
183378	0	3389581	4
183378	0	3389584	5
183378	0	3605404	1
183378	0	3719069	1
183378	0	3719076	0
183378	0	376576	1
183378	0	3854428	1
183378	0	3928768	3
183378	0	4134897	3
183378	0	4134899	4
183378	0	4134902	4
183378	0	4493913	3
183378	0	4493914	4
183378	0	4493915	5
183378	0	4493916	4
183378	0	4493917	3
183378	0	4493918	2
183378	0	4493919	1
183378	0	4493920	2
183378	0	4493921	1
183378	0	4493922	2
183378	0	4727412	2
183378	0	4727417	3
183378	0	4727418	3
183378	0	4803847	5
183378	0	4803848	5
183378	0	4803850	1
183378	0	4803853	0
183378	0	4803855	0
183378	0	5391354	1
183378	0	5460936	2
183378	0	5460939	5
183378	0	5460941	1
183378	0	5534703	2
183378	0	5534707	5
183378	0	5534710	3
183378	0	5534711	4
183378	0	5817927	5
183378	0	6109461	5
183378	0	6247404	2
183378	0	6247405	4
183378	0	6291380	2
183378	0	6533300	4
183378	0	6548233	0
183378	0	6548235	1
183378	0	7398706	5
183378	0	7448291	2
183378	0	7449744	5
183378	0	7449747	2
183378	0	7449748	5
183378	0	7449750	4
183378	0	7449751	2
183378	0	7449752	3
183378	0	749540	1
183378	0	749542	5
183378	0	7593941	0
183378	0	7677975	5
183378	0	7678696	2
183378	0	7703397	2
183378	0	7811888	4
183378	0	7952868	0
183378	0	8121375	4
183378	0	8121380	0
183378	0	823211	2
183378	0	8570257	5
183378	0	8570258	5
183378	0	8570260	4
183378	0	8577213	1
183378	0	8577215	1
183378	0	8767239	3
183378	0	8767240	2
183378	0	8767241	0
183378	0	8794302	2
183378	0	8794303	1
183378	0	8794304	5
183378	0	8794306	2
183378	0	8794307	4
183378	0	8794308	2
19335	0	1054278	1
19335	0	1077788	4
19335	0	1160863	2
19335	0	1160871	2
19335	0	129765	0
19335	0	1316347	5
19335	0	1396142	0
19335	0	1396143	0
19335	0	1469573	5
19335	0	1568083	0
19335	0	161606	4
19335	0	1717015	5
19335	0	1717439	1
19335	0	1720387	4
19335	0	1720388	2
19335	0	1720389	4
19335	0	1720393	2
19335	0	1720395	5
19335	0	1905037	1
19335	0	1915754	4
19335	0	2020519	5
19335	0	2250973	3
19335	0	2304004	2
19335	0	2304005	2
19335	0	2437769	2
19335	0	2449497	3
19335	0	2459779	4
19335	0	2699379	5
19335	0	2874503	5
19335	0	3026405	0
19335	0	3026408	0
19335	0	3045565	3
19335	0	3045567	3
19335	0	3175481	5
19335	0	3175484	5
19335	0	342431	3
19335	0	3436236	1
19335	0	354219	2
19335	0	3559593	2
19335	0	3559596	2
19335	0	3587439	2
19335	0	3615077	5
19335	0	3706023	0
19335	0	429851	3
19335	0	4843828	5
19335	0	503739	5
19335	0	5051739	2
19335	0	5078863	2
19335	0	5081061	1
19335	0	527689	2
19335	0	527690	5
19335	0	527692	5
19335	0	527694	1
19335	0	527695	1
19335	0	527697	4
19335	0	527698	1
19335	0	5351351	1
19335	0	5508122	3
19335	0	5508123	3
19335	0	554950	3
19335	0	5711211	4
19335	0	5711213	1
19335	0	5711216	3
19335	0	5806604	2
19335	0	584350	5
19335	0	5870000	1
19335	0	6124004	4
19335	0	6184951	2
19335	0	6238007	1
19335	0	6294314	5
19335	0	6407998	1
19335	0	6452949	4
19335	0	6512137	5
19335	0	6512144	5
19335	0	6568700	2
19335	0	677305	2
19335	0	6902384	2
19335	0	7050803	2
19335	0	7122355	4
19335	0	7267246	2
19335	0	7267248	4
19335	0	7367410	2
19335	0	7367411	2
19335	0	7454464	1
19335	0	7460273	5
19335	0	7681710	1
19335	0	772234	5
19335	0	7763208	2
19335	0	8061829	5
19335	0	8184296	2
19335	0	8412681	5
19335	0	8412682	4
19335	0	8412683	4
19335	0	8412684	4
19335	0	8495708	0
19335	0	8495710	0
19335	0	8635984	5
19335	0	8786632	5
19335	0	8798994	0
19335	0	93557	5
207786	0	1081011	1
207786	0	1081014	1
207786	0	1392585	5
207786	0	1667536	2
207786	0	1667540	4
207786	0	2051016	5
207786	0	2051019	4
207786	0	2051020	5
207786	0	2051021	2
207786	0	2207751	2
207786	0	2430036	4
207786	0	2440415	3
207786	0	2440421	4
207786	0	2670733	0
207786	0	2763917	5
207786	0	2763922	4
207786	0	2763923	5
207786	0	2775833	2
207786	0	2775834	2
207786	0	2775835	1
207786	0	2775836	2
207786	0	2969228	0
207786	0	2969229	2
207786	0	2969232	2
207786	0	2969234	5
207786	0	3322527	2
207786	0	3322530	3
207786	0	3656958	4
207786	0	3855670	3
207786	0	3896738	4
207786	0	3896739	2
207786	0	3896742	5
207786	0	3896743	1
207786	0	3945573	1
207786	0	4016148	0
207786	0	4016149	0
207786	0	4218707	5
207786	0	4278001	2
207786	0	4342505	2
207786	0	4393128	3
207786	0	4465046	2
207786	0	4465050	3
207786	0	4613063	5
207786	0	4613065	5
207786	0	4672265	0
207786	0	4672268	2
207786	0	4695807	2
207786	0	4759179	4
207786	0	4759180	5
207786	0	4900223	4
207786	0	4900224	4
207786	0	493415	2
207786	0	493416	4
207786	0	5160451	1
207786	0	5175108	1
207786	0	5175109	0
207786	0	5184952	1
207786	0	524450	5
207786	0	5288615	1
207786	0	5297038	4
207786	0	5365939	1
207786	0	5365946	3
207786	0	5624831	2
207786	0	5845834	2
207786	0	5989435	0
207786	0	5989436	5
207786	0	5989442	2
207786	0	6023733	1
207786	0	6031623	3
207786	0	6031630	5
207786	0	6261311	0
207786	0	6526575	2
207786	0	6526580	2
207786	0	6822431	4
207786	0	7124121	3
207786	0	7331154	1
207786	0	7510476	1
207786	0	7622406	0
207786	0	7643812	4
207786	0	7643814	1
207786	0	7746367	0
207786	0	7777864	1
207786	0	7941579	5
207786	0	7963300	2
207786	0	8051707	2
207786	0	8053029	3
207786	0	8185061	4
207786	0	8185064	2
207786	0	8211377	5
207786	0	8273754	5
207786	0	8273755	5
207786	0	8273757	5
207786	0	8273758	5
207786	0	8273759	5
207786	0	8273760	5
207786	0	8273761	5
207786	0	8273762	5
207786	0	8273763	5
207786	0	8461486	2
207786	0	8651150	3
264014	0	1444286	2
264014	0	1610706	5
264014	0	1610707	5
264014	0	1610710	0
264014	0	1610711	1
264014	0	1610712	0
264014	0	1610714	0
264014	0	1804644	5
264014	0	2223171	2
264014	0	2420367	2
264014	0	2474340	2
264014	0	2474341	1
264014	0	2474342	4
264014	0	2474346	5
264014	0	2498169	2
264014	0	2572557	0
264014	0	2689662	3
264014	0	331929	4
264014	0	331931	2
264014	0	331932	3
264014	0	331934	2
264014	0	331936	0
264014	0	3338821	1
264014	0	3338825	5
264014	0	3338827	3
264014	0	3338828	2
264014	0	3372501	3
264014	0	3396076	5
264014	0	3577341	2
264014	0	3577342	1
264014	0	3577344	0
264014	0	3577345	2
264014	0	3577347	2
264014	0	3601328	0
264014	0	3666584	1
264014	0	3841908	3
264014	0	4367667	1
264014	0	447992	4
264014	0	4647186	5
264014	0	4687213	4
264014	0	4834545	1
264014	0	4834547	5
264014	0	4834548	5
264014	0	528372	5
264014	0	528375	4
264014	0	528379	1
264014	0	528380	5
264014	0	5328095	2
264014	0	5611210	2
264014	0	5611211	4
264014	0	5611212	5
264014	0	5611214	4
264014	0	5611216	4
264014	0	5611217	2
264014	0	5611218	4
264014	0	5611219	2
264014	0	5635519	1
264014	0	5635521	0
264014	0	5635522	3
264014	0	5819142	3
264014	0	5819145	4
264014	0	58386	2
264014	0	5849268	2
264014	0	5849270	0
264014	0	5849711	2
264014	0	5950718	5
264014	0	5950719	5
264014	0	5950721	5
264014	0	5950722	5
264014	0	5950723	3
264014	0	5950724	1
264014	0	5950726	4
264014	0	6105569	3
264014	0	6105571	2
264014	0	6105572	5
264014	0	6333839	1
264014	0	6334964	1
264014	0	6413951	2
264014	0	6555321	2
264014	0	6555322	5
264014	0	6641238	5
264014	0	6791760	5
264014	0	684616	5
264014	0	684618	1
264014	0	7323467	2
264014	0	7323468	2
264014	0	7323471	3
264014	0	7326932	4
264014	0	7326934	4
264014	0	7326936	5
264014	0	8502491	1
264014	0	8801661	4
264014	0	935825	4
264014	0	96851	5
264014	0	96852	2
264014	0	96854	1
264014	0	96855	2
264014	0	96857	5
264014	0	96858	5
264014	0	96859	0
359349	0	1306224	0
359349	0	1383279	4
359349	0	1394087	5
359349	0	1456209	1
359349	0	1456211	1
359349	0	1456212	0
359349	0	1521749	4
359349	0	1540097	0
359349	0	1830509	2
359349	0	1830512	5
359349	0	1830516	4
359349	0	1830517	5
359349	0	1892864	3
359349	0	205472	4
359349	0	2134318	2
359349	0	2134320	0
359349	0	2293820	5
359349	0	2444689	2
359349	0	2490389	1
359349	0	2490390	1
359349	0	2490392	2
359349	0	2490397	3
359349	0	2826510	5
359349	0	2826512	5
359349	0	3126802	3
359349	0	3176541	1
359349	0	3176542	1
359349	0	3193824	5
359349	0	3223831	5
359349	0	3223833	5
359349	0	3265497	0
359349	0	3645754	2
359349	0	3645761	2
359349	0	3900185	5
359349	0	4013723	5
359349	0	4020470	5
359349	0	4020471	2
359349	0	4020472	1
359349	0	4020474	5
359349	0	4020475	5
359349	0	4020476	1
359349	0	4020477	5
359349	0	4020478	1
359349	0	4020479	1
359349	0	4269559	0
359349	0	4474866	2
359349	0	457673	5
359349	0	4624153	3
359349	0	4646870	2
359349	0	5219976	1
359349	0	5345720	4
359349	0	5414623	1
359349	0	5414631	2
359349	0	5547389	2
359349	0	5547394	2
359349	0	5579653	2
359349	0	5615181	5
359349	0	5622886	3
359349	0	5686588	3
359349	0	576627	4
359349	0	576628	5
359349	0	576629	4
359349	0	576631	2
359349	0	576632	1
359349	0	576634	2
359349	0	576635	0
359349	0	6031050	2
359349	0	6031053	4
359349	0	6045519	2
359349	0	6081008	1
359349	0	6108721	5
359349	0	6412425	2
359349	0	6654071	0
359349	0	6817406	2
359349	0	68647	5
359349	0	68648	5
359349	0	68649	5
359349	0	68650	3
359349	0	68653	4
359349	0	68656	2
359349	0	6945211	0
359349	0	7062671	4
359349	0	725438	2
359349	0	7277971	2
359349	0	7544501	4
359349	0	7544503	3
359349	0	7544505	4
359349	0	7579883	3
359349	0	7651993	4
359349	0	7732667	0
359349	0	792264	1
359349	0	8058867	4
359349	0	8058873	5
359349	0	8125299	3
359349	0	8125300	4
359349	0	8167113	2
359349	0	8167114	5
359349	0	8456698	2
359349	0	927198	2
359349	0	943229	5
405717	0	1849743	4
405717	0	1976406	0
405717	0	1984962	3
405717	0	2125641	5
405717	0	2365659	5
405717	0	2365660	1
405717	0	2365661	3
405717	0	2365663	5
405717	0	2365665	4
405717	0	2514106	5
405717	0	2514107	3
405717	0	2642838	4
405717	0	2702419	4
405717	0	2702423	2
405717	0	2747484	4
405717	0	2747485	5
405717	0	2747486	5
405717	0	2747488	5
405717	0	2747489	2
405717	0	2747491	2
405717	0	2768521	5
405717	0	28368	2
405717	0	28372	2
405717	0	2879959	0
405717	0	2879960	1
405717	0	2879964	0
405717	0	3033900	4
405717	0	3033903	2
405717	0	3033904	2
405717	0	3033905	1
405717	0	3040883	1
405717	0	3274918	5
405717	0	3514259	5
405717	0	3606046	0
405717	0	3743460	0
405717	0	3743462	0
405717	0	3986303	2
405717	0	3986305	2
405717	0	3986306	1
405717	0	3986307	2
405717	0	3986308	1
405717	0	3986309	1
405717	0	4489661	5
405717	0	4489666	1
405717	0	4704973	4
405717	0	4704975	4
405717	0	4704978	2
405717	0	4704980	4
405717	0	4776926	2
405717	0	4776928	5
405717	0	4828118	5
405717	0	5079482	4
405717	0	5428443	3
405717	0	5638740	2
405717	0	5668741	2
405717	0	576346	0
405717	0	5857562	1
405717	0	6419725	2
405717	0	6426479	0
405717	0	6426483	5
405717	0	6442862	5
405717	0	6654652	1
405717	0	6654653	3
405717	0	6654655	5
405717	0	6654656	1
405717	0	6654658	2
405717	0	6654660	2
405717	0	6678050	4
405717	0	6741362	3
405717	0	6786304	2
405717	0	702383	5
405717	0	702386	5
405717	0	702391	4
405717	0	7170624	1
405717	0	7170625	1
405717	0	7170626	5
405717	0	7170630	5
405717	0	7170631	2
405717	0	7201359	0
405717	0	7201361	1
405717	0	7288990	3
405717	0	7288991	4
405717	0	7288996	5
405717	0	7447941	5
405717	0	7447942	2
405717	0	7447943	5
405717	0	758581	2
405717	0	758582	3
405717	0	758585	4
405717	0	758586	3
405717	0	7589975	1
405717	0	7728831	3
405717	0	7896211	2
405717	0	7896212	4
405717	0	8156519	2
405717	0	8433852	5
405717	0	8433854	5
405717	0	8433856	2
405717	0	8433858	2
405717	0	8610271	0
443396	0	1043988	3
443396	0	1091614	3
443396	0	1135750	2
443396	0	1135751	3
443396	0	1135757	3
443396	0	119472	2
443396	0	1262720	4
443396	0	1515376	2
443396	0	1843486	1
443396	0	2364911	0
443396	0	2638076	5
443396	0	2638078	2
443396	0	2638080	2
443396	0	2638081	5
443396	0	2638083	2
443396	0	2716450	2
443396	0	2716454	1
443396	0	2716455	2
443396	0	2767485	0
443396	0	2767487	0
443396	0	2819105	4
443396	0	3103995	5
443396	0	3256971	5
443396	0	3256974	4
443396	0	3323246	3
443396	0	3511993	1
443396	0	3599520	5
443396	0	360229	2
443396	0	360232	1
443396	0	3811857	4
443396	0	3915597	5
443396	0	3924405	0
443396	0	4041358	4
443396	0	4041361	5
443396	0	4205264	5
443396	0	4271441	0
443396	0	4511531	5
443396	0	4526739	4
443396	0	4526741	4
443396	0	4526744	5
443396	0	4526747	5
443396	0	456708	5
443396	0	456710	5
443396	0	4699186	4
443396	0	4774806	5
443396	0	4792649	3
443396	0	4792650	5
443396	0	4792653	2
443396	0	4792654	5
443396	0	4792655	4
443396	0	4825928	1
443396	0	4896251	4
443396	0	4935430	5
443396	0	5065439	2
443396	0	5158745	2
443396	0	5158746	2
443396	0	519923	1
443396	0	5224171	0
443396	0	5224173	2
443396	0	523589	5
443396	0	5311404	4
443396	0	5404318	2
443396	0	5404320	1
443396	0	5404322	1
443396	0	5902981	2
443396	0	6041945	1
443396	0	6085987	1
443396	0	6168532	0
443396	0	6168539	0
443396	0	6361505	2
443396	0	6361506	0
443396	0	6361507	2
443396	0	6486139	2
443396	0	6863144	2
443396	0	6881583	3
443396	0	7221395	4
443396	0	7620278	1
443396	0	7620279	2
443396	0	7703618	2
443396	0	7856435	3
443396	0	7856436	4
443396	0	7890878	3
443396	0	7890881	1
443396	0	7890882	3
443396	0	7911766	2
443396	0	7928757	0
443396	0	8079039	5
443396	0	8079040	4
443396	0	8079043	5
443396	0	8079046	5
443396	0	8079047	1
443396	0	8128960	1
443396	0	8416862	4
443396	0	8536118	5
443396	0	8536122	5
443396	0	8536123	5
443396	0	8575351	1
443396	0	8769481	2
443396	0	8769490	2
443396	0	8793491	5
451602	0	1078133	2
451602	0	1078134	2
451602	0	1078138	2
451602	0	1094138	5
451602	0	1277286	2
451602	0	1277287	0
451602	0	1277289	3
451602	0	1277290	4
451602	0	1277293	5
451602	0	1277294	0
451602	0	1626653	1
451602	0	2084909	5
451602	0	2176455	4
451602	0	2176458	5
451602	0	2312864	4
451602	0	2329895	2
451602	0	2414919	2
451602	0	2486935	1
451602	0	2922145	1
451602	0	2922147	2
451602	0	3052112	5
451602	0	3052115	1
451602	0	3090666	0
451602	0	3090667	4
451602	0	3090670	0
451602	0	3177691	5
451602	0	3177692	1
451602	0	3177694	2
451602	0	3177696	2
451602	0	3493825	2
451602	0	3790251	5
451602	0	3994779	1
451602	0	4264167	0
451602	0	4345752	2
451602	0	4453605	3
451602	0	4453608	5
451602	0	4487185	1
451602	0	4495080	5
451602	0	4559055	1
451602	0	4865759	0
451602	0	4874640	3
451602	0	4874641	5
451602	0	4874645	3
451602	0	5018391	1
451602	0	5053852	2
451602	0	5179251	5
451602	0	5211036	3
451602	0	5475308	5
451602	0	5475312	4
451602	0	5538937	5
451602	0	5538938	5
451602	0	5538945	2
451602	0	5655693	5
451602	0	6132119	1
451602	0	6286973	2
451602	0	6286975	5
451602	0	6286976	4
451602	0	6286977	3
451602	0	6286978	1
451602	0	6286980	5
451602	0	6286981	2
451602	0	6286982	5
451602	0	6618756	3
451602	0	6618763	1
451602	0	7179473	4
451602	0	7403454	0
451602	0	7800959	5
451602	0	7800962	4
451602	0	7804170	5
451602	0	8019873	0
451602	0	8025740	1
451602	0	8033471	2
451602	0	8033472	4
451602	0	8124687	0
451602	0	8214451	1
451602	0	8214452	3
451602	0	8383461	4
451602	0	8383462	2
451602	0	8383463	3
451602	0	8383465	2
451602	0	8390518	4
451602	0	8390519	1
451602	0	8390523	0
451602	0	8390525	5
451602	0	8390526	2
451602	0	847213	2
451602	0	8485130	4
451602	0	8485131	5
451602	0	8485133	4
451602	0	8485136	2
451602	0	8540468	5
451602	0	8540473	5
451602	0	8621776	4
451602	0	8621779	2
451602	0	8621781	2
451602	0	8621784	2
451602	0	8787234	5
451602	0	96222	4
451602	0	96229	3
451602	0	998695	2
47923	0	1161940	2
47923	0	129218	2
47923	0	1346412	2
47923	0	1508659	1
47923	0	1681331	5
47923	0	1681332	5
47923	0	1681333	5
47923	0	1681334	5
47923	0	1681336	5
47923	0	1681337	3
47923	0	1681339	5
47923	0	1681340	5
47923	0	1868437	4
47923	0	1960681	2
47923	0	2043791	0
47923	0	2135499	4
47923	0	2508227	1
47923	0	2670112	2
47923	0	2699736	2
47923	0	2699737	1
47923	0	2831042	2
47923	0	2838662	2
47923	0	291219	1
47923	0	3306871	0
47923	0	3348831	2
47923	0	3348834	4
47923	0	3348838	4
47923	0	3395317	0
47923	0	3630933	2
47923	0	3744477	1
47923	0	3853973	0
47923	0	385687	1
47923	0	4064329	0
47923	0	4119528	2
47923	0	4202492	0
47923	0	4257344	1
47923	0	4297620	5
47923	0	4525877	3
47923	0	4652795	5
47923	0	472111	4
47923	0	473807	5
47923	0	473809	5
47923	0	4778734	2
47923	0	5032362	4
47923	0	5032364	3
47923	0	5032365	2
47923	0	5137400	2
47923	0	5147526	3
47923	0	5147527	2
47923	0	5147528	3
47923	0	5147529	2
47923	0	5147530	0
47923	0	525511	2
47923	0	5282403	1
47923	0	5289336	1
47923	0	5417578	2
47923	0	5417579	1
47923	0	5417581	1
47923	0	5417582	5
47923	0	5417584	2
47923	0	5878048	1
47923	0	5936350	2
47923	0	5949693	1
47923	0	618556	3
47923	0	6191	2
47923	0	6241147	5
47923	0	6241148	5
47923	0	6241150	5
47923	0	6241151	5
47923	0	6241152	4
47923	0	6241153	5
47923	0	6241154	5
47923	0	6272906	2
47923	0	6643066	5
47923	0	6919836	3
47923	0	6919841	4
47923	0	7086728	1
47923	0	7417276	3
47923	0	7430505	1
47923	0	7685162	4
47923	0	7747055	3
47923	0	7936847	2
47923	0	8110288	0
47923	0	8110289	2
47923	0	8216702	4
47923	0	8327407	4
47923	0	8348762	4
47923	0	8418678	4
47923	0	8418681	5
47923	0	8418683	4
47923	0	8418684	3
47923	0	8418686	5
47923	0	8421421	2
47923	0	8641101	0
47923	0	8641104	4
47923	0	8641106	5
47923	0	8641107	5
47923	0	913042	5
47923	0	913049	0
47923	0	986177	5
489204	0	1051492	5
489204	0	1051494	5
489204	0	1051498	4
489204	0	1225589	4
489204	0	1225591	5
489204	0	1231677	5
489204	0	1310103	1
489204	0	136257	1
489204	0	1418931	2
489204	0	1418933	2
489204	0	1479542	5
489204	0	152948	0
489204	0	152951	3
489204	0	152954	4
489204	0	1664643	5
489204	0	1688165	4
489204	0	1759354	3
489204	0	1759357	1
489204	0	1759359	2
489204	0	1778458	4
489204	0	1778462	2
489204	0	185678	5
489204	0	2016623	0
489204	0	2163701	2
489204	0	216490	5
489204	0	216492	2
489204	0	2268651	2
489204	0	2268652	4
489204	0	2268654	4
489204	0	2268655	3
489204	0	2959687	0
489204	0	2996548	1
489204	0	3053140	3
489204	0	3623668	5
489204	0	3665912	1
489204	0	3665914	4
489204	0	3728441	1
489204	0	3728444	0
489204	0	3728445	4
489204	0	3744940	2
489204	0	3980122	5
489204	0	3980126	5
489204	0	3981857	2
489204	0	4029846	2
489204	0	4142348	0
489204	0	4387756	2
489204	0	4586570	5
489204	0	4669688	1
489204	0	4669690	0
489204	0	4917998	2
489204	0	533017	5
489204	0	5705356	5
489204	0	5815957	4
489204	0	5815958	3
489204	0	5842850	5
489204	0	5895917	5
489204	0	6087663	3
489204	0	6087666	2
489204	0	6087671	1
489204	0	6327174	5
489204	0	6327175	5
489204	0	6327176	0
489204	0	6327177	3
489204	0	6327181	2
489204	0	6327182	2
489204	0	6536367	5
489204	0	6542578	2
489204	0	6581771	3
489204	0	66437	2
489204	0	6652051	4
489204	0	6652052	3
489204	0	6652053	1
489204	0	678245	2
489204	0	7113153	2
489204	0	7522962	1
489204	0	753265	2
489204	0	759510	5
489204	0	7696283	4
489204	0	7734612	1
489204	0	8376905	2
489204	0	8376906	0
489204	0	8376909	2
489204	0	8376910	1
489204	0	8463820	5
489204	0	8463823	5
489204	0	852257	5
489204	0	855963	5
489204	0	855964	0
489204	0	855967	1
489204	0	855969	0
489204	0	855972	4
489204	0	8594271	1
489204	0	8594272	4
489204	0	8594273	3
489204	0	8594277	1
489204	0	8737051	4
489204	0	8781574	2
489204	0	8781577	5
489204	0	942473	2
489204	0	973923	2
490595	0	1044147	2
490595	0	1160847	5
490595	0	1194060	3
490595	0	1288938	3
490595	0	1288942	5
490595	0	1370801	0
490595	0	1473259	4
490595	0	1620438	4
490595	0	1652460	5
490595	0	1929910	5
490595	0	1929911	5
490595	0	2661183	2
490595	0	2850740	2
490595	0	3572695	4
490595	0	3572698	2
490595	0	3572701	2
490595	0	3780923	2
490595	0	3833407	5
490595	0	3833409	2
490595	0	3833413	2
490595	0	3833414	2
490595	0	3937196	2
490595	0	3937197	4
490595	0	3937200	3
490595	0	3937201	2
490595	0	3937202	1
490595	0	3937203	4
490595	0	3937204	2
490595	0	4082319	1
490595	0	4082324	0
490595	0	4292443	2
490595	0	4737059	5
490595	0	4737060	5
490595	0	4737061	4
490595	0	4737062	2
490595	0	4737063	5
490595	0	4737064	3
490595	0	4737065	5
490595	0	4737066	5
490595	0	4737067	2
490595	0	4737068	4
490595	0	4763066	2
490595	0	4763067	2
490595	0	4763070	1
490595	0	4776583	0
490595	0	4842889	5
490595	0	4842890	5
490595	0	4842891	5
490595	0	4842894	3
490595	0	4842895	1
490595	0	4842896	5
490595	0	4842897	3
490595	0	5112294	4
490595	0	5128293	1
490595	0	5247992	3
490595	0	5247999	4
490595	0	5248000	5
490595	0	526093	2
490595	0	5349566	0
490595	0	5359212	2
490595	0	549465	5
490595	0	559485	0
490595	0	5612095	1
490595	0	5612099	2
490595	0	5633627	3
490595	0	5633631	2
490595	0	6066626	2
490595	0	6455761	0
490595	0	6686784	5
490595	0	6742119	5
490595	0	6971303	0
490595	0	6976956	1
490595	0	7065739	1
490595	0	7340532	4
490595	0	7364608	0
490595	0	7422680	2
490595	0	7600745	1
490595	0	7704029	5
490595	0	777201	1
490595	0	7839904	4
490595	0	7839905	1
490595	0	7839906	5
490595	0	7839907	2
490595	0	7839908	4
490595	0	7839911	1
490595	0	7968900	1
490595	0	7994361	0
490595	0	805046	5
490595	0	805047	3
490595	0	805048	4
490595	0	805049	1
490595	0	805050	3
490595	0	805051	5
490595	0	8095032	0
490595	0	8485139	5
490595	0	8485140	4
490595	0	8485141	4
490595	0	8709994	2
490595	0	8716499	1
490595	0	903932	5
527433	0	1212783	2
527433	0	1212784	4
527433	0	1212787	3
527433	0	1217016	5
527433	0	1379236	5
527433	0	1379237	5
527433	0	1379238	2
527433	0	1379239	4
527433	0	1379240	5
527433	0	1379242	5
527433	0	1379245	3
527433	0	1404580	2
527433	0	1511548	4
527433	0	1511556	1
527433	0	1664518	3
527433	0	1753604	1
527433	0	2045580	5
527433	0	2496222	0
527433	0	2496227	1
527433	0	2649533	0
527433	0	269422	2
527433	0	269424	1
527433	0	269425	3
527433	0	269426	3
527433	0	269428	1
527433	0	269430	2
527433	0	2722036	4
527433	0	286674	0
527433	0	3224400	0
527433	0	3294599	5
527433	0	3339572	5
527433	0	3425595	5
527433	0	3430045	2
527433	0	3774355	4
527433	0	3774357	3
527433	0	3774358	3
527433	0	3774360	2
527433	0	3835729	5
527433	0	3835730	1
527433	0	3835731	5
527433	0	3835732	5
527433	0	3835735	2
527433	0	3835736	2
527433	0	3973282	1
527433	0	3973284	4
527433	0	3973285	3
527433	0	3973286	2
527433	0	4046876	5
527433	0	4064457	2
527433	0	4064459	2
527433	0	4261630	1
527433	0	4402992	2
527433	0	452715	4
527433	0	467601	5
527433	0	4958698	2
527433	0	4990159	0
527433	0	5154358	0
527433	0	5154365	0
527433	0	5295980	0
527433	0	5466807	5
527433	0	5466810	2
527433	0	5466811	1
527433	0	5466812	2
527433	0	5479497	1
527433	0	5603298	4
527433	0	5672164	3
527433	0	5672166	1
527433	0	5690938	4
527433	0	5690943	0
527433	0	5690947	2
527433	0	5908498	1
527433	0	6015377	3
527433	0	6038397	2
527433	0	6038404	2
527433	0	6065675	5
527433	0	6065681	4
527433	0	6065683	2
527433	0	6186391	2
527433	0	6186393	4
527433	0	6214995	0
527433	0	6215001	5
527433	0	6215002	4
527433	0	6398041	5
527433	0	6398043	2
527433	0	6398045	1
527433	0	6398047	1
527433	0	6928819	2
527433	0	7105530	4
527433	0	7357591	5
527433	0	7607669	5
527433	0	7799466	5
527433	0	8306449	4
527433	0	8306451	1
527433	0	8617267	5
527433	0	8617271	5
527433	0	8617273	2
527433	0	8617274	2
527433	0	8827925	5
527433	0	8827928	5
527433	0	975967	4
573724	0	1005338	1
573724	0	104856	1
573724	0	1113579	0
573724	0	1165124	1
573724	0	1165128	3
573724	0	1165129	5
573724	0	1509940	2
573724	0	1509942	5
573724	0	1509944	3
573724	0	162151	5
573724	0	1816038	5
573724	0	2133806	4
573724	0	2186124	2
573724	0	2417985	0
573724	0	2635262	5
573724	0	2910045	1
573724	0	305009	1
573724	0	3059589	4
573724	0	3146236	2
573724	0	3146238	4
573724	0	3146240	4
573724	0	3365631	4
573724	0	3365632	5
573724	0	3365633	4
573724	0	3365635	4
573724	0	3365636	4
573724	0	3365637	2
573724	0	3365638	5
573724	0	3365639	4
573724	0	3412325	1
573724	0	3492364	2
573724	0	3546092	1
573724	0	3617636	2
573724	0	394136	5
573724	0	394138	2
573724	0	394139	2
573724	0	394141	2
573724	0	394142	5
573724	0	4017883	2
573724	0	4360246	2
573724	0	4853172	0
573724	0	5047796	5
573724	0	5185664	3
573724	0	5185671	2
573724	0	5310530	5
573724	0	5339620	5
573724	0	5384308	1
573724	0	5721829	5
573724	0	5721831	4
573724	0	5962420	0
573724	0	5962423	5
573724	0	5962424	0
573724	0	5962425	0
573724	0	5962426	2
573724	0	5962427	2
573724	0	5962428	2
573724	0	6304877	0
573724	0	6496777	3
573724	0	6776717	5
573724	0	7104825	5
573724	0	7104826	5
573724	0	7104827	0
573724	0	7199667	2
573724	0	7199669	5
573724	0	7199672	3
573724	0	7199673	5
573724	0	7199674	0
573724	0	7199675	1
573724	0	7275118	0
573724	0	7384329	1
573724	0	7384331	3
573724	0	7384332	4
573724	0	7384333	2
573724	0	7530702	2
573724	0	7609926	4
573724	0	7609927	4
573724	0	7609928	3
573724	0	7609929	1
573724	0	7609930	4
573724	0	7609932	3
573724	0	7609933	1
573724	0	7674858	2
573724	0	7674859	5
573724	0	7674861	1
573724	0	7964601	3
573724	0	8047166	2
573724	0	8047172	2
573724	0	8441637	4
573724	0	8441642	5
573724	0	8444727	2
573724	0	8444728	3
573724	0	8573967	2
573724	0	87400	2
573724	0	87402	1
573724	0	87404	2
573724	0	87405	5
573724	0	87409	5
573724	0	8833192	5
573724	0	8833194	5
573724	0	8833199	1
833860	0	115142	2
833860	0	1187661	3
833860	0	1229019	2
833860	0	1733841	2
833860	0	1889863	4
833860	0	2206194	5
833860	0	2206195	5
833860	0	2206196	5
833860	0	2206197	5
833860	0	2206198	4
833860	0	2206199	2
833860	0	2579885	1
833860	0	2579892	2
833860	0	2654110	2
833860	0	2702357	4
833860	0	2829180	0
833860	0	2829181	0
833860	0	2990817	2
833860	0	2990820	0
833860	0	3087477	3
833860	0	3087481	4
833860	0	3087483	3
833860	0	3337874	0
833860	0	3337877	1
833860	0	3421947	5
833860	0	3437281	5
833860	0	3437283	3
833860	0	3437284	4
833860	0	3437285	5
833860	0	3437286	5
833860	0	3437288	5
833860	0	3437289	4
833860	0	3437290	4
833860	0	3494802	0
833860	0	3494809	0
833860	0	3798217	2
833860	0	3924121	1
833860	0	4046123	1
833860	0	4046125	0
833860	0	4046129	3
833860	0	4086000	0
833860	0	4086001	1
833860	0	4086002	2
833860	0	4086003	0
833860	0	4086006	2
833860	0	4121472	2
833860	0	4166209	1
833860	0	4166210	2
833860	0	4539590	2
833860	0	4544257	1
833860	0	46390	2
833860	0	4881965	5
833860	0	5167510	5
833860	0	5167512	4
833860	0	5167513	5
833860	0	5167514	1
833860	0	5167518	5
833860	0	5832657	5
833860	0	5897836	1
833860	0	5897839	2
833860	0	6083481	3
833860	0	6083487	1
833860	0	6211800	4
833860	0	6218032	5
833860	0	6230220	5
833860	0	6230221	5
833860	0	6230222	5
833860	0	6230223	5
833860	0	6230224	3
833860	0	6230225	5
833860	0	6230226	5
833860	0	6230227	4
833860	0	6230228	4
833860	0	6230229	3
833860	0	6292957	5
833860	0	6683659	0
833860	0	6804392	2
833860	0	6875877	4
833860	0	7061642	3
833860	0	7125488	2
833860	0	7435480	2
833860	0	7506146	1
833860	0	7548083	2
833860	0	7706738	4
833860	0	7944293	3
833860	0	8344031	5
833860	0	8400003	2
833860	0	8400005	2
833860	0	858687	1
833860	0	858688	1
833860	0	8697642	2
833860	0	8705868	1
833860	0	871334	1
833860	0	8767220	2
833860	0	8770262	2
833860	0	8833502	5
833860	0	8833504	4
833860	0	8833506	4
833860	0	8833509	5
833860	0	921798	2
855410	0	103039	5
855410	0	1147343	1
855410	0	1273115	2
855410	0	133350	5
855410	0	133357	3
855410	0	1441918	1
855410	0	149560	0
855410	0	1568738	3
855410	0	1599285	5
855410	0	1849825	0
855410	0	1981079	5
855410	0	1981080	2
855410	0	2089151	4
855410	0	2634476	0
855410	0	2700915	0
855410	0	2790292	4
855410	0	2882395	4
855410	0	2882396	4
855410	0	2969826	5
855410	0	317640	5
855410	0	330752	0
855410	0	3313818	2
855410	0	3319653	2
855410	0	3351348	4
855410	0	3394509	2
855410	0	3394513	1
855410	0	3395167	2
855410	0	3530757	5
855410	0	3530758	5
855410	0	3530762	5
855410	0	3544499	0
855410	0	3544501	0
855410	0	3614344	4
855410	0	3614350	3
855410	0	3723410	2
855410	0	3723411	4
855410	0	3723413	3
855410	0	3723415	2
855410	0	3723417	3
855410	0	3723418	2
855410	0	3798301	0
855410	0	3920974	2
855410	0	4100597	5
855410	0	4434033	5
855410	0	455368	2
855410	0	464946	2
855410	0	4876761	4
855410	0	4876764	4
855410	0	5321528	3
855410	0	5451277	1
855410	0	5630945	1
855410	0	5723208	1
855410	0	5723210	2
855410	0	5799767	5
855410	0	5799774	5
855410	0	5940976	4
855410	0	5962462	2
855410	0	5965635	3
855410	0	5979006	2
855410	0	6013113	4
855410	0	6013115	1
855410	0	6167255	1
855410	0	6167257	1
855410	0	627744	0
855410	0	6464782	1
855410	0	6481237	1
855410	0	6481240	2
855410	0	6481241	3
855410	0	6497404	2
855410	0	6615899	1
855410	0	6781351	5
855410	0	6781357	5
855410	0	6781360	5
855410	0	681985	2
855410	0	681987	2
855410	0	681988	2
855410	0	722968	4
855410	0	7340395	5
855410	0	7523586	2
855410	0	8157624	4
855410	0	8288124	2
855410	0	8622627	0
855410	0	862689	4
855410	0	862690	2
855410	0	862695	1
855410	0	8651770	5
855410	0	8651771	5
855410	0	8651772	5
855410	0	8651773	5
855410	0	8651775	5
855410	0	8651776	5
855410	0	8651778	5
855410	0	8663507	3
855410	0	8720966	5
855410	0	8776511	1
855410	0	8776516	2
855410	0	8776517	3
855410	0	8776519	4
855410	0	8776520	1
855410	0	944479	2
87181	0	1059517	2
87181	0	1129072	5
87181	0	123547	2
87181	0	1700168	5
87181	0	1766470	2
87181	0	1902826	2
87181	0	1902827	0
87181	0	1950532	5
87181	0	1992881	4
87181	0	2307979	2
87181	0	2528292	5
87181	0	2530252	1
87181	0	2530257	5
87181	0	2556144	1
87181	0	2556147	1
87181	0	2556150	1
87181	0	2556151	4
87181	0	2556152	4
87181	0	2556153	4
87181	0	2714169	2
87181	0	2922857	2
87181	0	2986227	5
87181	0	2986231	1
87181	0	2986234	1
87181	0	2993464	4
87181	0	3216315	3
87181	0	3216319	5
87181	0	3363613	4
87181	0	3363614	2
87181	0	3445699	2
87181	0	4190143	2
87181	0	4632251	4
87181	0	4639455	5
87181	0	4689523	5
87181	0	4689524	2
87181	0	4689525	4
87181	0	471769	1
87181	0	47203	0
87181	0	47205	0
87181	0	47206	0
87181	0	47207	3
87181	0	47210	0
87181	0	47211	2
87181	0	47212	2
87181	0	4786305	5
87181	0	4786306	2
87181	0	5197130	0
87181	0	5197133	1
87181	0	5197135	2
87181	0	5197138	0
87181	0	5469038	5
87181	0	5497677	5
87181	0	5531010	1
87181	0	5899049	4
87181	0	6129695	3
87181	0	6262327	3
87181	0	6429125	1
87181	0	6484575	5
87181	0	6484576	5
87181	0	6484577	4
87181	0	6484578	2
87181	0	6521360	1
87181	0	6521363	0
87181	0	6521366	5
87181	0	6685092	5
87181	0	6896088	2
87181	0	6969187	3
87181	0	7057928	2
87181	0	742425	5
87181	0	7504775	0
87181	0	7666828	1
87181	0	7666831	1
87181	0	7898244	4
87181	0	8037179	3
87181	0	8151921	2
87181	0	8151922	2
87181	0	8151926	4
87181	0	8165398	4
87181	0	8165401	5
87181	0	8165403	0
87181	0	8165404	2
87181	0	8183982	4
87181	0	8332546	5
87181	0	8332547	5
87181	0	8332551	2
87181	0	8332555	4
87181	0	8522403	3
87181	0	8534129	5
87181	0	8534130	5
87181	0	8534133	2
87181	0	8534134	5
87181	0	8534135	3
87181	0	8534136	2
87181	0	8565420	5
87181	0	8664069	1
87181	0	8683178	1
87181	0	8683181	2
87181	0	8683183	3
87181	0	8683185	5
87181	0	8738510	3
87452	0	1395625	3
87452	0	1395631	1
87452	0	1395633	2
87452	0	1528487	4
87452	0	1598547	5
87452	0	1689964	0
87452	0	1749882	1
87452	0	186931	2
87452	0	186939	5
87452	0	1890452	4
87452	0	2205470	0
87452	0	2205474	0
87452	0	2205477	2
87452	0	2624886	5
87452	0	3086589	4
87452	0	3161806	0
87452	0	3161807	1
87452	0	3161812	2
87452	0	3242437	5
87452	0	3505336	1
87452	0	4008486	4
87452	0	4008487	2
87452	0	4008488	5
87452	0	4008489	5
87452	0	4008491	2
87452	0	4008492	2
87452	0	4008494	5
87452	0	4307936	1
87452	0	4634896	1
87452	0	4634899	5
87452	0	4634900	2
87452	0	4634903	2
87452	0	4634904	4
87452	0	4846197	5
87452	0	4872050	0
87452	0	4872055	4
87452	0	5286924	5
87452	0	5502955	0
87452	0	5751686	2
87452	0	5851090	5
87452	0	5851095	3
87452	0	5851096	4
87452	0	5851098	3
87452	0	5878827	4
87452	0	6018160	5
87452	0	6018161	1
87452	0	6018162	5
87452	0	6018163	4
87452	0	6018164	5
87452	0	6018165	5
87452	0	6018166	3
87452	0	6018167	2
87452	0	6018168	5
87452	0	6018169	1
87452	0	612267	1
87452	0	7304545	3
87452	0	7388835	0
87452	0	7426326	0
87452	0	7444007	3
87452	0	7843982	2
87452	0	7843984	2
87452	0	7860960	0
87452	0	7965004	5
87452	0	7965005	5
87452	0	7965008	5
87452	0	7965011	4
87452	0	8152220	4
87452	0	8152222	5
87452	0	8152223	2
87452	0	8152225	2
87452	0	8152226	2
87452	0	8152227	2
87452	0	8333912	5
87452	0	8333913	3
87452	0	8333916	5
87452	0	8333917	5
87452	0	8333919	1
87452	0	8333920	4
87452	0	8333921	5
87452	0	8344640	1
87452	0	8436571	2
87452	0	8436572	1
87452	0	8436573	2
87452	0	8436574	0
87452	0	8436575	1
87452	0	8436576	3
87452	0	8436577	4
87452	0	8436578	2
87452	0	8436579	1
87452	0	8436580	1
87452	0	8453299	2
87452	0	8453304	3
87452	0	8680815	5
87452	0	8729943	2
87452	0	8819111	2
87452	0	8819112	4
87452	0	8819113	3
87452	0	8819114	2
87452	0	8819116	2
87452	0	994547	4
915593	0	1033076	3
915593	0	1396701	3
915593	0	1396706	0
915593	0	1396707	0
915593	0	1772930	5
915593	0	1772932	2
915593	0	1907207	4
915593	0	2210590	4
915593	0	2210591	4
915593	0	2210592	5
915593	0	2210593	5
915593	0	2210594	2
915593	0	2210595	2
915593	0	2210596	1
915593	0	2210597	2
915593	0	2210598	0
915593	0	2210599	1
915593	0	2637186	4
915593	0	2755128	2
915593	0	275726	5
915593	0	2923494	2
915593	0	3037805	2
915593	0	3037814	2
915593	0	3143377	2
915593	0	3375966	1
915593	0	3485338	2
915593	0	3523599	1
915593	0	3523602	1
915593	0	3538159	1
915593	0	3538160	5
915593	0	3538161	1
915593	0	3538162	0
915593	0	3538163	5
915593	0	3538164	5
915593	0	3538165	2
915593	0	3538166	4
915593	0	3538167	3
915593	0	3573473	3
915593	0	3573477	2
915593	0	3573479	5
915593	0	3991910	4
915593	0	4566815	1
915593	0	4566816	2
915593	0	4566817	4
915593	0	4566818	5
915593	0	4566819	4
915593	0	4566822	2
915593	0	4566823	2
915593	0	4605072	2
915593	0	4691129	4
915593	0	4834226	4
915593	0	5931262	4
915593	0	5931553	3
915593	0	6761341	5
915593	0	6761344	5
915593	0	6761345	2
915593	0	6761346	1
915593	0	6761348	2
915593	0	6923050	0
915593	0	6923052	4
915593	0	6923053	0
915593	0	6923057	1
915593	0	7742098	3
915593	0	7837084	2
915593	0	7837086	0
915593	0	7861755	5
915593	0	8002852	2
915593	0	8029524	5
915593	0	8029525	5
915593	0	8029527	5
915593	0	8029531	4
915593	0	8029532	2
915593	0	8103064	0
915593	0	8103068	1
915593	0	8178996	5
915593	0	8178998	5
915593	0	8178999	1
915593	0	8179003	1
915593	0	82105	3
915593	0	82106	5
915593	0	82107	5
915593	0	82108	5
915593	0	82109	0
915593	0	82110	5
915593	0	82111	2
915593	0	82113	5
915593	0	8275207	3
915593	0	8402967	3
915593	0	8402968	4
915593	0	8402969	2
915593	0	8402970	3
915593	0	8402971	5
915593	0	8402972	5
915593	0	8402973	4
915593	0	8455301	0
915593	0	8455302	1
915593	0	8455303	2
915593	0	8455304	5
915593	0	8455306	2
915593	0	924855	1
962179	0	1006861	1
962179	0	1006865	2
962179	0	137246	2
962179	0	1645080	4
962179	0	1645084	1
962179	0	1645086	1
962179	0	1645088	1
962179	0	1645089	0
962179	0	2131895	2
962179	0	2186433	0
962179	0	220191	2
962179	0	2329692	5
962179	0	2329693	4
962179	0	2329695	4
962179	0	2329696	5
962179	0	2329697	5
962179	0	2329699	5
962179	0	2329701	5
962179	0	2632688	2
962179	0	2697161	4
962179	0	2978862	2
962179	0	2978864	5
962179	0	2978866	5
962179	0	2978867	2
962179	0	2978869	3
962179	0	2978870	4
962179	0	2978871	5
962179	0	302861	5
962179	0	302864	2
962179	0	302867	2
962179	0	3046928	1
962179	0	3139219	0
962179	0	3156132	0
962179	0	3173623	3
962179	0	3173625	2
962179	0	3422319	2
962179	0	3705165	5
962179	0	4168112	1
962179	0	4257872	4
962179	0	4511499	5
962179	0	4511502	4
962179	0	4511503	5
962179	0	4606384	3
962179	0	4606386	5
962179	0	4606387	5
962179	0	4606388	3
962179	0	4606389	0
962179	0	4717424	2
962179	0	534563	5
962179	0	536176	5
962179	0	536177	2
962179	0	536178	3
962179	0	551127	1
962179	0	5642481	3
962179	0	5653652	2
962179	0	5653653	2
962179	0	5653655	2
962179	0	5653656	2
962179	0	5653657	2
962179	0	5653659	5
962179	0	5773184	0
962179	0	5919340	5
962179	0	5919342	5
962179	0	6635496	3
962179	0	6675257	0
962179	0	6675259	5
962179	0	6675260	5
962179	0	6675262	4
962179	0	6675264	4
962179	0	6898289	5
962179	0	6898292	0
962179	0	6898293	2
962179	0	6904859	4
962179	0	6904860	1
962179	0	6904861	2
962179	0	6904862	1
962179	0	6904863	2
962179	0	6980697	5
962179	0	7126017	0
962179	0	7126025	3
962179	0	7428149	4
962179	0	7733810	4
962179	0	7957547	2
962179	0	8032264	2
962179	0	8689054	0
962179	0	8689057	1
962179	0	8689059	1
962179	0	8746010	3
962179	0	8785369	5
962179	0	8785371	5
962179	0	8785373	3
962179	0	8785374	4
962179	0	8785375	4
962179	0	907607	2
962179	0	931118	1
962179	0	931120	2
962179	0	931123	4
962179	0	931124	1
962179	0	931126	1
962179	0	931127	1
